-24.1631 24.95 -24.1631 -24.95 -24.1631 0 -24.1631 -0 -24.1631 0 -24.1631 -0 -24.1631 0 -24.1631 -0 -24.1631 0 -24.1631 -0 -24.1631 0 -24.1631 -0 -24.1631 0 -24.1631 -0 
-24.0829 0.0 -24.0829 -0 -24.0829 0 -24.0829 -0 -24.0829 0 -24.0829 -0 -24.0829 0 -24.0829 -0 -24.0829 0 -24.0829 -0 -24.0829 0 -24.0829 -0 -24.0829 0 -24.0829 -0 
-24.0028 0.0 -24.0028 -0 -24.0028 0 -24.0028 -0 -24.0028 0 -24.0028 -0 -24.0028 0 -24.0028 -0 -24.0028 0 -24.0028 -0 -24.0028 0 -24.0028 -0 -24.0028 0 -24.0028 -0 
-23.9226 0.0 -23.9226 -0 -23.9226 0 -23.9226 -0 -23.9226 0 -23.9226 -0 -23.9226 0 -23.9226 -0 -23.9226 0 -23.9226 -0 -23.9226 0 -23.9226 -0 -23.9226 0 -23.9226 -0 
-23.8425 0.0 -23.8425 -0 -23.8425 0 -23.8425 -0 -23.8425 0 -23.8425 -0 -23.8425 0 -23.8425 -0 -23.8425 0 -23.8425 -0 -23.8425 0 -23.8425 -0 -23.8425 0 -23.8425 -0 
-23.7623 0.0 -23.7623 -0 -23.7623 0 -23.7623 -0 -23.7623 0 -23.7623 -0 -23.7623 0 -23.7623 -0 -23.7623 0 -23.7623 -0 -23.7623 0 -23.7623 -0 -23.7623 0 -23.7623 -0 
-23.6821 0.0 -23.6821 -0 -23.6821 0 -23.6821 -0 -23.6821 0 -23.6821 -0 -23.6821 0 -23.6821 -0 -23.6821 0 -23.6821 -0 -23.6821 0 -23.6821 -0 -23.6821 0 -23.6821 -0 
-23.602 0.0 -23.602 -0 -23.602 0 -23.602 -0 -23.602 0 -23.602 -0 -23.602 0 -23.602 -0 -23.602 0 -23.602 -0 -23.602 0 -23.602 -0 -23.602 0 -23.602 -0 
-23.5218 0.0 -23.5218 -0 -23.5218 0 -23.5218 -0 -23.5218 0 -23.5218 -0 -23.5218 0 -23.5218 -0 -23.5218 0 -23.5218 -0 -23.5218 0 -23.5218 -0 -23.5218 0 -23.5218 -0 
-23.4417 0.0 -23.4417 -0 -23.4417 0 -23.4417 -0 -23.4417 0 -23.4417 -0 -23.4417 0 -23.4417 -0 -23.4417 0 -23.4417 -0 -23.4417 0 -23.4417 -0 -23.4417 0 -23.4417 -0 
-23.3615 0.0 -23.3615 -0 -23.3615 0 -23.3615 -0 -23.3615 0 -23.3615 -0 -23.3615 0 -23.3615 -0 -23.3615 0 -23.3615 -0 -23.3615 0 -23.3615 -0 -23.3615 0 -23.3615 -0 
-23.2813 0.0 -23.2813 -0 -23.2813 0 -23.2813 -0 -23.2813 0 -23.2813 -0 -23.2813 0 -23.2813 -0 -23.2813 0 -23.2813 -0 -23.2813 0 -23.2813 -0 -23.2813 0 -23.2813 -0 
-23.2012 0.0 -23.2012 -0 -23.2012 0 -23.2012 -0 -23.2012 0 -23.2012 -0 -23.2012 0 -23.2012 -0 -23.2012 0 -23.2012 -0 -23.2012 0 -23.2012 -0 -23.2012 0 -23.2012 -0 
-23.121 0.0 -23.121 -0 -23.121 0 -23.121 -0 -23.121 0 -23.121 -0 -23.121 0 -23.121 -0 -23.121 0 -23.121 -0 -23.121 0 -23.121 -0 -23.121 0 -23.121 -0 
-23.0409 0.0 -23.0409 -0 -23.0409 0 -23.0409 -0 -23.0409 0 -23.0409 -0 -23.0409 0 -23.0409 -0 -23.0409 0 -23.0409 -0 -23.0409 0 -23.0409 -0 -23.0409 0 -23.0409 -0 
-22.9607 0.0 -22.9607 -0 -22.9607 0 -22.9607 -0 -22.9607 0 -22.9607 -0 -22.9607 0 -22.9607 -0 -22.9607 0 -22.9607 -0 -22.9607 0 -22.9607 -0 -22.9607 0 -22.9607 -0 
-22.8805 0.0 -22.8805 -0 -22.8805 0 -22.8805 -0 -22.8805 0 -22.8805 -0 -22.8805 0 -22.8805 -0 -22.8805 0 -22.8805 -0 -22.8805 0 -22.8805 -0 -22.8805 0 -22.8805 -0 
-22.8004 0.0 -22.8004 -0 -22.8004 0 -22.8004 -0 -22.8004 0 -22.8004 -0 -22.8004 0 -22.8004 -0 -22.8004 0 -22.8004 -0 -22.8004 0 -22.8004 -0 -22.8004 0 -22.8004 -0 
-22.7202 0.0 -22.7202 -0 -22.7202 0 -22.7202 -0 -22.7202 0 -22.7202 -0 -22.7202 0 -22.7202 -0 -22.7202 0 -22.7202 -0 -22.7202 0 -22.7202 -0 -22.7202 0 -22.7202 -0 
-22.6401 0.0 -22.6401 -0 -22.6401 0 -22.6401 -0 -22.6401 0 -22.6401 -0 -22.6401 0 -22.6401 -0 -22.6401 0 -22.6401 -0 -22.6401 0 -22.6401 -0 -22.6401 0 -22.6401 -0 
-22.5599 0.0 -22.5599 -0 -22.5599 0 -22.5599 -0 -22.5599 0 -22.5599 -0 -22.5599 0 -22.5599 -0 -22.5599 0 -22.5599 -0 -22.5599 0 -22.5599 -0 -22.5599 0 -22.5599 -0 
-22.4797 0.0 -22.4797 -0 -22.4797 0 -22.4797 -0 -22.4797 0 -22.4797 -0 -22.4797 0 -22.4797 -0 -22.4797 0 -22.4797 -0 -22.4797 0 -22.4797 -0 -22.4797 0 -22.4797 -0 
-22.3996 0.0 -22.3996 -0 -22.3996 0 -22.3996 -0 -22.3996 0 -22.3996 -0 -22.3996 0 -22.3996 -0 -22.3996 0 -22.3996 -0 -22.3996 0 -22.3996 -0 -22.3996 0 -22.3996 -0 
-22.3194 0.0 -22.3194 -0 -22.3194 0 -22.3194 -0 -22.3194 0 -22.3194 -0 -22.3194 0 -22.3194 -0 -22.3194 0 -22.3194 -0 -22.3194 0 -22.3194 -0 -22.3194 0 -22.3194 -0 
-22.2393 0.0 -22.2393 -0 -22.2393 0 -22.2393 -0 -22.2393 0 -22.2393 -0 -22.2393 0 -22.2393 -0 -22.2393 0 -22.2393 -0 -22.2393 0 -22.2393 -0 -22.2393 0 -22.2393 -0 
-22.1591 0.0 -22.1591 -0 -22.1591 0 -22.1591 -0 -22.1591 0 -22.1591 -0 -22.1591 0 -22.1591 -0 -22.1591 0 -22.1591 -0 -22.1591 0 -22.1591 -0 -22.1591 0 -22.1591 -0 
-22.0789 0.0 -22.0789 -0 -22.0789 0 -22.0789 -0 -22.0789 0 -22.0789 -0 -22.0789 0 -22.0789 -0 -22.0789 0 -22.0789 -0 -22.0789 0 -22.0789 -0 -22.0789 0 -22.0789 -0 
-21.9988 0.0 -21.9988 -0 -21.9988 0 -21.9988 -0 -21.9988 0 -21.9988 -0 -21.9988 0 -21.9988 -0 -21.9988 0 -21.9988 -0 -21.9988 0 -21.9988 -0 -21.9988 0 -21.9988 -0 
-21.9186 0.0 -21.9186 -0 -21.9186 0 -21.9186 -0 -21.9186 0 -21.9186 -0 -21.9186 0 -21.9186 -0 -21.9186 0 -21.9186 -0 -21.9186 0 -21.9186 -0 -21.9186 0 -21.9186 -0 
-21.8385 0.0 -21.8385 -0 -21.8385 0 -21.8385 -0 -21.8385 0 -21.8385 -0 -21.8385 0 -21.8385 -0 -21.8385 0 -21.8385 -0 -21.8385 0 -21.8385 -0 -21.8385 0 -21.8385 -0 
-21.7583 0.0 -21.7583 -0 -21.7583 0 -21.7583 -0 -21.7583 0 -21.7583 -0 -21.7583 0 -21.7583 -0 -21.7583 0 -21.7583 -0 -21.7583 0 -21.7583 -0 -21.7583 0 -21.7583 -0 
-21.6781 0.0 -21.6781 -0 -21.6781 0 -21.6781 -0 -21.6781 0 -21.6781 -0 -21.6781 0 -21.6781 -0 -21.6781 0 -21.6781 -0 -21.6781 0 -21.6781 -0 -21.6781 0 -21.6781 -0 
-21.598 0.0002 -21.598 -0.0002 -21.598 0 -21.598 -0 -21.598 0 -21.598 -0 -21.598 0 -21.598 -0 -21.598 0 -21.598 -0 -21.598 0 -21.598 -0 -21.598 0 -21.598 -0 
-21.5178 0.0019 -21.5178 -0.0018 -21.5178 0 -21.5178 -0 -21.5178 0 -21.5178 -0 -21.5178 0 -21.5178 -0 -21.5178 0 -21.5178 -0 -21.5178 0 -21.5178 -0 -21.5178 0 -21.5178 -0 
-21.4376 0.0164 -21.4376 -0.0156 -21.4376 0 -21.4376 -0 -21.4376 0 -21.4376 -0 -21.4376 0 -21.4376 -0 -21.4376 0 -21.4376 -0 -21.4376 0 -21.4376 -0 -21.4376 0 -21.4376 -0 
-21.3575 0.1016 -21.3575 -0.0971 -21.3575 0 -21.3575 -0 -21.3575 0 -21.3575 -0 -21.3575 0 -21.3575 -0 -21.3575 0 -21.3575 -0 -21.3575 0 -21.3575 -0 -21.3575 0 -21.3575 -0 
-21.2773 0.4621 -21.2773 -0.441 -21.2773 0 -21.2773 -0 -21.2773 0 -21.2773 -0 -21.2773 0 -21.2773 -0 -21.2773 0 -21.2773 -0 -21.2773 0 -21.2773 -0 -21.2773 0 -21.2773 -0 
-21.1972 1.5404 -21.1972 -1.4653 -21.1972 0 -21.1972 -0 -21.1972 0 -21.1972 -0 -21.1972 0 -21.1972 -0 -21.1972 0 -21.1972 -0 -21.1972 0 -21.1972 -0 -21.1972 0 -21.1972 -0 
-21.117 3.7714 -21.117 -3.5658 -21.117 0 -21.117 -0 -21.117 0 -21.117 -0 -21.117 0 -21.117 -0 -21.117 0 -21.117 -0 -21.117 0 -21.117 -0 -21.117 0 -21.117 -0 
-21.0368 6.8021 -21.0368 -6.3684 -21.0368 0 -21.0368 -0 -21.0368 0 -21.0368 -0 -21.0368 0 -21.0368 -0 -21.0368 0 -21.0368 -0 -21.0368 0 -21.0368 -0 -21.0368 0 -21.0368 -0 
-20.9567 9.0958 -20.9567 -8.3876 -20.9567 0 -20.9567 -0 -20.9567 0 -20.9567 -0 -20.9567 0 -20.9567 -0 -20.9567 0 -20.9567 -0 -20.9567 0 -20.9567 -0 -20.9567 0 -20.9567 -0 
-20.8765 9.152 -20.8765 -8.2529 -20.8765 0 -20.8765 -0 -20.8765 0 -20.8765 -0 -20.8765 0 -20.8765 -0 -20.8765 0 -20.8765 -0 -20.8765 0 -20.8765 -0 -20.8765 0 -20.8765 -0 
-20.7964 7.1829 -20.7964 -6.2968 -20.7964 0 -20.7964 -0 -20.7964 0 -20.7964 -0 -20.7964 0 -20.7964 -0 -20.7964 0 -20.7964 -0 -20.7964 0 -20.7964 -0 -20.7964 0 -20.7964 -0 
-20.7162 4.7736 -20.7162 -4.1294 -20.7162 0 -20.7162 -0 -20.7162 0 -20.7162 -0 -20.7162 0 -20.7162 -0 -20.7162 0 -20.7162 -0 -20.7162 0 -20.7162 -0 -20.7162 0 -20.7162 -0 
-20.636 3.1081 -20.636 -2.853 -20.636 0 -20.636 -0 -20.636 0 -20.636 -0 -20.636 0 -20.636 -0 -20.636 0 -20.636 -0 -20.636 0 -20.636 -0 -20.636 0 -20.636 -0 
-20.5559 2.326 -20.5559 -2.4054 -20.5559 0 -20.5559 -0 -20.5559 0 -20.5559 -0 -20.5559 0 -20.5559 -0 -20.5559 0 -20.5559 -0 -20.5559 0 -20.5559 -0 -20.5559 0 -20.5559 -0 
-20.4757 2.1962 -20.4757 -2.2754 -20.4757 0 -20.4757 -0 -20.4757 0 -20.4757 -0 -20.4757 0 -20.4757 -0 -20.4757 0 -20.4757 -0 -20.4757 0 -20.4757 -0 -20.4757 0 -20.4757 -0 
-20.3956 2.5563 -20.3956 -2.2335 -20.3956 0 -20.3956 -0 -20.3956 0 -20.3956 -0 -20.3956 0 -20.3956 -0 -20.3956 0 -20.3956 -0 -20.3956 0 -20.3956 -0 -20.3956 0 -20.3956 -0 
-20.3154 3.1734 -20.3154 -2.4177 -20.3154 0 -20.3154 -0 -20.3154 0 -20.3154 -0 -20.3154 0 -20.3154 -0 -20.3154 0 -20.3154 -0 -20.3154 0 -20.3154 -0 -20.3154 0 -20.3154 -0 
-20.2352 3.7648 -20.2352 -2.9475 -20.2352 0 -20.2352 -0 -20.2352 0 -20.2352 -0 -20.2352 0 -20.2352 -0 -20.2352 0 -20.2352 -0 -20.2352 0 -20.2352 -0 -20.2352 0 -20.2352 -0 
-20.1551 4.2907 -20.1551 -3.6245 -20.1551 0 -20.1551 -0 -20.1551 0 -20.1551 -0 -20.1551 0 -20.1551 -0 -20.1551 0 -20.1551 -0 -20.1551 0 -20.1551 -0 -20.1551 0 -20.1551 -0 
-20.0749 4.9709 -20.0749 -4.1399 -20.0749 0 -20.0749 -0 -20.0749 0 -20.0749 -0 -20.0749 0 -20.0749 -0 -20.0749 0 -20.0749 -0 -20.0749 0 -20.0749 -0 -20.0749 0 -20.0749 -0 
-19.9948 6.0048 -19.9948 -4.448 -19.9948 0 -19.9948 -0 -19.9948 0 -19.9948 -0 -19.9948 0 -19.9948 -0 -19.9948 0 -19.9948 -0 -19.9948 0 -19.9948 -0 -19.9948 0 -19.9948 -0 
-19.9146 7.4143 -19.9146 -4.8164 -19.9146 0 -19.9146 -0 -19.9146 0 -19.9146 -0 -19.9146 0 -19.9146 -0 -19.9146 0 -19.9146 -0 -19.9146 0 -19.9146 -0 -19.9146 0 -19.9146 -0 
-19.8344 9.0157 -19.8344 -5.6649 -19.8344 0 -19.8344 -0 -19.8344 0 -19.8344 -0 -19.8344 0 -19.8344 -0 -19.8344 0 -19.8344 -0 -19.8344 0 -19.8344 -0 -19.8344 0 -19.8344 -0 
-19.7543 10.3885 -19.7543 -7.2517 -19.7543 0 -19.7543 -0 -19.7543 0 -19.7543 -0 -19.7543 0 -19.7543 -0 -19.7543 0 -19.7543 -0 -19.7543 0 -19.7543 -0 -19.7543 0 -19.7543 -0 
-19.6741 10.9551 -19.6741 -9.151 -19.6741 0 -19.6741 -0 -19.6741 0 -19.6741 -0 -19.6741 0 -19.6741 -0 -19.6741 0 -19.6741 -0 -19.6741 0 -19.6741 -0 -19.6741 0 -19.6741 -0 
-19.594 10.2952 -19.594 -10.2002 -19.594 0 -19.594 -0 -19.594 0 -19.594 -0 -19.594 0 -19.594 -0 -19.594 0 -19.594 -0 -19.594 0 -19.594 -0 -19.594 0 -19.594 -0 
-19.5138 8.5995 -19.5138 -9.5118 -19.5138 0 -19.5138 -0 -19.5138 0 -19.5138 -0 -19.5138 0 -19.5138 -0 -19.5138 0 -19.5138 -0 -19.5138 0 -19.5138 -0 -19.5138 0 -19.5138 -0 
-19.4336 6.6811 -19.4336 -7.5692 -19.4336 0 -19.4336 -0 -19.4336 0 -19.4336 -0 -19.4336 0 -19.4336 -0 -19.4336 0 -19.4336 -0 -19.4336 0 -19.4336 -0 -19.4336 0 -19.4336 -0 
-19.3535 5.2688 -19.3535 -5.8345 -19.3535 0 -19.3535 -0 -19.3535 0 -19.3535 -0 -19.3535 0 -19.3535 -0 -19.3535 0 -19.3535 -0 -19.3535 0 -19.3535 -0 -19.3535 0 -19.3535 -0 
-19.2733 4.5298 -19.2733 -5.1886 -19.2733 0 -19.2733 -0 -19.2733 0 -19.2733 -0 -19.2733 0 -19.2733 -0 -19.2733 0 -19.2733 -0 -19.2733 0 -19.2733 -0 -19.2733 0 -19.2733 -0 
-19.1932 4.3568 -19.1932 -5.1953 -19.1932 0 -19.1932 -0 -19.1932 0 -19.1932 -0 -19.1932 0 -19.1932 -0 -19.1932 0 -19.1932 -0 -19.1932 0 -19.1932 -0 -19.1932 0 -19.1932 -0 
-19.113 4.6655 -19.113 -4.9148 -19.113 0 -19.113 -0 -19.113 0 -19.113 -0 -19.113 0 -19.113 -0 -19.113 0 -19.113 -0 -19.113 0 -19.113 -0 -19.113 0 -19.113 -0 
-19.0328 5.454 -19.0328 -4.0028 -19.0328 0.0001 -19.0328 -0 -19.0328 0 -19.0328 -0 -19.0328 0 -19.0328 -0 -19.0328 0 -19.0328 -0 -19.0328 0.0001 -19.0328 -0 -19.0328 0 -19.0328 -0 
-18.9527 6.8177 -18.9527 -2.9654 -18.9527 0.0003 -18.9527 -0 -18.9527 0 -18.9527 -0 -18.9527 0 -18.9527 -0 -18.9527 0 -18.9527 -0 -18.9527 0.0003 -18.9527 -0 -18.9527 0 -18.9527 -0 
-18.8725 8.6295 -18.8725 -2.6157 -18.8725 0.0006 -18.8725 -0 -18.8725 0 -18.8725 -0 -18.8725 0 -18.8725 -0 -18.8725 0 -18.8725 -0 -18.8725 0.0006 -18.8725 -0 -18.8725 0 -18.8725 -0 
-18.7924 10.2305 -18.7924 -3.3297 -18.7924 0.001 -18.7924 -0.0001 -18.7924 0 -18.7924 -0 -18.7924 0 -18.7924 -0 -18.7924 0 -18.7924 -0 -18.7924 0.001 -18.7924 -0.0001 -18.7924 0 -18.7924 -0 
-18.7122 10.9546 -18.7122 -4.7596 -18.7122 0.0014 -18.7122 -0.0002 -18.7122 0 -18.7122 -0 -18.7122 0 -18.7122 -0 -18.7122 0 -18.7122 -0 -18.7122 0.0014 -18.7122 -0.0002 -18.7122 0 -18.7122 -0 
-18.632 10.9247 -18.632 -6.2737 -18.632 0.0019 -18.632 -0.0004 -18.632 0 -18.632 -0 -18.632 0 -18.632 -0 -18.632 0.0001 -18.632 -0 -18.632 0.0018 -18.632 -0.0004 -18.632 0 -18.632 -0 
-18.5519 10.8464 -18.5519 -7.5706 -18.5519 0.0021 -18.5519 -0.0006 -18.5519 0 -18.5519 -0 -18.5519 0.0001 -18.5519 -0 -18.5519 0.0001 -18.5519 -0 -18.5519 0.0019 -18.5519 -0.0006 -18.5519 0 -18.5519 -0 
-18.4717 11.0511 -18.4717 -8.7254 -18.4717 0.0024 -18.4717 -0.0007 -18.4717 0.0001 -18.4717 -0 -18.4717 0.0002 -18.4717 -0 -18.4717 0.0003 -18.4717 -0 -18.4717 0.0017 -18.4717 -0.0007 -18.4717 0.0001 -18.4717 -0 
-18.3916 11.1151 -18.3916 -9.7936 -18.3916 0.0023 -18.3916 -0.0008 -18.3916 0.0001 -18.3916 -0 -18.3916 0.0004 -18.3916 -0 -18.3916 0.0005 -18.3916 -0.0001 -18.3916 0.0012 -18.3916 -0.0007 -18.3916 0.0001 -18.3916 -0 
-18.3114 10.4419 -18.3114 -10.6593 -18.3114 0.0027 -18.3114 -0.0009 -18.3114 0.0003 -18.3114 -0 -18.3114 0.0006 -18.3114 -0.0001 -18.3114 0.0009 -18.3114 -0.0001 -18.3114 0.0007 -18.3114 -0.0007 -18.3114 0.0002 -18.3114 -0 
-18.2312 9.0602 -18.2312 -11.3041 -18.2312 0.0041 -18.2312 -0.001 -18.2312 0.0005 -18.2312 -0.0001 -18.2312 0.0011 -18.2312 -0.0002 -18.2312 0.0018 -18.2312 -0.0002 -18.2312 0.0004 -18.2312 -0.0005 -18.2312 0.0003 -18.2312 -0 
-18.1511 7.7691 -18.1511 -11.9352 -18.1511 0.0083 -18.1511 -0.0012 -18.1511 0.0012 -18.1511 -0.0001 -18.1511 0.0023 -18.1511 -0.0003 -18.1511 0.0038 -18.1511 -0.0004 -18.1511 0.0003 -18.1511 -0.0003 -18.1511 0.0007 -18.1511 -0.0001 
-18.0709 7.5137 -18.0709 -12.6499 -18.0709 0.0203 -18.0709 -0.0014 -18.0709 0.0031 -18.0709 -0.0001 -18.0709 0.0058 -18.0709 -0.0004 -18.0709 0.0089 -18.0709 -0.0006 -18.0709 0.0004 -18.0709 -0.0002 -18.0709 0.0021 -18.0709 -0.0001 
-17.9908 8.7163 -17.9908 -13.2993 -17.9908 0.05 -17.9908 -0.0018 -17.9908 0.0077 -17.9908 -0.0002 -17.9908 0.0152 -17.9908 -0.0005 -17.9908 0.0208 -17.9908 -0.0008 -17.9908 0.0006 -17.9908 -0.0002 -17.9908 0.0057 -17.9908 -0.0001 
-17.9106 11.1729 -17.9106 -13.8836 -17.9106 0.108 -17.9106 -0.0025 -17.9106 0.0162 -17.9106 -0.0004 -17.9106 0.035 -17.9106 -0.0006 -17.9106 0.0429 -17.9106 -0.0011 -17.9106 0.0006 -17.9106 -0.0002 -17.9106 0.0133 -17.9106 -0.0002 
-17.8304 14.2647 -17.8304 -14.5732 -17.8304 0.1902 -17.8304 -0.0043 -17.8304 0.0275 -17.8304 -0.0007 -17.8304 0.0651 -17.8304 -0.0011 -17.8304 0.0723 -17.8304 -0.0019 -17.8304 0.0006 -17.8304 -0.0002 -17.8304 0.0247 -17.8304 -0.0004 
-17.7503 17.0869 -17.7503 -15.1722 -17.7503 0.2638 -17.7503 -0.0085 -17.7503 0.0367 -17.7503 -0.0014 -17.7503 0.0947 -17.7503 -0.0024 -17.7503 0.0961 -17.7503 -0.0035 -17.7503 0.0004 -17.7503 -0.0003 -17.7503 0.0359 -17.7503 -0.0009 
-17.6701 18.7672 -17.6701 -15.1793 -17.6701 0.2839 -17.6701 -0.0171 -17.6701 0.0379 -17.6701 -0.0027 -17.6701 0.1061 -17.6701 -0.0053 -17.6701 0.0995 -17.6701 -0.0068 -17.6701 0.0003 -17.6701 -0.0002 -17.6701 0.0401 -17.6701 -0.0021 
-17.59 19.0324 -17.59 -14.6129 -17.59 0.2367 -17.59 -0.0335 -17.59 0.0305 -17.59 -0.0051 -17.59 0.0913 -17.59 -0.0111 -17.59 0.0802 -17.59 -0.0126 -17.59 0.0002 -17.59 -0.0002 -17.59 0.0345 -17.59 -0.0045 
-17.5098 18.2593 -17.5098 -14.2469 -17.5098 0.1546 -17.5098 -0.0597 -17.5098 0.0195 -17.5098 -0.0088 -17.5098 0.0608 -17.5098 -0.0207 -17.5098 0.0512 -17.5098 -0.0218 -17.5098 0.0001 -17.5098 -0.0001 -17.5098 0.023 -17.5098 -0.0083 
-17.4296 17.0037 -17.4296 -14.6577 -17.4296 0.0826 -17.4296 -0.0922 -17.4296 0.0105 -17.4296 -0.0132 -17.4296 0.0323 -17.4296 -0.0328 -17.4296 0.0274 -17.4296 -0.033 -17.4296 0.0001 -17.4296 -0.0001 -17.4296 0.0123 -17.4296 -0.0131 
-17.3495 15.8514 -17.3495 -15.4292 -17.3495 0.0412 -17.3495 -0.1185 -17.3495 0.0055 -17.3495 -0.0167 -17.3495 0.0155 -17.3495 -0.0428 -17.3495 0.0142 -17.3495 -0.0421 -17.3495 0.0001 -17.3495 -0 -17.3495 0.0059 -17.3495 -0.0169 
-17.2693 15.2994 -17.2693 -15.8368 -17.2693 0.0242 -17.2693 -0.1236 -17.2693 0.0035 -17.2693 -0.0172 -17.2693 0.0085 -17.2693 -0.0451 -17.2693 0.0088 -17.2693 -0.0437 -17.2693 0.0001 -17.2693 -0 -17.2693 0.0033 -17.2693 -0.0176 
-17.1892 15.0886 -17.1892 -15.9897 -17.1892 0.018 -17.1892 -0.104 -17.1892 0.0026 -17.1892 -0.0143 -17.1892 0.0062 -17.1892 -0.0383 -17.1892 0.0067 -17.1892 -0.0365 -17.1892 0.0001 -17.1892 -0 -17.1892 0.0024 -17.1892 -0.0149 
-17.109 14.1125 -17.109 -16.4822 -17.109 0.0138 -17.109 -0.0709 -17.109 0.002 -17.109 -0.0095 -17.109 0.0047 -17.109 -0.0266 -17.109 0.0051 -17.109 -0.0246 -17.109 0.0001 -17.109 -0 -17.109 0.0019 -17.109 -0.0102 
-17.0288 11.7569 -17.0288 -17.0285 -17.0288 0.009 -17.0288 -0.0404 -17.0288 0.0013 -17.0288 -0.0053 -17.0288 0.0032 -17.0288 -0.0154 -17.0288 0.0032 -17.0288 -0.0138 -17.0288 0 -17.0288 -0 -17.0288 0.0013 -17.0288 -0.0059 
-16.9487 8.9218 -16.9487 -16.4989 -16.9487 0.0048 -16.9487 -0.02 -16.9487 0.0007 -16.9487 -0.0026 -16.9487 0.0017 -16.9487 -0.0077 -16.9487 0.0017 -16.9487 -0.0067 -16.9487 0 -16.9487 -0 -16.9487 0.0007 -16.9487 -0.003 
-16.8685 7.0144 -16.8685 -14.5903 -16.8685 0.002 -16.8685 -0.0091 -16.8685 0.0003 -16.8685 -0.0012 -16.8685 0.0007 -16.8685 -0.0035 -16.8685 0.0007 -16.8685 -0.003 -16.8685 0 -16.8685 -0 -16.8685 0.0003 -16.8685 -0.0014 
-16.7884 6.2675 -16.7884 -12.371 -16.7884 0.0006 -16.7884 -0.0038 -16.7884 0.0001 -16.7884 -0.0005 -16.7884 0.0002 -16.7884 -0.0014 -16.7884 0.0002 -16.7884 -0.0013 -16.7884 0 -16.7884 -0 -16.7884 0.0001 -16.7884 -0.0006 
-16.7082 5.6757 -16.7082 -10.6699 -16.7082 0.0002 -16.7082 -0.0014 -16.7082 0 -16.7082 -0.0002 -16.7082 0.0001 -16.7082 -0.0005 -16.7082 0.0001 -16.7082 -0.0005 -16.7082 0 -16.7082 -0 -16.7082 0 -16.7082 -0.0002 
-16.628 4.4089 -16.628 -9.0145 -16.628 0 -16.628 -0.0006 -16.628 0 -16.628 -0.0001 -16.628 0 -16.628 -0.0002 -16.628 0 -16.628 -0.0002 -16.628 0 -16.628 -0 -16.628 0 -16.628 -0.0001 
-16.5479 2.6904 -16.5479 -6.7211 -16.5479 0 -16.5479 -0.0002 -16.5479 0 -16.5479 -0 -16.5479 0 -16.5479 -0.0001 -16.5479 0 -16.5479 -0.0001 -16.5479 0 -16.5479 -0 -16.5479 0 -16.5479 -0 
-16.4677 1.2469 -16.4677 -4.0822 -16.4677 0 -16.4677 -0 -16.4677 0 -16.4677 -0 -16.4677 0 -16.4677 -0 -16.4677 0 -16.4677 -0 -16.4677 0 -16.4677 -0 -16.4677 0 -16.4677 -0 
-16.3875 0.4387 -16.3875 -1.9429 -16.3875 0 -16.3875 -0 -16.3875 0 -16.3875 -0 -16.3875 0 -16.3875 -0 -16.3875 0 -16.3875 -0 -16.3875 0 -16.3875 -0 -16.3875 0 -16.3875 -0 
-16.3074 0.1533 -16.3074 -0.7351 -16.3074 0 -16.3074 -0 -16.3074 0 -16.3074 -0 -16.3074 0 -16.3074 -0 -16.3074 0 -16.3074 -0 -16.3074 0 -16.3074 -0 -16.3074 0 -16.3074 -0 
-16.2272 0.2159 -16.2272 -0.3387 -16.2272 0 -16.2272 -0 -16.2272 0 -16.2272 -0 -16.2272 0 -16.2272 -0 -16.2272 0 -16.2272 -0 -16.2272 0 -16.2272 -0 -16.2272 0 -16.2272 -0 
-16.1471 0.6819 -16.1471 -0.5725 -16.1471 0 -16.1471 -0 -16.1471 0 -16.1471 -0 -16.1471 0 -16.1471 -0 -16.1471 0 -16.1471 -0 -16.1471 0 -16.1471 -0 -16.1471 0 -16.1471 -0 
-16.0669 1.7974 -16.0669 -1.4966 -16.0669 0 -16.0669 -0 -16.0669 0 -16.0669 -0 -16.0669 0 -16.0669 -0 -16.0669 0 -16.0669 -0 -16.0669 0 -16.0669 -0 -16.0669 0 -16.0669 -0 
-15.9867 3.6518 -15.9867 -3.197 -15.9867 0 -15.9867 -0 -15.9867 0 -15.9867 -0 -15.9867 0 -15.9867 -0 -15.9867 0 -15.9867 -0 -15.9867 0 -15.9867 -0 -15.9867 0 -15.9867 -0 
-15.9066 5.7687 -15.9066 -5.3128 -15.9066 0 -15.9066 -0 -15.9066 0 -15.9066 -0 -15.9066 0 -15.9066 -0 -15.9066 0 -15.9066 -0 -15.9066 0 -15.9066 -0 -15.9066 0 -15.9066 -0 
-15.8264 7.1645 -15.8264 -6.9302 -15.8264 0 -15.8264 -0 -15.8264 0 -15.8264 -0 -15.8264 0 -15.8264 -0 -15.8264 0 -15.8264 -0 -15.8264 0 -15.8264 -0 -15.8264 0 -15.8264 -0 
-15.7463 7.0394 -15.7463 -7.1616 -15.7463 0 -15.7463 -0 -15.7463 0 -15.7463 -0 -15.7463 0 -15.7463 -0 -15.7463 0 -15.7463 -0 -15.7463 0 -15.7463 -0 -15.7463 0 -15.7463 -0 
-15.6661 5.463 -15.6661 -5.877 -15.6661 0 -15.6661 -0 -15.6661 0 -15.6661 -0 -15.6661 0 -15.6661 -0 -15.6661 0 -15.6661 -0 -15.6661 0 -15.6661 -0 -15.6661 0 -15.6661 -0 
-15.5859 3.3184 -15.5859 -3.8061 -15.5859 0 -15.5859 -0 -15.5859 0 -15.5859 -0 -15.5859 0 -15.5859 -0 -15.5859 0 -15.5859 -0 -15.5859 0 -15.5859 -0 -15.5859 0 -15.5859 -0 
-15.5058 1.557 -15.5058 -1.9208 -15.5058 0 -15.5058 -0 -15.5058 0 -15.5058 -0 -15.5058 0 -15.5058 -0 -15.5058 0 -15.5058 -0 -15.5058 0 -15.5058 -0 -15.5058 0 -15.5058 -0 
-15.4256 0.5567 -15.4256 -0.7442 -15.4256 0 -15.4256 -0 -15.4256 0 -15.4256 -0 -15.4256 0 -15.4256 -0 -15.4256 0 -15.4256 -0 -15.4256 0 -15.4256 -0 -15.4256 0 -15.4256 -0 
-15.3455 0.1499 -15.3455 -0.2183 -15.3455 0 -15.3455 -0 -15.3455 0 -15.3455 -0 -15.3455 0 -15.3455 -0 -15.3455 0 -15.3455 -0 -15.3455 0 -15.3455 -0 -15.3455 0 -15.3455 -0 
-15.2653 0.0301 -15.2653 -0.048 -15.2653 0 -15.2653 -0 -15.2653 0 -15.2653 -0 -15.2653 0 -15.2653 -0 -15.2653 0 -15.2653 -0 -15.2653 0 -15.2653 -0 -15.2653 0 -15.2653 -0 
-15.1851 0.0045 -15.1851 -0.0078 -15.1851 0 -15.1851 -0 -15.1851 0 -15.1851 -0 -15.1851 0 -15.1851 -0 -15.1851 0 -15.1851 -0 -15.1851 0 -15.1851 -0 -15.1851 0 -15.1851 -0 
-15.105 0.0005 -15.105 -0.0009 -15.105 0 -15.105 -0 -15.105 0 -15.105 -0 -15.105 0 -15.105 -0 -15.105 0 -15.105 -0 -15.105 0 -15.105 -0 -15.105 0 -15.105 -0 
-15.0248 0.0 -15.0248 -0.0001 -15.0248 0 -15.0248 -0 -15.0248 0 -15.0248 -0 -15.0248 0 -15.0248 -0 -15.0248 0 -15.0248 -0 -15.0248 0 -15.0248 -0 -15.0248 0 -15.0248 -0 
-14.9447 0.0 -14.9447 -0 -14.9447 0 -14.9447 -0 -14.9447 0 -14.9447 -0 -14.9447 0 -14.9447 -0 -14.9447 0 -14.9447 -0 -14.9447 0 -14.9447 -0 -14.9447 0 -14.9447 -0 
-14.8645 0.0 -14.8645 -0 -14.8645 0 -14.8645 -0 -14.8645 0 -14.8645 -0 -14.8645 0 -14.8645 -0 -14.8645 0 -14.8645 -0 -14.8645 0 -14.8645 -0 -14.8645 0 -14.8645 -0 
-14.7843 0.0 -14.7843 -0 -14.7843 0 -14.7843 -0 -14.7843 0 -14.7843 -0 -14.7843 0 -14.7843 -0 -14.7843 0 -14.7843 -0 -14.7843 0 -14.7843 -0 -14.7843 0 -14.7843 -0 
-14.7042 0.0 -14.7042 -0 -14.7042 0 -14.7042 -0 -14.7042 0 -14.7042 -0 -14.7042 0 -14.7042 -0 -14.7042 0 -14.7042 -0 -14.7042 0 -14.7042 -0 -14.7042 0 -14.7042 -0 
-14.624 0.0 -14.624 -0 -14.624 0 -14.624 -0 -14.624 0 -14.624 -0 -14.624 0 -14.624 -0 -14.624 0 -14.624 -0 -14.624 0 -14.624 -0 -14.624 0 -14.624 -0 
-14.5439 0.0 -14.5439 -0 -14.5439 0 -14.5439 -0 -14.5439 0 -14.5439 -0 -14.5439 0 -14.5439 -0 -14.5439 0 -14.5439 -0 -14.5439 0 -14.5439 -0 -14.5439 0 -14.5439 -0 
-14.4637 0.0 -14.4637 -0 -14.4637 0 -14.4637 -0 -14.4637 0 -14.4637 -0 -14.4637 0 -14.4637 -0 -14.4637 0 -14.4637 -0 -14.4637 0 -14.4637 -0 -14.4637 0 -14.4637 -0 
-14.3835 0.0 -14.3835 -0 -14.3835 0 -14.3835 -0 -14.3835 0 -14.3835 -0 -14.3835 0 -14.3835 -0 -14.3835 0 -14.3835 -0 -14.3835 0 -14.3835 -0 -14.3835 0 -14.3835 -0 
-14.3034 0.0 -14.3034 -0 -14.3034 0 -14.3034 -0 -14.3034 0 -14.3034 -0 -14.3034 0 -14.3034 -0 -14.3034 0 -14.3034 -0 -14.3034 0 -14.3034 -0 -14.3034 0 -14.3034 -0 
-14.2232 0.0 -14.2232 -0 -14.2232 0 -14.2232 -0 -14.2232 0 -14.2232 -0 -14.2232 0 -14.2232 -0 -14.2232 0 -14.2232 -0 -14.2232 0 -14.2232 -0 -14.2232 0 -14.2232 -0 
-14.1431 0.0 -14.1431 -0 -14.1431 0 -14.1431 -0 -14.1431 0 -14.1431 -0 -14.1431 0 -14.1431 -0 -14.1431 0 -14.1431 -0 -14.1431 0 -14.1431 -0 -14.1431 0 -14.1431 -0 
-14.0629 0.0 -14.0629 -0 -14.0629 0 -14.0629 -0 -14.0629 0 -14.0629 -0 -14.0629 0 -14.0629 -0 -14.0629 0 -14.0629 -0 -14.0629 0 -14.0629 -0 -14.0629 0 -14.0629 -0 
-13.9827 0.0 -13.9827 -0 -13.9827 0 -13.9827 -0 -13.9827 0 -13.9827 -0 -13.9827 0 -13.9827 -0 -13.9827 0 -13.9827 -0 -13.9827 0 -13.9827 -0 -13.9827 0 -13.9827 -0 
-13.9026 0.0 -13.9026 -0 -13.9026 0 -13.9026 -0 -13.9026 0 -13.9026 -0 -13.9026 0 -13.9026 -0 -13.9026 0 -13.9026 -0 -13.9026 0 -13.9026 -0 -13.9026 0 -13.9026 -0 
-13.8224 0.0 -13.8224 -0 -13.8224 0 -13.8224 -0 -13.8224 0 -13.8224 -0 -13.8224 0 -13.8224 -0 -13.8224 0 -13.8224 -0 -13.8224 0 -13.8224 -0 -13.8224 0 -13.8224 -0 
-13.7423 0.0 -13.7423 -0 -13.7423 0 -13.7423 -0 -13.7423 0 -13.7423 -0 -13.7423 0 -13.7423 -0 -13.7423 0 -13.7423 -0 -13.7423 0 -13.7423 -0 -13.7423 0 -13.7423 -0 
-13.6621 0.0 -13.6621 -0 -13.6621 0 -13.6621 -0 -13.6621 0 -13.6621 -0 -13.6621 0 -13.6621 -0 -13.6621 0 -13.6621 -0 -13.6621 0 -13.6621 -0 -13.6621 0 -13.6621 -0 
-13.5819 0.0 -13.5819 -0 -13.5819 0 -13.5819 -0 -13.5819 0 -13.5819 -0 -13.5819 0 -13.5819 -0 -13.5819 0 -13.5819 -0 -13.5819 0 -13.5819 -0 -13.5819 0 -13.5819 -0 
-13.5018 0.0 -13.5018 -0 -13.5018 0 -13.5018 -0 -13.5018 0 -13.5018 -0 -13.5018 0 -13.5018 -0 -13.5018 0 -13.5018 -0 -13.5018 0 -13.5018 -0 -13.5018 0 -13.5018 -0 
-13.4216 0.0 -13.4216 -0 -13.4216 0 -13.4216 -0 -13.4216 0 -13.4216 -0 -13.4216 0 -13.4216 -0 -13.4216 0 -13.4216 -0 -13.4216 0 -13.4216 -0 -13.4216 0 -13.4216 -0 
-13.3415 0.0 -13.3415 -0 -13.3415 0 -13.3415 -0 -13.3415 0 -13.3415 -0 -13.3415 0 -13.3415 -0 -13.3415 0 -13.3415 -0 -13.3415 0 -13.3415 -0 -13.3415 0 -13.3415 -0 
-13.2613 0.0 -13.2613 -0 -13.2613 0 -13.2613 -0 -13.2613 0 -13.2613 -0 -13.2613 0 -13.2613 -0 -13.2613 0 -13.2613 -0 -13.2613 0 -13.2613 -0 -13.2613 0 -13.2613 -0 
-13.1811 0.0 -13.1811 -0 -13.1811 0 -13.1811 -0 -13.1811 0 -13.1811 -0 -13.1811 0 -13.1811 -0 -13.1811 0 -13.1811 -0 -13.1811 0 -13.1811 -0 -13.1811 0 -13.1811 -0 
-13.101 0.0 -13.101 -0 -13.101 0 -13.101 -0 -13.101 0 -13.101 -0 -13.101 0 -13.101 -0 -13.101 0 -13.101 -0 -13.101 0 -13.101 -0 -13.101 0 -13.101 -0 
-13.0208 0.0 -13.0208 -0 -13.0208 0 -13.0208 -0 -13.0208 0 -13.0208 -0 -13.0208 0 -13.0208 -0 -13.0208 0 -13.0208 -0 -13.0208 0 -13.0208 -0 -13.0208 0 -13.0208 -0 
-12.9407 0.0 -12.9407 -0 -12.9407 0 -12.9407 -0 -12.9407 0 -12.9407 -0 -12.9407 0 -12.9407 -0 -12.9407 0 -12.9407 -0 -12.9407 0 -12.9407 -0 -12.9407 0 -12.9407 -0 
-12.8605 0.0 -12.8605 -0 -12.8605 0 -12.8605 -0 -12.8605 0 -12.8605 -0 -12.8605 0 -12.8605 -0 -12.8605 0 -12.8605 -0 -12.8605 0 -12.8605 -0 -12.8605 0 -12.8605 -0 
-12.7803 0.0 -12.7803 -0 -12.7803 0 -12.7803 -0 -12.7803 0 -12.7803 -0 -12.7803 0 -12.7803 -0 -12.7803 0 -12.7803 -0 -12.7803 0 -12.7803 -0 -12.7803 0 -12.7803 -0 
-12.7002 0.0 -12.7002 -0 -12.7002 0 -12.7002 -0 -12.7002 0 -12.7002 -0 -12.7002 0 -12.7002 -0 -12.7002 0 -12.7002 -0 -12.7002 0 -12.7002 -0 -12.7002 0 -12.7002 -0 
-12.62 0.0 -12.62 -0 -12.62 0 -12.62 -0 -12.62 0 -12.62 -0 -12.62 0 -12.62 -0 -12.62 0 -12.62 -0 -12.62 0 -12.62 -0 -12.62 0 -12.62 -0 
-12.5399 0.0 -12.5399 -0 -12.5399 0 -12.5399 -0 -12.5399 0 -12.5399 -0 -12.5399 0 -12.5399 -0 -12.5399 0 -12.5399 -0 -12.5399 0 -12.5399 -0 -12.5399 0 -12.5399 -0 
-12.4597 0.0 -12.4597 -0 -12.4597 0 -12.4597 -0 -12.4597 0 -12.4597 -0 -12.4597 0 -12.4597 -0 -12.4597 0 -12.4597 -0 -12.4597 0 -12.4597 -0 -12.4597 0 -12.4597 -0 
-12.3795 0.0 -12.3795 -0 -12.3795 0 -12.3795 -0 -12.3795 0 -12.3795 -0 -12.3795 0 -12.3795 -0 -12.3795 0 -12.3795 -0 -12.3795 0 -12.3795 -0 -12.3795 0 -12.3795 -0 
-12.2994 0.0 -12.2994 -0 -12.2994 0 -12.2994 -0 -12.2994 0 -12.2994 -0 -12.2994 0 -12.2994 -0 -12.2994 0 -12.2994 -0 -12.2994 0 -12.2994 -0 -12.2994 0 -12.2994 -0 
-12.2192 0.0 -12.2192 -0 -12.2192 0 -12.2192 -0 -12.2192 0 -12.2192 -0 -12.2192 0 -12.2192 -0 -12.2192 0 -12.2192 -0 -12.2192 0 -12.2192 -0 -12.2192 0 -12.2192 -0 
-12.1391 0.0 -12.1391 -0 -12.1391 0 -12.1391 -0 -12.1391 0 -12.1391 -0 -12.1391 0 -12.1391 -0 -12.1391 0 -12.1391 -0 -12.1391 0 -12.1391 -0 -12.1391 0 -12.1391 -0 
-12.0589 0.0 -12.0589 -0 -12.0589 0 -12.0589 -0 -12.0589 0 -12.0589 -0 -12.0589 0 -12.0589 -0 -12.0589 0 -12.0589 -0 -12.0589 0 -12.0589 -0 -12.0589 0 -12.0589 -0 
-11.9787 0.0 -11.9787 -0 -11.9787 0 -11.9787 -0 -11.9787 0 -11.9787 -0 -11.9787 0 -11.9787 -0 -11.9787 0 -11.9787 -0 -11.9787 0 -11.9787 -0 -11.9787 0 -11.9787 -0 
-11.8986 0.0 -11.8986 -0 -11.8986 0 -11.8986 -0 -11.8986 0 -11.8986 -0 -11.8986 0 -11.8986 -0 -11.8986 0 -11.8986 -0 -11.8986 0 -11.8986 -0 -11.8986 0 -11.8986 -0 
-11.8184 0.0 -11.8184 -0 -11.8184 0 -11.8184 -0 -11.8184 0 -11.8184 -0 -11.8184 0 -11.8184 -0 -11.8184 0 -11.8184 -0 -11.8184 0 -11.8184 -0 -11.8184 0 -11.8184 -0 
-11.7383 0.0 -11.7383 -0 -11.7383 0 -11.7383 -0 -11.7383 0 -11.7383 -0 -11.7383 0 -11.7383 -0 -11.7383 0 -11.7383 -0 -11.7383 0 -11.7383 -0 -11.7383 0 -11.7383 -0 
-11.6581 0.0 -11.6581 -0 -11.6581 0 -11.6581 -0 -11.6581 0 -11.6581 -0 -11.6581 0 -11.6581 -0 -11.6581 0 -11.6581 -0 -11.6581 0 -11.6581 -0 -11.6581 0 -11.6581 -0 
-11.5779 0.0 -11.5779 -0 -11.5779 0 -11.5779 -0 -11.5779 0 -11.5779 -0 -11.5779 0 -11.5779 -0 -11.5779 0 -11.5779 -0 -11.5779 0 -11.5779 -0 -11.5779 0 -11.5779 -0 
-11.4978 0.0 -11.4978 -0 -11.4978 0 -11.4978 -0 -11.4978 0 -11.4978 -0 -11.4978 0 -11.4978 -0 -11.4978 0 -11.4978 -0 -11.4978 0 -11.4978 -0 -11.4978 0 -11.4978 -0 
-11.4176 0.0 -11.4176 -0 -11.4176 0 -11.4176 -0 -11.4176 0 -11.4176 -0 -11.4176 0 -11.4176 -0 -11.4176 0 -11.4176 -0 -11.4176 0 -11.4176 -0 -11.4176 0 -11.4176 -0 
-11.3374 0.0 -11.3374 -0 -11.3374 0 -11.3374 -0 -11.3374 0 -11.3374 -0 -11.3374 0 -11.3374 -0 -11.3374 0 -11.3374 -0 -11.3374 0 -11.3374 -0 -11.3374 0 -11.3374 -0 
-11.2573 0.0 -11.2573 -0 -11.2573 0 -11.2573 -0 -11.2573 0 -11.2573 -0 -11.2573 0 -11.2573 -0 -11.2573 0 -11.2573 -0 -11.2573 0 -11.2573 -0 -11.2573 0 -11.2573 -0 
-11.1771 0.0 -11.1771 -0 -11.1771 0 -11.1771 -0 -11.1771 0 -11.1771 -0 -11.1771 0 -11.1771 -0 -11.1771 0 -11.1771 -0 -11.1771 0 -11.1771 -0 -11.1771 0 -11.1771 -0 
-11.097 0.0 -11.097 -0 -11.097 0 -11.097 -0 -11.097 0 -11.097 -0 -11.097 0 -11.097 -0 -11.097 0 -11.097 -0 -11.097 0 -11.097 -0 -11.097 0 -11.097 -0 
-11.0168 0.0 -11.0168 -0 -11.0168 0 -11.0168 -0 -11.0168 0 -11.0168 -0 -11.0168 0 -11.0168 -0 -11.0168 0 -11.0168 -0 -11.0168 0 -11.0168 -0 -11.0168 0 -11.0168 -0 
-10.9366 0.0001 -10.9366 -0 -10.9366 0 -10.9366 -0 -10.9366 0 -10.9366 -0 -10.9366 0 -10.9366 -0 -10.9366 0 -10.9366 -0 -10.9366 0 -10.9366 -0 -10.9366 0 -10.9366 -0 
-10.8565 0.0005 -10.8565 -0 -10.8565 0 -10.8565 -0 -10.8565 0 -10.8565 -0 -10.8565 0 -10.8565 -0 -10.8565 0 -10.8565 -0 -10.8565 0 -10.8565 -0 -10.8565 0 -10.8565 -0 
-10.7763 0.0032 -10.7763 -0 -10.7763 0 -10.7763 -0 -10.7763 0 -10.7763 -0 -10.7763 0 -10.7763 -0 -10.7763 0 -10.7763 -0 -10.7763 0 -10.7763 -0 -10.7763 0 -10.7763 -0 
-10.6962 0.0159 -10.6962 -0.0001 -10.6962 0 -10.6962 -0 -10.6962 0 -10.6962 -0 -10.6962 0 -10.6962 -0 -10.6962 0 -10.6962 -0 -10.6962 0 -10.6962 -0 -10.6962 0 -10.6962 -0 
-10.616 0.0592 -10.616 -0.0009 -10.616 0 -10.616 -0 -10.616 0 -10.616 -0 -10.616 0 -10.616 -0 -10.616 0 -10.616 -0 -10.616 0 -10.616 -0 -10.616 0 -10.616 -0 
-10.5358 0.1694 -10.5358 -0.0069 -10.5358 0 -10.5358 -0 -10.5358 0 -10.5358 -0 -10.5358 0 -10.5358 -0 -10.5358 0 -10.5358 -0 -10.5358 0 -10.5358 -0 -10.5358 0 -10.5358 -0 
-10.4557 0.3809 -10.4557 -0.038 -10.4557 0 -10.4557 -0 -10.4557 0 -10.4557 -0 -10.4557 0 -10.4557 -0 -10.4557 0 -10.4557 -0 -10.4557 0 -10.4557 -0 -10.4557 0 -10.4557 -0 
-10.3755 0.6958 -10.3755 -0.1543 -10.3755 0 -10.3755 -0 -10.3755 0 -10.3755 -0 -10.3755 0 -10.3755 -0 -10.3755 0 -10.3755 -0 -10.3755 0 -10.3755 -0 -10.3755 0 -10.3755 -0 
-10.2954 1.0812 -10.2954 -0.4673 -10.2954 0 -10.2954 -0 -10.2954 0 -10.2954 -0 -10.2954 0 -10.2954 -0 -10.2954 0 -10.2954 -0 -10.2954 0 -10.2954 -0 -10.2954 0 -10.2954 -0 
-10.2152 1.5098 -10.2152 -1.0671 -10.2152 0 -10.2152 -0 -10.2152 0 -10.2152 -0 -10.2152 0 -10.2152 -0 -10.2152 0 -10.2152 -0 -10.2152 0 -10.2152 -0 -10.2152 0 -10.2152 -0 
-10.135 2.0016 -10.135 -1.8809 -10.135 0 -10.135 -0 -10.135 0 -10.135 -0 -10.135 0 -10.135 -0 -10.135 0 -10.135 -0 -10.135 0 -10.135 -0 -10.135 0 -10.135 -0 
-10.0549 2.6398 -10.0549 -2.6795 -10.0549 0 -10.0549 -0 -10.0549 0 -10.0549 -0 -10.0549 0 -10.0549 -0 -10.0549 0 -10.0549 -0 -10.0549 0 -10.0549 -0 -10.0549 0 -10.0549 -0 
-9.97472 3.5636 -9.97472 -3.3154 -9.97472 0 -9.97472 -0 -9.97472 0 -9.97472 -0 -9.97472 0 -9.97472 -0 -9.97472 0 -9.97472 -0 -9.97472 0 -9.97472 -0 -9.97472 0 -9.97472 -0 
-9.89462 4.8871 -9.89462 -3.8096 -9.89462 0 -9.89462 -0 -9.89462 0 -9.89462 -0 -9.89462 0 -9.89462 -0 -9.89462 0 -9.89462 -0 -9.89462 0 -9.89462 -0 -9.89462 0 -9.89462 -0 
-9.81442 6.5434 -9.81442 -4.1177 -9.81442 0 -9.81442 -0 -9.81442 0 -9.81442 -0 -9.81442 0 -9.81442 -0 -9.81442 0 -9.81442 -0 -9.81442 0 -9.81442 -0 -9.81442 0 -9.81442 -0 
-9.73422 8.2397 -9.73422 -4.1217 -9.73422 0 -9.73422 -0 -9.73422 0 -9.73422 -0 -9.73422 0 -9.73422 -0 -9.73422 0 -9.73422 -0 -9.73422 0 -9.73422 -0 -9.73422 0 -9.73422 -0 
-9.65412 9.6364 -9.65412 -3.9366 -9.65412 0 -9.65412 -0 -9.65412 0 -9.65412 -0 -9.65412 0 -9.65412 -0 -9.65412 0 -9.65412 -0 -9.65412 0 -9.65412 -0 -9.65412 0 -9.65412 -0 
-9.57392 10.6075 -9.57392 -3.8277 -9.57392 0 -9.57392 -0 -9.57392 0 -9.57392 -0 -9.57392 0 -9.57392 -0 -9.57392 0 -9.57392 -0 -9.57392 0 -9.57392 -0 -9.57392 0 -9.57392 -0 
-9.49382 11.3637 -9.49382 -3.9123 -9.49382 0 -9.49382 -0 -9.49382 0 -9.49382 -0 -9.49382 0 -9.49382 -0 -9.49382 0 -9.49382 -0 -9.49382 0 -9.49382 -0 -9.49382 0 -9.49382 -0 
-9.41362 12.3054 -9.41362 -4.4154 -9.41362 0 -9.41362 -0 -9.41362 0 -9.41362 -0 -9.41362 0 -9.41362 -0 -9.41362 0 -9.41362 -0 -9.41362 0 -9.41362 -0 -9.41362 0 -9.41362 -0 
-9.33342 13.7069 -9.33342 -5.8184 -9.33342 0 -9.33342 -0 -9.33342 0 -9.33342 -0 -9.33342 0 -9.33342 -0 -9.33342 0 -9.33342 -0 -9.33342 0 -9.33342 -0 -9.33342 0 -9.33342 -0 
-9.25332 15.5246 -9.25332 -8.0092 -9.25332 0 -9.25332 -0 -9.25332 0 -9.25332 -0 -9.25332 0 -9.25332 -0 -9.25332 0 -9.25332 -0 -9.25332 0 -9.25332 -0 -9.25332 0 -9.25332 -0 
-9.17312 17.4723 -9.17312 -9.7301 -9.17312 0 -9.17312 -0 -9.17312 0 -9.17312 -0 -9.17312 0 -9.17312 -0 -9.17312 0 -9.17312 -0 -9.17312 0 -9.17312 -0 -9.17312 0 -9.17312 -0 
-9.09302 19.1668 -9.09302 -9.7763 -9.09302 0.0001 -9.09302 -0 -9.09302 0 -9.09302 -0 -9.09302 0 -9.09302 -0 -9.09302 0 -9.09302 -0 -9.09302 0.0001 -9.09302 -0 -9.09302 0 -9.09302 -0 
-9.01282 20.1894 -9.01282 -8.4776 -9.01282 0.0001 -9.01282 -0 -9.01282 0 -9.01282 -0 -9.01282 0 -9.01282 -0 -9.01282 0 -9.01282 -0 -9.01282 0.0001 -9.01282 -0 -9.01282 0 -9.01282 -0 
-8.93262 20.305 -8.93262 -7.2717 -8.93262 0.0004 -8.93262 -0 -8.93262 0 -8.93262 -0 -8.93262 0 -8.93262 -0 -8.93262 0 -8.93262 -0 -8.93262 0.0004 -8.93262 -0 -8.93262 0 -8.93262 -0 
-8.85252 19.751 -8.85252 -7.1024 -8.85252 0.0016 -8.85252 -0 -8.85252 0 -8.85252 -0 -8.85252 0 -8.85252 -0 -8.85252 0 -8.85252 -0 -8.85252 0.0016 -8.85252 -0 -8.85252 0 -8.85252 -0 
-8.77232 19.0319 -8.77232 -7.7786 -8.77232 0.006 -8.77232 -0 -8.77232 0 -8.77232 -0 -8.77232 0 -8.77232 -0 -8.77232 0.0001 -8.77232 -0 -8.77232 0.0059 -8.77232 -0 -8.77232 0 -8.77232 -0 
-8.69222 18.4587 -8.69222 -8.5998 -8.69222 0.0186 -8.69222 -0 -8.69222 0 -8.69222 -0 -8.69222 0.0001 -8.69222 -0 -8.69222 0.0004 -8.69222 -0 -8.69222 0.0181 -8.69222 -0 -8.69222 0 -8.69222 -0 
-8.61202 18.2121 -8.61202 -9.091 -8.61202 0.0469 -8.61202 -0 -8.61202 0.0001 -8.61202 -0 -8.61202 0.0007 -8.61202 -0 -8.61202 0.0016 -8.61202 -0 -8.61202 0.0444 -8.61202 -0 -8.61202 0.0001 -8.61202 -0 
-8.53182 18.5815 -8.53182 -9.1959 -8.53182 0.0994 -8.53182 -0 -8.53182 0.0002 -8.53182 -0 -8.53182 0.0027 -8.53182 -0 -8.53182 0.0062 -8.53182 -0 -8.53182 0.0902 -8.53182 -0 -8.53182 0.0001 -8.53182 -0 
-8.45172 19.6919 -8.45172 -9.0545 -8.45172 0.1856 -8.45172 -0 -8.45172 0.0005 -8.45172 -0 -8.45172 0.0093 -8.45172 -0 -8.45172 0.0193 -8.45172 -0 -8.45172 0.1561 -8.45172 -0 -8.45172 0.0004 -8.45172 -0 
-8.37152 21.2537 -8.37152 -8.7197 -8.37152 0.3168 -8.37152 -0 -8.37152 0.0015 -8.37152 -0 -8.37152 0.028 -8.37152 -0 -8.37152 0.0503 -8.37152 -0 -8.37152 0.2357 -8.37152 -0 -8.37152 0.0013 -8.37152 -0 
-8.29142 22.9144 -8.29142 -8.2585 -8.29142 0.511 -8.29142 -0 -8.29142 0.0047 -8.29142 -0 -8.29142 0.0734 -8.29142 -0 -8.29142 0.1129 -8.29142 -0 -8.29142 0.3162 -8.29142 -0 -8.29142 0.0038 -8.29142 -0 
-8.21122 24.6836 -8.21122 -8.1048 -8.21122 0.8031 -8.21122 -0 -8.21122 0.0137 -8.21122 -0 -8.21122 0.169 -8.21122 -0 -8.21122 0.2256 -8.21122 -0 -8.21122 0.3835 -8.21122 -0 -8.21122 0.0113 -8.21122 -0 
-8.13102 26.8513 -8.13102 -8.6969 -8.13102 1.2462 -8.13102 -0 -8.13102 0.037 -8.13102 -0 -8.13102 0.3411 -8.13102 -0 -8.13102 0.4084 -8.13102 -0 -8.13102 0.4282 -8.13102 -0 -8.13102 0.0315 -8.13102 -0 
-8.05092 29.46 -8.05092 -9.607 -8.05092 1.8594 -8.05092 -0 -8.05092 0.0877 -8.05092 -0 -8.05092 0.5949 -8.05092 -0 -8.05092 0.6591 -8.05092 -0 -8.05092 0.4414 -8.05092 -0 -8.05092 0.0763 -8.05092 -0 
-7.97072 31.8068 -7.97072 -9.9437 -7.97072 2.5307 -7.97072 -0.0001 -7.97072 0.177 -7.97072 -0 -7.97072 0.8729 -7.97072 -0 -7.97072 0.9115 -7.97072 -0 -7.97072 0.4132 -7.97072 -0.0001 -7.97072 0.1561 -7.97072 -0 
-7.89062 32.7579 -7.89062 -9.8368 -7.89062 3.0093 -7.89062 -0.0004 -7.89062 0.3022 -7.89062 -0.0001 -7.89062 1.0474 -7.89062 -0 -7.89062 1.0389 -7.89062 -0 -7.89062 0.3501 -7.89062 -0.0003 -7.89062 0.2707 -7.89062 -0 
-7.81042 31.9444 -7.81042 -10.4678 -7.81042 3.1046 -7.81042 -0.0014 -7.81042 0.4435 -7.81042 -0.0001 -7.81042 1.0111 -7.81042 -0.0001 -7.81042 0.956 -7.81042 -0.0001 -7.81042 0.284 -7.81042 -0.001 -7.81042 0.41 -7.81042 -0.0001 
-7.73022 30.3027 -7.73022 -12.5019 -7.73022 2.8921 -7.73022 -0.0034 -7.73022 0.5753 -7.73022 -0.0003 -7.73022 0.7947 -7.73022 -0.0002 -7.73022 0.717 -7.73022 -0.0004 -7.73022 0.2454 -7.73022 -0.0023 -7.73022 0.5597 -7.73022 -0.0002 
-7.65012 28.8484 -7.65012 -15.3892 -7.65012 2.6116 -7.65012 -0.0063 -7.65012 0.6764 -7.65012 -0.0004 -7.65012 0.541 -7.65012 -0.0005 -7.65012 0.4645 -7.65012 -0.0009 -7.65012 0.2316 -7.65012 -0.0042 -7.65012 0.6981 -7.65012 -0.0003 
-7.56992 27.443 -7.56992 -18.0928 -7.56992 2.389 -7.56992 -0.0099 -7.56992 0.7322 -7.56992 -0.0006 -7.56992 0.3579 -7.56992 -0.0012 -7.56992 0.2936 -7.56992 -0.0018 -7.56992 0.2147 -7.56992 -0.0058 -7.56992 0.7906 -7.56992 -0.0005 
-7.48982 25.5901 -7.48982 -19.8404 -7.48982 2.181 -7.48982 -0.0141 -7.48982 0.7331 -7.48982 -0.0009 -7.48982 0.2545 -7.48982 -0.0029 -7.48982 0.2074 -7.48982 -0.0033 -7.48982 0.1814 -7.48982 -0.0062 -7.48982 0.8046 -7.48982 -0.0008 
-7.40962 23.7356 -7.40962 -20.4674 -7.40962 1.93 -7.40962 -0.0201 -7.40962 0.6768 -7.40962 -0.0013 -7.40962 0.1979 -7.40962 -0.0063 -7.40962 0.1712 -7.40962 -0.0058 -7.40962 0.1489 -7.40962 -0.0053 -7.40962 0.7352 -7.40962 -0.0014 
-7.32942 22.8067 -7.32942 -20.5316 -7.32942 1.6613 -7.32942 -0.0284 -7.32942 0.5812 -7.32942 -0.002 -7.32942 0.1663 -7.32942 -0.0112 -7.32942 0.1563 -7.32942 -0.0091 -7.32942 0.1401 -7.32942 -0.0037 -7.32942 0.6174 -7.32942 -0.0024 
-7.24932 23.0517 -7.24932 -20.7386 -7.24932 1.4449 -7.24932 -0.0356 -7.24932 0.4855 -7.24932 -0.0027 -7.24932 0.1514 -7.24932 -0.0154 -7.24932 0.1472 -7.24932 -0.0118 -7.24932 0.1557 -7.24932 -0.0023 -7.24932 0.5051 -7.24932 -0.0034 
-7.16912 23.9805 -7.16912 -21.0938 -7.16912 1.3215 -7.16912 -0.0374 -7.16912 0.4243 -7.16912 -0.0034 -7.16912 0.1474 -7.16912 -0.0162 -7.16912 0.1399 -7.16912 -0.012 -7.16912 0.1767 -7.16912 -0.0016 -7.16912 0.4332 -7.16912 -0.0042 
-7.08902 24.9315 -7.08902 -21.1081 -7.08902 1.2688 -7.08902 -0.0325 -7.08902 0.4029 -7.08902 -0.0039 -7.08902 0.1455 -7.08902 -0.0129 -7.08902 0.1342 -7.08902 -0.0094 -7.08902 0.1867 -7.08902 -0.0015 -7.08902 0.3995 -7.08902 -0.0048 
-7.00882 25.3375 -7.00882 -20.5527 -7.00882 1.2293 -7.00882 -0.0252 -7.00882 0.4002 -7.00882 -0.0044 -7.00882 0.136 -7.00882 -0.0079 -7.00882 0.1262 -7.00882 -0.0058 -7.00882 0.1867 -7.00882 -0.0018 -7.00882 0.3802 -7.00882 -0.0053 
-6.92862 24.897 -6.92862 -19.486 -6.92862 1.1615 -6.92862 -0.0189 -6.92862 0.3903 -6.92862 -0.0046 -6.92862 0.1172 -6.92862 -0.0039 -6.92862 0.1124 -6.92862 -0.0029 -6.92862 0.1889 -6.92862 -0.0021 -6.92862 0.3527 -6.92862 -0.0054 
-6.84852 23.9003 -6.84852 -18.0016 -6.84852 1.0717 -6.84852 -0.0142 -6.84852 0.3603 -6.84852 -0.0041 -6.84852 0.1001 -6.84852 -0.0017 -6.84852 0.1001 -6.84852 -0.0015 -6.84852 0.2012 -6.84852 -0.0021 -6.84852 0.31 -6.84852 -0.0048 
-6.76832 23.2763 -6.76832 -16.2373 -6.76832 1.0125 -6.76832 -0.01 -6.76832 0.317 -6.76832 -0.003 -6.76832 0.1013 -6.76832 -0.0008 -6.76832 0.1077 -6.76832 -0.0009 -6.76832 0.2232 -6.76832 -0.0018 -6.76832 0.2633 -6.76832 -0.0035 
-6.68822 23.9162 -6.68822 -14.2546 -6.68822 1.0466 -6.68822 -0.0062 -6.68822 0.2789 -6.68822 -0.0017 -6.68822 0.1301 -6.68822 -0.0005 -6.68822 0.1483 -6.68822 -0.0006 -6.68822 0.2587 -6.68822 -0.0014 -6.68822 0.2306 -6.68822 -0.002 
-6.60802 25.6896 -6.60802 -12.014 -6.60802 1.1909 -6.60802 -0.004 -6.60802 0.2566 -6.60802 -0.0008 -6.60802 0.1785 -6.60802 -0.0003 -6.60802 0.2125 -6.60802 -0.0004 -6.60802 0.3246 -6.60802 -0.0016 -6.60802 0.2187 -6.60802 -0.0009 
-6.52782 27.3232 -6.52782 -9.7885 -6.52782 1.3893 -6.52782 -0.0043 -6.52782 0.2441 -6.52782 -0.0003 -6.52782 0.2244 -6.52782 -0.0002 -6.52782 0.2686 -6.52782 -0.0003 -6.52782 0.4337 -6.52782 -0.0031 -6.52782 0.2185 -6.52782 -0.0004 
-6.44772 27.4922 -6.44772 -8.2462 -6.44772 1.5422 -6.44772 -0.0069 -6.44772 0.2296 -6.44772 -0.0002 -6.44772 0.2481 -6.44772 -0.0001 -6.44772 0.288 -6.44772 -0.0002 -6.44772 0.5593 -6.44772 -0.0062 -6.44772 0.2172 -6.44772 -0.0002 
-6.36752 25.8721 -6.36752 -7.8313 -6.36752 1.563 -6.36752 -0.0115 -6.36752 0.2084 -6.36752 -0.0001 -6.36752 0.2451 -6.36752 -0.0001 -6.36752 0.2663 -6.36752 -0.0002 -6.36752 0.6336 -6.36752 -0.011 -6.36752 0.2096 -6.36752 -0.0001 
-6.28732 23.0825 -6.28732 -8.3459 -6.28732 1.4163 -6.28732 -0.0177 -6.28732 0.1803 -6.28732 -0.0001 -6.28732 0.2206 -6.28732 -0.0001 -6.28732 0.2182 -6.28732 -0.0002 -6.28732 0.6018 -6.28732 -0.0172 -6.28732 0.1954 -6.28732 -0.0001 
-6.20722 20.0448 -6.20722 -9.2669 -6.20722 1.1281 -6.20722 -0.0249 -6.20722 0.1433 -6.20722 -0.0001 -6.20722 0.1803 -6.20722 -0.0001 -6.20722 0.1598 -6.20722 -0.0003 -6.20722 0.4731 -6.20722 -0.0243 -6.20722 0.1716 -6.20722 -0.0001 
-6.12702 17.6132 -6.12702 -10.2708 -6.12702 0.7795 -6.12702 -0.032 -6.12702 0.0998 -6.12702 -0.0002 -6.12702 0.1309 -6.12702 -0.0002 -6.12702 0.1032 -6.12702 -0.0004 -6.12702 0.3098 -6.12702 -0.0311 -6.12702 0.1358 -6.12702 -0.0001 
-6.04692 16.3201 -6.04692 -11.3092 -6.04692 0.4682 -6.04692 -0.0359 -6.04692 0.0599 -6.04692 -0.0002 -6.04692 0.0827 -6.04692 -0.0003 -6.04692 0.0584 -6.04692 -0.0006 -6.04692 0.1731 -6.04692 -0.0347 -6.04692 0.0941 -6.04692 -0.0001 
-5.96672 15.9299 -5.96672 -12.249 -5.96672 0.2525 -5.96672 -0.0341 -5.96672 0.0323 -5.96672 -0.0002 -5.96672 0.0457 -5.96672 -0.0006 -5.96672 0.0299 -5.96672 -0.0011 -5.96672 0.0862 -5.96672 -0.0321 -5.96672 0.0584 -5.96672 -0.0001 
-5.88652 15.4522 -5.88652 -12.7666 -5.88652 0.1308 -5.88652 -0.0281 -5.88652 0.0174 -5.88652 -0.0002 -5.88652 0.023 -5.88652 -0.0013 -5.88652 0.0151 -5.88652 -0.0024 -5.88652 0.0406 -5.88652 -0.024 -5.88652 0.0347 -5.88652 -0.0002 
-5.80642 14.0982 -5.80642 -12.7964 -5.80642 0.0696 -5.80642 -0.0244 -5.80642 0.0102 -5.80642 -0.0004 -5.80642 0.0113 -5.80642 -0.0034 -5.80642 0.0081 -5.80642 -0.0058 -5.80642 0.0193 -5.80642 -0.0145 -5.80642 0.0207 -5.80642 -0.0003 
-5.72622 12.1165 -5.72622 -12.8823 -5.72622 0.039 -5.72622 -0.0308 -5.72622 0.0062 -5.72622 -0.001 -5.72622 0.0056 -5.72622 -0.0081 -5.72622 0.0044 -5.72622 -0.0129 -5.72622 0.0107 -5.72622 -0.0081 -5.72622 0.0121 -5.72622 -0.0007 
-5.64612 10.4025 -5.64612 -13.8542 -5.64612 0.0254 -5.64612 -0.052 -5.64612 0.0038 -5.64612 -0.0021 -5.64612 0.0027 -5.64612 -0.0173 -5.64612 0.0023 -5.64612 -0.0247 -5.64612 0.0101 -5.64612 -0.0062 -5.64612 0.0065 -5.64612 -0.0017 
-5.56592 9.6232 -5.56592 -16.1062 -5.56592 0.026 -5.56592 -0.0844 -5.56592 0.003 -5.56592 -0.0042 -5.56592 0.0014 -5.56592 -0.0303 -5.56592 0.0016 -5.56592 -0.0389 -5.56592 0.0163 -5.56592 -0.0072 -5.56592 0.0037 -5.56592 -0.0038 
-5.48572 9.9725 -5.48572 -19.1658 -5.48572 0.0417 -5.48572 -0.1169 -5.48572 0.0049 -5.48572 -0.0073 -5.48572 0.0015 -5.48572 -0.0434 -5.48572 0.0023 -5.48572 -0.0499 -5.48572 0.0293 -5.48572 -0.0091 -5.48572 0.0037 -5.48572 -0.0072 
-5.40562 11.3298 -5.40562 -22.0627 -5.40562 0.0736 -5.40562 -0.1387 -5.40562 0.0111 -5.40562 -0.0115 -5.40562 0.0036 -5.40562 -0.0508 -5.40562 0.0054 -5.40562 -0.0535 -5.40562 0.0463 -5.40562 -0.0108 -5.40562 0.0072 -5.40562 -0.0121 
-5.32542 13.3383 -5.32542 -24.1095 -5.32542 0.1184 -5.32542 -0.1473 -5.32542 0.023 -5.32542 -0.0162 -5.32542 0.0092 -5.32542 -0.0505 -5.32542 0.0118 -5.32542 -0.0507 -5.32542 0.0598 -5.32542 -0.0118 -5.32542 0.0146 -5.32542 -0.0181 
-5.24532 15.5902 -5.24532 -25.0803 -5.24532 0.1658 -5.24532 -0.1465 -5.24532 0.0386 -5.24532 -0.0202 -5.24532 0.0194 -5.24532 -0.0452 -5.24532 0.0214 -5.24532 -0.046 -5.24532 0.0609 -5.24532 -0.0118 -5.24532 0.0255 -5.24532 -0.0233 
-5.16512 17.8762 -5.16512 -24.8991 -5.16512 0.2039 -5.16512 -0.1387 -5.16512 0.0529 -5.16512 -0.0214 -5.16512 0.0321 -5.16512 -0.0391 -5.16512 0.0312 -5.16512 -0.0427 -5.16512 0.0492 -5.16512 -0.0105 -5.16512 0.0385 -5.16512 -0.025 
-5.08492 19.9609 -5.08492 -23.7459 -5.08492 0.2255 -5.08492 -0.1252 -5.08492 0.062 -5.08492 -0.0192 -5.08492 0.0413 -5.08492 -0.0346 -5.08492 0.0363 -5.08492 -0.0411 -5.08492 0.034 -5.08492 -0.0083 -5.08492 0.0519 -5.08492 -0.022 
-5.00482 21.189 -5.00482 -22.2308 -5.00482 0.2279 -5.00482 -0.1101 -5.00482 0.065 -5.00482 -0.0156 -5.00482 0.0412 -5.00482 -0.0321 -5.00482 0.0337 -5.00482 -0.0397 -5.00482 0.025 -5.00482 -0.006 -5.00482 0.063 -5.00482 -0.0167 
-4.92462 20.9899 -4.92462 -20.896 -4.92462 0.2101 -4.92462 -0.099 -4.92462 0.0618 -4.92462 -0.0132 -4.92462 0.0323 -4.92462 -0.031 -4.92462 0.0255 -4.92462 -0.0377 -4.92462 0.0244 -4.92462 -0.0046 -4.92462 0.0661 -4.92462 -0.0125 
-4.84452 19.8099 -4.84452 -19.784 -4.84452 0.1768 -4.84452 -0.0951 -4.84452 0.0524 -4.84452 -0.0136 -4.84452 0.0211 -4.84452 -0.0306 -4.84452 0.0169 -4.84452 -0.0358 -4.84452 0.0288 -4.84452 -0.0042 -4.84452 0.0576 -4.84452 -0.0109 
-4.76432 18.8034 -4.76432 -18.8283 -4.76432 0.1418 -4.76432 -0.1001 -4.76432 0.0399 -4.76432 -0.0168 -4.76432 0.0132 -4.76432 -0.0304 -4.76432 0.0116 -4.76432 -0.0364 -4.76432 0.0353 -4.76432 -0.0048 -4.76432 0.0418 -4.76432 -0.0117 
-4.68412 18.6296 -4.68412 -18.2978 -4.68412 0.1201 -4.68412 -0.1132 -4.68412 0.0294 -4.68412 -0.0217 -4.68412 0.0094 -4.68412 -0.0312 -4.68412 0.0098 -4.68412 -0.0402 -4.68412 0.044 -4.68412 -0.0061 -4.68412 0.0275 -4.68412 -0.014 
-4.60402 19.1604 -4.60402 -18.4932 -4.60402 0.1201 -4.60402 -0.129 -4.60402 0.024 -4.60402 -0.0259 -4.60402 0.0083 -4.60402 -0.0335 -4.60402 0.0102 -4.60402 -0.0452 -4.60402 0.0575 -4.60402 -0.0078 -4.60402 0.0201 -4.60402 -0.0166 
-4.52382 20.0443 -4.52382 -19.2791 -4.52382 0.1431 -4.52382 -0.1384 -4.52382 0.0237 -4.52382 -0.027 -4.52382 0.0085 -4.52382 -0.0361 -4.52382 0.0114 -4.52382 -0.0477 -4.52382 0.0796 -4.52382 -0.0093 -4.52382 0.0199 -4.52382 -0.0183 
-4.44372 20.9416 -4.44372 -20.3094 -4.44372 0.1865 -4.44372 -0.1393 -4.44372 0.0265 -4.44372 -0.0251 -4.44372 0.0104 -4.44372 -0.0385 -4.44372 0.0133 -4.44372 -0.0467 -4.44372 0.1111 -4.44372 -0.0103 -4.44372 0.0252 -4.44372 -0.0187 
-4.36352 21.5571 -4.36352 -21.5509 -4.36352 0.2439 -4.36352 -0.1408 -4.36352 0.0318 -4.36352 -0.0229 -4.36352 0.0149 -4.36352 -0.0422 -4.36352 0.0165 -4.36352 -0.0463 -4.36352 0.1459 -4.36352 -0.0105 -4.36352 0.0348 -4.36352 -0.0189 
-4.28332 21.8908 -4.28332 -23.1561 -4.28332 0.3029 -4.28332 -0.1542 -4.28332 0.0401 -4.28332 -0.0234 -4.28332 0.0223 -4.28332 -0.0494 -4.28332 0.0223 -4.28332 -0.0508 -4.28332 0.1714 -4.28332 -0.01 -4.28332 0.0468 -4.28332 -0.0206 
-4.20322 22.2115 -4.20322 -24.8546 -4.20322 0.3485 -4.20322 -0.1771 -4.20322 0.0512 -4.20322 -0.0267 -4.20322 0.0317 -4.20322 -0.0582 -4.20322 0.0309 -4.20322 -0.0589 -4.20322 0.1761 -4.20322 -0.0091 -4.20322 0.0586 -4.20322 -0.0242 
-4.12302 22.6594 -4.12302 -25.9547 -4.12302 0.3706 -4.12302 -0.1944 -4.12302 0.0623 -4.12302 -0.0312 -4.12302 0.0404 -4.12302 -0.0627 -4.12302 0.0404 -4.12302 -0.0641 -4.12302 0.1602 -4.12302 -0.0081 -4.12302 0.0673 -4.12302 -0.0283 
-4.04292 23.0944 -4.04292 -26.0972 -4.04292 0.3689 -4.04292 -0.1949 -4.04292 0.0689 -4.04292 -0.0353 -4.04292 0.046 -4.04292 -0.0588 -4.04292 0.0479 -4.04292 -0.062 -4.04292 0.1347 -4.04292 -0.0075 -4.04292 0.0714 -4.04292 -0.0313 
-3.96272 23.2973 -3.96272 -25.6229 -3.96272 0.3492 -3.96272 -0.1853 -3.96272 0.0686 -3.96272 -0.0393 -3.96272 0.048 -3.96272 -0.0498 -3.96272 0.0518 -3.96272 -0.0554 -3.96272 0.1101 -3.96272 -0.0075 -3.96272 0.0707 -3.96272 -0.0333 
-3.88252 23.1589 -3.88252 -25.0618 -3.88252 0.3202 -3.88252 -0.1825 -3.88252 0.0633 -3.88252 -0.0444 -3.88252 0.0474 -3.88252 -0.0434 -3.88252 0.0527 -3.88252 -0.0509 -3.88252 0.0903 -3.88252 -0.008 -3.88252 0.0665 -3.88252 -0.0358 
-3.80242 22.7306 -3.80242 -24.5713 -3.80242 0.2879 -3.80242 -0.2013 -3.80242 0.0566 -3.80242 -0.0512 -3.80242 0.046 -3.80242 -0.0466 -3.80242 0.0516 -3.80242 -0.0536 -3.80242 0.0735 -3.80242 -0.0091 -3.80242 0.0602 -3.80242 -0.0408 
-3.72222 22.1428 -3.72222 -23.9701 -3.72222 0.2557 -3.72222 -0.2488 -3.72222 0.0506 -3.72222 -0.0597 -3.72222 0.0445 -3.72222 -0.0636 -3.72222 0.049 -3.72222 -0.0654 -3.72222 0.0582 -3.72222 -0.0103 -3.72222 0.0534 -3.72222 -0.0498 
-3.64212 21.4456 -3.64212 -23.1568 -3.64212 0.2247 -3.64212 -0.3223 -3.64212 0.0453 -3.64212 -0.0695 -3.64212 0.0425 -3.64212 -0.094 -3.64212 0.045 -3.64212 -0.0847 -3.64212 0.045 -3.64212 -0.011 -3.64212 0.0469 -3.64212 -0.0631 
-3.56192 20.6066 -3.56192 -22.4391 -3.56192 0.1991 -3.56192 -0.4039 -3.56192 0.0404 -3.56192 -0.0787 -3.56192 0.0397 -3.56192 -0.1303 -3.56192 0.0412 -3.56192 -0.1058 -3.56192 0.0368 -3.56192 -0.0107 -3.56192 0.041 -3.56192 -0.0784 
-3.48172 19.7081 -3.48172 -22.3456 -3.48172 0.1851 -3.48172 -0.4612 -3.48172 0.0365 -3.48172 -0.0837 -3.48172 0.0375 -3.48172 -0.1576 -3.48172 0.04 -3.48172 -0.1205 -3.48172 0.0352 -3.48172 -0.0094 -3.48172 0.0359 -3.48172 -0.09 
-3.40162 19.043 -3.40162 -23.0148 -3.40162 0.1857 -3.40162 -0.469 -3.40162 0.0346 -3.40162 -0.0818 -3.40162 0.0377 -3.40162 -0.1624 -3.40162 0.0431 -3.40162 -0.1232 -3.40162 0.0382 -3.40162 -0.0082 -3.40162 0.0321 -3.40162 -0.0934 
-3.32142 18.9704 -3.32142 -23.9762 -3.32142 0.1964 -3.32142 -0.4332 -3.32142 0.0343 -3.32142 -0.075 -3.32142 0.0413 -3.32142 -0.1449 -3.32142 0.0491 -3.32142 -0.1155 -3.32142 0.0415 -3.32142 -0.0078 -3.32142 0.0302 -3.32142 -0.09 
-3.24132 19.6743 -3.24132 -24.6978 -3.24132 0.208 -3.24132 -0.3836 -3.24132 0.0343 -3.24132 -0.0683 -3.24132 0.0472 -3.24132 -0.1182 -3.24132 0.0543 -3.24132 -0.1036 -3.24132 0.0422 -3.24132 -0.0079 -3.24132 0.03 -3.24132 -0.0856 
-3.16112 21.0108 -3.16112 -25.111 -3.16112 0.2143 -3.16112 -0.3419 -3.16112 0.0344 -3.16112 -0.0646 -3.16112 0.0523 -3.16112 -0.0947 -3.16112 0.0554 -3.16112 -0.0911 -3.16112 0.0409 -3.16112 -0.0081 -3.16112 0.0313 -3.16112 -0.0834 
-3.08092 22.5897 -3.08092 -25.4369 -3.08092 0.2142 -3.08092 -0.3039 -3.08092 0.0356 -3.08092 -0.0611 -3.08092 0.0532 -3.08092 -0.0773 -3.08092 0.0515 -3.08092 -0.0778 -3.08092 0.04 -3.08092 -0.0079 -3.08092 0.0339 -3.08092 -0.0798 
-3.00082 23.96 -3.00082 -25.7365 -3.00082 0.2069 -3.00082 -0.2588 -3.00082 0.0383 -3.00082 -0.0541 -3.00082 0.0479 -3.00082 -0.0634 -3.00082 0.0439 -3.00082 -0.064 -3.00082 0.04 -3.00082 -0.0075 -3.00082 0.0368 -3.00082 -0.0698 
-2.92062 24.6646 -2.92062 -25.7982 -2.92062 0.1921 -2.92062 -0.2065 -2.92062 0.041 -2.92062 -0.0438 -2.92062 0.0381 -2.92062 -0.0506 -2.92062 0.0352 -2.92062 -0.0513 -2.92062 0.0389 -2.92062 -0.0073 -2.92062 0.0389 -2.92062 -0.0535 
-2.84052 24.4115 -2.84052 -25.4262 -2.84052 0.1715 -2.84052 -0.1583 -2.84052 0.0416 -2.84052 -0.0336 -2.84052 0.0276 -2.84052 -0.0391 -2.84052 0.0281 -2.84052 -0.0412 -2.84052 0.0349 -2.84052 -0.0074 -2.84052 0.0393 -2.84052 -0.037 
-2.76032 23.5155 -2.76032 -24.7678 -2.76032 0.1525 -2.76032 -0.1239 -2.76032 0.0402 -2.76032 -0.0261 -2.76032 0.02 -2.76032 -0.0305 -2.76032 0.0244 -2.76032 -0.0338 -2.76032 0.0293 -2.76032 -0.008 -2.76032 0.0386 -2.76032 -0.0255 
-2.68012 22.8762 -2.68012 -24.2104 -2.68012 0.1417 -2.68012 -0.1056 -2.68012 0.0379 -2.68012 -0.0216 -2.68012 0.0167 -2.68012 -0.0254 -2.68012 0.024 -2.68012 -0.0288 -2.68012 0.0258 -2.68012 -0.01 -2.68012 0.0373 -2.68012 -0.0198 
-2.60002 23.1197 -2.60002 -23.9199 -2.60002 0.139 -2.60002 -0.0996 -2.60002 0.0352 -2.60002 -0.0188 -2.60002 0.0167 -2.60002 -0.0234 -2.60002 0.0253 -2.60002 -0.0259 -2.60002 0.0269 -2.60002 -0.0139 -2.60002 0.0349 -2.60002 -0.0176 
-2.51982 23.9482 -2.51982 -23.6415 -2.51982 0.1385 -2.51982 -0.1011 -2.51982 0.0315 -2.51982 -0.0171 -2.51982 0.0185 -2.51982 -0.0234 -2.51982 0.0263 -2.51982 -0.0245 -2.51982 0.0312 -2.51982 -0.0193 -2.51982 0.031 -2.51982 -0.0168 
-2.43972 24.5498 -2.43972 -23.0364 -2.43972 0.1358 -2.43972 -0.1054 -2.43972 0.0268 -2.43972 -0.016 -2.43972 0.0213 -2.43972 -0.0245 -2.43972 0.0273 -2.43972 -0.0237 -2.43972 0.0345 -2.43972 -0.0248 -2.43972 0.0259 -2.43972 -0.0164 
-2.35952 24.4385 -2.35952 -22.112 -2.35952 0.1314 -2.35952 -0.11 -2.35952 0.0219 -2.35952 -0.0156 -2.35952 0.0253 -2.35952 -0.0261 -2.35952 0.0295 -2.35952 -0.0236 -2.35952 0.0336 -2.35952 -0.0284 -2.35952 0.0211 -2.35952 -0.0163 
-2.27932 23.7912 -2.27932 -21.2465 -2.27932 0.1287 -2.27932 -0.1142 -2.27932 0.018 -2.27932 -0.0162 -2.27932 0.0307 -2.27932 -0.0279 -2.27932 0.0335 -2.27932 -0.0248 -2.27932 0.029 -2.27932 -0.0289 -2.27932 0.0175 -2.27932 -0.0164 
-2.19922 23.1098 -2.19922 -20.8795 -2.19922 0.128 -2.19922 -0.1182 -2.19922 0.0154 -2.19922 -0.0176 -2.19922 0.0361 -2.19922 -0.0297 -2.19922 0.0376 -2.19922 -0.0282 -2.19922 0.0235 -2.19922 -0.0263 -2.19922 0.0154 -2.19922 -0.0164 
-2.11902 22.6251 -2.11902 -21.1826 -2.11902 0.1256 -2.11902 -0.1235 -2.11902 0.0141 -2.11902 -0.0194 -2.11902 0.0391 -2.11902 -0.0323 -2.11902 0.0391 -2.11902 -0.0334 -2.11902 0.019 -2.11902 -0.0219 -2.11902 0.0143 -2.11902 -0.0165 
-2.03892 22.1328 -2.03892 -21.8393 -2.03892 0.1192 -2.03892 -0.1295 -2.03892 0.0138 -2.03892 -0.021 -2.03892 0.0386 -2.03892 -0.0359 -2.03892 0.0377 -2.03892 -0.0384 -2.03892 0.0156 -2.03892 -0.0171 -2.03892 0.0135 -2.03892 -0.0171 
-1.95872 21.4992 -1.95872 -22.1351 -1.95872 0.1113 -1.95872 -0.1317 -1.95872 0.014 -1.95872 -0.0213 -1.95872 0.0366 -1.95872 -0.0395 -1.95872 0.0353 -1.95872 -0.0403 -1.95872 0.0127 -1.95872 -0.0129 -1.95872 0.0127 -1.95872 -0.0177 
-1.87852 21.0468 -1.87852 -21.5263 -1.87852 0.1074 -1.87852 -0.1279 -1.87852 0.0143 -1.87852 -0.0203 -1.87852 0.0358 -1.87852 -0.0416 -1.87852 0.0342 -1.87852 -0.0381 -1.87852 0.0108 -1.87852 -0.0098 -1.87852 0.0123 -1.87852 -0.0181 
-1.79842 21.1096 -1.79842 -20.2201 -1.79842 0.1074 -1.79842 -0.1219 -1.79842 0.0142 -1.79842 -0.0195 -1.79842 0.0365 -1.79842 -0.042 -1.79842 0.0343 -1.79842 -0.0337 -1.79842 0.0099 -1.79842 -0.008 -1.79842 0.0125 -1.79842 -0.0187 
-1.71822 21.433 -1.71822 -18.9778 -1.71822 0.1069 -1.71822 -0.1184 -1.71822 0.0134 -1.71822 -0.0202 -1.71822 0.0368 -1.71822 -0.0409 -1.71822 0.0343 -1.71822 -0.0296 -1.71822 0.0096 -1.71822 -0.0072 -1.71822 0.0128 -1.71822 -0.0205 
-1.63802 21.4464 -1.63802 -18.2549 -1.63802 0.1043 -1.63802 -0.1166 -1.63802 0.0121 -1.63802 -0.0222 -1.63802 0.0363 -1.63802 -0.0378 -1.63802 0.0341 -1.63802 -0.0265 -1.63802 0.0091 -1.63802 -0.0072 -1.63802 0.0127 -1.63802 -0.0229 
-1.55792 20.9517 -1.55792 -17.7813 -1.55792 0.1035 -1.55792 -0.1111 -1.55792 0.0114 -1.55792 -0.0238 -1.55792 0.0365 -1.55792 -0.032 -1.55792 0.0346 -1.55792 -0.0233 -1.55792 0.0083 -1.55792 -0.0079 -1.55792 0.0127 -1.55792 -0.0241 
-1.47772 20.1582 -1.47772 -17.0612 -1.47772 0.1086 -1.47772 -0.099 -1.47772 0.0127 -1.47772 -0.0238 -1.47772 0.0382 -1.47772 -0.0245 -1.47772 0.0361 -1.47772 -0.0191 -1.47772 0.0077 -1.47772 -0.0087 -1.47772 0.0139 -1.47772 -0.0229 
-1.39762 19.2667 -1.39762 -15.9866 -1.39762 0.1205 -1.39762 -0.0834 -1.39762 0.0165 -1.39762 -0.0222 -1.39762 0.0407 -1.39762 -0.0174 -1.39762 0.0384 -1.39762 -0.0146 -1.39762 0.0078 -1.39762 -0.0091 -1.39762 0.0171 -1.39762 -0.0201 
-1.31742 18.3591 -1.31742 -14.8152 -1.31742 0.1369 -1.31742 -0.0683 -1.31742 0.0222 -1.31742 -0.0192 -1.31742 0.0427 -1.31742 -0.0123 -1.31742 0.0419 -1.31742 -0.0109 -1.31742 0.0086 -1.31742 -0.0089 -1.31742 0.0215 -1.31742 -0.017 
-1.23722 17.5338 -1.23722 -13.7441 -1.23722 0.1544 -1.23722 -0.0552 -1.23722 0.0284 -1.23722 -0.0154 -1.23722 0.0438 -1.23722 -0.009 -1.23722 0.0467 -1.23722 -0.0081 -1.23722 0.0096 -1.23722 -0.0088 -1.23722 0.0259 -1.23722 -0.0139 
-1.15712 16.9119 -1.15712 -12.7253 -1.15712 0.17 -1.15712 -0.0442 -1.15712 0.0339 -1.15712 -0.0113 -1.15712 0.0441 -1.15712 -0.0069 -1.15712 0.0518 -1.15712 -0.0061 -1.15712 0.0104 -1.15712 -0.0092 -1.15712 0.0298 -1.15712 -0.0107 
-1.07692 16.5114 -1.07692 -11.7055 -1.07692 0.1807 -1.07692 -0.036 -1.07692 0.0383 -1.07692 -0.0082 -1.07692 0.043 -1.07692 -0.0053 -1.07692 0.0552 -1.07692 -0.0045 -1.07692 0.0109 -1.07692 -0.0102 -1.07692 0.0333 -1.07692 -0.0078 
-0.996821 16.194 -0.996821 -10.8077 -0.996821 0.1847 -0.996821 -0.0297 -0.996821 0.0411 -0.996821 -0.0063 -0.996821 0.041 -0.996821 -0.0039 -0.996821 0.0561 -0.996821 -0.0031 -0.996821 0.0111 -0.996821 -0.0106 -0.996821 0.0354 -0.996821 -0.0058 
-0.916621 15.8078 -0.916621 -10.1183 -0.916621 0.1837 -0.916621 -0.0243 -0.916621 0.0421 -0.916621 -0.0051 -0.916621 0.0395 -0.916621 -0.0027 -0.916621 0.0557 -0.916621 -0.0021 -0.916621 0.0112 -0.916621 -0.0096 -0.916621 0.0352 -0.916621 -0.0048 
-0.836421 15.3612 -0.836421 -9.4925 -0.836421 0.1862 -0.836421 -0.0187 -0.836421 0.0426 -0.836421 -0.0042 -0.836421 0.0415 -0.836421 -0.0018 -0.836421 0.057 -0.836421 -0.0013 -0.836421 0.0109 -0.836421 -0.0072 -0.836421 0.0342 -0.836421 -0.0042 
-0.756321 14.9445 -0.756321 -8.7575 -0.756321 0.2014 -0.756321 -0.0136 -0.756321 0.0447 -0.756321 -0.0034 -0.756321 0.0488 -0.756321 -0.0012 -0.756321 0.0619 -0.756321 -0.0008 -0.756321 0.0103 -0.756321 -0.0044 -0.756321 0.0357 -0.756321 -0.0038 
-0.676121 14.5191 -0.676121 -7.989 -0.676121 0.2273 -0.676121 -0.0104 -0.676121 0.0485 -0.676121 -0.0031 -0.676121 0.0598 -0.676121 -0.0008 -0.676121 0.0685 -0.676121 -0.0006 -0.676121 0.0093 -0.676121 -0.0023 -0.676121 0.0412 -0.676121 -0.0036 
-0.596021 13.9258 -0.596021 -7.3885 -0.596021 0.2527 -0.596021 -0.0089 -0.596021 0.0521 -0.596021 -0.0032 -0.596021 0.0708 -0.596021 -0.0006 -0.596021 0.0727 -0.596021 -0.0005 -0.596021 0.0082 -0.596021 -0.0012 -0.596021 0.0489 -0.596021 -0.0034 
-0.515821 13.072 -0.515821 -6.8827 -0.515821 0.2669 -0.515821 -0.0084 -0.515821 0.053 -0.515821 -0.0033 -0.515821 0.0786 -0.515821 -0.0006 -0.515821 0.0727 -0.515821 -0.0005 -0.515821 0.0072 -0.515821 -0.0008 -0.515821 0.0554 -0.515821 -0.0032 
-0.435621 12.022 -0.435621 -6.045 -0.435621 0.271 -0.435621 -0.0073 -0.435621 0.0514 -0.435621 -0.0029 -0.435621 0.0829 -0.435621 -0.0005 -0.435621 0.0717 -0.435621 -0.0004 -0.435621 0.0062 -0.435621 -0.0008 -0.435621 0.0588 -0.435621 -0.0027 
-0.355521 11.0048 -0.355521 -4.5912 -0.355521 0.2826 -0.355521 -0.0053 -0.355521 0.0514 -0.355521 -0.0021 -0.355521 0.0876 -0.355521 -0.0004 -0.355521 0.0783 -0.355521 -0.0003 -0.355521 0.005 -0.355521 -0.0006 -0.355521 0.0603 -0.355521 -0.0019 
-0.275321 10.4807 -0.275321 -2.8231 -0.275321 0.3329 -0.275321 -0.0031 -0.275321 0.0596 -0.275321 -0.0012 -0.275321 0.1019 -0.275321 -0.0002 -0.275321 0.1034 -0.275321 -0.0002 -0.275321 0.0038 -0.275321 -0.0004 -0.275321 0.0642 -0.275321 -0.0011 
-0.195221 11.007 -0.195221 -1.3512 -0.195221 0.442 -0.195221 -0.0014 -0.195221 0.0785 -0.195221 -0.0005 -0.195221 0.1353 -0.195221 -0.0001 -0.195221 0.1497 -0.195221 -0.0001 -0.195221 0.0028 -0.195221 -0.0002 -0.195221 0.0757 -0.195221 -0.0005 
-0.115021 12.6914 -0.115021 -0.4959 -0.115021 0.5842 -0.115021 -0.0005 -0.115021 0.1005 -0.115021 -0.0002 -0.115021 0.1858 -0.115021 -0 -0.115021 0.2012 -0.115021 -0 -0.115021 0.002 -0.115021 -0.0001 -0.115021 0.0947 -0.115021 -0.0002 
-0.0348214 14.7595 -0.0348214 -0.1589 -0.0348214 0.6813 -0.0348214 -0 -0.0348214 0.1108 -0.0348214 -0 -0.0348214 0.2303 -0.0348214 -0 -0.0348214 0.2281 -0.0348214 -0 -0.0348214 0.0013 -0.0348214 -0 -0.0348214 0.1108 -0.0348214 -0 
0.0452786 15.8925 0.0452786 -0.1389 0.0452786 0.6576 0.0452786 -0 0.0452786 0.1001 0.0452786 -0 0.0452786 0.2363 0.0452786 -0 0.0452786 0.2103 0.0452786 -0 0.0452786 0.0008 0.0452786 -0 0.0452786 0.1101 0.0452786 -0 
0.125479 15.1829 0.125479 -0.4023 0.125479 0.5088 0.125479 -0 0.125479 0.0728 0.125479 -0 0.125479 0.1924 0.125479 -0 0.125479 0.1552 0.125479 -0 0.125479 0.0004 0.125479 -0 0.125479 0.088 0.125479 -0 
0.205579 12.8332 0.205579 -1.1216 0.205579 0.3099 0.205579 -0 0.205579 0.0422 0.205579 -0 0.205579 0.1216 0.205579 -0 0.205579 0.0908 0.205579 -0 0.205579 0.0002 0.205579 -0 0.205579 0.0551 0.205579 -0 
0.285779 9.8655 0.285779 -2.5211 0.285779 0.1471 0.285779 -0 0.285779 0.0194 0.285779 -0 0.285779 0.0591 0.285779 -0 0.285779 0.0418 0.285779 -0 0.285779 0.0001 0.285779 -0 0.285779 0.0267 0.285779 -0 
0.365979 7.2053 0.365979 -4.5799 0.365979 0.0539 0.365979 -0 0.365979 0.007 0.365979 -0 0.365979 0.0219 0.365979 -0 0.365979 0.015 0.365979 -0 0.365979 0 0.365979 -0 0.365979 0.01 0.365979 -0 
0.446079 5.2463 0.446079 -6.7971 0.446079 0.0153 0.446079 -0 0.446079 0.002 0.446079 -0 0.446079 0.0062 0.446079 -0 0.446079 0.0042 0.446079 -0 0.446079 0 0.446079 -0 0.446079 0.0029 0.446079 -0 
0.526279 4.0816 0.526279 -8.3738 0.526279 0.0033 0.526279 -0 0.526279 0.0004 0.526279 -0 0.526279 0.0014 0.526279 -0 0.526279 0.0009 0.526279 -0 0.526279 0 0.526279 -0 0.526279 0.0006 0.526279 -0 
0.606379 3.5809 0.606379 -8.8398 0.606379 0.0006 0.606379 -0 0.606379 0.0001 0.606379 -0 0.606379 0.0002 0.606379 -0 0.606379 0.0002 0.606379 -0 0.606379 0 0.606379 -0 0.606379 0.0001 0.606379 -0 
0.686579 3.3239 0.686579 -8.5121 0.686579 0 0.686579 -0 0.686579 0 0.686579 -0 0.686579 0 0.686579 -0 0.686579 0 0.686579 -0 0.686579 0 0.686579 -0 0.686579 0 0.686579 -0 
0.766779 3.0215 0.766779 -8.262 0.766779 0 0.766779 -0 0.766779 0 0.766779 -0 0.766779 0 0.766779 -0 0.766779 0 0.766779 -0 0.766779 0 0.766779 -0 0.766779 0 0.766779 -0 
0.846879 2.9378 0.846879 -8.8828 0.846879 0 0.846879 -0 0.846879 0 0.846879 -0 0.846879 0 0.846879 -0 0.846879 0 0.846879 -0 0.846879 0 0.846879 -0 0.846879 0 0.846879 -0 
0.927079 3.5521 0.927079 -10.5914 0.927079 0 0.927079 -0 0.927079 0 0.927079 -0 0.927079 0 0.927079 -0 0.927079 0 0.927079 -0 0.927079 0 0.927079 -0 0.927079 0 0.927079 -0 
1.00718 4.9558 1.00718 -12.9174 1.00718 0 1.00718 -0.0001 1.00718 0 1.00718 -0 1.00718 0 1.00718 -0 1.00718 0 1.00718 -0 1.00718 0 1.00718 -0.0001 1.00718 0 1.00718 -0 
1.08738 6.7315 1.08738 -15.1505 1.08738 0 1.08738 -0.0001 1.08738 0 1.08738 -0 1.08738 0 1.08738 -0 1.08738 0 1.08738 -0 1.08738 0 1.08738 -0.0001 1.08738 0 1.08738 -0 
1.16758 8.23 1.16758 -16.9964 1.16758 0 1.16758 -0.0001 1.16758 0 1.16758 -0 1.16758 0 1.16758 -0 1.16758 0 1.16758 -0 1.16758 0 1.16758 -0.0001 1.16758 0 1.16758 -0 
1.24768 8.9397 1.24768 -18.63 1.24768 0 1.24768 -0.0001 1.24768 0 1.24768 -0 1.24768 0 1.24768 -0 1.24768 0 1.24768 -0 1.24768 0 1.24768 -0.0001 1.24768 0 1.24768 -0 
1.32788 8.7031 1.32788 -20.1514 1.32788 0 1.32788 -0.0001 1.32788 0 1.32788 -0 1.32788 0 1.32788 -0 1.32788 0 1.32788 -0 1.32788 0 1.32788 -0.0001 1.32788 0 1.32788 -0 
1.40798 7.6009 1.40798 -21.2585 1.40798 0 1.40798 -0.0002 1.40798 0 1.40798 -0.0001 1.40798 0 1.40798 -0 1.40798 0 1.40798 -0 1.40798 0 1.40798 -0.0001 1.40798 0 1.40798 -0 
1.48818 5.8516 1.48818 -21.5509 1.48818 0 1.48818 -0.0004 1.48818 0 1.48818 -0.0001 1.48818 0 1.48818 -0 1.48818 0 1.48818 -0 1.48818 0 1.48818 -0.0002 1.48818 0 1.48818 -0.0001 
1.56838 3.9843 1.56838 -21.2113 1.56838 0 1.56838 -0.0008 1.56838 0 1.56838 -0.0002 1.56838 0 1.56838 -0 1.56838 0 1.56838 -0.0001 1.56838 0 1.56838 -0.0004 1.56838 0 1.56838 -0.0001 
1.64848 2.7778 1.64848 -21.1658 1.64848 0 1.64848 -0.0019 1.64848 0 1.64848 -0.0004 1.64848 0 1.64848 -0.0001 1.64848 0 1.64848 -0.0002 1.64848 0 1.64848 -0.001 1.64848 0 1.64848 -0.0002 
1.72868 2.7581 1.72868 -22.1084 1.72868 0 1.72868 -0.0045 1.72868 0 1.72868 -0.001 1.72868 0 1.72868 -0.0003 1.72868 0 1.72868 -0.0005 1.72868 0 1.72868 -0.002 1.72868 0 1.72868 -0.0007 
1.80878 3.8425 1.80878 -23.6354 1.80878 0 1.80878 -0.0107 1.80878 0 1.80878 -0.003 1.80878 0 1.80878 -0.0007 1.80878 0 1.80878 -0.0012 1.80878 0 1.80878 -0.0035 1.80878 0 1.80878 -0.0023 
1.88898 5.4647 1.88898 -24.9138 1.88898 0 1.88898 -0.0247 1.88898 0 1.88898 -0.0081 1.88898 0 1.88898 -0.0018 1.88898 0 1.88898 -0.0029 1.88898 0 1.88898 -0.0053 1.88898 0 1.88898 -0.0066 
1.96918 6.8894 1.96918 -25.8149 1.96918 0 1.96918 -0.0527 1.96918 0 1.96918 -0.0193 1.96918 0 1.96918 -0.0039 1.96918 0 1.96918 -0.0061 1.96918 0 1.96918 -0.007 1.96918 0 1.96918 -0.0164 
2.04928 7.4916 2.04928 -26.7702 2.04928 0 2.04928 -0.1019 2.04928 0 2.04928 -0.0395 2.04928 0 2.04928 -0.0072 2.04928 0 2.04928 -0.0108 2.04928 0 2.04928 -0.0095 2.04928 0 2.04928 -0.0349 
2.12948 7.0751 2.12948 -27.909 2.12948 0 2.12948 -0.1807 2.12948 0 2.12948 -0.0714 2.12948 0 2.12948 -0.0115 2.12948 0 2.12948 -0.0167 2.12948 0 2.12948 -0.0157 2.12948 0 2.12948 -0.0654 
2.20958 6.0562 2.20958 -28.986 2.20958 0.0001 2.20958 -0.3028 2.20958 0 2.20958 -0.1172 2.20958 0 2.20958 -0.0167 2.20958 0.0001 2.20958 -0.0233 2.20958 0 2.20958 -0.0344 2.20958 0 2.20958 -0.1112 
2.28978 5.2112 2.28978 -29.9047 2.28978 0.0006 2.28978 -0.4852 2.28978 0.0001 2.28978 -0.175 2.28978 0.0002 2.28978 -0.023 2.28978 0.0002 2.28978 -0.0308 2.28978 0 2.28978 -0.0835 2.28978 0.0001 2.28978 -0.1729 
2.36998 5.2218 2.36998 -30.6975 2.36998 0.0024 2.36998 -0.7386 2.36998 0.0004 2.36998 -0.234 2.36998 0.0008 2.36998 -0.0317 2.36998 0.0008 2.36998 -0.04 2.36998 0.0001 2.36998 -0.1928 2.36998 0.0003 2.36998 -0.2401 
2.45008 6.4234 2.45008 -30.9969 2.45008 0.007 2.45008 -1.058 2.45008 0.0011 2.45008 -0.2753 2.45008 0.0024 2.45008 -0.0443 2.45008 0.0024 2.45008 -0.0522 2.45008 0.0003 2.45008 -0.3955 2.45008 0.0008 2.45008 -0.2907 
2.53028 8.7469 2.53028 -30.0818 2.53028 0.0152 2.53028 -1.4271 2.53028 0.0022 2.53028 -0.2885 2.53028 0.0053 2.53028 -0.062 2.53028 0.0051 2.53028 -0.0688 2.53028 0.0008 2.53028 -0.6983 2.53028 0.0018 2.53028 -0.3095 
2.61038 11.7831 2.61038 -27.7259 2.61038 0.026 2.61038 -1.8155 2.61038 0.0034 2.61038 -0.2897 2.61038 0.0091 2.61038 -0.0873 2.61038 0.0085 2.61038 -0.0936 2.61038 0.0019 2.61038 -1.0352 2.61038 0.0031 2.61038 -0.3097 
2.69058 15.0052 2.69058 -24.7418 2.69058 0.0356 2.69058 -2.1756 2.69058 0.0042 2.69058 -0.3104 2.69058 0.0123 2.69058 -0.1276 2.69058 0.0114 2.69058 -0.1352 2.69058 0.0036 2.69058 -1.2779 2.69058 0.0041 2.69058 -0.3245 
2.77078 17.9855 2.77078 -22.49 2.77078 0.0412 2.77078 -2.4895 2.77078 0.0044 2.77078 -0.3696 2.77078 0.0139 2.77078 -0.1975 2.77078 0.013 2.77078 -0.2101 2.77078 0.0055 2.77078 -1.337 2.77078 0.0044 2.77078 -0.3753 
2.85088 20.3493 2.85088 -21.8663 2.85088 0.0436 2.85088 -2.7963 2.85088 0.0043 2.85088 -0.4621 2.85088 0.0147 2.85088 -0.3095 2.85088 0.0137 2.85088 -0.3351 2.85088 0.0067 2.85088 -1.2335 2.85088 0.0042 2.85088 -0.4561 
2.93108 21.5699 2.93108 -22.7917 2.93108 0.0449 2.93108 -3.1106 2.93108 0.0043 2.93108 -0.5686 2.93108 0.0159 2.93108 -0.4549 2.93108 0.0143 2.93108 -0.5048 2.93108 0.0065 2.93108 -1.0363 2.93108 0.0039 2.93108 -0.546 
3.01118 21.0381 3.01118 -24.6468 3.01118 0.0446 3.01118 -3.3459 3.01118 0.0044 3.01118 -0.6621 3.01118 0.0171 3.01118 -0.5927 3.01118 0.0142 3.01118 -0.6716 3.01118 0.0051 3.01118 -0.7937 3.01118 0.0038 3.01118 -0.6258 
3.09138 18.6015 3.09138 -26.7828 3.09138 0.0388 3.09138 -3.3682 3.09138 0.004 3.09138 -0.7134 3.09138 0.0159 3.09138 -0.6655 3.09138 0.0123 3.09138 -0.7617 3.09138 0.0032 3.09138 -0.5504 3.09138 0.0034 3.09138 -0.6772 
3.17158 15.1062 3.17158 -28.3552 3.17158 0.0278 3.17158 -3.1144 3.17158 0.003 3.17158 -0.7049 3.17158 0.0118 3.17158 -0.6387 3.17158 0.0087 3.17158 -0.7294 3.17158 0.0017 3.17158 -0.3607 3.17158 0.0026 3.17158 -0.6807 
3.25168 12.089 3.25168 -28.3804 3.25168 0.0154 3.25168 -2.6521 3.25168 0.0017 3.25168 -0.6427 3.25168 0.0067 3.25168 -0.5302 3.25168 0.0048 3.25168 -0.5986 3.25168 0.0007 3.25168 -0.2524 3.25168 0.0015 3.25168 -0.6282 
3.33188 10.5903 3.33188 -26.6578 3.33188 0.0069 3.33188 -2.1481 3.33188 0.0008 3.33188 -0.5544 3.33188 0.003 3.33188 -0.4011 3.33188 0.0021 3.33188 -0.4459 3.33188 0.0003 3.33188 -0.2107 3.33188 0.0007 3.33188 -0.536 
3.41208 10.3704 3.41208 -24.2381 3.41208 0.0026 3.41208 -1.7728 3.41208 0.0003 3.41208 -0.4722 3.41208 0.0011 3.41208 -0.3153 3.41208 0.0008 3.41208 -0.3441 3.41208 0.0001 3.41208 -0.1998 3.41208 0.0003 3.41208 -0.4414 
3.49218 10.4569 3.49218 -22.4178 3.49218 0.001 3.49218 -1.6067 3.49218 0.0001 3.49218 -0.4135 3.49218 0.0004 3.49218 -0.3025 3.49218 0.0003 3.49218 -0.32 3.49218 0.0001 3.49218 -0.191 3.49218 0.0001 3.49218 -0.3797 
3.57238 10.2255 3.57238 -21.5579 3.57238 0.0007 3.57238 -1.6081 3.57238 0.0001 3.57238 -0.376 3.57238 0.0002 3.57238 -0.3473 3.57238 0.0002 3.57238 -0.3536 3.57238 0.0001 3.57238 -0.1732 3.57238 0.0001 3.57238 -0.358 
3.65248 9.6569 3.65248 -21.1803 3.65248 0.0007 3.65248 -1.6606 3.65248 0.0001 3.65248 -0.3487 3.65248 0.0002 3.65248 -0.4056 3.65248 0.0002 3.65248 -0.4037 3.65248 0.0001 3.65248 -0.1483 3.65248 0.0001 3.65248 -0.3543 
3.73268 8.7979 3.73268 -20.7635 3.73268 0.0006 3.73268 -1.6749 3.73268 0.0001 3.73268 -0.328 3.73268 0.0002 3.73268 -0.4429 3.73268 0.0001 3.73268 -0.4398 3.73268 0.0001 3.73268 -0.1199 3.73268 0.0001 3.73268 -0.3443 
3.81288 7.5649 3.81288 -20.0486 3.81288 0.0004 3.81288 -1.6613 3.81288 0.0001 3.81288 -0.3176 3.81288 0.0001 3.81288 -0.4662 3.81288 0.0001 3.81288 -0.4608 3.81288 0 3.81288 -0.0896 3.81288 0.0001 3.81288 -0.3271 
3.89298 6.1045 3.89298 -18.8037 3.89298 0.0004 3.89298 -1.6852 3.89298 0.0001 3.89298 -0.3156 3.89298 0.0001 3.89298 -0.51 3.89298 0.0001 3.89298 -0.4812 3.89298 0 3.89298 -0.0603 3.89298 0.0001 3.89298 -0.3181 
3.97318 4.865 3.97318 -16.7383 3.97318 0.0004 3.97318 -1.727 3.97318 0.0001 3.97318 -0.3062 3.97318 0.0001 3.97318 -0.5732 3.97318 0.0001 3.97318 -0.493 3.97318 0 3.97318 -0.037 3.97318 0.0001 3.97318 -0.3176 
4.05328 4.1972 4.05328 -13.8408 4.05328 0.0002 4.05328 -1.6448 4.05328 0.0001 4.05328 -0.2702 4.05328 0 4.05328 -0.5914 4.05328 0 4.05328 -0.4589 4.05328 0 4.05328 -0.0231 4.05328 0.0001 4.05328 -0.3012 
4.13348 4.0376 4.13348 -10.5995 4.13348 0.0002 4.13348 -1.3319 4.13348 0.0001 4.13348 -0.2043 4.13348 0 4.13348 -0.5045 4.13348 0 4.13348 -0.3586 4.13348 0 4.13348 -0.018 4.13348 0.0001 4.13348 -0.2465 
4.21368 3.9611 4.21368 -7.6492 4.21368 0 4.21368 -0.8673 4.21368 0 4.21368 -0.1266 4.21368 0 4.21368 -0.3363 4.21368 0 4.21368 -0.2239 4.21368 0 4.21368 -0.0173 4.21368 0 4.21368 -0.1632 
4.29378 3.5716 4.29378 -5.2903 4.29378 0.0001 4.29378 -0.4427 4.29378 0 4.29378 -0.0624 4.29378 0 4.29378 -0.1708 4.29378 0 4.29378 -0.1089 4.29378 0.0001 4.29378 -0.0163 4.29378 0 4.29378 -0.0843 
4.37398 2.8718 4.37398 -3.5148 4.37398 0.0001 4.37398 -0.1765 4.37398 0 4.37398 -0.024 4.37398 0 4.37398 -0.0654 4.37398 0 4.37398 -0.041 4.37398 0.0001 4.37398 -0.0127 4.37398 0 4.37398 -0.0334 
4.45408 2.1482 4.45408 -2.2913 4.45408 0.0001 4.45408 -0.0561 4.45408 0 4.45408 -0.0071 4.45408 0 4.45408 -0.0189 4.45408 0 4.45408 -0.0121 4.45408 0.0001 4.45408 -0.008 4.45408 0 4.45408 -0.01 
4.53428 1.5859 4.53428 -1.5773 4.53428 0.0001 4.53428 -0.0154 4.53428 0 4.53428 -0.0016 4.53428 0 4.53428 -0.0042 4.53428 0 4.53428 -0.0029 4.53428 0.0001 4.53428 -0.0044 4.53428 0 4.53428 -0.0023 
4.61448 1.1919 4.61448 -1.2271 4.61448 0.0001 4.61448 -0.005 4.61448 0 4.61448 -0.0003 4.61448 0 4.61448 -0.0008 4.61448 0 4.61448 -0.0007 4.61448 0.0001 4.61448 -0.0028 4.61448 0 4.61448 -0.0004 
4.69458 0.9533 4.69458 -1.0616 4.69458 0.0001 4.69458 -0.0034 4.69458 0 4.69458 -0.0001 4.69458 0 4.69458 -0.0002 4.69458 0 4.69458 -0.0004 4.69458 0.0001 4.69458 -0.0026 4.69458 0 4.69458 -0.0001 
4.77478 0.8745 4.77478 -0.9577 4.77478 0.0002 4.77478 -0.0033 4.77478 0 4.77478 -0 4.77478 0 4.77478 -0.0001 4.77478 0.0001 4.77478 -0.0004 4.77478 0.0001 4.77478 -0.0028 4.77478 0 4.77478 -0 
4.85488 0.9372 4.85488 -0.8867 4.85488 0.0003 4.85488 -0.0032 4.85488 0 4.85488 -0 4.85488 0.0001 4.85488 -0.0002 4.85488 0.0001 4.85488 -0.0004 4.85488 0.0001 4.85488 -0.0026 4.85488 0 4.85488 -0 
4.93508 1.1122 4.93508 -0.9128 4.93508 0.0005 4.93508 -0.0026 4.93508 0 4.93508 -0 4.93508 0.0001 4.93508 -0.0002 4.93508 0.0002 4.93508 -0.0004 4.93508 0.0002 4.93508 -0.002 4.93508 0 4.93508 -0 
5.01528 1.3786 5.01528 -1.0889 5.01528 0.0005 5.01528 -0.0025 5.01528 0 5.01528 -0.0001 5.01528 0.0001 5.01528 -0.0003 5.01528 0.0002 5.01528 -0.0006 5.01528 0.0002 5.01528 -0.0015 5.01528 0 5.01528 -0 
5.09538 1.7282 5.09538 -1.3702 5.09538 0.0006 5.09538 -0.0031 5.09538 0 5.09538 -0.0001 5.09538 0.0001 5.09538 -0.0005 5.09538 0.0003 5.09538 -0.001 5.09538 0.0002 5.09538 -0.0015 5.09538 0 5.09538 -0 
5.17558 2.1839 5.17558 -1.7093 5.17558 0.0006 5.17558 -0.0044 5.17558 0 5.17558 -0.0001 5.17558 0.0001 5.17558 -0.0008 5.17558 0.0003 5.17558 -0.0015 5.17558 0.0002 5.17558 -0.0019 5.17558 0 5.17558 -0.0001 
5.25568 2.828 5.25568 -2.1831 5.25568 0.0007 5.25568 -0.0056 5.25568 0 5.25568 -0.0001 5.25568 0.0002 5.25568 -0.001 5.25568 0.0003 5.25568 -0.002 5.25568 0.0002 5.25568 -0.0024 5.25568 0 5.25568 -0.0001 
5.33588 3.741 5.33588 -2.9216 5.33588 0.0009 5.33588 -0.0061 5.33588 0.0001 5.33588 -0.0002 5.33588 0.0002 5.33588 -0.0011 5.33588 0.0003 5.33588 -0.0022 5.33588 0.0002 5.33588 -0.0025 5.33588 0.0001 5.33588 -0.0001 
5.41608 4.8378 5.41608 -3.9264 5.41608 0.0012 5.41608 -0.006 5.41608 0.0001 5.41608 -0.0002 5.41608 0.0003 5.41608 -0.0012 5.41608 0.0005 5.41608 -0.0022 5.41608 0.0002 5.41608 -0.0023 5.41608 0.0001 5.41608 -0.0001 
5.49618 5.8847 5.49618 -5.0547 5.49618 0.0017 5.49618 -0.006 5.49618 0.0001 5.49618 -0.0002 5.49618 0.0005 5.49618 -0.0014 5.49618 0.0008 5.49618 -0.0023 5.49618 0.0002 5.49618 -0.0019 5.49618 0.0001 5.49618 -0.0002 
5.57638 6.8235 5.57638 -6.2026 5.57638 0.0023 5.57638 -0.0068 5.57638 0.0002 5.57638 -0.0004 5.57638 0.0006 5.57638 -0.0018 5.57638 0.0011 5.57638 -0.0027 5.57638 0.0003 5.57638 -0.0016 5.57638 0.0001 5.57638 -0.0003 
5.65648 7.9155 5.65648 -7.432 5.65648 0.0027 5.65648 -0.0085 5.65648 0.0002 5.65648 -0.0005 5.65648 0.0007 5.65648 -0.0025 5.65648 0.0014 5.65648 -0.0037 5.65648 0.0003 5.65648 -0.0013 5.65648 0.0001 5.65648 -0.0005 
5.73668 9.3043 5.73668 -8.8241 5.73668 0.0029 5.73668 -0.0111 5.73668 0.0002 5.73668 -0.0008 5.73668 0.0008 5.73668 -0.0034 5.73668 0.0015 5.73668 -0.0051 5.73668 0.0002 5.73668 -0.0012 5.73668 0.0002 5.73668 -0.0006 
5.81688 10.5983 5.81688 -10.1794 5.81688 0.003 5.81688 -0.013 5.81688 0.0003 5.81688 -0.0009 5.81688 0.0008 5.81688 -0.0041 5.81688 0.0015 5.81688 -0.0062 5.81688 0.0002 5.81688 -0.0011 5.81688 0.0002 5.81688 -0.0007 
5.89698 11.1891 5.89698 -10.9891 5.89698 0.0029 5.89698 -0.0132 5.89698 0.0003 5.89698 -0.0009 5.89698 0.0008 5.89698 -0.0041 5.89698 0.0014 5.89698 -0.0064 5.89698 0.0002 5.89698 -0.0011 5.89698 0.0002 5.89698 -0.0007 
5.97718 10.8247 5.97718 -10.8531 5.97718 0.0028 5.97718 -0.0116 5.97718 0.0003 5.97718 -0.0008 5.97718 0.0008 5.97718 -0.0035 5.97718 0.0013 5.97718 -0.0056 5.97718 0.0002 5.97718 -0.0011 5.97718 0.0002 5.97718 -0.0006 
6.05728 9.6669 6.05728 -9.8393 6.05728 0.0026 6.05728 -0.0096 6.05728 0.0002 6.05728 -0.0006 6.05728 0.0008 6.05728 -0.0028 6.05728 0.0012 6.05728 -0.0046 6.05728 0.0002 6.05728 -0.0011 6.05728 0.0002 6.05728 -0.0005 
6.13748 8.071 6.13748 -8.3707 6.13748 0.0025 6.13748 -0.0083 6.13748 0.0002 6.13748 -0.0005 6.13748 0.0008 6.13748 -0.0023 6.13748 0.0011 6.13748 -0.004 6.13748 0.0002 6.13748 -0.0011 6.13748 0.0002 6.13748 -0.0004 
6.21768 6.5144 6.21768 -6.9664 6.21768 0.0022 6.21768 -0.008 6.21768 0.0002 6.21768 -0.0004 6.21768 0.0007 6.21768 -0.0023 6.21768 0.001 6.21768 -0.004 6.21768 0.0002 6.21768 -0.001 6.21768 0.0001 6.21768 -0.0003 
6.29778 5.4625 6.29778 -6.0911 6.29778 0.0018 6.29778 -0.0086 6.29778 0.0002 6.29778 -0.0004 6.29778 0.0006 6.29778 -0.0027 6.29778 0.0008 6.29778 -0.0044 6.29778 0.0001 6.29778 -0.0008 6.29778 0.0001 6.29778 -0.0003 
6.37798 5.1023 6.37798 -5.9424 6.37798 0.0017 6.37798 -0.0102 6.37798 0.0002 6.37798 -0.0005 6.37798 0.0005 6.37798 -0.0035 6.37798 0.0007 6.37798 -0.0051 6.37798 0.0001 6.37798 -0.0007 6.37798 0.0002 6.37798 -0.0004 
6.45808 5.3115 6.45808 -6.3199 6.45808 0.0021 6.45808 -0.0114 6.45808 0.0003 6.45808 -0.0006 6.45808 0.0006 6.45808 -0.0041 6.45808 0.0008 6.45808 -0.0057 6.45808 0.0002 6.45808 -0.0005 6.45808 0.0002 6.45808 -0.0005 
6.53828 5.8709 6.53828 -6.8686 6.53828 0.0026 6.53828 -0.0121 6.53828 0.0003 6.53828 -0.0008 6.53828 0.0008 6.53828 -0.0043 6.53828 0.001 6.53828 -0.0059 6.53828 0.0002 6.53828 -0.0005 6.53828 0.0003 6.53828 -0.0006 
6.61848 6.5728 6.61848 -7.403 6.61848 0.0032 6.61848 -0.0125 6.61848 0.0004 6.61848 -0.0011 6.61848 0.0009 6.61848 -0.0043 6.61848 0.0013 6.61848 -0.0059 6.61848 0.0003 6.61848 -0.0004 6.61848 0.0003 6.61848 -0.0008 
6.69858 7.1886 6.69858 -7.8623 6.69858 0.0039 6.69858 -0.0131 6.69858 0.0005 6.69858 -0.0013 6.69858 0.001 6.69858 -0.0044 6.69858 0.0016 6.69858 -0.006 6.69858 0.0004 6.69858 -0.0004 6.69858 0.0004 6.69858 -0.001 
6.77878 7.4855 6.77878 -8.0884 6.77878 0.0043 6.77878 -0.0139 6.77878 0.0005 6.77878 -0.0015 6.77878 0.0011 6.77878 -0.0045 6.77878 0.0018 6.77878 -0.0064 6.77878 0.0005 6.77878 -0.0004 6.77878 0.0004 6.77878 -0.0011 
6.85888 7.3557 6.85888 -7.8531 6.85888 0.0046 6.85888 -0.0145 6.85888 0.0005 6.85888 -0.0016 6.85888 0.0011 6.85888 -0.0044 6.85888 0.002 6.85888 -0.0069 6.85888 0.0006 6.85888 -0.0005 6.85888 0.0004 6.85888 -0.0011 
6.93908 6.9191 6.93908 -7.1377 6.93908 0.0047 6.93908 -0.015 6.93908 0.0005 6.93908 -0.0016 6.93908 0.0012 6.93908 -0.0044 6.93908 0.002 6.93908 -0.0074 6.93908 0.0007 6.93908 -0.0005 6.93908 0.0003 6.93908 -0.0011 
7.01928 6.4054 7.01928 -6.2684 7.01928 0.0048 7.01928 -0.0158 7.01928 0.0005 7.01928 -0.0016 7.01928 0.0012 7.01928 -0.0045 7.01928 0.002 7.01928 -0.0081 7.01928 0.0008 7.01928 -0.0005 7.01928 0.0003 7.01928 -0.0011 
7.09938 5.9411 7.09938 -5.6515 7.09938 0.0048 7.09938 -0.0165 7.09938 0.0005 7.09938 -0.0016 7.09938 0.0012 7.09938 -0.0047 7.09938 0.0019 7.09938 -0.0085 7.09938 0.0009 7.09938 -0.0006 7.09938 0.0003 7.09938 -0.0011 
7.17958 5.565 7.17958 -5.3868 7.17958 0.0048 7.17958 -0.0163 7.17958 0.0005 7.17958 -0.0015 7.17958 0.0012 7.17958 -0.0048 7.17958 0.0018 7.17958 -0.0083 7.17958 0.001 7.17958 -0.0006 7.17958 0.0003 7.17958 -0.0011 
7.25968 5.3906 7.25968 -5.2596 7.25968 0.0054 7.25968 -0.0153 7.25968 0.0006 7.25968 -0.0013 7.25968 0.0013 7.25968 -0.0049 7.25968 0.002 7.25968 -0.0074 7.25968 0.0011 7.25968 -0.0007 7.25968 0.0004 7.25968 -0.001 
7.33988 5.5279 7.33988 -5.1066 7.33988 0.0063 7.33988 -0.015 7.33988 0.0007 7.33988 -0.0012 7.33988 0.0016 7.33988 -0.0054 7.33988 0.0023 7.33988 -0.0067 7.33988 0.0013 7.33988 -0.0007 7.33988 0.0004 7.33988 -0.001 
7.42008 5.8065 7.42008 -5.0026 7.42008 0.007 7.42008 -0.016 7.42008 0.0007 7.42008 -0.0012 7.42008 0.0019 7.42008 -0.0062 7.42008 0.0025 7.42008 -0.0068 7.42008 0.0014 7.42008 -0.0007 7.42008 0.0005 7.42008 -0.0011 
7.50018 5.8171 7.50018 -5.0153 7.50018 0.0069 7.50018 -0.0171 7.50018 0.0007 7.50018 -0.0012 7.50018 0.002 7.50018 -0.0068 7.50018 0.0023 7.50018 -0.0074 7.50018 0.0014 7.50018 -0.0006 7.50018 0.0005 7.50018 -0.0011 
7.58038 5.3645 7.58038 -5.0114 7.58038 0.0057 7.58038 -0.0168 7.58038 0.0006 7.58038 -0.0012 7.58038 0.0017 7.58038 -0.0065 7.58038 0.0018 7.58038 -0.0074 7.58038 0.0011 7.58038 -0.0006 7.58038 0.0005 7.58038 -0.0011 
7.66048 4.7105 7.66048 -4.8442 7.66048 0.0042 7.66048 -0.0143 7.66048 0.0004 7.66048 -0.0011 7.66048 0.0013 7.66048 -0.0053 7.66048 0.0013 7.66048 -0.0065 7.66048 0.0008 7.66048 -0.0005 7.66048 0.0004 7.66048 -0.0009 
7.74068 4.2669 7.74068 -4.539 7.74068 0.0035 7.74068 -0.0108 7.74068 0.0004 7.74068 -0.001 7.74068 0.001 7.74068 -0.0038 7.74068 0.001 7.74068 -0.0049 7.74068 0.0007 7.74068 -0.0004 7.74068 0.0004 7.74068 -0.0007 
7.82088 4.1885 7.82088 -4.2103 7.82088 0.0034 7.82088 -0.0075 7.82088 0.0005 7.82088 -0.0008 7.82088 0.0008 7.82088 -0.0025 7.82088 0.0011 7.82088 -0.0034 7.82088 0.0006 7.82088 -0.0003 7.82088 0.0004 7.82088 -0.0005 
7.90098 4.3077 7.90098 -3.9748 7.90098 0.0037 7.90098 -0.0057 7.90098 0.0006 7.90098 -0.0008 7.90098 0.0008 7.90098 -0.0018 7.90098 0.0013 7.90098 -0.0025 7.90098 0.0006 7.90098 -0.0002 7.90098 0.0004 7.90098 -0.0004 
7.98118 4.3596 7.98118 -3.9408 7.98118 0.0042 7.98118 -0.0051 7.98118 0.0008 7.98118 -0.0008 7.98118 0.0008 7.98118 -0.0015 7.98118 0.0015 7.98118 -0.0021 7.98118 0.0007 7.98118 -0.0002 7.98118 0.0004 7.98118 -0.0005 
8.06128 4.2341 8.06128 -4.1055 8.06128 0.0046 8.06128 -0.0051 8.06128 0.0009 8.06128 -0.0009 8.06128 0.0009 8.06128 -0.0014 8.06128 0.0017 8.06128 -0.0021 8.06128 0.0007 8.06128 -0.0002 8.06128 0.0004 8.06128 -0.0005 
8.14148 4.0341 8.14148 -4.305 8.14148 0.0048 8.14148 -0.0053 8.14148 0.0009 8.14148 -0.001 8.14148 0.001 8.14148 -0.0014 8.14148 0.0017 8.14148 -0.0021 8.14148 0.0008 8.14148 -0.0002 8.14148 0.0004 8.14148 -0.0006 
8.22168 3.9129 8.22168 -4.3703 8.22168 0.0052 8.22168 -0.0052 8.22168 0.0009 8.22168 -0.001 8.22168 0.0011 8.22168 -0.0014 8.22168 0.0018 8.22168 -0.002 8.22168 0.0009 8.22168 -0.0002 8.22168 0.0005 8.22168 -0.0006 
8.30178 3.91 8.30178 -4.2722 8.30178 0.0057 8.30178 -0.0052 8.30178 0.0009 8.30178 -0.0011 8.30178 0.0013 8.30178 -0.0014 8.30178 0.0019 8.30178 -0.0019 8.30178 0.001 8.30178 -0.0002 8.30178 0.0006 8.30178 -0.0006 
8.38198 3.9713 8.38198 -4.096 8.38198 0.0058 8.38198 -0.0053 8.38198 0.0008 8.38198 -0.0011 8.38198 0.0014 8.38198 -0.0015 8.38198 0.0019 8.38198 -0.0018 8.38198 0.001 8.38198 -0.0003 8.38198 0.0007 8.38198 -0.0006 
8.46218 4.054 8.46218 -3.9644 8.46218 0.0057 8.46218 -0.0058 8.46218 0.0008 8.46218 -0.0011 8.46218 0.0014 8.46218 -0.0017 8.46218 0.0018 8.46218 -0.0019 8.46218 0.001 8.46218 -0.0004 8.46218 0.0007 8.46218 -0.0007 
8.54228 4.118 8.54228 -3.9749 8.54228 0.0053 8.54228 -0.0069 8.54228 0.0007 8.54228 -0.0013 8.54228 0.0014 8.54228 -0.0021 8.54228 0.0017 8.54228 -0.0022 8.54228 0.0009 8.54228 -0.0005 8.54228 0.0006 8.54228 -0.0008 
8.62248 4.0698 8.62248 -4.1145 8.62248 0.0047 8.62248 -0.0083 8.62248 0.0006 8.62248 -0.0014 8.62248 0.0012 8.62248 -0.0026 8.62248 0.0016 8.62248 -0.0026 8.62248 0.0008 8.62248 -0.0007 8.62248 0.0005 8.62248 -0.001 
8.70258 3.8266 8.70258 -4.225 8.70258 0.0043 8.70258 -0.0095 8.70258 0.0006 8.70258 -0.0015 8.70258 0.0011 8.70258 -0.003 8.70258 0.0015 8.70258 -0.003 8.70258 0.0006 8.70258 -0.0008 8.70258 0.0005 8.70258 -0.0012 
8.78278 3.4134 8.78278 -4.126 8.78278 0.0039 8.78278 -0.0094 8.78278 0.0006 8.78278 -0.0014 8.78278 0.0009 8.78278 -0.003 8.78278 0.0015 8.78278 -0.003 8.78278 0.0005 8.78278 -0.0008 8.78278 0.0004 8.78278 -0.0012 
8.86298 2.9566 8.86298 -3.7758 8.86298 0.004 8.86298 -0.0085 8.86298 0.0006 8.86298 -0.0012 8.86298 0.0008 8.86298 -0.0027 8.86298 0.0016 8.86298 -0.0027 8.86298 0.0005 8.86298 -0.0008 8.86298 0.0005 8.86298 -0.0011 
8.94308 2.6168 8.94308 -3.2744 8.94308 0.0041 8.94308 -0.0072 8.94308 0.0007 8.94308 -0.001 8.94308 0.0008 8.94308 -0.0022 8.94308 0.0016 8.94308 -0.0024 8.94308 0.0005 8.94308 -0.0007 8.94308 0.0005 8.94308 -0.0009 
9.02328 2.4842 9.02328 -2.7622 9.02328 0.0042 9.02328 -0.0061 9.02328 0.0007 9.02328 -0.0009 9.02328 0.0008 9.02328 -0.0018 9.02328 0.0016 9.02328 -0.0021 9.02328 0.0006 9.02328 -0.0005 9.02328 0.0005 9.02328 -0.0008 
9.10338 2.4678 9.10338 -2.3499 9.10338 0.0043 9.10338 -0.0055 9.10338 0.0007 9.10338 -0.0008 9.10338 0.0009 9.10338 -0.0017 9.10338 0.0015 9.10338 -0.002 9.10338 0.0006 9.10338 -0.0004 9.10338 0.0006 9.10338 -0.0006 
9.18358 2.3407 9.18358 -2.0637 9.18358 0.0039 9.18358 -0.0051 9.18358 0.0007 9.18358 -0.0007 9.18358 0.0008 9.18358 -0.0016 9.18358 0.0012 9.18358 -0.0019 9.18358 0.0006 9.18358 -0.0003 9.18358 0.0006 9.18358 -0.0006 
9.26378 1.9638 9.26378 -1.8154 9.26378 0.0033 9.26378 -0.0046 9.26378 0.0005 9.26378 -0.0006 9.26378 0.0007 9.26378 -0.0015 9.26378 0.0009 9.26378 -0.0017 9.26378 0.0006 9.26378 -0.0003 9.26378 0.0006 9.26378 -0.0005 
9.34388 1.4201 9.34388 -1.4901 9.34388 0.0024 9.34388 -0.0036 9.34388 0.0004 9.34388 -0.0005 9.34388 0.0005 9.34388 -0.0012 9.34388 0.0006 9.34388 -0.0013 9.34388 0.0004 9.34388 -0.0002 9.34388 0.0005 9.34388 -0.0004 
9.42408 0.8997 9.42408 -1.0877 9.42408 0.0015 9.42408 -0.0025 9.42408 0.0002 9.42408 -0.0004 9.42408 0.0003 9.42408 -0.0008 9.42408 0.0004 9.42408 -0.0009 9.42408 0.0003 9.42408 -0.0002 9.42408 0.0003 9.42408 -0.0002 
9.50418 0.5195 9.50418 -0.7154 9.50418 0.0008 9.50418 -0.0017 9.50418 0.0001 9.50418 -0.0003 9.50418 0.0002 9.50418 -0.0005 9.50418 0.0002 9.50418 -0.0006 9.50418 0.0001 9.50418 -0.0002 9.50418 0.0002 9.50418 -0.0001 
9.58438 0.2814 9.58438 -0.4479 9.58438 0.0005 9.58438 -0.0011 9.58438 0.0001 9.58438 -0.0002 9.58438 0.0001 9.58438 -0.0003 9.58438 0.0001 9.58438 -0.0004 9.58438 0.0001 9.58438 -0.0001 9.58438 0.0001 9.58438 -0.0001 
9.66458 0.1404 9.66458 -0.2703 9.66458 0.0001 9.66458 -0.0007 9.66458 0 9.66458 -0.0002 9.66458 0 9.66458 -0.0002 9.66458 0.0001 9.66458 -0.0002 9.66458 0 9.66458 -0.0001 9.66458 0 9.66458 -0 
9.74468 0.0608 9.74468 -0.146 9.74468 0 9.74468 -0.0004 9.74468 0 9.74468 -0.0001 9.74468 0 9.74468 -0.0001 9.74468 0 9.74468 -0.0001 9.74468 0 9.74468 -0.0001 9.74468 0 9.74468 -0 
9.82488 0.0214 9.82488 -0.0642 9.82488 0 9.82488 -0.0001 9.82488 0 9.82488 -0 9.82488 0 9.82488 -0 9.82488 0 9.82488 -0.0001 9.82488 0 9.82488 -0 9.82488 0 9.82488 -0 
9.90498 0.0059 9.90498 -0.0217 9.90498 0 9.90498 -0 9.90498 0 9.90498 -0 9.90498 0 9.90498 -0 9.90498 0 9.90498 -0 9.90498 0 9.90498 -0 9.90498 0 9.90498 -0 
9.98518 0.0012 9.98518 -0.0055 9.98518 0 9.98518 -0 9.98518 0 9.98518 -0 9.98518 0 9.98518 -0 9.98518 0 9.98518 -0 9.98518 0 9.98518 -0 9.98518 0 9.98518 -0 
10.0654 0.0002 10.0654 -0.001 10.0654 0 10.0654 -0 10.0654 0 10.0654 -0 10.0654 0 10.0654 -0 10.0654 0 10.0654 -0 10.0654 0 10.0654 -0 10.0654 0 10.0654 -0 
10.1455 0.0 10.1455 -0.0001 10.1455 0 10.1455 -0 10.1455 0 10.1455 -0 10.1455 0 10.1455 -0 10.1455 0 10.1455 -0 10.1455 0 10.1455 -0 10.1455 0 10.1455 -0 
10.2257 0.0 10.2257 -0 10.2257 0 10.2257 -0 10.2257 0 10.2257 -0 10.2257 0 10.2257 -0 10.2257 0 10.2257 -0 10.2257 0 10.2257 -0 10.2257 0 10.2257 -0 
10.3058 0.0 10.3058 -0 10.3058 0 10.3058 -0 10.3058 0 10.3058 -0 10.3058 0 10.3058 -0 10.3058 0 10.3058 -0 10.3058 0 10.3058 -0 10.3058 0 10.3058 -0 
10.386 0.0 10.386 -0 10.386 0 10.386 -0 10.386 0 10.386 -0 10.386 0 10.386 -0 10.386 0 10.386 -0 10.386 0 10.386 -0 10.386 0 10.386 -0 
10.4662 0.0 10.4662 -0 10.4662 0 10.4662 -0 10.4662 0 10.4662 -0 10.4662 0 10.4662 -0 10.4662 0 10.4662 -0 10.4662 0 10.4662 -0 10.4662 0 10.4662 -0 
10.5463 0.0 10.5463 -0 10.5463 0 10.5463 -0 10.5463 0 10.5463 -0 10.5463 0 10.5463 -0 10.5463 0 10.5463 -0 10.5463 0 10.5463 -0 10.5463 0 10.5463 -0 
10.6265 0.0 10.6265 -0 10.6265 0 10.6265 -0 10.6265 0 10.6265 -0 10.6265 0 10.6265 -0 10.6265 0 10.6265 -0 10.6265 0 10.6265 -0 10.6265 0 10.6265 -0 
10.7066 0.0 10.7066 -0 10.7066 0 10.7066 -0 10.7066 0 10.7066 -0 10.7066 0 10.7066 -0 10.7066 0 10.7066 -0 10.7066 0 10.7066 -0 10.7066 0 10.7066 -0 
10.7868 0.0 10.7868 -0 10.7868 0 10.7868 -0 10.7868 0 10.7868 -0 10.7868 0 10.7868 -0 10.7868 0 10.7868 -0 10.7868 0 10.7868 -0 10.7868 0 10.7868 -0 
10.867 0.0 10.867 -0 10.867 0 10.867 -0 10.867 0 10.867 -0 10.867 0 10.867 -0 10.867 0 10.867 -0 10.867 0 10.867 -0 10.867 0 10.867 -0 
10.9471 0.0 10.9471 -0 10.9471 0 10.9471 -0 10.9471 0 10.9471 -0 10.9471 0 10.9471 -0 10.9471 0 10.9471 -0 10.9471 0 10.9471 -0 10.9471 0 10.9471 -0 
11.0273 0.0 11.0273 -0 11.0273 0 11.0273 -0 11.0273 0 11.0273 -0 11.0273 0 11.0273 -0 11.0273 0 11.0273 -0 11.0273 0 11.0273 -0 11.0273 0 11.0273 -0 
11.1074 0.0 11.1074 -0 11.1074 0 11.1074 -0 11.1074 0 11.1074 -0 11.1074 0 11.1074 -0 11.1074 0 11.1074 -0 11.1074 0 11.1074 -0 11.1074 0 11.1074 -0 
11.1876 0.0 11.1876 -0 11.1876 0 11.1876 -0 11.1876 0 11.1876 -0 11.1876 0 11.1876 -0 11.1876 0 11.1876 -0 11.1876 0 11.1876 -0 11.1876 0 11.1876 -0 
11.2678 0.0 11.2678 -0 11.2678 0 11.2678 -0 11.2678 0 11.2678 -0 11.2678 0 11.2678 -0 11.2678 0 11.2678 -0 11.2678 0 11.2678 -0 11.2678 0 11.2678 -0 
11.3479 0.0 11.3479 -0 11.3479 0 11.3479 -0 11.3479 0 11.3479 -0 11.3479 0 11.3479 -0 11.3479 0 11.3479 -0 11.3479 0 11.3479 -0 11.3479 0 11.3479 -0 
11.4281 0.0 11.4281 -0 11.4281 0 11.4281 -0 11.4281 0 11.4281 -0 11.4281 0 11.4281 -0 11.4281 0 11.4281 -0 11.4281 0 11.4281 -0 11.4281 0 11.4281 -0 
11.5082 0.0 11.5082 -0 11.5082 0 11.5082 -0 11.5082 0 11.5082 -0 11.5082 0 11.5082 -0 11.5082 0 11.5082 -0 11.5082 0 11.5082 -0 11.5082 0 11.5082 -0 
11.5884 0.0 11.5884 -0 11.5884 0 11.5884 -0 11.5884 0 11.5884 -0 11.5884 0 11.5884 -0 11.5884 0 11.5884 -0 11.5884 0 11.5884 -0 11.5884 0 11.5884 -0 
11.6686 0.0 11.6686 -0 11.6686 0 11.6686 -0 11.6686 0 11.6686 -0 11.6686 0 11.6686 -0 11.6686 0 11.6686 -0 11.6686 0 11.6686 -0 11.6686 0 11.6686 -0 
11.7487 0.0 11.7487 -0 11.7487 0 11.7487 -0 11.7487 0 11.7487 -0 11.7487 0 11.7487 -0 11.7487 0 11.7487 -0 11.7487 0 11.7487 -0 11.7487 0 11.7487 -0 
11.8289 0.0 11.8289 -0 11.8289 0 11.8289 -0 11.8289 0 11.8289 -0 11.8289 0 11.8289 -0 11.8289 0 11.8289 -0 11.8289 0 11.8289 -0 11.8289 0 11.8289 -0 
11.909 0.0 11.909 -0 11.909 0 11.909 -0 11.909 0 11.909 -0 11.909 0 11.909 -0 11.909 0 11.909 -0 11.909 0 11.909 -0 11.909 0 11.909 -0 
11.9892 0.0 11.9892 -0 11.9892 0 11.9892 -0 11.9892 0 11.9892 -0 11.9892 0 11.9892 -0 11.9892 0 11.9892 -0 11.9892 0 11.9892 -0 11.9892 0 11.9892 -0 
12.0694 0.0 12.0694 -0 12.0694 0 12.0694 -0 12.0694 0 12.0694 -0 12.0694 0 12.0694 -0 12.0694 0 12.0694 -0 12.0694 0 12.0694 -0 12.0694 0 12.0694 -0 
12.1495 0.0 12.1495 -0 12.1495 0 12.1495 -0 12.1495 0 12.1495 -0 12.1495 0 12.1495 -0 12.1495 0 12.1495 -0 12.1495 0 12.1495 -0 12.1495 0 12.1495 -0 
12.2297 0.0 12.2297 -0 12.2297 0 12.2297 -0 12.2297 0 12.2297 -0 12.2297 0 12.2297 -0 12.2297 0 12.2297 -0 12.2297 0 12.2297 -0 12.2297 0 12.2297 -0 
12.3098 0.0 12.3098 -0 12.3098 0 12.3098 -0 12.3098 0 12.3098 -0 12.3098 0 12.3098 -0 12.3098 0 12.3098 -0 12.3098 0 12.3098 -0 12.3098 0 12.3098 -0 
12.39 0.0 12.39 -0 12.39 0 12.39 -0 12.39 0 12.39 -0 12.39 0 12.39 -0 12.39 0 12.39 -0 12.39 0 12.39 -0 12.39 0 12.39 -0 
12.4702 0.0 12.4702 -0 12.4702 0 12.4702 -0 12.4702 0 12.4702 -0 12.4702 0 12.4702 -0 12.4702 0 12.4702 -0 12.4702 0 12.4702 -0 12.4702 0 12.4702 -0 
12.5503 0.0 12.5503 -0 12.5503 0 12.5503 -0 12.5503 0 12.5503 -0 12.5503 0 12.5503 -0 12.5503 0 12.5503 -0 12.5503 0 12.5503 -0 12.5503 0 12.5503 -0 
12.6305 0.0 12.6305 -0 12.6305 0 12.6305 -0 12.6305 0 12.6305 -0 12.6305 0 12.6305 -0 12.6305 0 12.6305 -0 12.6305 0 12.6305 -0 12.6305 0 12.6305 -0 
12.7106 0.0 12.7106 -0 12.7106 0 12.7106 -0 12.7106 0 12.7106 -0 12.7106 0 12.7106 -0 12.7106 0 12.7106 -0 12.7106 0 12.7106 -0 12.7106 0 12.7106 -0 
12.7908 0.0 12.7908 -0 12.7908 0 12.7908 -0 12.7908 0 12.7908 -0 12.7908 0 12.7908 -0 12.7908 0 12.7908 -0 12.7908 0 12.7908 -0 12.7908 0 12.7908 -0 
12.871 0.0 12.871 -0 12.871 0 12.871 -0 12.871 0 12.871 -0 12.871 0 12.871 -0 12.871 0 12.871 -0 12.871 0 12.871 -0 12.871 0 12.871 -0 
12.9511 0.0 12.9511 -0 12.9511 0 12.9511 -0 12.9511 0 12.9511 -0 12.9511 0 12.9511 -0 12.9511 0 12.9511 -0 12.9511 0 12.9511 -0 12.9511 0 12.9511 -0 
13.0313 0.0 13.0313 -0 13.0313 0 13.0313 -0 13.0313 0 13.0313 -0 13.0313 0 13.0313 -0 13.0313 0 13.0313 -0 13.0313 0 13.0313 -0 13.0313 0 13.0313 -0 
13.1114 0.0 13.1114 -0 13.1114 0 13.1114 -0 13.1114 0 13.1114 -0 13.1114 0 13.1114 -0 13.1114 0 13.1114 -0 13.1114 0 13.1114 -0 13.1114 0 13.1114 -0 
13.1916 0.0 13.1916 -0 13.1916 0 13.1916 -0 13.1916 0 13.1916 -0 13.1916 0 13.1916 -0 13.1916 0 13.1916 -0 13.1916 0 13.1916 -0 13.1916 0 13.1916 -0 
13.2718 0.0 13.2718 -0 13.2718 0 13.2718 -0 13.2718 0 13.2718 -0 13.2718 0 13.2718 -0 13.2718 0 13.2718 -0 13.2718 0 13.2718 -0 13.2718 0 13.2718 -0 
13.3519 0.0 13.3519 -0 13.3519 0 13.3519 -0 13.3519 0 13.3519 -0 13.3519 0 13.3519 -0 13.3519 0 13.3519 -0 13.3519 0 13.3519 -0 13.3519 0 13.3519 -0 
13.4321 0.0 13.4321 -0 13.4321 0 13.4321 -0 13.4321 0 13.4321 -0 13.4321 0 13.4321 -0 13.4321 0 13.4321 -0 13.4321 0 13.4321 -0 13.4321 0 13.4321 -0 
13.5123 0.0 13.5123 -0 13.5123 0 13.5123 -0 13.5123 0 13.5123 -0 13.5123 0 13.5123 -0 13.5123 0 13.5123 -0 13.5123 0 13.5123 -0 13.5123 0 13.5123 -0 
13.5924 0.0 13.5924 -0 13.5924 0 13.5924 -0 13.5924 0 13.5924 -0 13.5924 0 13.5924 -0 13.5924 0 13.5924 -0 13.5924 0 13.5924 -0 13.5924 0 13.5924 -0 
13.6726 0.0 13.6726 -0 13.6726 0 13.6726 -0 13.6726 0 13.6726 -0 13.6726 0 13.6726 -0 13.6726 0 13.6726 -0 13.6726 0 13.6726 -0 13.6726 0 13.6726 -0 
13.7527 0.0 13.7527 -0 13.7527 0 13.7527 -0 13.7527 0 13.7527 -0 13.7527 0 13.7527 -0 13.7527 0 13.7527 -0 13.7527 0 13.7527 -0 13.7527 0 13.7527 -0 
13.8329 0.0 13.8329 -0 13.8329 0 13.8329 -0 13.8329 0 13.8329 -0 13.8329 0 13.8329 -0 13.8329 0 13.8329 -0 13.8329 0 13.8329 -0 13.8329 0 13.8329 -0 
13.9131 0.0 13.9131 -0 13.9131 0 13.9131 -0 13.9131 0 13.9131 -0 13.9131 0 13.9131 -0 13.9131 0 13.9131 -0 13.9131 0 13.9131 -0 13.9131 0 13.9131 -0 
13.9932 0.0 13.9932 -0 13.9932 0 13.9932 -0 13.9932 0 13.9932 -0 13.9932 0 13.9932 -0 13.9932 0 13.9932 -0 13.9932 0 13.9932 -0 13.9932 0 13.9932 -0 
14.0734 0.0 14.0734 -0 14.0734 0 14.0734 -0 14.0734 0 14.0734 -0 14.0734 0 14.0734 -0 14.0734 0 14.0734 -0 14.0734 0 14.0734 -0 14.0734 0 14.0734 -0 
14.1535 0.0 14.1535 -0 14.1535 0 14.1535 -0 14.1535 0 14.1535 -0 14.1535 0 14.1535 -0 14.1535 0 14.1535 -0 14.1535 0 14.1535 -0 14.1535 0 14.1535 -0 
14.2337 0.0 14.2337 -0 14.2337 0 14.2337 -0 14.2337 0 14.2337 -0 14.2337 0 14.2337 -0 14.2337 0 14.2337 -0 14.2337 0 14.2337 -0 14.2337 0 14.2337 -0 
14.3139 0.0 14.3139 -0 14.3139 0 14.3139 -0 14.3139 0 14.3139 -0 14.3139 0 14.3139 -0 14.3139 0 14.3139 -0 14.3139 0 14.3139 -0 14.3139 0 14.3139 -0 
14.394 0.0 14.394 -0 14.394 0 14.394 -0 14.394 0 14.394 -0 14.394 0 14.394 -0 14.394 0 14.394 -0 14.394 0 14.394 -0 14.394 0 14.394 -0 
14.4742 0.0 14.4742 -0 14.4742 0 14.4742 -0 14.4742 0 14.4742 -0 14.4742 0 14.4742 -0 14.4742 0 14.4742 -0 14.4742 0 14.4742 -0 14.4742 0 14.4742 -0 
14.5543 0.0 14.5543 -0 14.5543 0 14.5543 -0 14.5543 0 14.5543 -0 14.5543 0 14.5543 -0 14.5543 0 14.5543 -0 14.5543 0 14.5543 -0 14.5543 0 14.5543 -0 
14.6345 0.0 14.6345 -0 14.6345 0 14.6345 -0 14.6345 0 14.6345 -0 14.6345 0 14.6345 -0 14.6345 0 14.6345 -0 14.6345 0 14.6345 -0 14.6345 0 14.6345 -0 
14.7147 0.0 14.7147 -0 14.7147 0 14.7147 -0 14.7147 0 14.7147 -0 14.7147 0 14.7147 -0 14.7147 0 14.7147 -0 14.7147 0 14.7147 -0 14.7147 0 14.7147 -0 
14.7948 0.0 14.7948 -0 14.7948 0 14.7948 -0 14.7948 0 14.7948 -0 14.7948 0 14.7948 -0 14.7948 0 14.7948 -0 14.7948 0 14.7948 -0 14.7948 0 14.7948 -0 
14.875 0.0 14.875 -0 14.875 0 14.875 -0 14.875 0 14.875 -0 14.875 0 14.875 -0 14.875 0 14.875 -0 14.875 0 14.875 -0 14.875 0 14.875 -0 
14.9551 0.0 14.9551 -0 14.9551 0 14.9551 -0 14.9551 0 14.9551 -0 14.9551 0 14.9551 -0 14.9551 0 14.9551 -0 14.9551 0 14.9551 -0 14.9551 0 14.9551 -0 
15.0353 0.0 15.0353 -0 15.0353 0 15.0353 -0 15.0353 0 15.0353 -0 15.0353 0 15.0353 -0 15.0353 0 15.0353 -0 15.0353 0 15.0353 -0 15.0353 0 15.0353 -0 
15.1155 0.0 15.1155 -0 15.1155 0 15.1155 -0 15.1155 0 15.1155 -0 15.1155 0 15.1155 -0 15.1155 0 15.1155 -0 15.1155 0 15.1155 -0 15.1155 0 15.1155 -0 
15.1956 0.0 15.1956 -0 15.1956 0 15.1956 -0 15.1956 0 15.1956 -0 15.1956 0 15.1956 -0 15.1956 0 15.1956 -0 15.1956 0 15.1956 -0 15.1956 0 15.1956 -0 
15.2758 0.0 15.2758 -0 15.2758 0 15.2758 -0 15.2758 0 15.2758 -0 15.2758 0 15.2758 -0 15.2758 0 15.2758 -0 15.2758 0 15.2758 -0 15.2758 0 15.2758 -0 
15.3559 0.0 15.3559 -0 15.3559 0 15.3559 -0 15.3559 0 15.3559 -0 15.3559 0 15.3559 -0 15.3559 0 15.3559 -0 15.3559 0 15.3559 -0 15.3559 0 15.3559 -0 
15.4361 0.0 15.4361 -0 15.4361 0 15.4361 -0 15.4361 0 15.4361 -0 15.4361 0 15.4361 -0 15.4361 0 15.4361 -0 15.4361 0 15.4361 -0 15.4361 0 15.4361 -0 
15.5163 0.0 15.5163 -0 15.5163 0 15.5163 -0 15.5163 0 15.5163 -0 15.5163 0 15.5163 -0 15.5163 0 15.5163 -0 15.5163 0 15.5163 -0 15.5163 0 15.5163 -0 
15.5964 0.0 15.5964 -0 15.5964 0 15.5964 -0 15.5964 0 15.5964 -0 15.5964 0 15.5964 -0 15.5964 0 15.5964 -0 15.5964 0 15.5964 -0 15.5964 0 15.5964 -0 
15.6766 0.0 15.6766 -0 15.6766 0 15.6766 -0 15.6766 0 15.6766 -0 15.6766 0 15.6766 -0 15.6766 0 15.6766 -0 15.6766 0 15.6766 -0 15.6766 0 15.6766 -0 
15.7567 0.0 15.7567 -0 15.7567 0 15.7567 -0 15.7567 0 15.7567 -0 15.7567 0 15.7567 -0 15.7567 0 15.7567 -0 15.7567 0 15.7567 -0 15.7567 0 15.7567 -0 
15.8369 0.0 15.8369 -0 15.8369 0 15.8369 -0 15.8369 0 15.8369 -0 15.8369 0 15.8369 -0 15.8369 0 15.8369 -0 15.8369 0 15.8369 -0 15.8369 0 15.8369 -0 
