-24.1631 24.95 -24.1631 -24.95 -24.1631 0 -24.1631 -0 -24.1631 0 -24.1631 -0 -24.1631 0 -24.1631 -0 -24.1631 0 -24.1631 -0 -24.1631 0 -24.1631 -0 -24.1631 0 -24.1631 -0 
-24.0829 0.0 -24.0829 -0 -24.0829 0 -24.0829 -0 -24.0829 0 -24.0829 -0 -24.0829 0 -24.0829 -0 -24.0829 0 -24.0829 -0 -24.0829 0 -24.0829 -0 -24.0829 0 -24.0829 -0 
-24.0028 0.0 -24.0028 -0 -24.0028 0 -24.0028 -0 -24.0028 0 -24.0028 -0 -24.0028 0 -24.0028 -0 -24.0028 0 -24.0028 -0 -24.0028 0 -24.0028 -0 -24.0028 0 -24.0028 -0 
-23.9226 0.0 -23.9226 -0 -23.9226 0 -23.9226 -0 -23.9226 0 -23.9226 -0 -23.9226 0 -23.9226 -0 -23.9226 0 -23.9226 -0 -23.9226 0 -23.9226 -0 -23.9226 0 -23.9226 -0 
-23.8425 0.0 -23.8425 -0 -23.8425 0 -23.8425 -0 -23.8425 0 -23.8425 -0 -23.8425 0 -23.8425 -0 -23.8425 0 -23.8425 -0 -23.8425 0 -23.8425 -0 -23.8425 0 -23.8425 -0 
-23.7623 0.0 -23.7623 -0 -23.7623 0 -23.7623 -0 -23.7623 0 -23.7623 -0 -23.7623 0 -23.7623 -0 -23.7623 0 -23.7623 -0 -23.7623 0 -23.7623 -0 -23.7623 0 -23.7623 -0 
-23.6821 0.0 -23.6821 -0 -23.6821 0 -23.6821 -0 -23.6821 0 -23.6821 -0 -23.6821 0 -23.6821 -0 -23.6821 0 -23.6821 -0 -23.6821 0 -23.6821 -0 -23.6821 0 -23.6821 -0 
-23.602 0.0 -23.602 -0 -23.602 0 -23.602 -0 -23.602 0 -23.602 -0 -23.602 0 -23.602 -0 -23.602 0 -23.602 -0 -23.602 0 -23.602 -0 -23.602 0 -23.602 -0 
-23.5218 0.0 -23.5218 -0 -23.5218 0 -23.5218 -0 -23.5218 0 -23.5218 -0 -23.5218 0 -23.5218 -0 -23.5218 0 -23.5218 -0 -23.5218 0 -23.5218 -0 -23.5218 0 -23.5218 -0 
-23.4417 0.0 -23.4417 -0 -23.4417 0 -23.4417 -0 -23.4417 0 -23.4417 -0 -23.4417 0 -23.4417 -0 -23.4417 0 -23.4417 -0 -23.4417 0 -23.4417 -0 -23.4417 0 -23.4417 -0 
-23.3615 0.0 -23.3615 -0 -23.3615 0 -23.3615 -0 -23.3615 0 -23.3615 -0 -23.3615 0 -23.3615 -0 -23.3615 0 -23.3615 -0 -23.3615 0 -23.3615 -0 -23.3615 0 -23.3615 -0 
-23.2813 0.0 -23.2813 -0 -23.2813 0 -23.2813 -0 -23.2813 0 -23.2813 -0 -23.2813 0 -23.2813 -0 -23.2813 0 -23.2813 -0 -23.2813 0 -23.2813 -0 -23.2813 0 -23.2813 -0 
-23.2012 0.0 -23.2012 -0 -23.2012 0 -23.2012 -0 -23.2012 0 -23.2012 -0 -23.2012 0 -23.2012 -0 -23.2012 0 -23.2012 -0 -23.2012 0 -23.2012 -0 -23.2012 0 -23.2012 -0 
-23.121 0.0 -23.121 -0 -23.121 0 -23.121 -0 -23.121 0 -23.121 -0 -23.121 0 -23.121 -0 -23.121 0 -23.121 -0 -23.121 0 -23.121 -0 -23.121 0 -23.121 -0 
-23.0409 0.0 -23.0409 -0 -23.0409 0 -23.0409 -0 -23.0409 0 -23.0409 -0 -23.0409 0 -23.0409 -0 -23.0409 0 -23.0409 -0 -23.0409 0 -23.0409 -0 -23.0409 0 -23.0409 -0 
-22.9607 0.0 -22.9607 -0 -22.9607 0 -22.9607 -0 -22.9607 0 -22.9607 -0 -22.9607 0 -22.9607 -0 -22.9607 0 -22.9607 -0 -22.9607 0 -22.9607 -0 -22.9607 0 -22.9607 -0 
-22.8805 0.0 -22.8805 -0 -22.8805 0 -22.8805 -0 -22.8805 0 -22.8805 -0 -22.8805 0 -22.8805 -0 -22.8805 0 -22.8805 -0 -22.8805 0 -22.8805 -0 -22.8805 0 -22.8805 -0 
-22.8004 0.0 -22.8004 -0 -22.8004 0 -22.8004 -0 -22.8004 0 -22.8004 -0 -22.8004 0 -22.8004 -0 -22.8004 0 -22.8004 -0 -22.8004 0 -22.8004 -0 -22.8004 0 -22.8004 -0 
-22.7202 0.0 -22.7202 -0 -22.7202 0 -22.7202 -0 -22.7202 0 -22.7202 -0 -22.7202 0 -22.7202 -0 -22.7202 0 -22.7202 -0 -22.7202 0 -22.7202 -0 -22.7202 0 -22.7202 -0 
-22.6401 0.0 -22.6401 -0 -22.6401 0 -22.6401 -0 -22.6401 0 -22.6401 -0 -22.6401 0 -22.6401 -0 -22.6401 0 -22.6401 -0 -22.6401 0 -22.6401 -0 -22.6401 0 -22.6401 -0 
-22.5599 0.0 -22.5599 -0 -22.5599 0 -22.5599 -0 -22.5599 0 -22.5599 -0 -22.5599 0 -22.5599 -0 -22.5599 0 -22.5599 -0 -22.5599 0 -22.5599 -0 -22.5599 0 -22.5599 -0 
-22.4797 0.0 -22.4797 -0 -22.4797 0 -22.4797 -0 -22.4797 0 -22.4797 -0 -22.4797 0 -22.4797 -0 -22.4797 0 -22.4797 -0 -22.4797 0 -22.4797 -0 -22.4797 0 -22.4797 -0 
-22.3996 0.0 -22.3996 -0 -22.3996 0 -22.3996 -0 -22.3996 0 -22.3996 -0 -22.3996 0 -22.3996 -0 -22.3996 0 -22.3996 -0 -22.3996 0 -22.3996 -0 -22.3996 0 -22.3996 -0 
-22.3194 0.0 -22.3194 -0 -22.3194 0 -22.3194 -0 -22.3194 0 -22.3194 -0 -22.3194 0 -22.3194 -0 -22.3194 0 -22.3194 -0 -22.3194 0 -22.3194 -0 -22.3194 0 -22.3194 -0 
-22.2393 0.0 -22.2393 -0 -22.2393 0 -22.2393 -0 -22.2393 0 -22.2393 -0 -22.2393 0 -22.2393 -0 -22.2393 0 -22.2393 -0 -22.2393 0 -22.2393 -0 -22.2393 0 -22.2393 -0 
-22.1591 0.0 -22.1591 -0 -22.1591 0 -22.1591 -0 -22.1591 0 -22.1591 -0 -22.1591 0 -22.1591 -0 -22.1591 0 -22.1591 -0 -22.1591 0 -22.1591 -0 -22.1591 0 -22.1591 -0 
-22.0789 0.0 -22.0789 -0 -22.0789 0 -22.0789 -0 -22.0789 0 -22.0789 -0 -22.0789 0 -22.0789 -0 -22.0789 0 -22.0789 -0 -22.0789 0 -22.0789 -0 -22.0789 0 -22.0789 -0 
-21.9988 0.0 -21.9988 -0 -21.9988 0 -21.9988 -0 -21.9988 0 -21.9988 -0 -21.9988 0 -21.9988 -0 -21.9988 0 -21.9988 -0 -21.9988 0 -21.9988 -0 -21.9988 0 -21.9988 -0 
-21.9186 0.0 -21.9186 -0 -21.9186 0 -21.9186 -0 -21.9186 0 -21.9186 -0 -21.9186 0 -21.9186 -0 -21.9186 0 -21.9186 -0 -21.9186 0 -21.9186 -0 -21.9186 0 -21.9186 -0 
-21.8385 0.0 -21.8385 -0 -21.8385 0 -21.8385 -0 -21.8385 0 -21.8385 -0 -21.8385 0 -21.8385 -0 -21.8385 0 -21.8385 -0 -21.8385 0 -21.8385 -0 -21.8385 0 -21.8385 -0 
-21.7583 0.0 -21.7583 -0 -21.7583 0 -21.7583 -0 -21.7583 0 -21.7583 -0 -21.7583 0 -21.7583 -0 -21.7583 0 -21.7583 -0 -21.7583 0 -21.7583 -0 -21.7583 0 -21.7583 -0 
-21.6781 0.0 -21.6781 -0 -21.6781 0 -21.6781 -0 -21.6781 0 -21.6781 -0 -21.6781 0 -21.6781 -0 -21.6781 0 -21.6781 -0 -21.6781 0 -21.6781 -0 -21.6781 0 -21.6781 -0 
-21.598 0.0002 -21.598 -0.0002 -21.598 0 -21.598 -0 -21.598 0 -21.598 -0 -21.598 0 -21.598 -0 -21.598 0 -21.598 -0 -21.598 0 -21.598 -0 -21.598 0 -21.598 -0 
-21.5178 0.0019 -21.5178 -0.0018 -21.5178 0 -21.5178 -0 -21.5178 0 -21.5178 -0 -21.5178 0 -21.5178 -0 -21.5178 0 -21.5178 -0 -21.5178 0 -21.5178 -0 -21.5178 0 -21.5178 -0 
-21.4376 0.0164 -21.4376 -0.0156 -21.4376 0 -21.4376 -0 -21.4376 0 -21.4376 -0 -21.4376 0 -21.4376 -0 -21.4376 0 -21.4376 -0 -21.4376 0 -21.4376 -0 -21.4376 0 -21.4376 -0 
-21.3575 0.1016 -21.3575 -0.0971 -21.3575 0 -21.3575 -0 -21.3575 0 -21.3575 -0 -21.3575 0 -21.3575 -0 -21.3575 0 -21.3575 -0 -21.3575 0 -21.3575 -0 -21.3575 0 -21.3575 -0 
-21.2773 0.4621 -21.2773 -0.441 -21.2773 0 -21.2773 -0 -21.2773 0 -21.2773 -0 -21.2773 0 -21.2773 -0 -21.2773 0 -21.2773 -0 -21.2773 0 -21.2773 -0 -21.2773 0 -21.2773 -0 
-21.1972 1.5404 -21.1972 -1.4653 -21.1972 0 -21.1972 -0 -21.1972 0 -21.1972 -0 -21.1972 0 -21.1972 -0 -21.1972 0 -21.1972 -0 -21.1972 0 -21.1972 -0 -21.1972 0 -21.1972 -0 
-21.117 3.7714 -21.117 -3.5658 -21.117 0.0001 -21.117 -0 -21.117 0 -21.117 -0 -21.117 0 -21.117 -0 -21.117 0 -21.117 -0 -21.117 0.0001 -21.117 -0 -21.117 0 -21.117 -0 
-21.0368 6.8021 -21.0368 -6.3684 -21.0368 0.0006 -21.0368 -0.0001 -21.0368 0.0001 -21.0368 -0 -21.0368 0.0001 -21.0368 -0 -21.0368 0.0001 -21.0368 -0 -21.0368 0.0002 -21.0368 -0.0001 -21.0368 0.0001 -21.0368 -0 
-20.9567 9.0958 -20.9567 -8.3876 -20.9567 0.0011 -20.9567 -0.0005 -20.9567 0.0003 -20.9567 -0.0001 -20.9567 0.0001 -20.9567 -0 -20.9567 0.0002 -20.9567 -0.0001 -20.9567 0.0003 -20.9567 -0.0002 -20.9567 0.0002 -20.9567 -0.0001 
-20.8765 9.152 -20.8765 -8.2529 -20.8765 0.0022 -20.8765 -0.0012 -20.8765 0.0007 -20.8765 -0.0003 -20.8765 0.0003 -20.8765 -0.0001 -20.8765 0.0004 -20.8765 -0.0002 -20.8765 0.0004 -20.8765 -0.0004 -20.8765 0.0004 -20.8765 -0.0002 
-20.7964 7.1829 -20.7964 -6.2968 -20.7964 0.0034 -20.7964 -0.0028 -20.7964 0.0012 -20.7964 -0.0008 -20.7964 0.0004 -20.7964 -0.0003 -20.7964 0.0007 -20.7964 -0.0004 -20.7964 0.0004 -20.7964 -0.0007 -20.7964 0.0007 -20.7964 -0.0006 
-20.7162 4.7736 -20.7162 -4.1294 -20.7162 0.0048 -20.7162 -0.0055 -20.7162 0.0017 -20.7162 -0.0018 -20.7162 0.0006 -20.7162 -0.0006 -20.7162 0.001 -20.7162 -0.0009 -20.7162 0.0004 -20.7162 -0.001 -20.7162 0.0011 -20.7162 -0.0012 
-20.636 3.1081 -20.636 -2.853 -20.636 0.0057 -20.636 -0.0092 -20.636 0.0021 -20.636 -0.0033 -20.636 0.0008 -20.636 -0.001 -20.636 0.0012 -20.636 -0.0017 -20.636 0.0003 -20.636 -0.0011 -20.636 0.0013 -20.636 -0.0021 
-20.5559 2.326 -20.5559 -2.4054 -20.5559 0.0057 -20.5559 -0.0129 -20.5559 0.0021 -20.5559 -0.0049 -20.5559 0.0008 -20.5559 -0.0015 -20.5559 0.0012 -20.5559 -0.0024 -20.5559 0.0002 -20.5559 -0.0011 -20.5559 0.0014 -20.5559 -0.003 
-20.4757 2.1962 -20.4757 -2.2754 -20.4757 0.0055 -20.4757 -0.015 -20.4757 0.002 -20.4757 -0.0057 -20.4757 0.0007 -20.4757 -0.0018 -20.4757 0.0011 -20.4757 -0.0028 -20.4757 0.0003 -20.4757 -0.001 -20.4757 0.0014 -20.4757 -0.0037 
-20.3956 2.5563 -20.3956 -2.2335 -20.3956 0.0055 -20.3956 -0.0144 -20.3956 0.002 -20.3956 -0.0054 -20.3956 0.0007 -20.3956 -0.0017 -20.3956 0.001 -20.3956 -0.0026 -20.3956 0.0005 -20.3956 -0.0011 -20.3956 0.0013 -20.3956 -0.0036 
-20.3154 3.1734 -20.3154 -2.4177 -20.3154 0.0057 -20.3154 -0.0126 -20.3154 0.002 -20.3154 -0.0044 -20.3154 0.0006 -20.3154 -0.0014 -20.3154 0.001 -20.3154 -0.0021 -20.3154 0.0008 -20.3154 -0.0017 -20.3154 0.0013 -20.3154 -0.003 
-20.2352 3.7648 -20.2352 -2.9475 -20.2352 0.0063 -20.2352 -0.0115 -20.2352 0.0021 -20.2352 -0.0036 -20.2352 0.0006 -20.2352 -0.0011 -20.2352 0.001 -20.2352 -0.0017 -20.2352 0.0013 -20.2352 -0.0027 -20.2352 0.0013 -20.2352 -0.0024 
-20.1551 4.2907 -20.1551 -3.6245 -20.1551 0.0078 -20.1551 -0.0126 -20.1551 0.0023 -20.1551 -0.0037 -20.1551 0.0008 -20.1551 -0.0011 -20.1551 0.0011 -20.1551 -0.0018 -20.1551 0.002 -20.1551 -0.0037 -20.1551 0.0016 -20.1551 -0.0023 
-20.0749 4.9709 -20.0749 -4.1399 -20.0749 0.0106 -20.0749 -0.0157 -20.0749 0.0028 -20.0749 -0.0046 -20.0749 0.0013 -20.0749 -0.0014 -20.0749 0.0015 -20.0749 -0.0023 -20.0749 0.0027 -20.0749 -0.0045 -20.0749 0.0023 -20.0749 -0.0029 
-19.9948 6.0048 -19.9948 -4.448 -19.9948 0.017 -19.9948 -0.0199 -19.9948 0.0044 -19.9948 -0.0058 -19.9948 0.0024 -19.9948 -0.002 -19.9948 0.0024 -19.9948 -0.003 -19.9948 0.0034 -19.9948 -0.0051 -19.9948 0.0044 -19.9948 -0.004 
-19.9146 7.4143 -19.9146 -4.8164 -19.9146 0.0275 -19.9146 -0.0249 -19.9146 0.0072 -19.9146 -0.007 -19.9146 0.0044 -19.9146 -0.0029 -19.9146 0.004 -19.9146 -0.0036 -19.9146 0.0039 -19.9146 -0.0057 -19.9146 0.008 -19.9146 -0.0057 
-19.8344 9.0157 -19.8344 -5.6649 -19.8344 0.0393 -19.8344 -0.0342 -19.8344 0.0103 -19.8344 -0.009 -19.8344 0.0067 -19.8344 -0.0045 -19.8344 0.0056 -19.8344 -0.0045 -19.8344 0.0044 -19.8344 -0.0069 -19.8344 0.0123 -19.8344 -0.0093 
-19.7543 10.3885 -19.7543 -7.2517 -19.7543 0.0462 -19.7543 -0.0523 -19.7543 0.012 -19.7543 -0.0133 -19.7543 0.008 -19.7543 -0.0076 -19.7543 0.0066 -19.7543 -0.0064 -19.7543 0.0049 -19.7543 -0.0092 -19.7543 0.0147 -19.7543 -0.0158 
-19.6741 10.9551 -19.6741 -9.151 -19.6741 0.0444 -19.6741 -0.0769 -19.6741 0.0113 -19.6741 -0.0195 -19.6741 0.0075 -19.6741 -0.0117 -19.6741 0.0061 -19.6741 -0.0094 -19.6741 0.0058 -19.6741 -0.0121 -19.6741 0.0137 -19.6741 -0.0242 
-19.594 10.2952 -19.594 -10.2002 -19.594 0.0366 -19.594 -0.0958 -19.594 0.0086 -19.594 -0.0244 -19.594 0.0054 -19.594 -0.0148 -19.594 0.0047 -19.594 -0.0118 -19.594 0.008 -19.594 -0.0146 -19.594 0.0099 -19.594 -0.0302 
-19.5138 8.5995 -19.5138 -9.5118 -19.5138 0.0296 -19.5138 -0.0976 -19.5138 0.0053 -19.5138 -0.024 -19.5138 0.0031 -19.5138 -0.0145 -19.5138 0.0029 -19.5138 -0.0117 -19.5138 0.0126 -19.5138 -0.018 -19.5138 0.0057 -19.5138 -0.0294 
-19.4336 6.6811 -19.4336 -7.5692 -19.4336 0.027 -19.4336 -0.086 -19.4336 0.0027 -19.4336 -0.0181 -19.4336 0.0014 -19.4336 -0.011 -19.4336 0.0015 -19.4336 -0.0089 -19.4336 0.0187 -19.4336 -0.0261 -19.4336 0.0027 -19.4336 -0.0219 
-19.3535 5.2688 -19.3535 -5.8345 -19.3535 0.0262 -19.3535 -0.0757 -19.3535 0.0012 -19.3535 -0.0106 -19.3535 0.0006 -19.3535 -0.0064 -19.3535 0.0007 -19.3535 -0.0053 -19.3535 0.0226 -19.3535 -0.0408 -19.3535 0.0011 -19.3535 -0.0126 
-19.2733 4.5298 -19.2733 -5.1886 -19.2733 0.0222 -19.2733 -0.0723 -19.2733 0.0005 -19.2733 -0.0054 -19.2733 0.0002 -19.2733 -0.003 -19.2733 0.0003 -19.2733 -0.0027 -19.2733 0.0208 -19.2733 -0.0552 -19.2733 0.0004 -19.2733 -0.006 
-19.1932 4.3568 -19.1932 -5.1953 -19.1932 0.0151 -19.1932 -0.0672 -19.1932 0.0003 -19.1932 -0.0035 -19.1932 0.0001 -19.1932 -0.0015 -19.1932 0.0001 -19.1932 -0.0017 -19.1932 0.0144 -19.1932 -0.0575 -19.1932 0.0002 -19.1932 -0.003 
-19.113 4.6655 -19.113 -4.9148 -19.113 0.0084 -19.113 -0.0528 -19.113 0.0003 -19.113 -0.0033 -19.113 0.0001 -19.113 -0.0011 -19.113 0.0001 -19.113 -0.0015 -19.113 0.0077 -19.113 -0.0446 -19.113 0.0002 -19.113 -0.0023 
-19.0328 5.454 -19.0328 -4.0028 -19.0328 0.0046 -19.0328 -0.0329 -19.0328 0.0004 -19.0328 -0.0031 -19.0328 0.0001 -19.0328 -0.0009 -19.0328 0.0002 -19.0328 -0.0014 -19.0328 0.0036 -19.0328 -0.0255 -19.0328 0.0003 -19.0328 -0.002 
-18.9527 6.8177 -18.9527 -2.9654 -18.9527 0.0035 -18.9527 -0.0164 -18.9527 0.0006 -18.9527 -0.0023 -18.9527 0.0002 -18.9527 -0.0007 -18.9527 0.0002 -18.9527 -0.0011 -18.9527 0.0021 -18.9527 -0.0108 -18.9527 0.0004 -18.9527 -0.0015 
-18.8725 8.6295 -18.8725 -2.6157 -18.8725 0.0036 -18.8725 -0.0069 -18.8725 0.0007 -18.8725 -0.0014 -18.8725 0.0002 -18.8725 -0.0004 -18.8725 0.0003 -18.8725 -0.0006 -18.8725 0.0019 -18.8725 -0.0036 -18.8725 0.0005 -18.8725 -0.0009 
-18.7924 10.2305 -18.7924 -3.3297 -18.7924 0.0037 -18.7924 -0.0032 -18.7924 0.0006 -18.7924 -0.0008 -18.7924 0.0003 -18.7924 -0.0002 -18.7924 0.0003 -18.7924 -0.0003 -18.7924 0.002 -18.7924 -0.0014 -18.7924 0.0005 -18.7924 -0.0005 
-18.7122 10.9546 -18.7122 -4.7596 -18.7122 0.0031 -18.7122 -0.0023 -18.7122 0.0005 -18.7122 -0.0005 -18.7122 0.0002 -18.7122 -0.0001 -18.7122 0.0002 -18.7122 -0.0002 -18.7122 0.0017 -18.7122 -0.0012 -18.7122 0.0005 -18.7122 -0.0003 
-18.632 10.9247 -18.632 -6.2737 -18.632 0.0023 -18.632 -0.0026 -18.632 0.0003 -18.632 -0.0005 -18.632 0.0002 -18.632 -0.0001 -18.632 0.0002 -18.632 -0.0001 -18.632 0.0013 -18.632 -0.0016 -18.632 0.0003 -18.632 -0.0003 
-18.5519 10.8464 -18.5519 -7.5706 -18.5519 0.0015 -18.5519 -0.0031 -18.5519 0.0001 -18.5519 -0.0004 -18.5519 0.0001 -18.5519 -0.0001 -18.5519 0.0001 -18.5519 -0.0001 -18.5519 0.001 -18.5519 -0.0022 -18.5519 0.0002 -18.5519 -0.0003 
-18.4717 11.0511 -18.4717 -8.7254 -18.4717 0.0009 -18.4717 -0.0036 -18.4717 0.0001 -18.4717 -0.0004 -18.4717 0 -18.4717 -0.0001 -18.4717 0 -18.4717 -0.0001 -18.4717 0.0007 -18.4717 -0.0026 -18.4717 0.0001 -18.4717 -0.0004 
-18.3916 11.1151 -18.3916 -9.7936 -18.3916 0.0005 -18.3916 -0.0038 -18.3916 0 -18.3916 -0.0003 -18.3916 0 -18.3916 -0.0001 -18.3916 0 -18.3916 -0.0001 -18.3916 0.0005 -18.3916 -0.0029 -18.3916 0 -18.3916 -0.0004 
-18.3114 10.4419 -18.3114 -10.6593 -18.3114 0.0003 -18.3114 -0.0039 -18.3114 0 -18.3114 -0.0003 -18.3114 0 -18.3114 -0.0001 -18.3114 0 -18.3114 -0.0001 -18.3114 0.0003 -18.3114 -0.003 -18.3114 0 -18.3114 -0.0004 
-18.2312 9.0602 -18.2312 -11.3041 -18.2312 0.0002 -18.2312 -0.0035 -18.2312 0 -18.2312 -0.0002 -18.2312 0 -18.2312 -0.0001 -18.2312 0 -18.2312 -0 -18.2312 0.0002 -18.2312 -0.0028 -18.2312 0 -18.2312 -0.0004 
-18.1511 7.7691 -18.1511 -11.9352 -18.1511 0.0001 -18.1511 -0.0029 -18.1511 0 -18.1511 -0.0002 -18.1511 0 -18.1511 -0 -18.1511 0 -18.1511 -0 -18.1511 0.0001 -18.1511 -0.0024 -18.1511 0 -18.1511 -0.0003 
-18.0709 7.5137 -18.0709 -12.6499 -18.0709 0 -18.0709 -0.0022 -18.0709 0 -18.0709 -0.0001 -18.0709 0 -18.0709 -0 -18.0709 0 -18.0709 -0 -18.0709 0 -18.0709 -0.0019 -18.0709 0 -18.0709 -0.0002 
-17.9908 8.7163 -17.9908 -13.2993 -17.9908 0 -17.9908 -0.0016 -17.9908 0 -17.9908 -0.0001 -17.9908 0 -17.9908 -0 -17.9908 0 -17.9908 -0 -17.9908 0 -17.9908 -0.0014 -17.9908 0 -17.9908 -0.0001 
-17.9106 11.1729 -17.9106 -13.8836 -17.9106 0 -17.9106 -0.0009 -17.9106 0 -17.9106 -0.0001 -17.9106 0 -17.9106 -0 -17.9106 0 -17.9106 -0 -17.9106 0 -17.9106 -0.0008 -17.9106 0 -17.9106 -0 
-17.8304 14.2647 -17.8304 -14.5732 -17.8304 0 -17.8304 -0.0004 -17.8304 0 -17.8304 -0 -17.8304 0 -17.8304 -0 -17.8304 0 -17.8304 -0 -17.8304 0 -17.8304 -0.0004 -17.8304 0 -17.8304 -0 
-17.7503 17.0869 -17.7503 -15.1722 -17.7503 0 -17.7503 -0.0002 -17.7503 0 -17.7503 -0 -17.7503 0 -17.7503 -0 -17.7503 0 -17.7503 -0 -17.7503 0 -17.7503 -0.0002 -17.7503 0 -17.7503 -0 
-17.6701 18.7672 -17.6701 -15.1793 -17.6701 0 -17.6701 -0.0001 -17.6701 0 -17.6701 -0 -17.6701 0 -17.6701 -0 -17.6701 0 -17.6701 -0 -17.6701 0 -17.6701 -0.0001 -17.6701 0 -17.6701 -0 
-17.59 19.0324 -17.59 -14.6129 -17.59 0 -17.59 -0.0001 -17.59 0 -17.59 -0 -17.59 0 -17.59 -0 -17.59 0 -17.59 -0 -17.59 0 -17.59 -0.0001 -17.59 0 -17.59 -0 
-17.5098 18.2593 -17.5098 -14.2469 -17.5098 0 -17.5098 -0 -17.5098 0 -17.5098 -0 -17.5098 0 -17.5098 -0 -17.5098 0 -17.5098 -0 -17.5098 0 -17.5098 -0 -17.5098 0 -17.5098 -0 
-17.4296 17.0037 -17.4296 -14.6577 -17.4296 0 -17.4296 -0 -17.4296 0 -17.4296 -0 -17.4296 0 -17.4296 -0 -17.4296 0 -17.4296 -0 -17.4296 0 -17.4296 -0 -17.4296 0 -17.4296 -0 
-17.3495 15.8514 -17.3495 -15.4292 -17.3495 0 -17.3495 -0 -17.3495 0 -17.3495 -0 -17.3495 0 -17.3495 -0 -17.3495 0 -17.3495 -0 -17.3495 0 -17.3495 -0 -17.3495 0 -17.3495 -0 
-17.2693 15.2994 -17.2693 -15.8368 -17.2693 0 -17.2693 -0 -17.2693 0 -17.2693 -0 -17.2693 0 -17.2693 -0 -17.2693 0 -17.2693 -0 -17.2693 0 -17.2693 -0 -17.2693 0 -17.2693 -0 
-17.1892 15.0886 -17.1892 -15.9897 -17.1892 0 -17.1892 -0 -17.1892 0 -17.1892 -0 -17.1892 0 -17.1892 -0 -17.1892 0 -17.1892 -0 -17.1892 0 -17.1892 -0 -17.1892 0 -17.1892 -0 
-17.109 14.1125 -17.109 -16.4822 -17.109 0 -17.109 -0 -17.109 0 -17.109 -0 -17.109 0 -17.109 -0 -17.109 0 -17.109 -0 -17.109 0 -17.109 -0 -17.109 0 -17.109 -0 
-17.0288 11.7569 -17.0288 -17.0285 -17.0288 0 -17.0288 -0 -17.0288 0 -17.0288 -0 -17.0288 0 -17.0288 -0 -17.0288 0 -17.0288 -0 -17.0288 0 -17.0288 -0 -17.0288 0 -17.0288 -0 
-16.9487 8.9218 -16.9487 -16.4989 -16.9487 0 -16.9487 -0 -16.9487 0 -16.9487 -0 -16.9487 0 -16.9487 -0 -16.9487 0 -16.9487 -0 -16.9487 0 -16.9487 -0 -16.9487 0 -16.9487 -0 
-16.8685 7.0144 -16.8685 -14.5903 -16.8685 0 -16.8685 -0 -16.8685 0 -16.8685 -0 -16.8685 0 -16.8685 -0 -16.8685 0 -16.8685 -0 -16.8685 0 -16.8685 -0 -16.8685 0 -16.8685 -0 
-16.7884 6.2675 -16.7884 -12.371 -16.7884 0 -16.7884 -0 -16.7884 0 -16.7884 -0 -16.7884 0 -16.7884 -0 -16.7884 0 -16.7884 -0 -16.7884 0 -16.7884 -0 -16.7884 0 -16.7884 -0 
-16.7082 5.6757 -16.7082 -10.6699 -16.7082 0 -16.7082 -0 -16.7082 0 -16.7082 -0 -16.7082 0 -16.7082 -0 -16.7082 0 -16.7082 -0 -16.7082 0 -16.7082 -0 -16.7082 0 -16.7082 -0 
-16.628 4.4089 -16.628 -9.0145 -16.628 0 -16.628 -0 -16.628 0 -16.628 -0 -16.628 0 -16.628 -0 -16.628 0 -16.628 -0 -16.628 0 -16.628 -0 -16.628 0 -16.628 -0 
-16.5479 2.6904 -16.5479 -6.7211 -16.5479 0 -16.5479 -0 -16.5479 0 -16.5479 -0 -16.5479 0 -16.5479 -0 -16.5479 0 -16.5479 -0 -16.5479 0 -16.5479 -0 -16.5479 0 -16.5479 -0 
-16.4677 1.2469 -16.4677 -4.0822 -16.4677 0 -16.4677 -0 -16.4677 0 -16.4677 -0 -16.4677 0 -16.4677 -0 -16.4677 0 -16.4677 -0 -16.4677 0 -16.4677 -0 -16.4677 0 -16.4677 -0 
-16.3875 0.4387 -16.3875 -1.9429 -16.3875 0 -16.3875 -0 -16.3875 0 -16.3875 -0 -16.3875 0 -16.3875 -0 -16.3875 0 -16.3875 -0 -16.3875 0 -16.3875 -0 -16.3875 0 -16.3875 -0 
-16.3074 0.1533 -16.3074 -0.7351 -16.3074 0 -16.3074 -0 -16.3074 0 -16.3074 -0 -16.3074 0 -16.3074 -0 -16.3074 0 -16.3074 -0 -16.3074 0 -16.3074 -0 -16.3074 0 -16.3074 -0 
-16.2272 0.2159 -16.2272 -0.3387 -16.2272 0 -16.2272 -0 -16.2272 0 -16.2272 -0 -16.2272 0 -16.2272 -0 -16.2272 0 -16.2272 -0 -16.2272 0 -16.2272 -0 -16.2272 0 -16.2272 -0 
-16.1471 0.6819 -16.1471 -0.5725 -16.1471 0 -16.1471 -0 -16.1471 0 -16.1471 -0 -16.1471 0 -16.1471 -0 -16.1471 0 -16.1471 -0 -16.1471 0 -16.1471 -0 -16.1471 0 -16.1471 -0 
-16.0669 1.7974 -16.0669 -1.4966 -16.0669 0 -16.0669 -0 -16.0669 0 -16.0669 -0 -16.0669 0 -16.0669 -0 -16.0669 0 -16.0669 -0 -16.0669 0 -16.0669 -0 -16.0669 0 -16.0669 -0 
-15.9867 3.6518 -15.9867 -3.197 -15.9867 0 -15.9867 -0 -15.9867 0 -15.9867 -0 -15.9867 0 -15.9867 -0 -15.9867 0 -15.9867 -0 -15.9867 0 -15.9867 -0 -15.9867 0 -15.9867 -0 
-15.9066 5.7687 -15.9066 -5.3128 -15.9066 0 -15.9066 -0 -15.9066 0 -15.9066 -0 -15.9066 0 -15.9066 -0 -15.9066 0 -15.9066 -0 -15.9066 0 -15.9066 -0 -15.9066 0 -15.9066 -0 
-15.8264 7.1645 -15.8264 -6.9302 -15.8264 0 -15.8264 -0 -15.8264 0 -15.8264 -0 -15.8264 0 -15.8264 -0 -15.8264 0 -15.8264 -0 -15.8264 0 -15.8264 -0 -15.8264 0 -15.8264 -0 
-15.7463 7.0394 -15.7463 -7.1616 -15.7463 0 -15.7463 -0 -15.7463 0 -15.7463 -0 -15.7463 0 -15.7463 -0 -15.7463 0 -15.7463 -0 -15.7463 0 -15.7463 -0 -15.7463 0 -15.7463 -0 
-15.6661 5.463 -15.6661 -5.877 -15.6661 0 -15.6661 -0 -15.6661 0 -15.6661 -0 -15.6661 0 -15.6661 -0 -15.6661 0 -15.6661 -0 -15.6661 0 -15.6661 -0 -15.6661 0 -15.6661 -0 
-15.5859 3.3184 -15.5859 -3.8061 -15.5859 0 -15.5859 -0 -15.5859 0 -15.5859 -0 -15.5859 0 -15.5859 -0 -15.5859 0 -15.5859 -0 -15.5859 0 -15.5859 -0 -15.5859 0 -15.5859 -0 
-15.5058 1.557 -15.5058 -1.9208 -15.5058 0 -15.5058 -0 -15.5058 0 -15.5058 -0 -15.5058 0 -15.5058 -0 -15.5058 0 -15.5058 -0 -15.5058 0 -15.5058 -0 -15.5058 0 -15.5058 -0 
-15.4256 0.5567 -15.4256 -0.7442 -15.4256 0 -15.4256 -0 -15.4256 0 -15.4256 -0 -15.4256 0 -15.4256 -0 -15.4256 0 -15.4256 -0 -15.4256 0 -15.4256 -0 -15.4256 0 -15.4256 -0 
-15.3455 0.1499 -15.3455 -0.2183 -15.3455 0 -15.3455 -0 -15.3455 0 -15.3455 -0 -15.3455 0 -15.3455 -0 -15.3455 0 -15.3455 -0 -15.3455 0 -15.3455 -0 -15.3455 0 -15.3455 -0 
-15.2653 0.0301 -15.2653 -0.048 -15.2653 0 -15.2653 -0 -15.2653 0 -15.2653 -0 -15.2653 0 -15.2653 -0 -15.2653 0 -15.2653 -0 -15.2653 0 -15.2653 -0 -15.2653 0 -15.2653 -0 
-15.1851 0.0045 -15.1851 -0.0078 -15.1851 0 -15.1851 -0 -15.1851 0 -15.1851 -0 -15.1851 0 -15.1851 -0 -15.1851 0 -15.1851 -0 -15.1851 0 -15.1851 -0 -15.1851 0 -15.1851 -0 
-15.105 0.0005 -15.105 -0.0009 -15.105 0 -15.105 -0 -15.105 0 -15.105 -0 -15.105 0 -15.105 -0 -15.105 0 -15.105 -0 -15.105 0 -15.105 -0 -15.105 0 -15.105 -0 
-15.0248 0.0 -15.0248 -0.0001 -15.0248 0 -15.0248 -0 -15.0248 0 -15.0248 -0 -15.0248 0 -15.0248 -0 -15.0248 0 -15.0248 -0 -15.0248 0 -15.0248 -0 -15.0248 0 -15.0248 -0 
-14.9447 0.0 -14.9447 -0 -14.9447 0 -14.9447 -0 -14.9447 0 -14.9447 -0 -14.9447 0 -14.9447 -0 -14.9447 0 -14.9447 -0 -14.9447 0 -14.9447 -0 -14.9447 0 -14.9447 -0 
-14.8645 0.0 -14.8645 -0 -14.8645 0 -14.8645 -0 -14.8645 0 -14.8645 -0 -14.8645 0 -14.8645 -0 -14.8645 0 -14.8645 -0 -14.8645 0 -14.8645 -0 -14.8645 0 -14.8645 -0 
-14.7843 0.0 -14.7843 -0 -14.7843 0 -14.7843 -0 -14.7843 0 -14.7843 -0 -14.7843 0 -14.7843 -0 -14.7843 0 -14.7843 -0 -14.7843 0 -14.7843 -0 -14.7843 0 -14.7843 -0 
-14.7042 0.0 -14.7042 -0 -14.7042 0 -14.7042 -0 -14.7042 0 -14.7042 -0 -14.7042 0 -14.7042 -0 -14.7042 0 -14.7042 -0 -14.7042 0 -14.7042 -0 -14.7042 0 -14.7042 -0 
-14.624 0.0 -14.624 -0 -14.624 0 -14.624 -0 -14.624 0 -14.624 -0 -14.624 0 -14.624 -0 -14.624 0 -14.624 -0 -14.624 0 -14.624 -0 -14.624 0 -14.624 -0 
-14.5439 0.0 -14.5439 -0 -14.5439 0 -14.5439 -0 -14.5439 0 -14.5439 -0 -14.5439 0 -14.5439 -0 -14.5439 0 -14.5439 -0 -14.5439 0 -14.5439 -0 -14.5439 0 -14.5439 -0 
-14.4637 0.0 -14.4637 -0 -14.4637 0 -14.4637 -0 -14.4637 0 -14.4637 -0 -14.4637 0 -14.4637 -0 -14.4637 0 -14.4637 -0 -14.4637 0 -14.4637 -0 -14.4637 0 -14.4637 -0 
-14.3835 0.0 -14.3835 -0 -14.3835 0 -14.3835 -0 -14.3835 0 -14.3835 -0 -14.3835 0 -14.3835 -0 -14.3835 0 -14.3835 -0 -14.3835 0 -14.3835 -0 -14.3835 0 -14.3835 -0 
-14.3034 0.0 -14.3034 -0 -14.3034 0 -14.3034 -0 -14.3034 0 -14.3034 -0 -14.3034 0 -14.3034 -0 -14.3034 0 -14.3034 -0 -14.3034 0 -14.3034 -0 -14.3034 0 -14.3034 -0 
-14.2232 0.0 -14.2232 -0 -14.2232 0 -14.2232 -0 -14.2232 0 -14.2232 -0 -14.2232 0 -14.2232 -0 -14.2232 0 -14.2232 -0 -14.2232 0 -14.2232 -0 -14.2232 0 -14.2232 -0 
-14.1431 0.0 -14.1431 -0 -14.1431 0 -14.1431 -0 -14.1431 0 -14.1431 -0 -14.1431 0 -14.1431 -0 -14.1431 0 -14.1431 -0 -14.1431 0 -14.1431 -0 -14.1431 0 -14.1431 -0 
-14.0629 0.0 -14.0629 -0 -14.0629 0 -14.0629 -0 -14.0629 0 -14.0629 -0 -14.0629 0 -14.0629 -0 -14.0629 0 -14.0629 -0 -14.0629 0 -14.0629 -0 -14.0629 0 -14.0629 -0 
-13.9827 0.0 -13.9827 -0 -13.9827 0 -13.9827 -0 -13.9827 0 -13.9827 -0 -13.9827 0 -13.9827 -0 -13.9827 0 -13.9827 -0 -13.9827 0 -13.9827 -0 -13.9827 0 -13.9827 -0 
-13.9026 0.0 -13.9026 -0 -13.9026 0 -13.9026 -0 -13.9026 0 -13.9026 -0 -13.9026 0 -13.9026 -0 -13.9026 0 -13.9026 -0 -13.9026 0 -13.9026 -0 -13.9026 0 -13.9026 -0 
-13.8224 0.0 -13.8224 -0 -13.8224 0 -13.8224 -0 -13.8224 0 -13.8224 -0 -13.8224 0 -13.8224 -0 -13.8224 0 -13.8224 -0 -13.8224 0 -13.8224 -0 -13.8224 0 -13.8224 -0 
-13.7423 0.0 -13.7423 -0 -13.7423 0 -13.7423 -0 -13.7423 0 -13.7423 -0 -13.7423 0 -13.7423 -0 -13.7423 0 -13.7423 -0 -13.7423 0 -13.7423 -0 -13.7423 0 -13.7423 -0 
-13.6621 0.0 -13.6621 -0 -13.6621 0 -13.6621 -0 -13.6621 0 -13.6621 -0 -13.6621 0 -13.6621 -0 -13.6621 0 -13.6621 -0 -13.6621 0 -13.6621 -0 -13.6621 0 -13.6621 -0 
-13.5819 0.0 -13.5819 -0 -13.5819 0 -13.5819 -0 -13.5819 0 -13.5819 -0 -13.5819 0 -13.5819 -0 -13.5819 0 -13.5819 -0 -13.5819 0 -13.5819 -0 -13.5819 0 -13.5819 -0 
-13.5018 0.0 -13.5018 -0 -13.5018 0 -13.5018 -0 -13.5018 0 -13.5018 -0 -13.5018 0 -13.5018 -0 -13.5018 0 -13.5018 -0 -13.5018 0 -13.5018 -0 -13.5018 0 -13.5018 -0 
-13.4216 0.0 -13.4216 -0 -13.4216 0 -13.4216 -0 -13.4216 0 -13.4216 -0 -13.4216 0 -13.4216 -0 -13.4216 0 -13.4216 -0 -13.4216 0 -13.4216 -0 -13.4216 0 -13.4216 -0 
-13.3415 0.0 -13.3415 -0 -13.3415 0 -13.3415 -0 -13.3415 0 -13.3415 -0 -13.3415 0 -13.3415 -0 -13.3415 0 -13.3415 -0 -13.3415 0 -13.3415 -0 -13.3415 0 -13.3415 -0 
-13.2613 0.0 -13.2613 -0 -13.2613 0 -13.2613 -0 -13.2613 0 -13.2613 -0 -13.2613 0 -13.2613 -0 -13.2613 0 -13.2613 -0 -13.2613 0 -13.2613 -0 -13.2613 0 -13.2613 -0 
-13.1811 0.0 -13.1811 -0 -13.1811 0 -13.1811 -0 -13.1811 0 -13.1811 -0 -13.1811 0 -13.1811 -0 -13.1811 0 -13.1811 -0 -13.1811 0 -13.1811 -0 -13.1811 0 -13.1811 -0 
-13.101 0.0 -13.101 -0 -13.101 0 -13.101 -0 -13.101 0 -13.101 -0 -13.101 0 -13.101 -0 -13.101 0 -13.101 -0 -13.101 0 -13.101 -0 -13.101 0 -13.101 -0 
-13.0208 0.0 -13.0208 -0 -13.0208 0 -13.0208 -0 -13.0208 0 -13.0208 -0 -13.0208 0 -13.0208 -0 -13.0208 0 -13.0208 -0 -13.0208 0 -13.0208 -0 -13.0208 0 -13.0208 -0 
-12.9407 0.0 -12.9407 -0 -12.9407 0 -12.9407 -0 -12.9407 0 -12.9407 -0 -12.9407 0 -12.9407 -0 -12.9407 0 -12.9407 -0 -12.9407 0 -12.9407 -0 -12.9407 0 -12.9407 -0 
-12.8605 0.0 -12.8605 -0 -12.8605 0 -12.8605 -0 -12.8605 0 -12.8605 -0 -12.8605 0 -12.8605 -0 -12.8605 0 -12.8605 -0 -12.8605 0 -12.8605 -0 -12.8605 0 -12.8605 -0 
-12.7803 0.0 -12.7803 -0 -12.7803 0 -12.7803 -0 -12.7803 0 -12.7803 -0 -12.7803 0 -12.7803 -0 -12.7803 0 -12.7803 -0 -12.7803 0 -12.7803 -0 -12.7803 0 -12.7803 -0 
-12.7002 0.0 -12.7002 -0 -12.7002 0 -12.7002 -0 -12.7002 0 -12.7002 -0 -12.7002 0 -12.7002 -0 -12.7002 0 -12.7002 -0 -12.7002 0 -12.7002 -0 -12.7002 0 -12.7002 -0 
-12.62 0.0 -12.62 -0 -12.62 0 -12.62 -0 -12.62 0 -12.62 -0 -12.62 0 -12.62 -0 -12.62 0 -12.62 -0 -12.62 0 -12.62 -0 -12.62 0 -12.62 -0 
-12.5399 0.0 -12.5399 -0 -12.5399 0 -12.5399 -0 -12.5399 0 -12.5399 -0 -12.5399 0 -12.5399 -0 -12.5399 0 -12.5399 -0 -12.5399 0 -12.5399 -0 -12.5399 0 -12.5399 -0 
-12.4597 0.0 -12.4597 -0 -12.4597 0 -12.4597 -0 -12.4597 0 -12.4597 -0 -12.4597 0 -12.4597 -0 -12.4597 0 -12.4597 -0 -12.4597 0 -12.4597 -0 -12.4597 0 -12.4597 -0 
-12.3795 0.0 -12.3795 -0 -12.3795 0 -12.3795 -0 -12.3795 0 -12.3795 -0 -12.3795 0 -12.3795 -0 -12.3795 0 -12.3795 -0 -12.3795 0 -12.3795 -0 -12.3795 0 -12.3795 -0 
-12.2994 0.0 -12.2994 -0 -12.2994 0 -12.2994 -0 -12.2994 0 -12.2994 -0 -12.2994 0 -12.2994 -0 -12.2994 0 -12.2994 -0 -12.2994 0 -12.2994 -0 -12.2994 0 -12.2994 -0 
-12.2192 0.0 -12.2192 -0 -12.2192 0 -12.2192 -0 -12.2192 0 -12.2192 -0 -12.2192 0 -12.2192 -0 -12.2192 0 -12.2192 -0 -12.2192 0 -12.2192 -0 -12.2192 0 -12.2192 -0 
-12.1391 0.0 -12.1391 -0 -12.1391 0 -12.1391 -0 -12.1391 0 -12.1391 -0 -12.1391 0 -12.1391 -0 -12.1391 0 -12.1391 -0 -12.1391 0 -12.1391 -0 -12.1391 0 -12.1391 -0 
-12.0589 0.0 -12.0589 -0 -12.0589 0 -12.0589 -0 -12.0589 0 -12.0589 -0 -12.0589 0 -12.0589 -0 -12.0589 0 -12.0589 -0 -12.0589 0 -12.0589 -0 -12.0589 0 -12.0589 -0 
-11.9787 0.0 -11.9787 -0 -11.9787 0 -11.9787 -0 -11.9787 0 -11.9787 -0 -11.9787 0 -11.9787 -0 -11.9787 0 -11.9787 -0 -11.9787 0 -11.9787 -0 -11.9787 0 -11.9787 -0 
-11.8986 0.0 -11.8986 -0 -11.8986 0 -11.8986 -0 -11.8986 0 -11.8986 -0 -11.8986 0 -11.8986 -0 -11.8986 0 -11.8986 -0 -11.8986 0 -11.8986 -0 -11.8986 0 -11.8986 -0 
-11.8184 0.0 -11.8184 -0 -11.8184 0 -11.8184 -0 -11.8184 0 -11.8184 -0 -11.8184 0 -11.8184 -0 -11.8184 0 -11.8184 -0 -11.8184 0 -11.8184 -0 -11.8184 0 -11.8184 -0 
-11.7383 0.0 -11.7383 -0 -11.7383 0 -11.7383 -0 -11.7383 0 -11.7383 -0 -11.7383 0 -11.7383 -0 -11.7383 0 -11.7383 -0 -11.7383 0 -11.7383 -0 -11.7383 0 -11.7383 -0 
-11.6581 0.0 -11.6581 -0 -11.6581 0 -11.6581 -0 -11.6581 0 -11.6581 -0 -11.6581 0 -11.6581 -0 -11.6581 0 -11.6581 -0 -11.6581 0 -11.6581 -0 -11.6581 0 -11.6581 -0 
-11.5779 0.0 -11.5779 -0 -11.5779 0 -11.5779 -0 -11.5779 0 -11.5779 -0 -11.5779 0 -11.5779 -0 -11.5779 0 -11.5779 -0 -11.5779 0 -11.5779 -0 -11.5779 0 -11.5779 -0 
-11.4978 0.0 -11.4978 -0 -11.4978 0 -11.4978 -0 -11.4978 0 -11.4978 -0 -11.4978 0 -11.4978 -0 -11.4978 0 -11.4978 -0 -11.4978 0 -11.4978 -0 -11.4978 0 -11.4978 -0 
-11.4176 0.0 -11.4176 -0 -11.4176 0 -11.4176 -0 -11.4176 0 -11.4176 -0 -11.4176 0 -11.4176 -0 -11.4176 0 -11.4176 -0 -11.4176 0 -11.4176 -0 -11.4176 0 -11.4176 -0 
-11.3374 0.0 -11.3374 -0 -11.3374 0 -11.3374 -0 -11.3374 0 -11.3374 -0 -11.3374 0 -11.3374 -0 -11.3374 0 -11.3374 -0 -11.3374 0 -11.3374 -0 -11.3374 0 -11.3374 -0 
-11.2573 0.0 -11.2573 -0 -11.2573 0 -11.2573 -0 -11.2573 0 -11.2573 -0 -11.2573 0 -11.2573 -0 -11.2573 0 -11.2573 -0 -11.2573 0 -11.2573 -0 -11.2573 0 -11.2573 -0 
-11.1771 0.0 -11.1771 -0 -11.1771 0 -11.1771 -0 -11.1771 0 -11.1771 -0 -11.1771 0 -11.1771 -0 -11.1771 0 -11.1771 -0 -11.1771 0 -11.1771 -0 -11.1771 0 -11.1771 -0 
-11.097 0.0 -11.097 -0 -11.097 0 -11.097 -0 -11.097 0 -11.097 -0 -11.097 0 -11.097 -0 -11.097 0 -11.097 -0 -11.097 0 -11.097 -0 -11.097 0 -11.097 -0 
-11.0168 0.0 -11.0168 -0 -11.0168 0 -11.0168 -0 -11.0168 0 -11.0168 -0 -11.0168 0 -11.0168 -0 -11.0168 0 -11.0168 -0 -11.0168 0 -11.0168 -0 -11.0168 0 -11.0168 -0 
-10.9366 0.0001 -10.9366 -0 -10.9366 0 -10.9366 -0 -10.9366 0 -10.9366 -0 -10.9366 0 -10.9366 -0 -10.9366 0 -10.9366 -0 -10.9366 0 -10.9366 -0 -10.9366 0 -10.9366 -0 
-10.8565 0.0005 -10.8565 -0 -10.8565 0 -10.8565 -0 -10.8565 0 -10.8565 -0 -10.8565 0 -10.8565 -0 -10.8565 0 -10.8565 -0 -10.8565 0 -10.8565 -0 -10.8565 0 -10.8565 -0 
-10.7763 0.0032 -10.7763 -0 -10.7763 0 -10.7763 -0 -10.7763 0 -10.7763 -0 -10.7763 0 -10.7763 -0 -10.7763 0 -10.7763 -0 -10.7763 0 -10.7763 -0 -10.7763 0 -10.7763 -0 
-10.6962 0.0159 -10.6962 -0.0001 -10.6962 0 -10.6962 -0 -10.6962 0 -10.6962 -0 -10.6962 0 -10.6962 -0 -10.6962 0 -10.6962 -0 -10.6962 0 -10.6962 -0 -10.6962 0 -10.6962 -0 
-10.616 0.0592 -10.616 -0.0009 -10.616 0.0001 -10.616 -0 -10.616 0 -10.616 -0 -10.616 0 -10.616 -0 -10.616 0 -10.616 -0 -10.616 0.0001 -10.616 -0 -10.616 0 -10.616 -0 
-10.5358 0.1694 -10.5358 -0.0069 -10.5358 0.0002 -10.5358 -0 -10.5358 0.0001 -10.5358 -0 -10.5358 0 -10.5358 -0 -10.5358 0 -10.5358 -0 -10.5358 0.0001 -10.5358 -0 -10.5358 0 -10.5358 -0 
-10.4557 0.3809 -10.4557 -0.038 -10.4557 0.0007 -10.4557 -0.0002 -10.4557 0.0001 -10.4557 -0.0001 -10.4557 0.0001 -10.4557 -0 -10.4557 0.0001 -10.4557 -0.0001 -10.4557 0.0003 -10.4557 -0 -10.4557 0.0001 -10.4557 -0 
-10.3755 0.6958 -10.3755 -0.1543 -10.3755 0.0014 -10.3755 -0.0012 -10.3755 0.0003 -10.3755 -0.0003 -10.3755 0.0002 -10.3755 -0.0002 -10.3755 0.0002 -10.3755 -0.0003 -10.3755 0.0005 -10.3755 -0.0002 -10.3755 0.0002 -10.3755 -0.0002 
-10.2954 1.0812 -10.2954 -0.4673 -10.2954 0.0025 -10.2954 -0.0032 -10.2954 0.0006 -10.2954 -0.0008 -10.2954 0.0003 -10.2954 -0.0005 -10.2954 0.0005 -10.2954 -0.0008 -10.2954 0.0007 -10.2954 -0.0006 -10.2954 0.0004 -10.2954 -0.0005 
-10.2152 1.5098 -10.2152 -1.0671 -10.2152 0.0038 -10.2152 -0.0073 -10.2152 0.001 -10.2152 -0.0017 -10.2152 0.0005 -10.2152 -0.0012 -10.2152 0.0008 -10.2152 -0.0017 -10.2152 0.0008 -10.2152 -0.0016 -10.2152 0.0007 -10.2152 -0.0011 
-10.135 2.0016 -10.135 -1.8809 -10.135 0.0053 -10.135 -0.0127 -10.135 0.0015 -10.135 -0.0029 -10.135 0.0008 -10.135 -0.002 -10.135 0.0012 -10.135 -0.0028 -10.135 0.0008 -10.135 -0.003 -10.135 0.001 -10.135 -0.002 
-10.0549 2.6398 -10.0549 -2.6795 -10.0549 0.0067 -10.0549 -0.0179 -10.0549 0.0021 -10.0549 -0.0039 -10.0549 0.0009 -10.0549 -0.0027 -10.0549 0.0015 -10.0549 -0.0036 -10.0549 0.0008 -10.0549 -0.0048 -10.0549 0.0014 -10.0549 -0.0029 
-9.97472 3.5636 -9.97472 -3.3154 -9.97472 0.0087 -9.97472 -0.0232 -9.97472 0.003 -9.97472 -0.0047 -9.97472 0.0011 -9.97472 -0.0035 -9.97472 0.0018 -9.97472 -0.0039 -9.97472 0.0008 -9.97472 -0.007 -9.97472 0.002 -9.97472 -0.0041 
-9.89462 4.8871 -9.89462 -3.8096 -9.89462 0.011 -9.89462 -0.0284 -9.89462 0.004 -9.89462 -0.0052 -9.89462 0.0013 -9.89462 -0.0045 -9.89462 0.0019 -9.89462 -0.0038 -9.89462 0.0011 -9.89462 -0.0092 -9.89462 0.0027 -9.89462 -0.0057 
-9.81442 6.5434 -9.81442 -4.1177 -9.81442 0.0133 -9.81442 -0.0323 -9.81442 0.0049 -9.81442 -0.0057 -9.81442 0.0015 -9.81442 -0.0053 -9.81442 0.0021 -9.81442 -0.0036 -9.81442 0.0014 -9.81442 -0.0105 -9.81442 0.0034 -9.81442 -0.0072 
-9.73422 8.2397 -9.73422 -4.1217 -9.73422 0.015 -9.73422 -0.0329 -9.73422 0.0053 -9.73422 -0.0064 -9.73422 0.0018 -9.73422 -0.0052 -9.73422 0.0023 -9.73422 -0.0032 -9.73422 0.0019 -9.73422 -0.0102 -9.73422 0.0037 -9.73422 -0.0079 
-9.65412 9.6364 -9.65412 -3.9366 -9.65412 0.0153 -9.65412 -0.0366 -9.65412 0.0049 -9.65412 -0.0087 -9.65412 0.0022 -9.65412 -0.0046 -9.65412 0.0025 -9.65412 -0.0033 -9.65412 0.0023 -9.65412 -0.0115 -9.65412 0.0034 -9.65412 -0.0085 
-9.57392 10.6075 -9.57392 -3.8277 -9.57392 0.0152 -9.57392 -0.0707 -9.57392 0.0041 -9.57392 -0.0175 -9.57392 0.0027 -9.57392 -0.0058 -9.57392 0.0028 -9.57392 -0.006 -9.57392 0.0027 -9.57392 -0.028 -9.57392 0.0029 -9.57392 -0.0134 
-9.49382 11.3637 -9.49382 -3.9123 -9.49382 0.0162 -9.49382 -0.2105 -9.49382 0.0036 -9.49382 -0.0474 -9.49382 0.0033 -9.49382 -0.0137 -9.49382 0.0032 -9.49382 -0.017 -9.49382 0.0035 -9.49382 -0.0982 -9.49382 0.0026 -9.49382 -0.0342 
-9.41362 12.3054 -9.41362 -4.4154 -9.41362 0.0191 -9.41362 -0.5924 -9.41362 0.0037 -9.41362 -0.1264 -9.41362 0.0041 -9.41362 -0.036 -9.41362 0.0037 -9.41362 -0.0458 -9.41362 0.0047 -9.41362 -0.2927 -9.41362 0.0029 -9.41362 -0.0915 
-9.33342 13.7069 -9.33342 -5.8184 -9.33342 0.0237 -9.33342 -1.321 -9.33342 0.0047 -9.33342 -0.2782 -9.33342 0.0046 -9.33342 -0.0761 -9.33342 0.0043 -9.33342 -0.0971 -9.33342 0.0062 -9.33342 -0.668 -9.33342 0.0039 -9.33342 -0.2016 
-9.25332 15.5246 -9.25332 -8.0092 -9.25332 0.0302 -9.25332 -2.2708 -9.25332 0.0065 -9.25332 -0.4803 -9.25332 0.005 -9.25332 -0.1227 -9.25332 0.005 -9.25332 -0.1574 -9.25332 0.0079 -9.25332 -1.1617 -9.25332 0.0058 -9.25332 -0.3487 
-9.17312 17.4723 -9.17312 -9.7301 -9.17312 0.0379 -9.17312 -3.0665 -9.17312 0.0088 -9.17312 -0.6628 -9.17312 0.0053 -9.17312 -0.1538 -9.17312 0.0058 -9.17312 -0.1985 -9.17312 0.0096 -9.17312 -1.56 -9.17312 0.0084 -9.17312 -0.4914 
-9.09302 19.1668 -9.09302 -9.7763 -9.09302 0.0462 -9.09302 -3.4364 -9.09302 0.0109 -9.09302 -0.7862 -9.09302 0.006 -9.09302 -0.1632 -9.09302 0.0068 -9.09302 -0.2116 -9.09302 0.0114 -9.09302 -1.6465 -9.09302 0.0111 -9.09302 -0.6289 
-9.01282 20.1894 -9.01282 -8.4776 -9.01282 0.0533 -9.01282 -3.5416 -9.01282 0.0123 -9.01282 -0.8959 -9.01282 0.007 -9.01282 -0.1875 -9.01282 0.0078 -9.01282 -0.2407 -9.01282 0.013 -9.01282 -1.3893 -9.01282 0.0132 -9.01282 -0.8282 
-8.93262 20.305 -8.93262 -7.2717 -8.93262 0.057 -8.93262 -3.7968 -8.93262 0.0125 -8.93262 -1.0451 -8.93262 0.008 -8.93262 -0.3053 -8.93262 0.0087 -8.93262 -0.3788 -8.93262 0.0137 -8.93262 -0.9492 -8.93262 0.0141 -8.93262 -1.1184 
-8.85252 19.751 -8.85252 -7.1024 -8.85252 0.0571 -8.85252 -4.3889 -8.85252 0.0119 -8.85252 -1.1787 -8.85252 0.0087 -8.85252 -0.6011 -8.85252 0.0091 -8.85252 -0.7065 -8.85252 0.0135 -8.85252 -0.5302 -8.85252 0.0139 -8.85252 -1.3724 
-8.77232 19.0319 -8.77232 -7.7786 -8.77232 0.0543 -8.77232 -5.0603 -8.77232 0.0109 -8.77232 -1.1645 -8.77232 0.0089 -8.77232 -1.0778 -8.77232 0.0091 -8.77232 -1.1811 -8.77232 0.0127 -8.77232 -0.2466 -8.77232 0.0127 -8.77232 -1.3903 
-8.69222 18.4587 -8.69222 -8.5998 -8.69222 0.0493 -8.69222 -5.3108 -8.69222 0.0097 -8.69222 -0.9482 -8.69222 0.0085 -8.69222 -1.5634 -8.69222 0.0085 -8.69222 -1.5797 -8.69222 0.0117 -8.69222 -0.1005 -8.69222 0.0109 -8.69222 -1.119 
-8.61202 18.2121 -8.61202 -9.091 -8.61202 0.0421 -8.61202 -4.7841 -8.61202 0.0083 -8.61202 -0.6238 -8.61202 0.0074 -8.61202 -1.7656 -8.61202 0.0074 -8.61202 -1.6405 -8.61202 0.0104 -8.61202 -0.0411 -8.61202 0.0086 -8.61202 -0.7131 
-8.53182 18.5815 -8.53182 -9.1959 -8.53182 0.0343 -8.53182 -3.5602 -8.53182 0.0069 -8.53182 -0.3337 -8.53182 0.0058 -8.53182 -1.5265 -8.53182 0.0059 -8.53182 -1.3118 -8.53182 0.0091 -8.53182 -0.0217 -8.53182 0.0066 -8.53182 -0.3665 
-8.45172 19.6919 -8.45172 -9.0545 -8.45172 0.028 -8.45172 -2.1317 -8.45172 0.0057 -8.45172 -0.1497 -8.45172 0.0044 -8.45172 -1.001 -8.45172 0.0046 -8.45172 -0.805 -8.45172 0.008 -8.45172 -0.0172 -8.45172 0.0053 -8.45172 -0.1588 
-8.37152 21.2537 -8.37152 -8.7197 -8.37152 0.0248 -8.37152 -1.0184 -8.37152 0.0049 -8.37152 -0.0604 -8.37152 0.0039 -8.37152 -0.4971 -8.37152 0.0039 -8.37152 -0.3806 -8.37152 0.0071 -8.37152 -0.0171 -8.37152 0.005 -8.37152 -0.0632 
-8.29142 22.9144 -8.29142 -8.2585 -8.29142 0.0243 -8.29142 -0.4068 -8.29142 0.0046 -8.29142 -0.0257 -8.29142 0.0042 -8.29142 -0.1911 -8.29142 0.0038 -8.29142 -0.1445 -8.29142 0.0065 -8.29142 -0.0185 -8.29142 0.0052 -8.29142 -0.027 
-8.21122 24.6836 -8.21122 -8.1048 -8.21122 0.0252 -8.21122 -0.1744 -8.21122 0.0045 -8.21122 -0.0161 -8.21122 0.0047 -8.21122 -0.0648 -8.21122 0.0038 -8.21122 -0.0552 -8.21122 0.0066 -8.21122 -0.0225 -8.21122 0.0056 -8.21122 -0.0158 
-8.13102 26.8513 -8.13102 -8.6969 -8.13102 0.0253 -8.13102 -0.1268 -8.13102 0.0044 -8.13102 -0.016 -8.13102 0.0046 -8.13102 -0.0305 -8.13102 0.0035 -8.13102 -0.0354 -8.13102 0.0072 -8.13102 -0.0306 -8.13102 0.0056 -8.13102 -0.0143 
-8.05092 29.46 -8.05092 -9.607 -8.05092 0.0243 -8.05092 -0.1329 -8.05092 0.0043 -8.05092 -0.0174 -8.05092 0.0039 -8.05092 -0.0257 -8.05092 0.0029 -8.05092 -0.0345 -8.05092 0.0079 -8.05092 -0.0398 -8.05092 0.0053 -8.05092 -0.0155 
-7.97072 31.8068 -7.97072 -9.9437 -7.97072 0.0219 -7.97072 -0.1321 -7.97072 0.0041 -7.97072 -0.0163 -7.97072 0.003 -7.97072 -0.0245 -7.97072 0.0023 -7.97072 -0.0321 -7.97072 0.0077 -7.97072 -0.0438 -7.97072 0.0048 -7.97072 -0.0154 
-7.89062 32.7579 -7.89062 -9.8368 -7.89062 0.0186 -7.89062 -0.1126 -7.89062 0.0038 -7.89062 -0.0132 -7.89062 0.0023 -7.89062 -0.0209 -7.89062 0.0018 -7.89062 -0.0258 -7.89062 0.0065 -7.89062 -0.0397 -7.89062 0.0042 -7.89062 -0.013 
-7.81042 31.9444 -7.81042 -10.4678 -7.81042 0.0145 -7.81042 -0.09 -7.81042 0.0032 -7.81042 -0.0107 -7.81042 0.0017 -7.81042 -0.0173 -7.81042 0.0014 -7.81042 -0.0202 -7.81042 0.0046 -7.81042 -0.0317 -7.81042 0.0036 -7.81042 -0.0101 
-7.73022 30.3027 -7.73022 -12.5019 -7.73022 0.0103 -7.73022 -0.0788 -7.73022 0.0025 -7.73022 -0.0108 -7.73022 0.0012 -7.73022 -0.0153 -7.73022 0.001 -7.73022 -0.0186 -7.73022 0.0029 -7.73022 -0.0251 -7.73022 0.0027 -7.73022 -0.009 
-7.65012 28.8484 -7.65012 -15.3892 -7.65012 0.0068 -7.65012 -0.0785 -7.65012 0.0017 -7.65012 -0.0129 -7.65012 0.0008 -7.65012 -0.0148 -7.65012 0.0007 -7.65012 -0.0202 -7.65012 0.0017 -7.65012 -0.0207 -7.65012 0.0019 -7.65012 -0.0099 
-7.56992 27.443 -7.56992 -18.0928 -7.56992 0.004 -7.56992 -0.0833 -7.56992 0.001 -7.56992 -0.0159 -7.56992 0.0005 -7.56992 -0.0149 -7.56992 0.0004 -7.56992 -0.0227 -7.56992 0.001 -7.56992 -0.0172 -7.56992 0.0011 -7.56992 -0.0126 
-7.48982 25.5901 -7.48982 -19.8404 -7.48982 0.0022 -7.48982 -0.0884 -7.48982 0.0005 -7.48982 -0.0192 -7.48982 0.0003 -7.48982 -0.0153 -7.48982 0.0002 -7.48982 -0.0241 -7.48982 0.0006 -7.48982 -0.0136 -7.48982 0.0006 -7.48982 -0.0162 
-7.40962 23.7356 -7.40962 -20.4674 -7.40962 0.0012 -7.40962 -0.0927 -7.40962 0.0003 -7.40962 -0.0228 -7.40962 0.0001 -7.40962 -0.0156 -7.40962 0.0001 -7.40962 -0.024 -7.40962 0.0004 -7.40962 -0.0104 -7.40962 0.0003 -7.40962 -0.0199 
-7.32942 22.8067 -7.32942 -20.5316 -7.32942 0.0008 -7.32942 -0.0959 -7.32942 0.0002 -7.32942 -0.0267 -7.32942 0.0001 -7.32942 -0.0154 -7.32942 0.0001 -7.32942 -0.023 -7.32942 0.0003 -7.32942 -0.0081 -7.32942 0.0001 -7.32942 -0.0227 
-7.24932 23.0517 -7.24932 -20.7386 -7.24932 0.0009 -7.24932 -0.0987 -7.24932 0.0002 -7.24932 -0.0299 -7.24932 0.0001 -7.24932 -0.0149 -7.24932 0.0001 -7.24932 -0.0221 -7.24932 0.0004 -7.24932 -0.0072 -7.24932 0.0001 -7.24932 -0.0246 
-7.16912 23.9805 -7.16912 -21.0938 -7.16912 0.0014 -7.16912 -0.0999 -7.16912 0.0003 -7.16912 -0.0311 -7.16912 0.0001 -7.16912 -0.0144 -7.16912 0.0002 -7.16912 -0.0214 -7.16912 0.0006 -7.16912 -0.0071 -7.16912 0.0002 -7.16912 -0.0259 
-7.08902 24.9315 -7.08902 -21.1081 -7.08902 0.0023 -7.08902 -0.0982 -7.08902 0.0006 -7.08902 -0.0301 -7.08902 0.0002 -7.08902 -0.0138 -7.08902 0.0004 -7.08902 -0.0205 -7.08902 0.0008 -7.08902 -0.0073 -7.08902 0.0003 -7.08902 -0.0265 
-7.00882 25.3375 -7.00882 -20.5527 -7.00882 0.004 -7.00882 -0.0949 -7.00882 0.0009 -7.00882 -0.028 -7.00882 0.0005 -7.00882 -0.0132 -7.00882 0.0008 -7.00882 -0.0197 -7.00882 0.0012 -7.00882 -0.0077 -7.00882 0.0006 -7.00882 -0.0263 
-6.92862 24.897 -6.92862 -19.486 -6.92862 0.0068 -6.92862 -0.0936 -6.92862 0.0016 -6.92862 -0.0265 -6.92862 0.001 -6.92862 -0.0128 -6.92862 0.0014 -6.92862 -0.0198 -6.92862 0.0018 -6.92862 -0.0085 -6.92862 0.001 -6.92862 -0.026 
-6.84852 23.9003 -6.84852 -18.0016 -6.84852 0.0118 -6.84852 -0.0963 -6.84852 0.0027 -6.84852 -0.0264 -6.84852 0.002 -6.84852 -0.0131 -6.84852 0.0027 -6.84852 -0.021 -6.84852 0.0026 -6.84852 -0.0097 -6.84852 0.0018 -6.84852 -0.0261 
-6.76832 23.2763 -6.76832 -16.2373 -6.76832 0.0207 -6.76832 -0.0984 -6.76832 0.0047 -6.76832 -0.0262 -6.76832 0.0039 -6.76832 -0.0137 -6.76832 0.0052 -6.76832 -0.0225 -6.76832 0.0036 -6.76832 -0.0104 -6.76832 0.0033 -6.76832 -0.0256 
-6.68822 23.9162 -6.68822 -14.2546 -6.68822 0.0352 -6.68822 -0.0959 -6.68822 0.008 -6.68822 -0.0246 -6.68822 0.0071 -6.68822 -0.0141 -6.68822 0.0094 -6.68822 -0.0235 -6.68822 0.005 -6.68822 -0.0097 -6.68822 0.0057 -6.68822 -0.024 
-6.60802 25.6896 -6.60802 -12.014 -6.60802 0.0574 -6.60802 -0.0941 -6.60802 0.0129 -6.60802 -0.0231 -6.60802 0.0119 -6.60802 -0.0149 -6.60802 0.0158 -6.60802 -0.0253 -6.60802 0.0072 -6.60802 -0.0076 -6.60802 0.0096 -6.60802 -0.0232 
-6.52782 27.3232 -6.52782 -9.7885 -6.52782 0.0883 -6.52782 -0.1035 -6.52782 0.0195 -6.52782 -0.0249 -6.52782 0.0183 -6.52782 -0.0174 -6.52782 0.0239 -6.52782 -0.029 -6.52782 0.0108 -6.52782 -0.0053 -6.52782 0.0158 -6.52782 -0.0269 
-6.44772 27.4922 -6.44772 -8.2462 -6.44772 0.1252 -6.44772 -0.13 -6.44772 0.0276 -6.44772 -0.0317 -6.44772 0.0248 -6.44772 -0.0223 -6.44772 0.0311 -6.44772 -0.0342 -6.44772 0.0171 -6.44772 -0.004 -6.44772 0.0246 -6.44772 -0.0378 
-6.36752 25.8721 -6.36752 -7.8313 -6.36752 0.1609 -6.36752 -0.1721 -6.36752 0.0355 -6.36752 -0.0434 -6.36752 0.0293 -6.36752 -0.0292 -6.36752 0.0343 -6.36752 -0.0395 -6.36752 0.0274 -6.36752 -0.0045 -6.36752 0.0344 -6.36752 -0.0555 
-6.28732 23.0825 -6.28732 -8.3459 -6.28732 0.1861 -6.28732 -0.2216 -6.28732 0.041 -6.28732 -0.0587 -6.28732 0.0299 -6.28732 -0.0367 -6.28732 0.0321 -6.28732 -0.044 -6.28732 0.0417 -6.28732 -0.007 -6.28732 0.0414 -6.28732 -0.0752 
-6.20722 20.0448 -6.20722 -9.2669 -6.20722 0.1944 -6.20722 -0.2699 -6.20722 0.0425 -6.20722 -0.0755 -6.20722 0.0271 -6.20722 -0.0448 -6.20722 0.0267 -6.20722 -0.0487 -6.20722 0.056 -6.20722 -0.0118 -6.20722 0.0421 -6.20722 -0.0891 
-6.12702 17.6132 -6.12702 -10.2708 -6.12702 0.1878 -6.12702 -0.3183 -6.12702 0.0408 -6.12702 -0.0917 -6.12702 0.0236 -6.12702 -0.0569 -6.12702 0.022 -6.12702 -0.0576 -6.12702 0.0641 -6.12702 -0.0182 -6.12702 0.0373 -6.12702 -0.0939 
-6.04692 16.3201 -6.04692 -11.3092 -6.04692 0.1744 -6.04692 -0.3798 -6.04692 0.0381 -6.04692 -0.1076 -6.04692 0.0222 -6.04692 -0.0771 -6.04692 0.0202 -6.04692 -0.0751 -6.04692 0.0622 -6.04692 -0.0254 -6.04692 0.0317 -6.04692 -0.0946 
-5.96672 15.9299 -5.96672 -12.249 -5.96672 0.1616 -5.96672 -0.4507 -5.96672 0.036 -5.96672 -0.1211 -5.96672 0.0229 -5.96672 -0.1018 -5.96672 0.0209 -5.96672 -0.0992 -5.96672 0.0534 -5.96672 -0.0325 -5.96672 0.0284 -5.96672 -0.0961 
-5.88652 15.4522 -5.88652 -12.7666 -5.88652 0.1494 -5.88652 -0.4956 -5.88652 0.0342 -5.88652 -0.1248 -5.88652 0.0233 -5.88652 -0.1175 -5.88652 0.0219 -5.88652 -0.119 -5.88652 0.043 -5.88652 -0.0397 -5.88652 0.027 -5.88652 -0.0946 
-5.80642 14.0982 -5.80642 -12.7964 -5.80642 0.1346 -5.80642 -0.48 -5.80642 0.0317 -5.80642 -0.1124 -5.80642 0.0217 -5.80642 -0.1139 -5.80642 0.0221 -5.80642 -0.1231 -5.80642 0.0339 -5.80642 -0.0475 -5.80642 0.0252 -5.80642 -0.0831 
-5.72622 12.1165 -5.72622 -12.8823 -5.72622 0.1181 -5.72622 -0.4096 -5.72622 0.0285 -5.72622 -0.0883 -5.72622 0.0188 -5.72622 -0.094 -5.72622 0.0214 -5.72622 -0.1092 -5.72622 0.0272 -5.72622 -0.0551 -5.72622 0.0222 -5.72622 -0.063 
-5.64612 10.4025 -5.64612 -13.8542 -5.64612 0.1046 -5.64612 -0.3233 -5.64612 0.0248 -5.64612 -0.0637 -5.64612 0.0166 -5.64612 -0.0705 -5.64612 0.0204 -5.64612 -0.0853 -5.64612 0.024 -5.64612 -0.0609 -5.64612 0.0188 -5.64612 -0.0429 
-5.56592 9.6232 -5.56592 -16.1062 -5.56592 0.0966 -5.56592 -0.2544 -5.56592 0.0209 -5.56592 -0.0462 -5.56592 0.0161 -5.56592 -0.0526 -5.56592 0.0199 -5.56592 -0.0619 -5.56592 0.0241 -5.56592 -0.0643 -5.56592 0.0156 -5.56592 -0.0294 
-5.48572 9.9725 -5.48572 -19.1658 -5.48572 0.0954 -5.48572 -0.2131 -5.48572 0.0183 -5.48572 -0.0369 -5.48572 0.0175 -5.48572 -0.0418 -5.48572 0.0208 -5.48572 -0.0451 -5.48572 0.0254 -5.48572 -0.0662 -5.48572 0.0134 -5.48572 -0.0231 
-5.40562 11.3298 -5.40562 -22.0627 -5.40562 0.1009 -5.40562 -0.194 -5.40562 0.0188 -5.40562 -0.0334 -5.40562 0.0204 -5.40562 -0.036 -5.40562 0.0236 -5.40562 -0.0356 -5.40562 0.025 -5.40562 -0.067 -5.40562 0.0131 -5.40562 -0.022 
-5.32542 13.3383 -5.32542 -24.1095 -5.32542 0.1124 -5.32542 -0.1888 -5.32542 0.0235 -5.32542 -0.0334 -5.32542 0.0239 -5.32542 -0.0345 -5.32542 0.0278 -5.32542 -0.0319 -5.32542 0.0219 -5.32542 -0.0648 -5.32542 0.0153 -5.32542 -0.0242 
-5.24532 15.5902 -5.24532 -25.0803 -5.24532 0.1282 -5.24532 -0.1926 -5.24532 0.031 -5.24532 -0.0356 -5.24532 0.0276 -5.24532 -0.0379 -5.24532 0.0318 -5.24532 -0.0331 -5.24532 0.017 -5.24532 -0.0577 -5.24532 0.0208 -5.24532 -0.0283 
-5.16512 17.8762 -5.16512 -24.8991 -5.16512 0.1486 -5.16512 -0.203 -5.16512 0.0396 -5.16512 -0.0391 -5.16512 0.0318 -5.16512 -0.0457 -5.16512 0.0343 -5.16512 -0.0383 -5.16512 0.0125 -5.16512 -0.0469 -5.16512 0.0304 -5.16512 -0.033 
-5.08492 19.9609 -5.08492 -23.7459 -5.08492 0.174 -5.08492 -0.2187 -5.08492 0.0472 -5.08492 -0.0436 -5.08492 0.0371 -5.08492 -0.0561 -5.08492 0.0354 -5.08492 -0.0455 -5.08492 0.0103 -5.08492 -0.0361 -5.08492 0.044 -5.08492 -0.0374 
-5.00482 21.189 -5.00482 -22.2308 -5.00482 0.1966 -5.00482 -0.2368 -5.00482 0.0514 -5.00482 -0.0487 -5.00482 0.0419 -5.00482 -0.0661 -5.00482 0.0348 -5.00482 -0.0526 -5.00482 0.0111 -5.00482 -0.0287 -5.00482 0.0574 -5.00482 -0.0407 
-4.92462 20.9899 -4.92462 -20.896 -4.92462 0.2075 -4.92462 -0.2499 -4.92462 0.0506 -4.92462 -0.0526 -4.92462 0.0435 -4.92462 -0.0714 -4.92462 0.0325 -4.92462 -0.0571 -4.92462 0.0155 -4.92462 -0.0266 -4.92462 0.0654 -4.92462 -0.0422 
-4.84452 19.8099 -4.84452 -19.784 -4.84452 0.2075 -4.84452 -0.2497 -4.84452 0.0466 -4.84452 -0.0536 -4.84452 0.041 -4.84452 -0.0682 -4.84452 0.0296 -4.84452 -0.0565 -4.84452 0.0228 -4.84452 -0.0298 -4.84452 0.0675 -4.84452 -0.0416 
-4.76432 18.8034 -4.76432 -18.8283 -4.76432 0.2052 -4.76432 -0.2384 -4.76432 0.0427 -4.76432 -0.0523 -4.76432 0.0368 -4.76432 -0.0571 -4.76432 0.0274 -4.76432 -0.0508 -4.76432 0.0315 -4.76432 -0.0371 -4.76432 0.0668 -4.76432 -0.0411 
-4.68412 18.6296 -4.68412 -18.2978 -4.68412 0.2026 -4.68412 -0.231 -4.68412 0.0394 -4.68412 -0.0525 -4.68412 0.0332 -4.68412 -0.0438 -4.68412 0.0267 -4.68412 -0.0435 -4.68412 0.04 -4.68412 -0.0466 -4.68412 0.0633 -4.68412 -0.0446 
-4.60402 19.1604 -4.60402 -18.4932 -4.60402 0.1964 -4.60402 -0.2397 -4.60402 0.035 -4.60402 -0.0573 -4.60402 0.0311 -4.60402 -0.0339 -4.60402 0.0272 -4.60402 -0.0386 -4.60402 0.0478 -4.60402 -0.0564 -4.60402 0.0553 -4.60402 -0.0535 
-4.52382 20.0443 -4.52382 -19.2791 -4.52382 0.1877 -4.52382 -0.2645 -4.52382 0.0291 -4.52382 -0.066 -4.52382 0.0303 -4.52382 -0.0294 -4.52382 0.0288 -4.52382 -0.0378 -4.52382 0.0554 -4.52382 -0.0661 -4.52382 0.0441 -4.52382 -0.0652 
-4.44372 20.9416 -4.44372 -20.3094 -4.44372 0.1805 -4.44372 -0.2986 -4.44372 0.0235 -4.44372 -0.0745 -4.44372 0.0298 -4.44372 -0.0297 -4.44372 0.0304 -4.44372 -0.0415 -4.44372 0.0626 -4.44372 -0.0787 -4.44372 0.0342 -4.44372 -0.0742 
-4.36352 21.5571 -4.36352 -21.5509 -4.36352 0.1742 -4.36352 -0.3403 -4.36352 0.0199 -4.36352 -0.0797 -4.36352 0.028 -4.36352 -0.0343 -4.36352 0.03 -4.36352 -0.0495 -4.36352 0.0685 -4.36352 -0.0994 -4.36352 0.0278 -4.36352 -0.0774 
-4.28332 21.8908 -4.28332 -23.1561 -4.28332 0.1659 -4.28332 -0.3915 -4.28332 0.0184 -4.28332 -0.0821 -4.28332 0.0242 -4.28332 -0.0425 -4.28332 0.0269 -4.28332 -0.0607 -4.28332 0.0724 -4.28332 -0.1298 -4.28332 0.024 -4.28332 -0.0764 
-4.20322 22.2115 -4.20322 -24.8546 -4.20322 0.1584 -4.20322 -0.4471 -4.20322 0.0194 -4.20322 -0.084 -4.20322 0.0207 -4.20322 -0.0529 -4.20322 0.0238 -4.20322 -0.0727 -4.20322 0.0722 -4.20322 -0.1614 -4.20322 0.0223 -4.20322 -0.0761 
-4.12302 22.6594 -4.12302 -25.9547 -4.12302 0.1576 -4.12302 -0.4922 -4.12302 0.0231 -4.12302 -0.0863 -4.12302 0.0202 -4.12302 -0.063 -4.12302 0.0248 -4.12302 -0.0822 -4.12302 0.066 -4.12302 -0.1805 -4.12302 0.0235 -4.12302 -0.0802 
-4.04292 23.0944 -4.04292 -26.0972 -4.04292 0.1672 -4.04292 -0.5127 -4.04292 0.029 -4.04292 -0.0884 -4.04292 0.0239 -4.04292 -0.07 -4.04292 0.0312 -4.04292 -0.0865 -4.04292 0.0548 -4.04292 -0.1792 -4.04292 0.0283 -4.04292 -0.0886 
-3.96272 23.2973 -3.96272 -25.6229 -3.96272 0.1829 -3.96272 -0.5051 -3.96272 0.0346 -3.96272 -0.0886 -3.96272 0.0307 -3.96272 -0.0723 -3.96272 0.0405 -3.96272 -0.0837 -3.96272 0.0423 -3.96272 -0.1625 -3.96272 0.0348 -3.96272 -0.098 
-3.88252 23.1589 -3.88252 -25.0618 -3.88252 0.197 -3.88252 -0.4737 -3.88252 0.0374 -3.88252 -0.0857 -3.88252 0.0393 -3.88252 -0.0691 -3.88252 0.0491 -3.88252 -0.0742 -3.88252 0.0323 -3.88252 -0.1414 -3.88252 0.0389 -3.88252 -0.1033 
-3.80242 22.7306 -3.80242 -24.5713 -3.80242 0.206 -3.80242 -0.4242 -3.80242 0.0363 -3.80242 -0.0794 -3.80242 0.0498 -3.80242 -0.0612 -3.80242 0.0554 -3.80242 -0.0609 -3.80242 0.0264 -3.80242 -0.1226 -3.80242 0.0381 -3.80242 -0.1001 
-3.72222 22.1428 -3.72222 -23.9701 -3.72222 0.2127 -3.72222 -0.3651 -3.72222 0.0327 -3.72222 -0.0714 -3.72222 0.062 -3.72222 -0.0511 -3.72222 0.0596 -3.72222 -0.0484 -3.72222 0.0245 -3.72222 -0.1058 -3.72222 0.0339 -3.72222 -0.0884 
-3.64212 21.4456 -3.64212 -23.1568 -3.64212 0.2177 -3.64212 -0.3089 -3.64212 0.0284 -3.64212 -0.0631 -3.64212 0.0735 -3.64212 -0.0431 -3.64212 0.0611 -3.64212 -0.0405 -3.64212 0.0251 -3.64212 -0.089 -3.64212 0.0296 -3.64212 -0.0732 
-3.56192 20.6066 -3.56192 -22.4391 -3.56192 0.2148 -3.56192 -0.2678 -3.56192 0.0243 -3.56192 -0.0556 -3.56192 0.0799 -3.56192 -0.0406 -3.56192 0.0586 -3.56192 -0.0381 -3.56192 0.0257 -3.56192 -0.0728 -3.56192 0.0263 -3.56192 -0.0607 
-3.48172 19.7081 -3.48172 -22.3456 -3.48172 0.1986 -3.48172 -0.2468 -3.48172 0.0211 -3.48172 -0.0496 -3.48172 0.0774 -3.48172 -0.0436 -3.48172 0.0521 -3.48172 -0.0394 -3.48172 0.0242 -3.48172 -0.0597 -3.48172 0.0238 -3.48172 -0.0545 
-3.40162 19.043 -3.40162 -23.0148 -3.40162 0.1718 -3.40162 -0.2399 -3.40162 0.0195 -3.40162 -0.0461 -3.40162 0.0662 -3.40162 -0.0484 -3.40162 0.0434 -3.40162 -0.0408 -3.40162 0.0208 -3.40162 -0.0508 -3.40162 0.0219 -3.40162 -0.0538 
-3.32142 18.9704 -3.32142 -23.9762 -3.32142 0.1445 -3.32142 -0.235 -3.32142 0.0201 -3.32142 -0.0451 -3.32142 0.0509 -3.32142 -0.0504 -3.32142 0.0347 -3.32142 -0.0398 -3.32142 0.0172 -3.32142 -0.0444 -3.32142 0.0216 -3.32142 -0.0553 
-3.24132 19.6743 -3.24132 -24.6978 -3.24132 0.1251 -3.24132 -0.2214 -3.24132 0.0223 -3.24132 -0.045 -3.24132 0.0371 -3.24132 -0.0468 -3.24132 0.0277 -3.24132 -0.0356 -3.24132 0.0151 -3.24132 -0.039 -3.24132 0.0229 -3.24132 -0.055 
-3.16112 21.0108 -3.16112 -25.111 -3.16112 0.1147 -3.16112 -0.1958 -3.16112 0.0246 -3.16112 -0.0427 -3.16112 0.0278 -3.16112 -0.0387 -3.16112 0.0229 -3.16112 -0.0293 -3.16112 0.0148 -3.16112 -0.035 -3.16112 0.0246 -3.16112 -0.0501 
-3.08092 22.5897 -3.08092 -25.4369 -3.08092 0.1097 -3.08092 -0.1643 -3.08092 0.0253 -3.08092 -0.0367 -3.08092 0.0231 -3.08092 -0.0295 -3.08092 0.0204 -3.08092 -0.0228 -3.08092 0.0156 -3.08092 -0.0339 -3.08092 0.0253 -3.08092 -0.0414 
-3.00082 23.96 -3.00082 -25.7365 -3.00082 0.1056 -3.00082 -0.1375 -3.00082 0.0244 -3.00082 -0.0288 -3.00082 0.021 -3.00082 -0.023 -3.00082 0.0192 -3.00082 -0.0181 -3.00082 0.0166 -3.00082 -0.0357 -3.00082 0.0244 -3.00082 -0.0319 
-2.92062 24.6646 -2.92062 -25.7982 -2.92062 0.1005 -2.92062 -0.1201 -2.92062 0.0226 -2.92062 -0.0217 -2.92062 0.0196 -2.92062 -0.0207 -2.92062 0.0184 -2.92062 -0.0162 -2.92062 0.0174 -2.92062 -0.0372 -2.92062 0.0225 -2.92062 -0.0243 
-2.84052 24.4115 -2.84052 -25.4262 -2.84052 0.0936 -2.84052 -0.1086 -2.84052 0.0207 -2.84052 -0.0166 -2.84052 0.0175 -2.84052 -0.0216 -2.84052 0.017 -2.84052 -0.0165 -2.84052 0.0183 -2.84052 -0.035 -2.84052 0.0201 -2.84052 -0.0189 
-2.76032 23.5155 -2.76032 -24.7678 -2.76032 0.0866 -2.76032 -0.0975 -2.76032 0.019 -2.76032 -0.0131 -2.76032 0.0148 -2.76032 -0.0231 -2.76032 0.015 -2.76032 -0.0176 -2.76032 0.0199 -2.76032 -0.0286 -2.76032 0.0179 -2.76032 -0.0151 
-2.68012 22.8762 -2.68012 -24.2104 -2.68012 0.0838 -2.68012 -0.0853 -2.68012 0.0184 -2.68012 -0.0109 -2.68012 0.0126 -2.68012 -0.0232 -2.68012 0.0133 -2.68012 -0.0178 -2.68012 0.0228 -2.68012 -0.021 -2.68012 0.0167 -2.68012 -0.0124 
-2.60002 23.1197 -2.60002 -23.9199 -2.60002 0.0878 -2.60002 -0.0725 -2.60002 0.0192 -2.60002 -0.0094 -2.60002 0.0122 -2.60002 -0.0211 -2.60002 0.013 -2.60002 -0.0163 -2.60002 0.0264 -2.60002 -0.0151 -2.60002 0.017 -2.60002 -0.0106 
-2.51982 23.9482 -2.51982 -23.6415 -2.51982 0.0957 -2.51982 -0.0592 -2.51982 0.021 -2.51982 -0.0081 -2.51982 0.0136 -2.51982 -0.0172 -2.51982 0.0139 -2.51982 -0.0134 -2.51982 0.0292 -2.51982 -0.0116 -2.51982 0.018 -2.51982 -0.0089 
-2.43972 24.5498 -2.43972 -23.0364 -2.43972 0.1028 -2.43972 -0.0458 -2.43972 0.0229 -2.43972 -0.0066 -2.43972 0.0157 -2.43972 -0.0127 -2.43972 0.0154 -2.43972 -0.0099 -2.43972 0.0299 -2.43972 -0.0096 -2.43972 0.0189 -2.43972 -0.007 
-2.35952 24.4385 -2.35952 -22.112 -2.35952 0.1055 -2.35952 -0.0334 -2.35952 0.0238 -2.35952 -0.0049 -2.35952 0.0171 -2.35952 -0.0087 -2.35952 0.0163 -2.35952 -0.0067 -2.35952 0.0291 -2.35952 -0.008 -2.35952 0.0192 -2.35952 -0.0051 
-2.27932 23.7912 -2.27932 -21.2465 -2.27932 0.1028 -2.27932 -0.0236 -2.27932 0.0231 -2.27932 -0.0034 -2.27932 0.0168 -2.27932 -0.0057 -2.27932 0.0161 -2.27932 -0.0043 -2.27932 0.0277 -2.27932 -0.0067 -2.27932 0.0191 -2.27932 -0.0035 
-2.19922 23.1098 -2.19922 -20.8795 -2.19922 0.0973 -2.19922 -0.0173 -2.19922 0.0215 -2.19922 -0.0025 -2.19922 0.0151 -2.19922 -0.0037 -2.19922 0.015 -2.19922 -0.0028 -2.19922 0.0265 -2.19922 -0.0056 -2.19922 0.0192 -2.19922 -0.0027 
-2.11902 22.6251 -2.11902 -21.1826 -2.11902 0.0928 -2.11902 -0.0143 -2.11902 0.0202 -2.11902 -0.0023 -2.11902 0.0129 -2.11902 -0.0025 -2.11902 0.0137 -2.11902 -0.0018 -2.11902 0.0254 -2.11902 -0.005 -2.11902 0.0206 -2.11902 -0.0027 
-2.03892 22.1328 -2.03892 -21.8393 -2.03892 0.0916 -2.03892 -0.0131 -2.03892 0.0199 -2.03892 -0.0024 -2.03892 0.0114 -2.03892 -0.0018 -2.03892 0.0125 -2.03892 -0.0013 -2.03892 0.0241 -2.03892 -0.0047 -2.03892 0.0237 -2.03892 -0.0029 
-1.95872 21.4992 -1.95872 -22.1351 -1.95872 0.0926 -1.95872 -0.0122 -1.95872 0.0202 -1.95872 -0.0024 -1.95872 0.0109 -1.95872 -0.0014 -1.95872 0.0114 -1.95872 -0.001 -1.95872 0.0222 -1.95872 -0.0044 -1.95872 0.0279 -1.95872 -0.003 
-1.87852 21.0468 -1.87852 -21.5263 -1.87852 0.0924 -1.87852 -0.0106 -1.87852 0.0205 -1.87852 -0.0021 -1.87852 0.0112 -1.87852 -0.0012 -1.87852 0.0104 -1.87852 -0.0008 -1.87852 0.0193 -1.87852 -0.0038 -1.87852 0.031 -1.87852 -0.0027 
-1.79842 21.1096 -1.79842 -20.2201 -1.79842 0.0879 -1.79842 -0.0083 -1.79842 0.0201 -1.79842 -0.0016 -1.79842 0.0116 -1.79842 -0.0009 -1.79842 0.0096 -1.79842 -0.0007 -1.79842 0.0155 -1.79842 -0.0031 -1.79842 0.0311 -1.79842 -0.002 
-1.71822 21.433 -1.71822 -18.9778 -1.71822 0.0785 -1.71822 -0.0062 -1.71822 0.0184 -1.71822 -0.0011 -1.71822 0.0117 -1.71822 -0.0007 -1.71822 0.0091 -1.71822 -0.0006 -1.71822 0.0116 -1.71822 -0.0024 -1.71822 0.0277 -1.71822 -0.0014 
-1.63802 21.4464 -1.63802 -18.2549 -1.63802 0.0654 -1.63802 -0.0047 -1.63802 0.0153 -1.63802 -0.0008 -1.63802 0.0113 -1.63802 -0.0005 -1.63802 0.0087 -1.63802 -0.0005 -1.63802 0.0083 -1.63802 -0.0019 -1.63802 0.0218 -1.63802 -0.001 
-1.55792 20.9517 -1.55792 -17.7813 -1.55792 0.0513 -1.55792 -0.0039 -1.55792 0.0113 -1.55792 -0.0006 -1.55792 0.0105 -1.55792 -0.0004 -1.55792 0.0081 -1.55792 -0.0004 -1.55792 0.0061 -1.55792 -0.0017 -1.55792 0.0153 -1.55792 -0.0008 
-1.47772 20.1582 -1.47772 -17.0612 -1.47772 0.039 -1.47772 -0.0033 -1.47772 0.008 -1.47772 -0.0005 -1.47772 0.0092 -1.47772 -0.0003 -1.47772 0.007 -1.47772 -0.0003 -1.47772 0.0046 -1.47772 -0.0016 -1.47772 0.0102 -1.47772 -0.0006 
-1.39762 19.2667 -1.39762 -15.9866 -1.39762 0.0293 -1.39762 -0.0027 -1.39762 0.0058 -1.39762 -0.0004 -1.39762 0.0073 -1.39762 -0.0002 -1.39762 0.0054 -1.39762 -0.0002 -1.39762 0.0038 -1.39762 -0.0014 -1.39762 0.007 -1.39762 -0.0005 
-1.31742 18.3591 -1.31742 -14.8152 -1.31742 0.0225 -1.31742 -0.0023 -1.31742 0.0046 -1.31742 -0.0002 -1.31742 0.0053 -1.31742 -0.0002 -1.31742 0.0039 -1.31742 -0.0002 -1.31742 0.0035 -1.31742 -0.0014 -1.31742 0.0052 -1.31742 -0.0003 
-1.23722 17.5338 -1.23722 -13.7441 -1.23722 0.0182 -1.23722 -0.002 -1.23722 0.0038 -1.23722 -0.0001 -1.23722 0.0038 -1.23722 -0.0002 -1.23722 0.0029 -1.23722 -0.0002 -1.23722 0.0036 -1.23722 -0.0013 -1.23722 0.0041 -1.23722 -0.0002 
-1.15712 16.9119 -1.15712 -12.7253 -1.15712 0.0155 -1.15712 -0.0018 -1.15712 0.0031 -1.15712 -0.0001 -1.15712 0.0029 -1.15712 -0.0002 -1.15712 0.0025 -1.15712 -0.0002 -1.15712 0.0039 -1.15712 -0.0012 -1.15712 0.0031 -1.15712 -0.0001 
-1.07692 16.5114 -1.07692 -11.7055 -1.07692 0.0139 -1.07692 -0.0016 -1.07692 0.0025 -1.07692 -0.0001 -1.07692 0.0025 -1.07692 -0.0002 -1.07692 0.0025 -1.07692 -0.0002 -1.07692 0.004 -1.07692 -0.001 -1.07692 0.0024 -1.07692 -0.0001 
-0.996821 16.194 -0.996821 -10.8077 -0.996821 0.0126 -0.996821 -0.0013 -0.996821 0.002 -0.996821 -0.0001 -0.996821 0.0023 -0.996821 -0.0002 -0.996821 0.0027 -0.996821 -0.0002 -0.996821 0.0036 -0.996821 -0.0007 -0.996821 0.002 -0.996821 -0.0001 
-0.916621 15.8078 -0.916621 -10.1183 -0.916621 0.0113 -0.916621 -0.0011 -0.916621 0.0016 -0.916621 -0.0001 -0.916621 0.0022 -0.916621 -0.0002 -0.916621 0.0029 -0.916621 -0.0001 -0.916621 0.003 -0.916621 -0.0006 -0.916621 0.0016 -0.916621 -0.0001 
-0.836421 15.3612 -0.836421 -9.4925 -0.836421 0.0099 -0.836421 -0.0007 -0.836421 0.0013 -0.836421 -0.0001 -0.836421 0.0021 -0.836421 -0.0001 -0.836421 0.003 -0.836421 -0.0001 -0.836421 0.0023 -0.836421 -0.0004 -0.836421 0.0012 -0.836421 -0 
-0.756321 14.9445 -0.756321 -8.7575 -0.756321 0.0087 -0.756321 -0.0005 -0.756321 0.001 -0.756321 -0 -0.756321 0.0021 -0.756321 -0.0001 -0.756321 0.003 -0.756321 -0.0001 -0.756321 0.0018 -0.756321 -0.0003 -0.756321 0.0008 -0.756321 -0 
-0.676121 14.5191 -0.676121 -7.989 -0.676121 0.0084 -0.676121 -0.0005 -0.676121 0.0008 -0.676121 -0 -0.676121 0.0024 -0.676121 -0.0001 -0.676121 0.0031 -0.676121 -0.0001 -0.676121 0.0015 -0.676121 -0.0003 -0.676121 0.0006 -0.676121 -0 
-0.596021 13.9258 -0.596021 -7.3885 -0.596021 0.0087 -0.596021 -0.0005 -0.596021 0.0007 -0.596021 -0 -0.596021 0.0028 -0.596021 -0.0001 -0.596021 0.0033 -0.596021 -0.0001 -0.596021 0.0013 -0.596021 -0.0003 -0.596021 0.0006 -0.596021 -0 
-0.515821 13.072 -0.515821 -6.8827 -0.515821 0.0092 -0.515821 -0.0007 -0.515821 0.0007 -0.515821 -0 -0.515821 0.0033 -0.515821 -0.0001 -0.515821 0.0035 -0.515821 -0.0002 -0.515821 0.0011 -0.515821 -0.0004 -0.515821 0.0006 -0.515821 -0 
-0.435621 12.022 -0.435621 -6.045 -0.435621 0.0098 -0.435621 -0.0008 -0.435621 0.0008 -0.435621 -0 -0.435621 0.0037 -0.435621 -0.0001 -0.435621 0.0037 -0.435621 -0.0002 -0.435621 0.0009 -0.435621 -0.0005 -0.435621 0.0007 -0.435621 -0 
-0.355521 11.0048 -0.355521 -4.5912 -0.355521 0.013 -0.355521 -0.0007 -0.355521 0.0015 -0.355521 -0 -0.355521 0.0046 -0.355521 -0.0001 -0.355521 0.0049 -0.355521 -0.0002 -0.355521 0.0008 -0.355521 -0.0004 -0.355521 0.0012 -0.355521 -0 
-0.275321 10.4807 -0.275321 -2.8231 -0.275321 0.0295 -0.275321 -0.0005 -0.275321 0.005 -0.275321 -0 -0.275321 0.009 -0.275321 -0.0001 -0.275321 0.0114 -0.275321 -0.0001 -0.275321 0.0007 -0.275321 -0.0003 -0.275321 0.0034 -0.275321 -0 
-0.195221 11.007 -0.195221 -1.3512 -0.195221 0.0906 -0.195221 -0.0002 -0.195221 0.0176 -0.195221 -0 -0.195221 0.0253 -0.195221 -0 -0.195221 0.0354 -0.195221 -0.0001 -0.195221 0.0009 -0.195221 -0.0001 -0.195221 0.0114 -0.195221 -0 
-0.115021 12.6914 -0.115021 -0.4959 -0.115021 0.2571 -0.115021 -0.0001 -0.115021 0.052 -0.115021 -0 -0.115021 0.07 -0.115021 -0 -0.115021 0.1005 -0.115021 -0 -0.115021 0.0013 -0.115021 -0.0001 -0.115021 0.0333 -0.115021 -0 
-0.0348214 14.7595 -0.0348214 -0.1589 -0.0348214 0.6028 -0.0348214 -0 -0.0348214 0.1238 -0.0348214 -0 -0.0348214 0.1629 -0.0348214 -0 -0.0348214 0.2342 -0.0348214 -0 -0.0348214 0.0017 -0.0348214 -0 -0.0348214 0.0802 -0.0348214 -0 
0.0452786 15.8925 0.0452786 -0.1389 0.0452786 1.1543 0.0452786 -0 0.0452786 0.2371 0.0452786 -0 0.0452786 0.3148 0.0452786 -0 0.0452786 0.4403 0.0452786 -0 0.0452786 0.0021 0.0452786 -0 0.0452786 0.16 0.0452786 -0 
0.125479 15.1829 0.125479 -0.4023 0.125479 1.8297 0.125479 -0.0003 0.125479 0.3689 0.125479 -0.0001 0.125479 0.5153 0.125479 -0 0.125479 0.673 0.125479 -0.0001 0.125479 0.0022 0.125479 -0 0.125479 0.2703 0.125479 -0.0001 
0.205579 12.8332 0.205579 -1.1216 0.205579 2.4537 0.205579 -0.0011 0.205579 0.4755 0.205579 -0.0003 0.205579 0.7301 0.205579 -0.0002 0.205579 0.8521 0.205579 -0.0003 0.205579 0.0021 0.205579 -0.0001 0.205579 0.3939 0.205579 -0.0002 
0.285779 9.8655 0.285779 -2.5211 0.285779 2.8205 0.285779 -0.0027 0.285779 0.5169 0.285779 -0.0007 0.285779 0.8967 0.285779 -0.0005 0.285779 0.912 0.285779 -0.0007 0.285779 0.0018 0.285779 -0.0003 0.285779 0.4931 0.285779 -0.0005 
0.365979 7.2053 0.365979 -4.5799 0.365979 2.7488 0.365979 -0.0052 0.365979 0.4742 0.365979 -0.0013 0.365979 0.9288 0.365979 -0.001 0.365979 0.8293 0.365979 -0.0015 0.365979 0.0017 0.365979 -0.0005 0.365979 0.5148 0.365979 -0.0009 
0.446079 5.2463 0.446079 -6.7971 0.446079 2.2024 0.446079 -0.0081 0.446079 0.359 0.446079 -0.0019 0.446079 0.7799 0.446079 -0.0016 0.446079 0.631 0.446079 -0.0025 0.446079 0.0018 0.446079 -0.0008 0.446079 0.4307 0.446079 -0.0013 
0.526279 4.0816 0.526279 -8.3738 0.526279 1.4109 0.526279 -0.0107 0.526279 0.217 0.526279 -0.0026 0.526279 0.5164 0.526279 -0.0021 0.526279 0.3957 0.526279 -0.0032 0.526279 0.0026 0.526279 -0.0011 0.526279 0.2792 0.526279 -0.0017 
0.606379 3.5809 0.606379 -8.8398 0.606379 0.7271 0.606379 -0.0119 0.606379 0.1024 0.606379 -0.0033 0.606379 0.2711 0.606379 -0.0021 0.606379 0.2105 0.606379 -0.0031 0.606379 0.0054 0.606379 -0.0013 0.606379 0.1377 0.606379 -0.0021 
0.686579 3.3239 0.686579 -8.5121 0.686579 0.3407 0.686579 -0.0121 0.686579 0.0403 0.686579 -0.0039 0.686579 0.1231 0.686579 -0.0017 0.686579 0.1102 0.686579 -0.0024 0.686579 0.0136 0.686579 -0.0016 0.686579 0.0535 0.686579 -0.0025 
0.766779 3.0215 0.766779 -8.262 0.766779 0.2413 0.766779 -0.0119 0.766779 0.0279 0.766779 -0.0041 0.766779 0.069 0.766779 -0.0013 0.766779 0.0825 0.766779 -0.0016 0.766779 0.0345 0.766779 -0.0021 0.766779 0.0274 0.766779 -0.0028 
0.846879 2.9378 0.846879 -8.8828 0.846879 0.4091 0.846879 -0.0121 0.846879 0.0701 0.846879 -0.0038 0.846879 0.0889 0.846879 -0.0012 0.846879 0.1206 0.846879 -0.0012 0.846879 0.0742 0.846879 -0.0028 0.846879 0.0553 0.846879 -0.0031 
0.927079 3.5521 0.927079 -10.5914 0.927079 0.9296 0.927079 -0.0131 0.927079 0.2038 0.927079 -0.0033 0.927079 0.1924 0.927079 -0.0015 0.927079 0.2424 0.927079 -0.0014 0.927079 0.1291 0.927079 -0.0037 0.927079 0.1619 0.927079 -0.0032 
1.00718 4.9558 1.00718 -12.9174 1.00718 1.8952 1.00718 -0.0153 1.00718 0.4706 1.00718 -0.0029 1.00718 0.3948 1.00718 -0.0022 1.00718 0.4545 1.00718 -0.0021 1.00718 0.1889 1.00718 -0.0048 1.00718 0.3864 1.00718 -0.0033 
1.08738 6.7315 1.08738 -15.1505 1.08738 3.1722 1.08738 -0.0182 1.08738 0.8378 1.08738 -0.0029 1.08738 0.6529 1.08738 -0.0032 1.08738 0.6965 1.08738 -0.0033 1.08738 0.2661 1.08738 -0.0055 1.08738 0.7189 1.08738 -0.0033 
1.16758 8.23 1.16758 -16.9964 1.16758 4.3099 1.16758 -0.0211 1.16758 1.1541 1.16758 -0.0032 1.16758 0.8408 1.16758 -0.0041 1.16758 0.8413 1.16758 -0.0045 1.16758 0.425 1.16758 -0.0057 1.16758 1.0487 1.16758 -0.0036 
1.24768 8.9397 1.24768 -18.63 1.24768 4.8362 1.24768 -0.0234 1.24768 1.2449 1.24768 -0.0036 1.24768 0.8357 1.24768 -0.0048 1.24768 0.7913 1.24768 -0.0055 1.24768 0.7471 1.24768 -0.0055 1.24768 1.2172 1.24768 -0.004 
1.32788 8.7031 1.32788 -20.1514 1.32788 4.6403 1.32788 -0.025 1.32788 1.0698 1.32788 -0.004 1.32788 0.641 1.32788 -0.0051 1.32788 0.5777 1.32788 -0.0059 1.32788 1.2098 1.32788 -0.0056 1.32788 1.142 1.32788 -0.0044 
1.40798 7.6009 1.40798 -21.2585 1.40798 3.9295 1.40798 -0.025 1.40798 0.7447 1.40798 -0.0041 1.40798 0.3817 1.40798 -0.0048 1.40798 0.3288 1.40798 -0.0056 1.40798 1.6 1.40798 -0.0059 1.40798 0.8743 1.40798 -0.0046 
1.48818 5.8516 1.48818 -21.5509 1.48818 2.9387 1.48818 -0.0237 1.48818 0.4234 1.48818 -0.004 1.48818 0.1785 1.48818 -0.0043 1.48818 0.1475 1.48818 -0.0049 1.48818 1.6447 1.48818 -0.0061 1.48818 0.5446 1.48818 -0.0044 
1.56838 3.9843 1.56838 -21.2113 1.56838 1.8778 1.56838 -0.0219 1.56838 0.1955 1.56838 -0.0039 1.56838 0.0665 1.56838 -0.0038 1.56838 0.0529 1.56838 -0.0044 1.56838 1.2909 1.56838 -0.006 1.56838 0.272 1.56838 -0.0038 
1.64848 2.7778 1.64848 -21.1658 1.64848 0.9906 1.64848 -0.0213 1.64848 0.0722 1.64848 -0.004 1.64848 0.02 1.64848 -0.0037 1.64848 0.0154 1.64848 -0.0044 1.64848 0.7762 1.64848 -0.0059 1.64848 0.1068 1.64848 -0.0033 
1.72868 2.7581 1.72868 -22.1084 1.72868 0.4385 1.72868 -0.023 1.72868 0.0211 1.72868 -0.0045 1.72868 0.0049 1.72868 -0.0041 1.72868 0.0037 1.72868 -0.005 1.72868 0.3763 1.72868 -0.0062 1.72868 0.0325 1.72868 -0.0032 
1.80878 3.8425 1.80878 -23.6354 1.80878 0.1914 1.80878 -0.0268 1.80878 0.0051 1.80878 -0.0052 1.80878 0.001 1.80878 -0.0051 1.80878 0.0008 1.80878 -0.0061 1.80878 0.1768 1.80878 -0.0068 1.80878 0.0077 1.80878 -0.0036 
1.88898 5.4647 1.88898 -24.9138 1.88898 0.1082 1.88898 -0.0307 1.88898 0.0014 1.88898 -0.0055 1.88898 0.0002 1.88898 -0.0066 1.88898 0.0002 1.88898 -0.0071 1.88898 0.1047 1.88898 -0.0073 1.88898 0.0017 1.88898 -0.0042 
1.96918 6.8894 1.96918 -25.8149 1.96918 0.0742 1.96918 -0.0345 1.96918 0.0007 1.96918 -0.0055 1.96918 0.0001 1.96918 -0.0083 1.96918 0.0001 1.96918 -0.008 1.96918 0.0727 1.96918 -0.0078 1.96918 0.0006 1.96918 -0.0049 
2.04928 7.4916 2.04928 -26.7702 2.04928 0.0466 2.04928 -0.0381 2.04928 0.0006 2.04928 -0.0056 2.04928 0.0001 2.04928 -0.0098 2.04928 0.0001 2.04928 -0.0083 2.04928 0.0453 2.04928 -0.0086 2.04928 0.0005 2.04928 -0.0058 
2.12948 7.0751 2.12948 -27.909 2.12948 0.024 2.12948 -0.041 2.12948 0.0006 2.12948 -0.006 2.12948 0.0001 2.12948 -0.0103 2.12948 0.0001 2.12948 -0.0079 2.12948 0.0227 2.12948 -0.0099 2.12948 0.0005 2.12948 -0.0069 
2.20958 6.0562 2.20958 -28.986 2.20958 0.0108 2.20958 -0.0412 2.20958 0.0006 2.20958 -0.0067 2.20958 0.0001 2.20958 -0.0092 2.20958 0.0002 2.20958 -0.0066 2.20958 0.0094 2.20958 -0.0108 2.20958 0.0005 2.20958 -0.0079 
2.28978 5.2112 2.28978 -29.9047 2.28978 0.0052 2.28978 -0.0379 2.28978 0.0006 2.28978 -0.0074 2.28978 0.0002 2.28978 -0.007 2.28978 0.0002 2.28978 -0.0047 2.28978 0.0037 2.28978 -0.0104 2.28978 0.0005 2.28978 -0.0084 
2.36998 5.2218 2.36998 -30.6975 2.36998 0.0035 2.36998 -0.032 2.36998 0.0006 2.36998 -0.0077 2.36998 0.0002 2.36998 -0.0046 2.36998 0.0002 2.36998 -0.003 2.36998 0.0019 2.36998 -0.0085 2.36998 0.0006 2.36998 -0.0082 
2.45008 6.4234 2.45008 -30.9969 2.45008 0.0029 2.45008 -0.0253 2.45008 0.0005 2.45008 -0.0073 2.45008 0.0002 2.45008 -0.0028 2.45008 0.0002 2.45008 -0.0018 2.45008 0.0013 2.45008 -0.0059 2.45008 0.0007 2.45008 -0.0075 
2.53028 8.7469 2.53028 -30.0818 2.53028 0.0031 2.53028 -0.0189 2.53028 0.0005 2.53028 -0.0061 2.53028 0.0003 2.53028 -0.0016 2.53028 0.0003 2.53028 -0.0011 2.53028 0.0013 2.53028 -0.0037 2.53028 0.0007 2.53028 -0.0064 
2.61038 11.7831 2.61038 -27.7259 2.61038 0.0032 2.61038 -0.0136 2.61038 0.0004 2.61038 -0.0046 2.61038 0.0003 2.61038 -0.0009 2.61038 0.0003 2.61038 -0.0007 2.61038 0.0017 2.61038 -0.0023 2.61038 0.0005 2.61038 -0.0051 
2.69058 15.0052 2.69058 -24.7418 2.69058 0.0039 2.69058 -0.009 2.69058 0.0003 2.69058 -0.003 2.69058 0.0004 2.69058 -0.0005 2.69058 0.0005 2.69058 -0.0004 2.69058 0.0023 2.69058 -0.0014 2.69058 0.0004 2.69058 -0.0037 
2.77078 17.9855 2.77078 -22.49 2.77078 0.0043 2.77078 -0.0053 2.77078 0.0001 2.77078 -0.0017 2.77078 0.0005 2.77078 -0.0003 2.77078 0.0006 2.77078 -0.0003 2.77078 0.0029 2.77078 -0.0008 2.77078 0.0002 2.77078 -0.0022 
2.85088 20.3493 2.85088 -21.8663 2.85088 0.0047 2.85088 -0.0026 2.85088 0.0001 2.85088 -0.0008 2.85088 0.0005 2.85088 -0.0002 2.85088 0.0007 2.85088 -0.0001 2.85088 0.0033 2.85088 -0.0004 2.85088 0.0001 2.85088 -0.0011 
2.93108 21.5699 2.93108 -22.7917 2.93108 0.0054 2.93108 -0.0011 2.93108 0.0001 2.93108 -0.0003 2.93108 0.0005 2.93108 -0.0001 2.93108 0.0007 2.93108 -0.0001 2.93108 0.004 2.93108 -0.0002 2.93108 0.0001 2.93108 -0.0004 
3.01118 21.0381 3.01118 -24.6468 3.01118 0.0064 3.01118 -0.0005 3.01118 0.0001 3.01118 -0.0001 3.01118 0.0005 3.01118 -0 3.01118 0.0006 3.01118 -0.0001 3.01118 0.0051 3.01118 -0.0002 3.01118 0.0001 3.01118 -0.0001 
3.09138 18.6015 3.09138 -26.7828 3.09138 0.0072 3.09138 -0.0005 3.09138 0.0001 3.09138 -0 3.09138 0.0004 3.09138 -0.0001 3.09138 0.0005 3.09138 -0.0001 3.09138 0.0061 3.09138 -0.0003 3.09138 0.0001 3.09138 -0 
3.17158 15.1062 3.17158 -28.3552 3.17158 0.0073 3.17158 -0.0005 3.17158 0.0001 3.17158 -0 3.17158 0.0003 3.17158 -0.0001 3.17158 0.0004 3.17158 -0.0001 3.17158 0.0064 3.17158 -0.0003 3.17158 0.0001 3.17158 -0 
3.25168 12.089 3.25168 -28.3804 3.25168 0.0067 3.25168 -0.0006 3.25168 0.0001 3.25168 -0 3.25168 0.0004 3.25168 -0.0001 3.25168 0.0004 3.25168 -0.0001 3.25168 0.0057 3.25168 -0.0004 3.25168 0.0001 3.25168 -0 
3.33188 10.5903 3.33188 -26.6578 3.33188 0.0054 3.33188 -0.0007 3.33188 0.0001 3.33188 -0 3.33188 0.0005 3.33188 -0.0001 3.33188 0.0004 3.33188 -0.0001 3.33188 0.0043 3.33188 -0.0005 3.33188 0.0001 3.33188 -0 
3.41208 10.3704 3.41208 -24.2381 3.41208 0.0042 3.41208 -0.0007 3.41208 0.0001 3.41208 -0 3.41208 0.0005 3.41208 -0.0001 3.41208 0.0004 3.41208 -0.0001 3.41208 0.0031 3.41208 -0.0005 3.41208 0.0001 3.41208 -0 
3.49218 10.4569 3.49218 -22.4178 3.49218 0.0031 3.49218 -0.0006 3.49218 0.0001 3.49218 -0 3.49218 0.0004 3.49218 -0.0001 3.49218 0.0003 3.49218 -0.0001 3.49218 0.0022 3.49218 -0.0004 3.49218 0.0001 3.49218 -0 
3.57238 10.2255 3.57238 -21.5579 3.57238 0.0025 3.57238 -0.0003 3.57238 0.0001 3.57238 -0 3.57238 0.0003 3.57238 -0 3.57238 0.0002 3.57238 -0 3.57238 0.0018 3.57238 -0.0003 3.57238 0.0001 3.57238 -0 
3.65248 9.6569 3.65248 -21.1803 3.65248 0.0027 3.65248 -0.0003 3.65248 0.0001 3.65248 -0 3.65248 0.0002 3.65248 -0 3.65248 0.0002 3.65248 -0 3.65248 0.002 3.65248 -0.0003 3.65248 0.0002 3.65248 -0 
3.73268 8.7979 3.73268 -20.7635 3.73268 0.003 3.73268 -0.0004 3.73268 0.0002 3.73268 -0 3.73268 0.0002 3.73268 -0 3.73268 0.0001 3.73268 -0 3.73268 0.0023 3.73268 -0.0004 3.73268 0.0002 3.73268 -0 
3.81288 7.5649 3.81288 -20.0486 3.81288 0.0034 3.81288 -0.0005 3.81288 0.0003 3.81288 -0 3.81288 0.0001 3.81288 -0 3.81288 0.0001 3.81288 -0 3.81288 0.0026 3.81288 -0.0005 3.81288 0.0003 3.81288 -0 
3.89298 6.1045 3.89298 -18.8037 3.89298 0.0032 3.89298 -0.0006 3.89298 0.0004 3.89298 -0.0001 3.89298 0.0001 3.89298 -0 3.89298 0.0001 3.89298 -0 3.89298 0.0024 3.89298 -0.0005 3.89298 0.0002 3.89298 -0 
3.97318 4.865 3.97318 -16.7383 3.97318 0.0028 3.97318 -0.0007 3.97318 0.0004 3.97318 -0.0001 3.97318 0.0001 3.97318 -0 3.97318 0.0001 3.97318 -0.0001 3.97318 0.002 3.97318 -0.0005 3.97318 0.0002 3.97318 -0 
4.05328 4.1972 4.05328 -13.8408 4.05328 0.0021 4.05328 -0.0006 4.05328 0.0003 4.05328 -0.0001 4.05328 0 4.05328 -0 4.05328 0.0001 4.05328 -0.0001 4.05328 0.0015 4.05328 -0.0004 4.05328 0.0002 4.05328 -0 
4.13348 4.0376 4.13348 -10.5995 4.13348 0.0016 4.13348 -0.0005 4.13348 0.0003 4.13348 -0.0001 4.13348 0 4.13348 -0 4.13348 0.0001 4.13348 -0.0001 4.13348 0.0011 4.13348 -0.0003 4.13348 0.0001 4.13348 -0 
4.21368 3.9611 4.21368 -7.6492 4.21368 0.0015 4.21368 -0.0007 4.21368 0.0003 4.21368 -0.0001 4.21368 0.0001 4.21368 -0.0001 4.21368 0.0001 4.21368 -0.0001 4.21368 0.0008 4.21368 -0.0003 4.21368 0.0002 4.21368 -0.0001 
4.29378 3.5716 4.29378 -5.2903 4.29378 0.0021 4.29378 -0.0008 4.29378 0.0006 4.29378 -0.0002 4.29378 0.0001 4.29378 -0.0001 4.29378 0.0002 4.29378 -0.0001 4.29378 0.0009 4.29378 -0.0003 4.29378 0.0003 4.29378 -0.0001 
4.37398 2.8718 4.37398 -3.5148 4.37398 0.0034 4.37398 -0.0012 4.37398 0.001 4.37398 -0.0003 4.37398 0.0002 4.37398 -0.0001 4.37398 0.0003 4.37398 -0.0002 4.37398 0.0013 4.37398 -0.0004 4.37398 0.0006 4.37398 -0.0002 
4.45408 2.1482 4.45408 -2.2913 4.45408 0.0045 4.45408 -0.0016 4.45408 0.0014 4.45408 -0.0005 4.45408 0.0002 4.45408 -0.0001 4.45408 0.0004 4.45408 -0.0002 4.45408 0.0017 4.45408 -0.0005 4.45408 0.0008 4.45408 -0.0003 
4.53428 1.5859 4.53428 -1.5773 4.53428 0.005 4.53428 -0.0019 4.53428 0.0016 4.53428 -0.0006 4.53428 0.0002 4.53428 -0.0001 4.53428 0.0005 4.53428 -0.0003 4.53428 0.0018 4.53428 -0.0006 4.53428 0.0009 4.53428 -0.0003 
4.61448 1.1919 4.61448 -1.2271 4.61448 0.0048 4.61448 -0.0022 4.61448 0.0017 4.61448 -0.0007 4.61448 0.0002 4.61448 -0.0002 4.61448 0.0005 4.61448 -0.0004 4.61448 0.0016 4.61448 -0.0006 4.61448 0.0008 4.61448 -0.0003 
4.69458 0.9533 4.69458 -1.0616 4.69458 0.0042 4.69458 -0.0023 4.69458 0.0016 4.69458 -0.0008 4.69458 0.0002 4.69458 -0.0002 4.69458 0.0005 4.69458 -0.0004 4.69458 0.0012 4.69458 -0.0006 4.69458 0.0007 4.69458 -0.0003 
4.77478 0.8745 4.77478 -0.9577 4.77478 0.0036 4.77478 -0.0022 4.77478 0.0014 4.77478 -0.0008 4.77478 0.0002 4.77478 -0.0002 4.77478 0.0004 4.77478 -0.0004 4.77478 0.001 4.77478 -0.0005 4.77478 0.0006 4.77478 -0.0003 
4.85488 0.9372 4.85488 -0.8867 4.85488 0.003 4.85488 -0.0022 4.85488 0.0012 4.85488 -0.0008 4.85488 0.0002 4.85488 -0.0002 4.85488 0.0004 4.85488 -0.0004 4.85488 0.0007 4.85488 -0.0004 4.85488 0.0005 4.85488 -0.0004 
4.93508 1.1122 4.93508 -0.9128 4.93508 0.003 4.93508 -0.0031 4.93508 0.0011 4.93508 -0.0011 4.93508 0.0002 4.93508 -0.0003 4.93508 0.0004 4.93508 -0.0005 4.93508 0.0006 4.93508 -0.0005 4.93508 0.0007 4.93508 -0.0007 
5.01528 1.3786 5.01528 -1.0889 5.01528 0.0046 5.01528 -0.0043 5.01528 0.0016 5.01528 -0.0014 5.01528 0.0005 5.01528 -0.0005 5.01528 0.0006 5.01528 -0.0007 5.01528 0.0007 5.01528 -0.0006 5.01528 0.0012 5.01528 -0.0011 
5.09538 1.7282 5.09538 -1.3702 5.09538 0.0073 5.09538 -0.0052 5.09538 0.0025 5.09538 -0.0017 5.09538 0.0008 5.09538 -0.0006 5.09538 0.001 5.09538 -0.0008 5.09538 0.0009 5.09538 -0.0008 5.09538 0.0021 5.09538 -0.0013 
5.17558 2.1839 5.17558 -1.7093 5.17558 0.0095 5.17558 -0.0056 5.17558 0.0034 5.17558 -0.0019 5.17558 0.001 5.17558 -0.0006 5.17558 0.0013 5.17558 -0.0009 5.17558 0.0011 5.17558 -0.0008 5.17558 0.0027 5.17558 -0.0014 
5.25568 2.828 5.25568 -2.1831 5.25568 0.0101 5.25568 -0.0061 5.25568 0.0038 5.25568 -0.0023 5.25568 0.001 5.25568 -0.0006 5.25568 0.0014 5.25568 -0.0009 5.25568 0.0012 5.25568 -0.0009 5.25568 0.0027 5.25568 -0.0014 
5.33588 3.741 5.33588 -2.9216 5.33588 0.009 5.33588 -0.0073 5.33588 0.0037 5.33588 -0.0031 5.33588 0.0008 5.33588 -0.0006 5.33588 0.0012 5.33588 -0.0012 5.33588 0.0011 5.33588 -0.0009 5.33588 0.0022 5.33588 -0.0015 
5.41608 4.8378 5.41608 -3.9264 5.41608 0.0079 5.41608 -0.0097 5.41608 0.0035 5.41608 -0.0042 5.41608 0.0006 5.41608 -0.0008 5.41608 0.0011 5.41608 -0.0016 5.41608 0.001 5.41608 -0.001 5.41608 0.0017 5.41608 -0.0021 
5.49618 5.8847 5.49618 -5.0547 5.49618 0.0069 5.49618 -0.0118 5.49618 0.0033 5.49618 -0.005 5.49618 0.0004 5.49618 -0.0011 5.49618 0.001 5.49618 -0.0019 5.49618 0.0008 5.49618 -0.0011 5.49618 0.0014 5.49618 -0.0027 
5.57638 6.8235 5.57638 -6.2026 5.57638 0.0065 5.57638 -0.014 5.57638 0.0031 5.57638 -0.0058 5.57638 0.0004 5.57638 -0.0014 5.57638 0.001 5.57638 -0.0023 5.57638 0.0007 5.57638 -0.0011 5.57638 0.0013 5.57638 -0.0034 
5.65648 7.9155 5.65648 -7.432 5.65648 0.0065 5.65648 -0.0161 5.65648 0.003 5.65648 -0.0066 5.65648 0.0005 5.65648 -0.0017 5.65648 0.001 5.65648 -0.0027 5.65648 0.0006 5.65648 -0.0011 5.65648 0.0014 5.65648 -0.004 
5.73668 9.3043 5.73668 -8.8241 5.73668 0.0071 5.73668 -0.0179 5.73668 0.0031 5.73668 -0.0075 5.73668 0.0006 5.73668 -0.0019 5.73668 0.0011 5.73668 -0.0031 5.73668 0.0005 5.73668 -0.001 5.73668 0.0018 5.73668 -0.0044 
5.81688 10.5983 5.81688 -10.1794 5.81688 0.0091 5.81688 -0.0203 5.81688 0.0037 5.81688 -0.0086 5.81688 0.0009 5.81688 -0.0021 5.81688 0.0014 5.81688 -0.0037 5.81688 0.0006 5.81688 -0.0011 5.81688 0.0025 5.81688 -0.0048 
5.89698 11.1891 5.89698 -10.9891 5.89698 0.0124 5.89698 -0.0234 5.89698 0.005 5.89698 -0.0098 5.89698 0.0013 5.89698 -0.0024 5.89698 0.002 5.89698 -0.0042 5.89698 0.0007 5.89698 -0.0015 5.89698 0.0034 5.89698 -0.0055 
5.97718 10.8247 5.97718 -10.8531 5.97718 0.0167 5.97718 -0.0279 5.97718 0.0069 5.97718 -0.0111 5.97718 0.0017 5.97718 -0.0029 5.97718 0.0029 5.97718 -0.0047 5.97718 0.0009 5.97718 -0.0023 5.97718 0.0043 5.97718 -0.0069 
6.05728 9.6669 6.05728 -9.8393 6.05728 0.0209 6.05728 -0.0343 6.05728 0.0088 6.05728 -0.0128 6.05728 0.002 6.05728 -0.0037 6.05728 0.0038 6.05728 -0.0052 6.05728 0.0013 6.05728 -0.0036 6.05728 0.005 6.05728 -0.009 
6.13748 8.071 6.13748 -8.3707 6.13748 0.0233 6.13748 -0.0421 6.13748 0.0098 6.13748 -0.015 6.13748 0.0021 6.13748 -0.0045 6.13748 0.0042 6.13748 -0.0059 6.13748 0.0022 6.13748 -0.0053 6.13748 0.005 6.13748 -0.0114 
6.21768 6.5144 6.21768 -6.9664 6.21768 0.0238 6.21768 -0.0509 6.21768 0.0098 6.21768 -0.0176 6.21768 0.0018 6.21768 -0.0055 6.21768 0.0039 6.21768 -0.0068 6.21768 0.0036 6.21768 -0.0072 6.21768 0.0047 6.21768 -0.0138 
6.29778 5.4625 6.29778 -6.0911 6.29778 0.0238 6.29778 -0.0613 6.29778 0.0093 6.29778 -0.0203 6.29778 0.0016 6.29778 -0.0068 6.29778 0.0033 6.29778 -0.0079 6.29778 0.0052 6.29778 -0.0094 6.29778 0.0044 6.29778 -0.0169 
6.37798 5.1023 6.37798 -5.9424 6.37798 0.0239 6.37798 -0.0758 6.37798 0.0086 6.37798 -0.0229 6.37798 0.0015 6.37798 -0.0093 6.37798 0.0027 6.37798 -0.0092 6.37798 0.0066 6.37798 -0.0121 6.37798 0.0045 6.37798 -0.0223 
6.45808 5.3115 6.45808 -6.3199 6.45808 0.0239 6.45808 -0.0949 6.45808 0.0076 6.45808 -0.0255 6.45808 0.0016 6.45808 -0.013 6.45808 0.0022 6.45808 -0.0106 6.45808 0.0076 6.45808 -0.0155 6.45808 0.0049 6.45808 -0.0303 
6.53828 5.8709 6.53828 -6.8686 6.53828 0.0242 6.53828 -0.1129 6.53828 0.0065 6.53828 -0.027 6.53828 0.0019 6.53828 -0.017 6.53828 0.0018 6.53828 -0.0118 6.53828 0.0083 6.53828 -0.0186 6.53828 0.0057 6.53828 -0.0385 
6.61848 6.5728 6.61848 -7.403 6.61848 0.0269 6.61848 -0.1202 6.61848 0.0062 6.61848 -0.026 6.61848 0.0026 6.61848 -0.0194 6.61848 0.0019 6.61848 -0.0118 6.61848 0.009 6.61848 -0.0204 6.61848 0.0072 6.61848 -0.0426 
6.69858 7.1886 6.69858 -7.8623 6.69858 0.0321 6.69858 -0.1127 6.69858 0.0068 6.69858 -0.0222 6.69858 0.0039 6.69858 -0.0191 6.69858 0.0024 6.69858 -0.0104 6.69858 0.0094 6.69858 -0.0202 6.69858 0.0096 6.69858 -0.0408 
6.77878 7.4855 6.77878 -8.0884 6.77878 0.0384 6.77878 -0.0937 6.77878 0.0082 6.77878 -0.0169 6.77878 0.0053 6.77878 -0.0165 6.77878 0.0033 6.77878 -0.0082 6.77878 0.0092 6.77878 -0.018 6.77878 0.0124 6.77878 -0.0341 
6.85888 7.3557 6.85888 -7.8531 6.85888 0.042 6.85888 -0.0711 6.85888 0.0095 6.85888 -0.0118 6.85888 0.0064 6.85888 -0.0128 6.85888 0.004 6.85888 -0.0059 6.85888 0.0081 6.85888 -0.0151 6.85888 0.014 6.85888 -0.0255 
6.93908 6.9191 6.93908 -7.1377 6.93908 0.0411 6.93908 -0.0509 6.93908 0.0103 6.93908 -0.0077 6.93908 0.0063 6.93908 -0.009 6.93908 0.0044 6.93908 -0.004 6.93908 0.0067 6.93908 -0.0131 6.93908 0.0134 6.93908 -0.0171 
7.01928 6.4054 7.01928 -6.2684 7.01928 0.0368 7.01928 -0.0363 7.01928 0.0105 7.01928 -0.0048 7.01928 0.0053 7.01928 -0.0055 7.01928 0.0044 7.01928 -0.0026 7.01928 0.0056 7.01928 -0.0132 7.01928 0.011 7.01928 -0.0102 
7.09938 5.9411 7.09938 -5.6515 7.09938 0.0332 7.09938 -0.0284 7.09938 0.0107 7.09938 -0.0033 7.09938 0.0042 7.09938 -0.003 7.09938 0.0043 7.09938 -0.0016 7.09938 0.0052 7.09938 -0.0147 7.09938 0.0088 7.09938 -0.0058 
7.17958 5.565 7.17958 -5.3868 7.17958 0.0329 7.17958 -0.0254 7.17958 0.0108 7.17958 -0.0029 7.17958 0.0039 7.17958 -0.0016 7.17958 0.0042 7.17958 -0.0011 7.17958 0.0055 7.17958 -0.0162 7.17958 0.0085 7.17958 -0.0036 
7.25968 5.3906 7.25968 -5.2596 7.25968 0.0383 7.25968 -0.0244 7.25968 0.0115 7.25968 -0.0031 7.25968 0.0051 7.25968 -0.001 7.25968 0.0043 7.25968 -0.0009 7.25968 0.0059 7.25968 -0.0165 7.25968 0.0115 7.25968 -0.0029 
7.33988 5.5279 7.33988 -5.1066 7.33988 0.0483 7.33988 -0.0238 7.33988 0.0128 7.33988 -0.0037 7.33988 0.0076 7.33988 -0.0008 7.33988 0.0049 7.33988 -0.0009 7.33988 0.006 7.33988 -0.0157 7.33988 0.017 7.33988 -0.0027 
7.42008 5.8065 7.42008 -5.0026 7.42008 0.0585 7.42008 -0.0237 7.42008 0.0144 7.42008 -0.0043 7.42008 0.0103 7.42008 -0.0008 7.42008 0.0057 7.42008 -0.001 7.42008 0.0059 7.42008 -0.0148 7.42008 0.0222 7.42008 -0.0028 
7.50018 5.8171 7.50018 -5.0153 7.50018 0.0625 7.50018 -0.0248 7.50018 0.015 7.50018 -0.005 7.50018 0.0118 7.50018 -0.0008 7.50018 0.0062 7.50018 -0.0011 7.50018 0.0055 7.50018 -0.015 7.50018 0.024 7.50018 -0.0029 
7.58038 5.3645 7.58038 -5.0114 7.58038 0.0584 7.58038 -0.0282 7.58038 0.0143 7.58038 -0.0058 7.58038 0.0113 7.58038 -0.0009 7.58038 0.0061 7.58038 -0.0013 7.58038 0.0051 7.58038 -0.0171 7.58038 0.0216 7.58038 -0.0031 
7.66048 4.7105 7.66048 -4.8442 7.66048 0.0497 7.66048 -0.0332 7.66048 0.0128 7.66048 -0.0065 7.66048 0.0094 7.66048 -0.0009 7.66048 0.0054 7.66048 -0.0015 7.66048 0.005 7.66048 -0.021 7.66048 0.0171 7.66048 -0.0033 
7.74068 4.2669 7.74068 -4.539 7.74068 0.0426 7.74068 -0.0384 7.74068 0.0116 7.74068 -0.007 7.74068 0.0075 7.74068 -0.001 7.74068 0.0048 7.74068 -0.0017 7.74068 0.0055 7.74068 -0.025 7.74068 0.0132 7.74068 -0.0037 
7.82088 4.1885 7.82088 -4.2103 7.82088 0.039 7.82088 -0.0416 7.82088 0.0111 7.82088 -0.0073 7.82088 0.006 7.82088 -0.0012 7.82088 0.0044 7.82088 -0.002 7.82088 0.0066 7.82088 -0.027 7.82088 0.0109 7.82088 -0.0041 
7.90098 4.3077 7.90098 -3.9748 7.90098 0.0382 7.90098 -0.0423 7.90098 0.0109 7.90098 -0.0075 7.90098 0.005 7.90098 -0.0016 7.90098 0.0044 7.90098 -0.0023 7.90098 0.008 7.90098 -0.0262 7.90098 0.0099 7.90098 -0.0047 
7.98118 4.3596 7.98118 -3.9408 7.98118 0.0372 7.98118 -0.0432 7.98118 0.0104 7.98118 -0.0082 7.98118 0.0043 7.98118 -0.0021 7.98118 0.0042 7.98118 -0.0027 7.98118 0.009 7.98118 -0.0245 7.98118 0.0093 7.98118 -0.0057 
8.06128 4.2341 8.06128 -4.1055 8.06128 0.0348 8.06128 -0.0467 8.06128 0.0092 8.06128 -0.0092 8.06128 0.0039 8.06128 -0.0029 8.06128 0.0037 8.06128 -0.0032 8.06128 0.0093 8.06128 -0.0243 8.06128 0.0087 8.06128 -0.0071 
8.14148 4.0341 8.14148 -4.305 8.14148 0.0323 8.14148 -0.0518 8.14148 0.0076 8.14148 -0.0102 8.14148 0.0037 8.14148 -0.0035 8.14148 0.0031 8.14148 -0.0037 8.14148 0.0096 8.14148 -0.0259 8.14148 0.0083 8.14148 -0.0085 
8.22168 3.9129 8.22168 -4.3703 8.22168 0.0313 8.22168 -0.0545 8.22168 0.0063 8.22168 -0.0105 8.22168 0.0037 8.22168 -0.0038 8.22168 0.0026 8.22168 -0.0038 8.22168 0.0105 8.22168 -0.0273 8.22168 0.0082 8.22168 -0.0091 
8.30178 3.91 8.30178 -4.2722 8.30178 0.032 8.30178 -0.0524 8.30178 0.0055 8.30178 -0.0097 8.30178 0.0038 8.30178 -0.0036 8.30178 0.0025 8.30178 -0.0036 8.30178 0.0121 8.30178 -0.027 8.30178 0.0081 8.30178 -0.0085 
8.38198 3.9713 8.38198 -4.096 8.38198 0.0339 8.38198 -0.0463 8.38198 0.0054 8.38198 -0.008 8.38198 0.0038 8.38198 -0.0031 8.38198 0.0026 8.38198 -0.0032 8.38198 0.0142 8.38198 -0.0249 8.38198 0.0079 8.38198 -0.0071 
8.46218 4.054 8.46218 -3.9644 8.46218 0.0372 8.46218 -0.0392 8.46218 0.0059 8.46218 -0.0062 8.46218 0.0037 8.46218 -0.0028 8.46218 0.0031 8.46218 -0.0028 8.46218 0.0167 8.46218 -0.0217 8.46218 0.0078 8.46218 -0.0057 
8.54228 4.118 8.54228 -3.9749 8.54228 0.0411 8.54228 -0.0337 8.54228 0.0068 8.54228 -0.0049 8.54228 0.0036 8.54228 -0.0026 8.54228 0.0036 8.54228 -0.0027 8.54228 0.0193 8.54228 -0.0185 8.54228 0.0078 8.54228 -0.005 
8.62248 4.0698 8.62248 -4.1145 8.62248 0.0444 8.62248 -0.0305 8.62248 0.0077 8.62248 -0.0044 8.62248 0.0034 8.62248 -0.0024 8.62248 0.004 8.62248 -0.003 8.62248 0.0215 8.62248 -0.0158 8.62248 0.0078 8.62248 -0.0049 
8.70258 3.8266 8.70258 -4.225 8.70258 0.0441 8.70258 -0.0288 8.70258 0.0078 8.70258 -0.0044 8.70258 0.0032 8.70258 -0.0022 8.70258 0.004 8.70258 -0.0035 8.70258 0.0218 8.70258 -0.0137 8.70258 0.0073 8.70258 -0.005 
8.78278 3.4134 8.78278 -4.126 8.78278 0.0396 8.78278 -0.0271 8.78278 0.0069 8.78278 -0.0045 8.78278 0.0029 8.78278 -0.0021 8.78278 0.0035 8.78278 -0.0039 8.78278 0.0199 8.78278 -0.0116 8.78278 0.0064 8.78278 -0.005 
8.86298 2.9566 8.86298 -3.7758 8.86298 0.0325 8.86298 -0.0238 8.86298 0.0054 8.86298 -0.0044 8.86298 0.0025 8.86298 -0.0019 8.86298 0.0029 8.86298 -0.0039 8.86298 0.0164 8.86298 -0.0092 8.86298 0.0053 8.86298 -0.0044 
8.94308 2.6168 8.94308 -3.2744 8.94308 0.0262 8.94308 -0.0197 8.94308 0.0042 8.94308 -0.0039 8.94308 0.002 8.94308 -0.0017 8.94308 0.0025 8.94308 -0.0035 8.94308 0.0132 8.94308 -0.0071 8.94308 0.0043 8.94308 -0.0035 
9.02328 2.4842 9.02328 -2.7622 9.02328 0.0227 9.02328 -0.0159 9.02328 0.0037 9.02328 -0.0032 9.02328 0.0016 9.02328 -0.0015 9.02328 0.0025 9.02328 -0.0029 9.02328 0.0112 9.02328 -0.0056 9.02328 0.0037 9.02328 -0.0027 
9.10338 2.4678 9.10338 -2.3499 9.10338 0.0215 9.10338 -0.0131 9.10338 0.0037 9.10338 -0.0026 9.10338 0.0015 9.10338 -0.0013 9.10338 0.0026 9.10338 -0.0023 9.10338 0.0103 9.10338 -0.0048 9.10338 0.0034 9.10338 -0.0021 
9.18358 2.3407 9.18358 -2.0637 9.18358 0.0198 9.18358 -0.0118 9.18358 0.0035 9.18358 -0.0022 9.18358 0.0014 9.18358 -0.0012 9.18358 0.0025 9.18358 -0.0019 9.18358 0.0094 9.18358 -0.0045 9.18358 0.003 9.18358 -0.002 
9.26378 1.9638 9.26378 -1.8154 9.26378 0.0161 9.26378 -0.0108 9.26378 0.0029 9.26378 -0.002 9.26378 0.0012 9.26378 -0.001 9.26378 0.0021 9.26378 -0.0016 9.26378 0.0075 9.26378 -0.0042 9.26378 0.0024 9.26378 -0.002 
9.34388 1.4201 9.34388 -1.4901 9.34388 0.0111 9.34388 -0.0093 9.34388 0.002 9.34388 -0.0017 9.34388 0.0009 9.34388 -0.0009 9.34388 0.0016 9.34388 -0.0013 9.34388 0.0049 9.34388 -0.0036 9.34388 0.0017 9.34388 -0.0018 
9.42408 0.8997 9.42408 -1.0877 9.42408 0.0066 9.42408 -0.0071 9.42408 0.0013 9.42408 -0.0014 9.42408 0.0006 9.42408 -0.0007 9.42408 0.0011 9.42408 -0.0009 9.42408 0.0026 9.42408 -0.0027 9.42408 0.001 9.42408 -0.0014 
9.50418 0.5195 9.50418 -0.7154 9.50418 0.0037 9.50418 -0.005 9.50418 0.0009 9.50418 -0.001 9.50418 0.0003 9.50418 -0.0006 9.50418 0.0008 9.50418 -0.0007 9.50418 0.0011 9.50418 -0.0017 9.50418 0.0006 9.50418 -0.001 
9.58438 0.2814 9.58438 -0.4479 9.58438 0.002 9.58438 -0.0034 9.58438 0.0006 9.58438 -0.0007 9.58438 0.0002 9.58438 -0.0006 9.58438 0.0005 9.58438 -0.0005 9.58438 0.0004 9.58438 -0.001 9.58438 0.0003 9.58438 -0.0006 
9.66458 0.1404 9.66458 -0.2703 9.66458 0.0009 9.66458 -0.0021 9.66458 0.0004 9.66458 -0.0005 9.66458 0.0001 9.66458 -0.0004 9.66458 0.0002 9.66458 -0.0003 9.66458 0.0001 9.66458 -0.0006 9.66458 0.0001 9.66458 -0.0003 
9.74468 0.0608 9.74468 -0.146 9.74468 0.0004 9.74468 -0.0012 9.74468 0.0002 9.74468 -0.0003 9.74468 0 9.74468 -0.0003 9.74468 0.0001 9.74468 -0.0002 9.74468 0 9.74468 -0.0003 9.74468 0.0001 9.74468 -0.0001 
9.82488 0.0214 9.82488 -0.0642 9.82488 0.0001 9.82488 -0.0005 9.82488 0.0001 9.82488 -0.0001 9.82488 0 9.82488 -0.0001 9.82488 0 9.82488 -0.0001 9.82488 0 9.82488 -0.0001 9.82488 0 9.82488 -0.0001 
9.90498 0.0059 9.90498 -0.0217 9.90498 0 9.90498 -0 9.90498 0 9.90498 -0 9.90498 0 9.90498 -0 9.90498 0 9.90498 -0 9.90498 0 9.90498 -0 9.90498 0 9.90498 -0 
9.98518 0.0012 9.98518 -0.0055 9.98518 0 9.98518 -0 9.98518 0 9.98518 -0 9.98518 0 9.98518 -0 9.98518 0 9.98518 -0 9.98518 0 9.98518 -0 9.98518 0 9.98518 -0 
10.0654 0.0002 10.0654 -0.001 10.0654 0 10.0654 -0 10.0654 0 10.0654 -0 10.0654 0 10.0654 -0 10.0654 0 10.0654 -0 10.0654 0 10.0654 -0 10.0654 0 10.0654 -0 
10.1455 0.0 10.1455 -0.0001 10.1455 0 10.1455 -0 10.1455 0 10.1455 -0 10.1455 0 10.1455 -0 10.1455 0 10.1455 -0 10.1455 0 10.1455 -0 10.1455 0 10.1455 -0 
10.2257 0.0 10.2257 -0 10.2257 0 10.2257 -0 10.2257 0 10.2257 -0 10.2257 0 10.2257 -0 10.2257 0 10.2257 -0 10.2257 0 10.2257 -0 10.2257 0 10.2257 -0 
10.3058 0.0 10.3058 -0 10.3058 0 10.3058 -0 10.3058 0 10.3058 -0 10.3058 0 10.3058 -0 10.3058 0 10.3058 -0 10.3058 0 10.3058 -0 10.3058 0 10.3058 -0 
10.386 0.0 10.386 -0 10.386 0 10.386 -0 10.386 0 10.386 -0 10.386 0 10.386 -0 10.386 0 10.386 -0 10.386 0 10.386 -0 10.386 0 10.386 -0 
10.4662 0.0 10.4662 -0 10.4662 0 10.4662 -0 10.4662 0 10.4662 -0 10.4662 0 10.4662 -0 10.4662 0 10.4662 -0 10.4662 0 10.4662 -0 10.4662 0 10.4662 -0 
10.5463 0.0 10.5463 -0 10.5463 0 10.5463 -0 10.5463 0 10.5463 -0 10.5463 0 10.5463 -0 10.5463 0 10.5463 -0 10.5463 0 10.5463 -0 10.5463 0 10.5463 -0 
10.6265 0.0 10.6265 -0 10.6265 0 10.6265 -0 10.6265 0 10.6265 -0 10.6265 0 10.6265 -0 10.6265 0 10.6265 -0 10.6265 0 10.6265 -0 10.6265 0 10.6265 -0 
10.7066 0.0 10.7066 -0 10.7066 0 10.7066 -0 10.7066 0 10.7066 -0 10.7066 0 10.7066 -0 10.7066 0 10.7066 -0 10.7066 0 10.7066 -0 10.7066 0 10.7066 -0 
10.7868 0.0 10.7868 -0 10.7868 0 10.7868 -0 10.7868 0 10.7868 -0 10.7868 0 10.7868 -0 10.7868 0 10.7868 -0 10.7868 0 10.7868 -0 10.7868 0 10.7868 -0 
10.867 0.0 10.867 -0 10.867 0 10.867 -0 10.867 0 10.867 -0 10.867 0 10.867 -0 10.867 0 10.867 -0 10.867 0 10.867 -0 10.867 0 10.867 -0 
10.9471 0.0 10.9471 -0 10.9471 0 10.9471 -0 10.9471 0 10.9471 -0 10.9471 0 10.9471 -0 10.9471 0 10.9471 -0 10.9471 0 10.9471 -0 10.9471 0 10.9471 -0 
11.0273 0.0 11.0273 -0 11.0273 0 11.0273 -0 11.0273 0 11.0273 -0 11.0273 0 11.0273 -0 11.0273 0 11.0273 -0 11.0273 0 11.0273 -0 11.0273 0 11.0273 -0 
11.1074 0.0 11.1074 -0 11.1074 0 11.1074 -0 11.1074 0 11.1074 -0 11.1074 0 11.1074 -0 11.1074 0 11.1074 -0 11.1074 0 11.1074 -0 11.1074 0 11.1074 -0 
11.1876 0.0 11.1876 -0 11.1876 0 11.1876 -0 11.1876 0 11.1876 -0 11.1876 0 11.1876 -0 11.1876 0 11.1876 -0 11.1876 0 11.1876 -0 11.1876 0 11.1876 -0 
11.2678 0.0 11.2678 -0 11.2678 0 11.2678 -0 11.2678 0 11.2678 -0 11.2678 0 11.2678 -0 11.2678 0 11.2678 -0 11.2678 0 11.2678 -0 11.2678 0 11.2678 -0 
11.3479 0.0 11.3479 -0 11.3479 0 11.3479 -0 11.3479 0 11.3479 -0 11.3479 0 11.3479 -0 11.3479 0 11.3479 -0 11.3479 0 11.3479 -0 11.3479 0 11.3479 -0 
11.4281 0.0 11.4281 -0 11.4281 0 11.4281 -0 11.4281 0 11.4281 -0 11.4281 0 11.4281 -0 11.4281 0 11.4281 -0 11.4281 0 11.4281 -0 11.4281 0 11.4281 -0 
11.5082 0.0 11.5082 -0 11.5082 0 11.5082 -0 11.5082 0 11.5082 -0 11.5082 0 11.5082 -0 11.5082 0 11.5082 -0 11.5082 0 11.5082 -0 11.5082 0 11.5082 -0 
11.5884 0.0 11.5884 -0 11.5884 0 11.5884 -0 11.5884 0 11.5884 -0 11.5884 0 11.5884 -0 11.5884 0 11.5884 -0 11.5884 0 11.5884 -0 11.5884 0 11.5884 -0 
11.6686 0.0 11.6686 -0 11.6686 0 11.6686 -0 11.6686 0 11.6686 -0 11.6686 0 11.6686 -0 11.6686 0 11.6686 -0 11.6686 0 11.6686 -0 11.6686 0 11.6686 -0 
11.7487 0.0 11.7487 -0 11.7487 0 11.7487 -0 11.7487 0 11.7487 -0 11.7487 0 11.7487 -0 11.7487 0 11.7487 -0 11.7487 0 11.7487 -0 11.7487 0 11.7487 -0 
11.8289 0.0 11.8289 -0 11.8289 0 11.8289 -0 11.8289 0 11.8289 -0 11.8289 0 11.8289 -0 11.8289 0 11.8289 -0 11.8289 0 11.8289 -0 11.8289 0 11.8289 -0 
11.909 0.0 11.909 -0 11.909 0 11.909 -0 11.909 0 11.909 -0 11.909 0 11.909 -0 11.909 0 11.909 -0 11.909 0 11.909 -0 11.909 0 11.909 -0 
11.9892 0.0 11.9892 -0 11.9892 0 11.9892 -0 11.9892 0 11.9892 -0 11.9892 0 11.9892 -0 11.9892 0 11.9892 -0 11.9892 0 11.9892 -0 11.9892 0 11.9892 -0 
12.0694 0.0 12.0694 -0 12.0694 0 12.0694 -0 12.0694 0 12.0694 -0 12.0694 0 12.0694 -0 12.0694 0 12.0694 -0 12.0694 0 12.0694 -0 12.0694 0 12.0694 -0 
12.1495 0.0 12.1495 -0 12.1495 0 12.1495 -0 12.1495 0 12.1495 -0 12.1495 0 12.1495 -0 12.1495 0 12.1495 -0 12.1495 0 12.1495 -0 12.1495 0 12.1495 -0 
12.2297 0.0 12.2297 -0 12.2297 0 12.2297 -0 12.2297 0 12.2297 -0 12.2297 0 12.2297 -0 12.2297 0 12.2297 -0 12.2297 0 12.2297 -0 12.2297 0 12.2297 -0 
12.3098 0.0 12.3098 -0 12.3098 0 12.3098 -0 12.3098 0 12.3098 -0 12.3098 0 12.3098 -0 12.3098 0 12.3098 -0 12.3098 0 12.3098 -0 12.3098 0 12.3098 -0 
12.39 0.0 12.39 -0 12.39 0 12.39 -0 12.39 0 12.39 -0 12.39 0 12.39 -0 12.39 0 12.39 -0 12.39 0 12.39 -0 12.39 0 12.39 -0 
12.4702 0.0 12.4702 -0 12.4702 0 12.4702 -0 12.4702 0 12.4702 -0 12.4702 0 12.4702 -0 12.4702 0 12.4702 -0 12.4702 0 12.4702 -0 12.4702 0 12.4702 -0 
12.5503 0.0 12.5503 -0 12.5503 0 12.5503 -0 12.5503 0 12.5503 -0 12.5503 0 12.5503 -0 12.5503 0 12.5503 -0 12.5503 0 12.5503 -0 12.5503 0 12.5503 -0 
12.6305 0.0 12.6305 -0 12.6305 0 12.6305 -0 12.6305 0 12.6305 -0 12.6305 0 12.6305 -0 12.6305 0 12.6305 -0 12.6305 0 12.6305 -0 12.6305 0 12.6305 -0 
12.7106 0.0 12.7106 -0 12.7106 0 12.7106 -0 12.7106 0 12.7106 -0 12.7106 0 12.7106 -0 12.7106 0 12.7106 -0 12.7106 0 12.7106 -0 12.7106 0 12.7106 -0 
12.7908 0.0 12.7908 -0 12.7908 0 12.7908 -0 12.7908 0 12.7908 -0 12.7908 0 12.7908 -0 12.7908 0 12.7908 -0 12.7908 0 12.7908 -0 12.7908 0 12.7908 -0 
12.871 0.0 12.871 -0 12.871 0 12.871 -0 12.871 0 12.871 -0 12.871 0 12.871 -0 12.871 0 12.871 -0 12.871 0 12.871 -0 12.871 0 12.871 -0 
12.9511 0.0 12.9511 -0 12.9511 0 12.9511 -0 12.9511 0 12.9511 -0 12.9511 0 12.9511 -0 12.9511 0 12.9511 -0 12.9511 0 12.9511 -0 12.9511 0 12.9511 -0 
13.0313 0.0 13.0313 -0 13.0313 0 13.0313 -0 13.0313 0 13.0313 -0 13.0313 0 13.0313 -0 13.0313 0 13.0313 -0 13.0313 0 13.0313 -0 13.0313 0 13.0313 -0 
13.1114 0.0 13.1114 -0 13.1114 0 13.1114 -0 13.1114 0 13.1114 -0 13.1114 0 13.1114 -0 13.1114 0 13.1114 -0 13.1114 0 13.1114 -0 13.1114 0 13.1114 -0 
13.1916 0.0 13.1916 -0 13.1916 0 13.1916 -0 13.1916 0 13.1916 -0 13.1916 0 13.1916 -0 13.1916 0 13.1916 -0 13.1916 0 13.1916 -0 13.1916 0 13.1916 -0 
13.2718 0.0 13.2718 -0 13.2718 0 13.2718 -0 13.2718 0 13.2718 -0 13.2718 0 13.2718 -0 13.2718 0 13.2718 -0 13.2718 0 13.2718 -0 13.2718 0 13.2718 -0 
13.3519 0.0 13.3519 -0 13.3519 0 13.3519 -0 13.3519 0 13.3519 -0 13.3519 0 13.3519 -0 13.3519 0 13.3519 -0 13.3519 0 13.3519 -0 13.3519 0 13.3519 -0 
13.4321 0.0 13.4321 -0 13.4321 0 13.4321 -0 13.4321 0 13.4321 -0 13.4321 0 13.4321 -0 13.4321 0 13.4321 -0 13.4321 0 13.4321 -0 13.4321 0 13.4321 -0 
13.5123 0.0 13.5123 -0 13.5123 0 13.5123 -0 13.5123 0 13.5123 -0 13.5123 0 13.5123 -0 13.5123 0 13.5123 -0 13.5123 0 13.5123 -0 13.5123 0 13.5123 -0 
13.5924 0.0 13.5924 -0 13.5924 0 13.5924 -0 13.5924 0 13.5924 -0 13.5924 0 13.5924 -0 13.5924 0 13.5924 -0 13.5924 0 13.5924 -0 13.5924 0 13.5924 -0 
13.6726 0.0 13.6726 -0 13.6726 0 13.6726 -0 13.6726 0 13.6726 -0 13.6726 0 13.6726 -0 13.6726 0 13.6726 -0 13.6726 0 13.6726 -0 13.6726 0 13.6726 -0 
13.7527 0.0 13.7527 -0 13.7527 0 13.7527 -0 13.7527 0 13.7527 -0 13.7527 0 13.7527 -0 13.7527 0 13.7527 -0 13.7527 0 13.7527 -0 13.7527 0 13.7527 -0 
13.8329 0.0 13.8329 -0 13.8329 0 13.8329 -0 13.8329 0 13.8329 -0 13.8329 0 13.8329 -0 13.8329 0 13.8329 -0 13.8329 0 13.8329 -0 13.8329 0 13.8329 -0 
13.9131 0.0 13.9131 -0 13.9131 0 13.9131 -0 13.9131 0 13.9131 -0 13.9131 0 13.9131 -0 13.9131 0 13.9131 -0 13.9131 0 13.9131 -0 13.9131 0 13.9131 -0 
13.9932 0.0 13.9932 -0 13.9932 0 13.9932 -0 13.9932 0 13.9932 -0 13.9932 0 13.9932 -0 13.9932 0 13.9932 -0 13.9932 0 13.9932 -0 13.9932 0 13.9932 -0 
14.0734 0.0 14.0734 -0 14.0734 0 14.0734 -0 14.0734 0 14.0734 -0 14.0734 0 14.0734 -0 14.0734 0 14.0734 -0 14.0734 0 14.0734 -0 14.0734 0 14.0734 -0 
14.1535 0.0 14.1535 -0 14.1535 0 14.1535 -0 14.1535 0 14.1535 -0 14.1535 0 14.1535 -0 14.1535 0 14.1535 -0 14.1535 0 14.1535 -0 14.1535 0 14.1535 -0 
14.2337 0.0 14.2337 -0 14.2337 0 14.2337 -0 14.2337 0 14.2337 -0 14.2337 0 14.2337 -0 14.2337 0 14.2337 -0 14.2337 0 14.2337 -0 14.2337 0 14.2337 -0 
14.3139 0.0 14.3139 -0 14.3139 0 14.3139 -0 14.3139 0 14.3139 -0 14.3139 0 14.3139 -0 14.3139 0 14.3139 -0 14.3139 0 14.3139 -0 14.3139 0 14.3139 -0 
14.394 0.0 14.394 -0 14.394 0 14.394 -0 14.394 0 14.394 -0 14.394 0 14.394 -0 14.394 0 14.394 -0 14.394 0 14.394 -0 14.394 0 14.394 -0 
14.4742 0.0 14.4742 -0 14.4742 0 14.4742 -0 14.4742 0 14.4742 -0 14.4742 0 14.4742 -0 14.4742 0 14.4742 -0 14.4742 0 14.4742 -0 14.4742 0 14.4742 -0 
14.5543 0.0 14.5543 -0 14.5543 0 14.5543 -0 14.5543 0 14.5543 -0 14.5543 0 14.5543 -0 14.5543 0 14.5543 -0 14.5543 0 14.5543 -0 14.5543 0 14.5543 -0 
14.6345 0.0 14.6345 -0 14.6345 0 14.6345 -0 14.6345 0 14.6345 -0 14.6345 0 14.6345 -0 14.6345 0 14.6345 -0 14.6345 0 14.6345 -0 14.6345 0 14.6345 -0 
14.7147 0.0 14.7147 -0 14.7147 0 14.7147 -0 14.7147 0 14.7147 -0 14.7147 0 14.7147 -0 14.7147 0 14.7147 -0 14.7147 0 14.7147 -0 14.7147 0 14.7147 -0 
14.7948 0.0 14.7948 -0 14.7948 0 14.7948 -0 14.7948 0 14.7948 -0 14.7948 0 14.7948 -0 14.7948 0 14.7948 -0 14.7948 0 14.7948 -0 14.7948 0 14.7948 -0 
14.875 0.0 14.875 -0 14.875 0 14.875 -0 14.875 0 14.875 -0 14.875 0 14.875 -0 14.875 0 14.875 -0 14.875 0 14.875 -0 14.875 0 14.875 -0 
14.9551 0.0 14.9551 -0 14.9551 0 14.9551 -0 14.9551 0 14.9551 -0 14.9551 0 14.9551 -0 14.9551 0 14.9551 -0 14.9551 0 14.9551 -0 14.9551 0 14.9551 -0 
15.0353 0.0 15.0353 -0 15.0353 0 15.0353 -0 15.0353 0 15.0353 -0 15.0353 0 15.0353 -0 15.0353 0 15.0353 -0 15.0353 0 15.0353 -0 15.0353 0 15.0353 -0 
15.1155 0.0 15.1155 -0 15.1155 0 15.1155 -0 15.1155 0 15.1155 -0 15.1155 0 15.1155 -0 15.1155 0 15.1155 -0 15.1155 0 15.1155 -0 15.1155 0 15.1155 -0 
15.1956 0.0 15.1956 -0 15.1956 0 15.1956 -0 15.1956 0 15.1956 -0 15.1956 0 15.1956 -0 15.1956 0 15.1956 -0 15.1956 0 15.1956 -0 15.1956 0 15.1956 -0 
15.2758 0.0 15.2758 -0 15.2758 0 15.2758 -0 15.2758 0 15.2758 -0 15.2758 0 15.2758 -0 15.2758 0 15.2758 -0 15.2758 0 15.2758 -0 15.2758 0 15.2758 -0 
15.3559 0.0 15.3559 -0 15.3559 0 15.3559 -0 15.3559 0 15.3559 -0 15.3559 0 15.3559 -0 15.3559 0 15.3559 -0 15.3559 0 15.3559 -0 15.3559 0 15.3559 -0 
15.4361 0.0 15.4361 -0 15.4361 0 15.4361 -0 15.4361 0 15.4361 -0 15.4361 0 15.4361 -0 15.4361 0 15.4361 -0 15.4361 0 15.4361 -0 15.4361 0 15.4361 -0 
15.5163 0.0 15.5163 -0 15.5163 0 15.5163 -0 15.5163 0 15.5163 -0 15.5163 0 15.5163 -0 15.5163 0 15.5163 -0 15.5163 0 15.5163 -0 15.5163 0 15.5163 -0 
15.5964 0.0 15.5964 -0 15.5964 0 15.5964 -0 15.5964 0 15.5964 -0 15.5964 0 15.5964 -0 15.5964 0 15.5964 -0 15.5964 0 15.5964 -0 15.5964 0 15.5964 -0 
15.6766 0.0 15.6766 -0 15.6766 0 15.6766 -0 15.6766 0 15.6766 -0 15.6766 0 15.6766 -0 15.6766 0 15.6766 -0 15.6766 0 15.6766 -0 15.6766 0 15.6766 -0 
15.7567 0.0 15.7567 -0 15.7567 0 15.7567 -0 15.7567 0 15.7567 -0 15.7567 0 15.7567 -0 15.7567 0 15.7567 -0 15.7567 0 15.7567 -0 15.7567 0 15.7567 -0 
15.8369 0.0 15.8369 -0 15.8369 0 15.8369 -0 15.8369 0 15.8369 -0 15.8369 0 15.8369 -0 15.8369 0 15.8369 -0 15.8369 0 15.8369 -0 15.8369 0 15.8369 -0 
