-24.5598 24.95 -24.5598 -24.95 -24.5598 0 -24.5598 -0 -24.5598 0 -24.5598 -0 -24.5598 0 -24.5598 -0 -24.5598 0 -24.5598 -0 -24.5598 0 -24.5598 -0 -24.5598 0 -24.5598 -0 
-24.4796 0.0 -24.4796 -0 -24.4796 0 -24.4796 -0 -24.4796 0 -24.4796 -0 -24.4796 0 -24.4796 -0 -24.4796 0 -24.4796 -0 -24.4796 0 -24.4796 -0 -24.4796 0 -24.4796 -0 
-24.3995 0.0 -24.3995 -0 -24.3995 0 -24.3995 -0 -24.3995 0 -24.3995 -0 -24.3995 0 -24.3995 -0 -24.3995 0 -24.3995 -0 -24.3995 0 -24.3995 -0 -24.3995 0 -24.3995 -0 
-24.3193 0.0 -24.3193 -0 -24.3193 0 -24.3193 -0 -24.3193 0 -24.3193 -0 -24.3193 0 -24.3193 -0 -24.3193 0 -24.3193 -0 -24.3193 0 -24.3193 -0 -24.3193 0 -24.3193 -0 
-24.2392 0.0 -24.2392 -0 -24.2392 0 -24.2392 -0 -24.2392 0 -24.2392 -0 -24.2392 0 -24.2392 -0 -24.2392 0 -24.2392 -0 -24.2392 0 -24.2392 -0 -24.2392 0 -24.2392 -0 
-24.159 0.0 -24.159 -0 -24.159 0 -24.159 -0 -24.159 0 -24.159 -0 -24.159 0 -24.159 -0 -24.159 0 -24.159 -0 -24.159 0 -24.159 -0 -24.159 0 -24.159 -0 
-24.0788 0.0 -24.0788 -0 -24.0788 0 -24.0788 -0 -24.0788 0 -24.0788 -0 -24.0788 0 -24.0788 -0 -24.0788 0 -24.0788 -0 -24.0788 0 -24.0788 -0 -24.0788 0 -24.0788 -0 
-23.9987 0.0 -23.9987 -0 -23.9987 0 -23.9987 -0 -23.9987 0 -23.9987 -0 -23.9987 0 -23.9987 -0 -23.9987 0 -23.9987 -0 -23.9987 0 -23.9987 -0 -23.9987 0 -23.9987 -0 
-23.9185 0.0 -23.9185 -0 -23.9185 0 -23.9185 -0 -23.9185 0 -23.9185 -0 -23.9185 0 -23.9185 -0 -23.9185 0 -23.9185 -0 -23.9185 0 -23.9185 -0 -23.9185 0 -23.9185 -0 
-23.8384 0.0 -23.8384 -0 -23.8384 0 -23.8384 -0 -23.8384 0 -23.8384 -0 -23.8384 0 -23.8384 -0 -23.8384 0 -23.8384 -0 -23.8384 0 -23.8384 -0 -23.8384 0 -23.8384 -0 
-23.7582 0.0 -23.7582 -0 -23.7582 0 -23.7582 -0 -23.7582 0 -23.7582 -0 -23.7582 0 -23.7582 -0 -23.7582 0 -23.7582 -0 -23.7582 0 -23.7582 -0 -23.7582 0 -23.7582 -0 
-23.678 0.0 -23.678 -0 -23.678 0 -23.678 -0 -23.678 0 -23.678 -0 -23.678 0 -23.678 -0 -23.678 0 -23.678 -0 -23.678 0 -23.678 -0 -23.678 0 -23.678 -0 
-23.5979 0.0 -23.5979 -0 -23.5979 0 -23.5979 -0 -23.5979 0 -23.5979 -0 -23.5979 0 -23.5979 -0 -23.5979 0 -23.5979 -0 -23.5979 0 -23.5979 -0 -23.5979 0 -23.5979 -0 
-23.5177 0.0 -23.5177 -0 -23.5177 0 -23.5177 -0 -23.5177 0 -23.5177 -0 -23.5177 0 -23.5177 -0 -23.5177 0 -23.5177 -0 -23.5177 0 -23.5177 -0 -23.5177 0 -23.5177 -0 
-23.4376 0.0 -23.4376 -0 -23.4376 0 -23.4376 -0 -23.4376 0 -23.4376 -0 -23.4376 0 -23.4376 -0 -23.4376 0 -23.4376 -0 -23.4376 0 -23.4376 -0 -23.4376 0 -23.4376 -0 
-23.3574 0.0 -23.3574 -0 -23.3574 0 -23.3574 -0 -23.3574 0 -23.3574 -0 -23.3574 0 -23.3574 -0 -23.3574 0 -23.3574 -0 -23.3574 0 -23.3574 -0 -23.3574 0 -23.3574 -0 
-23.2772 0.0 -23.2772 -0 -23.2772 0 -23.2772 -0 -23.2772 0 -23.2772 -0 -23.2772 0 -23.2772 -0 -23.2772 0 -23.2772 -0 -23.2772 0 -23.2772 -0 -23.2772 0 -23.2772 -0 
-23.1971 0.0 -23.1971 -0 -23.1971 0 -23.1971 -0 -23.1971 0 -23.1971 -0 -23.1971 0 -23.1971 -0 -23.1971 0 -23.1971 -0 -23.1971 0 -23.1971 -0 -23.1971 0 -23.1971 -0 
-23.1169 0.0 -23.1169 -0 -23.1169 0 -23.1169 -0 -23.1169 0 -23.1169 -0 -23.1169 0 -23.1169 -0 -23.1169 0 -23.1169 -0 -23.1169 0 -23.1169 -0 -23.1169 0 -23.1169 -0 
-23.0368 0.0 -23.0368 -0 -23.0368 0 -23.0368 -0 -23.0368 0 -23.0368 -0 -23.0368 0 -23.0368 -0 -23.0368 0 -23.0368 -0 -23.0368 0 -23.0368 -0 -23.0368 0 -23.0368 -0 
-22.9566 0.0 -22.9566 -0 -22.9566 0 -22.9566 -0 -22.9566 0 -22.9566 -0 -22.9566 0 -22.9566 -0 -22.9566 0 -22.9566 -0 -22.9566 0 -22.9566 -0 -22.9566 0 -22.9566 -0 
-22.8764 0.0 -22.8764 -0 -22.8764 0 -22.8764 -0 -22.8764 0 -22.8764 -0 -22.8764 0 -22.8764 -0 -22.8764 0 -22.8764 -0 -22.8764 0 -22.8764 -0 -22.8764 0 -22.8764 -0 
-22.7963 0.0 -22.7963 -0 -22.7963 0 -22.7963 -0 -22.7963 0 -22.7963 -0 -22.7963 0 -22.7963 -0 -22.7963 0 -22.7963 -0 -22.7963 0 -22.7963 -0 -22.7963 0 -22.7963 -0 
-22.7161 0.0 -22.7161 -0 -22.7161 0 -22.7161 -0 -22.7161 0 -22.7161 -0 -22.7161 0 -22.7161 -0 -22.7161 0 -22.7161 -0 -22.7161 0 -22.7161 -0 -22.7161 0 -22.7161 -0 
-22.636 0.0 -22.636 -0 -22.636 0 -22.636 -0 -22.636 0 -22.636 -0 -22.636 0 -22.636 -0 -22.636 0 -22.636 -0 -22.636 0 -22.636 -0 -22.636 0 -22.636 -0 
-22.5558 0.0 -22.5558 -0 -22.5558 0 -22.5558 -0 -22.5558 0 -22.5558 -0 -22.5558 0 -22.5558 -0 -22.5558 0 -22.5558 -0 -22.5558 0 -22.5558 -0 -22.5558 0 -22.5558 -0 
-22.4756 0.0 -22.4756 -0 -22.4756 0 -22.4756 -0 -22.4756 0 -22.4756 -0 -22.4756 0 -22.4756 -0 -22.4756 0 -22.4756 -0 -22.4756 0 -22.4756 -0 -22.4756 0 -22.4756 -0 
-22.3955 0.0 -22.3955 -0 -22.3955 0 -22.3955 -0 -22.3955 0 -22.3955 -0 -22.3955 0 -22.3955 -0 -22.3955 0 -22.3955 -0 -22.3955 0 -22.3955 -0 -22.3955 0 -22.3955 -0 
-22.3153 0.0 -22.3153 -0 -22.3153 0 -22.3153 -0 -22.3153 0 -22.3153 -0 -22.3153 0 -22.3153 -0 -22.3153 0 -22.3153 -0 -22.3153 0 -22.3153 -0 -22.3153 0 -22.3153 -0 
-22.2352 0.0 -22.2352 -0 -22.2352 0 -22.2352 -0 -22.2352 0 -22.2352 -0 -22.2352 0 -22.2352 -0 -22.2352 0 -22.2352 -0 -22.2352 0 -22.2352 -0 -22.2352 0 -22.2352 -0 
-22.155 0.0 -22.155 -0 -22.155 0 -22.155 -0 -22.155 0 -22.155 -0 -22.155 0 -22.155 -0 -22.155 0 -22.155 -0 -22.155 0 -22.155 -0 -22.155 0 -22.155 -0 
-22.0748 0.0 -22.0748 -0 -22.0748 0 -22.0748 -0 -22.0748 0 -22.0748 -0 -22.0748 0 -22.0748 -0 -22.0748 0 -22.0748 -0 -22.0748 0 -22.0748 -0 -22.0748 0 -22.0748 -0 
-21.9947 0.0 -21.9947 -0 -21.9947 0 -21.9947 -0 -21.9947 0 -21.9947 -0 -21.9947 0 -21.9947 -0 -21.9947 0 -21.9947 -0 -21.9947 0 -21.9947 -0 -21.9947 0 -21.9947 -0 
-21.9145 0.0 -21.9145 -0 -21.9145 0 -21.9145 -0 -21.9145 0 -21.9145 -0 -21.9145 0 -21.9145 -0 -21.9145 0 -21.9145 -0 -21.9145 0 -21.9145 -0 -21.9145 0 -21.9145 -0 
-21.8343 0.0 -21.8343 -0 -21.8343 0 -21.8343 -0 -21.8343 0 -21.8343 -0 -21.8343 0 -21.8343 -0 -21.8343 0 -21.8343 -0 -21.8343 0 -21.8343 -0 -21.8343 0 -21.8343 -0 
-21.7542 0.0 -21.7542 -0 -21.7542 0 -21.7542 -0 -21.7542 0 -21.7542 -0 -21.7542 0 -21.7542 -0 -21.7542 0 -21.7542 -0 -21.7542 0 -21.7542 -0 -21.7542 0 -21.7542 -0 
-21.674 0.0 -21.674 -0 -21.674 0 -21.674 -0 -21.674 0 -21.674 -0 -21.674 0 -21.674 -0 -21.674 0 -21.674 -0 -21.674 0 -21.674 -0 -21.674 0 -21.674 -0 
-21.5939 0.0 -21.5939 -0 -21.5939 0 -21.5939 -0 -21.5939 0 -21.5939 -0 -21.5939 0 -21.5939 -0 -21.5939 0 -21.5939 -0 -21.5939 0 -21.5939 -0 -21.5939 0 -21.5939 -0 
-21.5137 0.0 -21.5137 -0 -21.5137 0 -21.5137 -0 -21.5137 0 -21.5137 -0 -21.5137 0 -21.5137 -0 -21.5137 0 -21.5137 -0 -21.5137 0 -21.5137 -0 -21.5137 0 -21.5137 -0 
-21.4335 0.0 -21.4335 -0 -21.4335 0 -21.4335 -0 -21.4335 0 -21.4335 -0 -21.4335 0 -21.4335 -0 -21.4335 0 -21.4335 -0 -21.4335 0 -21.4335 -0 -21.4335 0 -21.4335 -0 
-21.3534 0.0003 -21.3534 -0 -21.3534 0 -21.3534 -0 -21.3534 0 -21.3534 -0 -21.3534 0 -21.3534 -0 -21.3534 0 -21.3534 -0 -21.3534 0 -21.3534 -0 -21.3534 0 -21.3534 -0 
-21.2732 0.0025 -21.2732 -0 -21.2732 0 -21.2732 -0 -21.2732 0 -21.2732 -0 -21.2732 0 -21.2732 -0 -21.2732 0 -21.2732 -0 -21.2732 0 -21.2732 -0 -21.2732 0 -21.2732 -0 
-21.1931 0.0136 -21.1931 -0.0002 -21.1931 0 -21.1931 -0 -21.1931 0 -21.1931 -0 -21.1931 0 -21.1931 -0 -21.1931 0 -21.1931 -0 -21.1931 0 -21.1931 -0 -21.1931 0 -21.1931 -0 
-21.1129 0.0556 -21.1129 -0.0017 -21.1129 0 -21.1129 -0 -21.1129 0 -21.1129 -0 -21.1129 0 -21.1129 -0 -21.1129 0 -21.1129 -0 -21.1129 0 -21.1129 -0 -21.1129 0 -21.1129 -0 
-21.0327 0.1741 -21.0327 -0.0097 -21.0327 0 -21.0327 -0 -21.0327 0 -21.0327 -0 -21.0327 0 -21.0327 -0 -21.0327 0 -21.0327 -0 -21.0327 0 -21.0327 -0 -21.0327 0 -21.0327 -0 
-20.9526 0.4232 -20.9526 -0.0429 -20.9526 0 -20.9526 -0 -20.9526 0 -20.9526 -0 -20.9526 0 -20.9526 -0 -20.9526 0 -20.9526 -0 -20.9526 0 -20.9526 -0 -20.9526 0 -20.9526 -0 
-20.8724 0.8191 -20.8724 -0.1441 -20.8724 0 -20.8724 -0 -20.8724 0 -20.8724 -0 -20.8724 0 -20.8724 -0 -20.8724 0 -20.8724 -0 -20.8724 0 -20.8724 -0 -20.8724 0 -20.8724 -0 
-20.7923 1.3026 -20.7923 -0.3743 -20.7923 0 -20.7923 -0 -20.7923 0 -20.7923 -0 -20.7923 0 -20.7923 -0 -20.7923 0 -20.7923 -0 -20.7923 0 -20.7923 -0 -20.7923 0 -20.7923 -0 
-20.7121 1.7597 -20.7121 -0.7689 -20.7121 0.0001 -20.7121 -0 -20.7121 0 -20.7121 -0 -20.7121 0 -20.7121 -0 -20.7121 0 -20.7121 -0 -20.7121 0.0001 -20.7121 -0 -20.7121 0 -20.7121 -0 
-20.6319 2.0669 -20.6319 -1.2846 -20.6319 0.0001 -20.6319 -0 -20.6319 0 -20.6319 -0 -20.6319 0 -20.6319 -0 -20.6319 0 -20.6319 -0 -20.6319 0.0001 -20.6319 -0 -20.6319 0 -20.6319 -0 
-20.5518 2.1385 -20.5518 -1.797 -20.5518 0.0001 -20.5518 -0 -20.5518 0 -20.5518 -0 -20.5518 0 -20.5518 -0 -20.5518 0 -20.5518 -0 -20.5518 0.0001 -20.5518 -0 -20.5518 0 -20.5518 -0 
-20.4716 2.0325 -20.4716 -2.1525 -20.4716 0.0001 -20.4716 -0 -20.4716 0 -20.4716 -0 -20.4716 0 -20.4716 -0 -20.4716 0 -20.4716 -0 -20.4716 0.0001 -20.4716 -0 -20.4716 0 -20.4716 -0 
-20.3915 2.0307 -20.3915 -2.2565 -20.3915 0 -20.3915 -0 -20.3915 0 -20.3915 -0 -20.3915 0 -20.3915 -0 -20.3915 0 -20.3915 -0 -20.3915 0 -20.3915 -0 -20.3915 0 -20.3915 -0 
-20.3113 2.4682 -20.3113 -2.202 -20.3113 0 -20.3113 -0 -20.3113 0 -20.3113 -0 -20.3113 0 -20.3113 -0 -20.3113 0 -20.3113 -0 -20.3113 0 -20.3113 -0 -20.3113 0 -20.3113 -0 
-20.2311 3.4227 -20.2311 -2.299 -20.2311 0 -20.2311 -0 -20.2311 0 -20.2311 -0 -20.2311 0 -20.2311 -0 -20.2311 0 -20.2311 -0 -20.2311 0 -20.2311 -0 -20.2311 0 -20.2311 -0 
-20.151 4.7318 -20.151 -2.8082 -20.151 0 -20.151 -0.0001 -20.151 0 -20.151 -0.0001 -20.151 0 -20.151 -0 -20.151 0 -20.151 -0 -20.151 0 -20.151 -0 -20.151 0 -20.151 -0 
-20.0708 6.2987 -20.0708 -3.6321 -20.0708 0.0001 -20.0708 -0.0002 -20.0708 0 -20.0708 -0.0001 -20.0708 0 -20.0708 -0 -20.0708 0 -20.0708 -0 -20.0708 0.0001 -20.0708 -0 -20.0708 0 -20.0708 -0.0001 
-19.9907 8.0564 -19.9907 -4.4663 -19.9907 0.0003 -19.9907 -0.0003 -19.9907 0.0001 -19.9907 -0.0002 -19.9907 0 -19.9907 -0 -19.9907 0 -19.9907 -0 -19.9907 0.0001 -19.9907 -0 -19.9907 0.0001 -19.9907 -0.0001 
-19.9105 9.6107 -19.9105 -5.2625 -19.9105 0.0005 -19.9105 -0.0009 -19.9105 0.0002 -19.9105 -0.0005 -19.9105 0 -19.9105 -0 -19.9105 0 -19.9105 -0 -19.9105 0.0002 -19.9105 -0.0001 -19.9105 0.0001 -19.9105 -0.0003 
-19.8303 10.3768 -19.8303 -6.3538 -19.8303 0.0011 -19.8303 -0.0025 -19.8303 0.0005 -19.8303 -0.0013 -19.8303 0 -19.8303 -0 -19.8303 0 -19.8303 -0 -19.8303 0.0003 -19.8303 -0.0004 -19.8303 0.0003 -19.8303 -0.0008 
-19.7502 10.2156 -19.7502 -8.0577 -19.7502 0.0017 -19.7502 -0.0055 -19.7502 0.0008 -19.7502 -0.0029 -19.7502 0 -19.7502 -0 -19.7502 0 -19.7502 -0 -19.7502 0.0004 -19.7502 -0.0008 -19.7502 0.0005 -19.7502 -0.0018 
-19.67 9.6335 -19.67 -10.0916 -19.67 0.0026 -19.67 -0.0099 -19.67 0.0012 -19.67 -0.0052 -19.67 0 -19.67 -0 -19.67 0 -19.67 -0 -19.67 0.0006 -19.67 -0.0014 -19.67 0.0008 -19.67 -0.0033 
-19.5899 9.3307 -19.5899 -11.4658 -19.5899 0.0035 -19.5899 -0.014 -19.5899 0.0015 -19.5899 -0.0073 -19.5899 0 -19.5899 -0 -19.5899 0 -19.5899 -0 -19.5899 0.001 -19.5899 -0.002 -19.5899 0.001 -19.5899 -0.0047 
-19.5097 9.7299 -19.5097 -11.3278 -19.5097 0.0046 -19.5097 -0.0156 -19.5097 0.0016 -19.5097 -0.008 -19.5097 0 -19.5097 -0 -19.5097 0 -19.5097 -0 -19.5097 0.0019 -19.5097 -0.0024 -19.5097 0.0011 -19.5097 -0.0052 
-19.4295 10.7293 -19.4295 -9.9233 -19.4295 0.0063 -19.4295 -0.014 -19.4295 0.0015 -19.4295 -0.007 -19.4295 0 -19.4295 -0 -19.4295 0 -19.4295 -0 -19.4295 0.0037 -19.4295 -0.0024 -19.4295 0.0011 -19.4295 -0.0046 
-19.3494 11.6515 -19.3494 -8.4056 -19.3494 0.0086 -19.3494 -0.0109 -19.3494 0.0012 -19.3494 -0.0051 -19.3494 0 -19.3494 -0 -19.3494 0 -19.3494 -0 -19.3494 0.0064 -19.3494 -0.0023 -19.3494 0.001 -19.3494 -0.0035 
-19.2692 11.6514 -19.2692 -7.7627 -19.2692 0.0108 -19.2692 -0.0079 -19.2692 0.001 -19.2692 -0.0033 -19.2692 0 -19.2692 -0 -19.2692 0 -19.2692 -0 -19.2692 0.009 -19.2692 -0.0021 -19.2692 0.0008 -19.2692 -0.0025 
-19.1891 10.4661 -19.1891 -8.0307 -19.1891 0.0115 -19.1891 -0.0061 -19.1891 0.0007 -19.1891 -0.0021 -19.1891 0 -19.1891 -0 -19.1891 0 -19.1891 -0 -19.1891 0.0101 -19.1891 -0.0018 -19.1891 0.0007 -19.1891 -0.0022 
-19.1089 8.7316 -19.1089 -8.3976 -19.1089 0.0099 -19.1089 -0.0057 -19.1089 0.0006 -19.1089 -0.0017 -19.1089 0 -19.1089 -0 -19.1089 0 -19.1089 -0 -19.1089 0.0088 -19.1089 -0.0015 -19.1089 0.0005 -19.1089 -0.0025 
-19.0287 7.4176 -19.0287 -8.0828 -19.0287 0.0072 -19.0287 -0.0064 -19.0287 0.0005 -19.0287 -0.002 -19.0287 0 -19.0287 -0 -19.0287 0 -19.0287 -0 -19.0287 0.0063 -19.0287 -0.0013 -19.0287 0.0004 -19.0287 -0.0031 
-18.9486 6.9375 -18.9486 -7.1271 -18.9486 0.0058 -18.9486 -0.0077 -18.9486 0.0007 -18.9486 -0.0028 -18.9486 0 -18.9486 -0 -18.9486 0 -18.9486 -0 -18.9486 0.0046 -18.9486 -0.0013 -18.9486 0.0005 -18.9486 -0.0036 
-18.8684 6.9931 -18.8684 -6.2765 -18.8684 0.0069 -18.8684 -0.0104 -18.8684 0.0012 -18.8684 -0.0045 -18.8684 0 -18.8684 -0 -18.8684 0 -18.8684 -0 -18.8684 0.0049 -18.8684 -0.0018 -18.8684 0.0008 -18.8684 -0.0041 
-18.7883 7.2973 -18.7883 -6.2669 -18.7883 0.0098 -18.7883 -0.0171 -18.7883 0.002 -18.7883 -0.0078 -18.7883 0 -18.7883 -0 -18.7883 0 -18.7883 -0 -18.7883 0.0065 -18.7883 -0.0032 -18.7883 0.0013 -18.7883 -0.0061 
-18.7081 8.0165 -18.7081 -7.2836 -18.7081 0.0127 -18.7081 -0.0309 -18.7081 0.0026 -18.7081 -0.0138 -18.7081 0 -18.7081 -0 -18.7081 0 -18.7081 -0 -18.7081 0.0083 -18.7081 -0.0056 -18.7081 0.0018 -18.7081 -0.0115 
-18.6279 9.3352 -18.6279 -8.9404 -18.6279 0.0144 -18.6279 -0.0525 -18.6279 0.0028 -18.6279 -0.0224 -18.6279 0 -18.6279 -0 -18.6279 0 -18.6279 -0 -18.6279 0.0095 -18.6279 -0.0085 -18.6279 0.0021 -18.6279 -0.0216 
-18.5478 11.0244 -18.5478 -10.6935 -18.5478 0.0154 -18.5478 -0.0791 -18.5478 0.0027 -18.5478 -0.0324 -18.5478 0 -18.5478 -0.0001 -18.5478 0 -18.5478 -0.0001 -18.5478 0.0103 -18.5478 -0.0116 -18.5478 0.0024 -18.5478 -0.0349 
-18.4676 12.7011 -18.4676 -12.1446 -18.4676 0.0174 -18.4676 -0.101 -18.4676 0.0026 -18.4676 -0.0404 -18.4676 0 -18.4676 -0.0001 -18.4676 0 -18.4676 -0.0001 -18.4676 0.0119 -18.4676 -0.0144 -18.4676 0.0029 -18.4676 -0.046 
-18.3875 14.1583 -18.3875 -12.9081 -18.3875 0.0212 -18.3875 -0.1059 -18.3875 0.0027 -18.3875 -0.0423 -18.3875 0 -18.3875 -0.0001 -18.3875 0 -18.3875 -0.0001 -18.3875 0.0152 -18.3875 -0.0157 -18.3875 0.0033 -18.3875 -0.0477 
-18.3073 15.163 -18.3073 -12.7095 -18.3073 0.0268 -18.3073 -0.089 -18.3073 0.0028 -18.3073 -0.0358 -18.3073 0 -18.3073 -0.0001 -18.3073 0 -18.3073 -0.0001 -18.3073 0.0206 -18.3073 -0.0144 -18.3073 0.0034 -18.3073 -0.0386 
-18.2271 15.3777 -18.2271 -11.9301 -18.2271 0.0333 -18.2271 -0.0603 -18.2271 0.0033 -18.2271 -0.0244 -18.2271 0 -18.2271 -0.0001 -18.2271 0 -18.2271 -0.0001 -18.2271 0.0267 -18.2271 -0.0111 -18.2271 0.0033 -18.2271 -0.0246 
-18.147 14.9199 -18.147 -11.5478 -18.147 0.0405 -18.147 -0.0359 -18.147 0.0047 -18.147 -0.0142 -18.147 0 -18.147 -0 -18.147 0 -18.147 -0.0001 -18.147 0.0319 -18.147 -0.008 -18.147 0.0039 -18.147 -0.0136 
-18.0668 14.6203 -18.0668 -12.2078 -18.0668 0.0493 -18.0668 -0.0243 -18.0668 0.0082 -18.0668 -0.0088 -18.0668 0 -18.0668 -0 -18.0668 0 -18.0668 -0 -18.0668 0.0348 -18.0668 -0.0067 -18.0668 0.0063 -18.0668 -0.0088 
-17.9867 15.1948 -17.9867 -13.5624 -17.9867 0.0593 -17.9867 -0.0223 -17.9867 0.014 -17.9867 -0.0073 -17.9867 0 -17.9867 -0.0001 -17.9867 0 -17.9867 -0 -17.9867 0.034 -17.9867 -0.0066 -17.9867 0.0113 -17.9867 -0.0083 
-17.9065 16.3373 -17.9065 -14.6007 -17.9065 0.0675 -17.9065 -0.0218 -17.9065 0.0207 -17.9065 -0.0071 -17.9065 0 -17.9065 -0.0001 -17.9065 0 -17.9065 -0.0001 -17.9065 0.0289 -17.9065 -0.006 -17.9065 0.0179 -17.9065 -0.0085 
-17.8263 17.0545 -17.8263 -14.5152 -17.8263 0.0687 -17.8263 -0.018 -17.8263 0.0246 -17.8263 -0.0063 -17.8263 0 -17.8263 -0 -17.8263 0 -17.8263 -0 -17.8263 0.0211 -17.8263 -0.0044 -17.8263 0.023 -17.8263 -0.0073 
-17.7462 16.7781 -17.7462 -13.2653 -17.7462 0.0601 -17.7462 -0.0123 -17.7462 0.0234 -17.7462 -0.0047 -17.7462 0 -17.7462 -0 -17.7462 0 -17.7462 -0 -17.7462 0.0132 -17.7462 -0.0027 -17.7462 0.0235 -17.7462 -0.0049 
-17.666 15.7766 -17.666 -11.5814 -17.666 0.0452 -17.666 -0.0076 -17.666 0.0182 -17.666 -0.003 -17.666 0 -17.666 -0 -17.666 0 -17.666 -0 -17.666 0.0074 -17.666 -0.002 -17.666 0.0196 -17.666 -0.0026 
-17.5859 14.5705 -17.5859 -10.5895 -17.5859 0.0332 -17.5859 -0.0058 -17.5859 0.0131 -17.5859 -0.0018 -17.5859 0 -17.5859 -0 -17.5859 0 -17.5859 -0 -17.5859 0.0048 -17.5859 -0.0026 -17.5859 0.0153 -17.5859 -0.0014 
-17.5057 13.3449 -17.5057 -11.129 -17.5057 0.0294 -17.5057 -0.0073 -17.5057 0.0106 -17.5057 -0.0014 -17.5057 0 -17.5057 -0 -17.5057 0 -17.5057 -0 -17.5057 0.0053 -17.5057 -0.0047 -17.5057 0.0135 -17.5057 -0.0012 
-17.4255 12.0198 -17.4255 -13.13 -17.4255 0.0319 -17.4255 -0.0115 -17.4255 0.0101 -17.4255 -0.0019 -17.4255 0 -17.4255 -0 -17.4255 0 -17.4255 -0 -17.4255 0.0081 -17.4255 -0.0074 -17.4255 0.0137 -17.4255 -0.0022 
-17.3454 10.7222 -17.3454 -15.5389 -17.3454 0.0333 -17.3454 -0.0164 -17.3454 0.0091 -17.3454 -0.003 -17.3454 0 -17.3454 -0 -17.3454 0 -17.3454 -0 -17.3454 0.0112 -17.3454 -0.0094 -17.3454 0.013 -17.3454 -0.004 
-17.2652 9.9947 -17.2652 -16.8889 -17.2652 0.0291 -17.2652 -0.0197 -17.2652 0.0068 -17.2652 -0.0042 -17.2652 0 -17.2652 -0 -17.2652 0 -17.2652 -0 -17.2652 0.0123 -17.2652 -0.0097 -17.2652 0.01 -17.2652 -0.0058 
-17.1851 10.2584 -17.1851 -16.312 -17.1851 0.0204 -17.1851 -0.0195 -17.1851 0.004 -17.1851 -0.0045 -17.1851 0 -17.1851 -0 -17.1851 0 -17.1851 -0 -17.1851 0.0104 -17.1851 -0.0086 -17.1851 0.006 -17.1851 -0.0064 
-17.1049 11.0575 -17.1049 -14.3308 -17.1049 0.0111 -17.1049 -0.0161 -17.1049 0.0018 -17.1049 -0.0038 -17.1049 0 -17.1049 -0 -17.1049 0 -17.1049 -0 -17.1049 0.0066 -17.1049 -0.0069 -17.1049 0.0027 -17.1049 -0.0054 
-17.0247 11.2738 -17.0247 -12.5421 -17.0247 0.0048 -17.0247 -0.0111 -17.0247 0.0006 -17.0247 -0.0025 -17.0247 0 -17.0247 -0 -17.0247 0 -17.0247 -0 -17.0247 0.0032 -17.0247 -0.0051 -17.0247 0.001 -17.0247 -0.0035 
-16.9446 10.3079 -16.9446 -12.232 -16.9446 0.0016 -16.9446 -0.0064 -16.9446 0.0002 -16.9446 -0.0013 -16.9446 0 -16.9446 -0 -16.9446 0 -16.9446 -0 -16.9446 0.0011 -16.9446 -0.0033 -16.9446 0.0003 -16.9446 -0.0018 
-16.8644 8.6913 -16.8644 -13.2816 -16.8644 0.0004 -16.8644 -0.0029 -16.8644 0 -16.8644 -0.0005 -16.8644 0 -16.8644 -0 -16.8644 0 -16.8644 -0 -16.8644 0.0003 -16.8644 -0.0017 -16.8644 0.0001 -16.8644 -0.0007 
-16.7842 7.2749 -16.7842 -14.478 -16.7842 0.0001 -16.7842 -0.0011 -16.7842 0 -16.7842 -0.0002 -16.7842 0 -16.7842 -0 -16.7842 0 -16.7842 -0 -16.7842 0.0001 -16.7842 -0.0007 -16.7842 0 -16.7842 -0.0002 
-16.7041 6.1689 -16.7041 -14.5435 -16.7041 0 -16.7041 -0.0003 -16.7041 0 -16.7041 -0 -16.7041 0 -16.7041 -0 -16.7041 0 -16.7041 -0 -16.7041 0 -16.7041 -0.0002 -16.7041 0 -16.7041 -0.0001 
-16.6239 4.8821 -16.6239 -12.7757 -16.6239 0 -16.6239 -0.0001 -16.6239 0 -16.6239 -0 -16.6239 0 -16.6239 -0 -16.6239 0 -16.6239 -0 -16.6239 0 -16.6239 -0.0001 -16.6239 0 -16.6239 -0 
-16.5438 3.2491 -16.5438 -9.3953 -16.5438 0 -16.5438 -0 -16.5438 0 -16.5438 -0 -16.5438 0 -16.5438 -0 -16.5438 0 -16.5438 -0 -16.5438 0 -16.5438 -0 -16.5438 0 -16.5438 -0 
-16.4636 1.7007 -16.4636 -5.5627 -16.4636 0 -16.4636 -0 -16.4636 0 -16.4636 -0 -16.4636 0 -16.4636 -0 -16.4636 0 -16.4636 -0 -16.4636 0 -16.4636 -0 -16.4636 0 -16.4636 -0 
-16.3834 0.6769 -16.3834 -2.5725 -16.3834 0 -16.3834 -0 -16.3834 0 -16.3834 -0 -16.3834 0 -16.3834 -0 -16.3834 0 -16.3834 -0 -16.3834 0 -16.3834 -0 -16.3834 0 -16.3834 -0 
-16.3033 0.2015 -16.3033 -0.91 -16.3033 0 -16.3033 -0 -16.3033 0 -16.3033 -0 -16.3033 0 -16.3033 -0 -16.3033 0 -16.3033 -0 -16.3033 0 -16.3033 -0 -16.3033 0 -16.3033 -0 
-16.2231 0.0444 -16.2231 -0.2429 -16.2231 0 -16.2231 -0 -16.2231 0 -16.2231 -0 -16.2231 0 -16.2231 -0 -16.2231 0 -16.2231 -0 -16.2231 0 -16.2231 -0 -16.2231 0 -16.2231 -0 
-16.143 0.0072 -16.143 -0.0485 -16.143 0 -16.143 -0 -16.143 0 -16.143 -0 -16.143 0 -16.143 -0 -16.143 0 -16.143 -0 -16.143 0 -16.143 -0 -16.143 0 -16.143 -0 
-16.0628 0.0009 -16.0628 -0.0072 -16.0628 0 -16.0628 -0 -16.0628 0 -16.0628 -0 -16.0628 0 -16.0628 -0 -16.0628 0 -16.0628 -0 -16.0628 0 -16.0628 -0 -16.0628 0 -16.0628 -0 
-15.9826 0.0004 -15.9826 -0.001 -15.9826 0 -15.9826 -0 -15.9826 0 -15.9826 -0 -15.9826 0 -15.9826 -0 -15.9826 0 -15.9826 -0 -15.9826 0 -15.9826 -0 -15.9826 0 -15.9826 -0 
-15.9025 0.0029 -15.9025 -0.002 -15.9025 0 -15.9025 -0 -15.9025 0 -15.9025 -0 -15.9025 0 -15.9025 -0 -15.9025 0 -15.9025 -0 -15.9025 0 -15.9025 -0 -15.9025 0 -15.9025 -0 
-15.8223 0.0205 -15.8223 -0.0145 -15.8223 0 -15.8223 -0 -15.8223 0 -15.8223 -0 -15.8223 0 -15.8223 -0 -15.8223 0 -15.8223 -0 -15.8223 0 -15.8223 -0 -15.8223 0 -15.8223 -0 
-15.7422 0.1106 -15.7422 -0.0817 -15.7422 0 -15.7422 -0 -15.7422 0 -15.7422 -0 -15.7422 0 -15.7422 -0 -15.7422 0 -15.7422 -0 -15.7422 0 -15.7422 -0 -15.7422 0 -15.7422 -0 
-15.662 0.4504 -15.662 -0.349 -15.662 0 -15.662 -0 -15.662 0 -15.662 -0 -15.662 0 -15.662 -0 -15.662 0 -15.662 -0 -15.662 0 -15.662 -0 -15.662 0 -15.662 -0 
-15.5818 1.3869 -15.5818 -1.1311 -15.5818 0 -15.5818 -0 -15.5818 0 -15.5818 -0 -15.5818 0 -15.5818 -0 -15.5818 0 -15.5818 -0 -15.5818 0 -15.5818 -0 -15.5818 0 -15.5818 -0 
-15.5017 3.2323 -15.5017 -2.7843 -15.5017 0 -15.5017 -0 -15.5017 0 -15.5017 -0 -15.5017 0 -15.5017 -0 -15.5017 0 -15.5017 -0 -15.5017 0 -15.5017 -0 -15.5017 0 -15.5017 -0 
-15.4215 5.7031 -15.4215 -5.2014 -15.4215 0 -15.4215 -0 -15.4215 0 -15.4215 -0 -15.4215 0 -15.4215 -0 -15.4215 0 -15.4215 -0 -15.4215 0 -15.4215 -0 -15.4215 0 -15.4215 -0 
-15.3414 7.6134 -15.3414 -7.3588 -15.3414 0 -15.3414 -0 -15.3414 0 -15.3414 -0 -15.3414 0 -15.3414 -0 -15.3414 0 -15.3414 -0 -15.3414 0 -15.3414 -0 -15.3414 0 -15.3414 -0 
-15.2612 7.6793 -15.2612 -7.8633 -15.2612 0 -15.2612 -0 -15.2612 0 -15.2612 -0 -15.2612 0 -15.2612 -0 -15.2612 0 -15.2612 -0 -15.2612 0 -15.2612 -0 -15.2612 0 -15.2612 -0 
-15.181 5.8423 -15.181 -6.3269 -15.181 0 -15.181 -0 -15.181 0 -15.181 -0 -15.181 0 -15.181 -0 -15.181 0 -15.181 -0 -15.181 0 -15.181 -0 -15.181 0 -15.181 -0 
-15.1009 3.3455 -15.1009 -3.8217 -15.1009 0 -15.1009 -0 -15.1009 0 -15.1009 -0 -15.1009 0 -15.1009 -0 -15.1009 0 -15.1009 -0 -15.1009 0 -15.1009 -0 -15.1009 0 -15.1009 -0 
-15.0207 1.4389 -15.0207 -1.7282 -15.0207 0 -15.0207 -0 -15.0207 0 -15.0207 -0 -15.0207 0 -15.0207 -0 -15.0207 0 -15.0207 -0 -15.0207 0 -15.0207 -0 -15.0207 0 -15.0207 -0 
-14.9406 0.4638 -14.9406 -0.5836 -14.9406 0 -14.9406 -0 -14.9406 0 -14.9406 -0 -14.9406 0 -14.9406 -0 -14.9406 0 -14.9406 -0 -14.9406 0 -14.9406 -0 -14.9406 0 -14.9406 -0 
-14.8604 0.1118 -14.8604 -0.1468 -14.8604 0 -14.8604 -0 -14.8604 0 -14.8604 -0 -14.8604 0 -14.8604 -0 -14.8604 0 -14.8604 -0 -14.8604 0 -14.8604 -0 -14.8604 0 -14.8604 -0 
-14.7802 0.0201 -14.7802 -0.0275 -14.7802 0 -14.7802 -0 -14.7802 0 -14.7802 -0 -14.7802 0 -14.7802 -0 -14.7802 0 -14.7802 -0 -14.7802 0 -14.7802 -0 -14.7802 0 -14.7802 -0 
-14.7001 0.0027 -14.7001 -0.0038 -14.7001 0 -14.7001 -0 -14.7001 0 -14.7001 -0 -14.7001 0 -14.7001 -0 -14.7001 0 -14.7001 -0 -14.7001 0 -14.7001 -0 -14.7001 0 -14.7001 -0 
-14.6199 0.0003 -14.6199 -0.0004 -14.6199 0 -14.6199 -0 -14.6199 0 -14.6199 -0 -14.6199 0 -14.6199 -0 -14.6199 0 -14.6199 -0 -14.6199 0 -14.6199 -0 -14.6199 0 -14.6199 -0 
-14.5398 0.0 -14.5398 -0 -14.5398 0 -14.5398 -0 -14.5398 0 -14.5398 -0 -14.5398 0 -14.5398 -0 -14.5398 0 -14.5398 -0 -14.5398 0 -14.5398 -0 -14.5398 0 -14.5398 -0 
-14.4596 0.0 -14.4596 -0 -14.4596 0 -14.4596 -0 -14.4596 0 -14.4596 -0 -14.4596 0 -14.4596 -0 -14.4596 0 -14.4596 -0 -14.4596 0 -14.4596 -0 -14.4596 0 -14.4596 -0 
-14.3794 0.0 -14.3794 -0 -14.3794 0 -14.3794 -0 -14.3794 0 -14.3794 -0 -14.3794 0 -14.3794 -0 -14.3794 0 -14.3794 -0 -14.3794 0 -14.3794 -0 -14.3794 0 -14.3794 -0 
-14.2993 0.0 -14.2993 -0 -14.2993 0 -14.2993 -0 -14.2993 0 -14.2993 -0 -14.2993 0 -14.2993 -0 -14.2993 0 -14.2993 -0 -14.2993 0 -14.2993 -0 -14.2993 0 -14.2993 -0 
-14.2191 0.0 -14.2191 -0 -14.2191 0 -14.2191 -0 -14.2191 0 -14.2191 -0 -14.2191 0 -14.2191 -0 -14.2191 0 -14.2191 -0 -14.2191 0 -14.2191 -0 -14.2191 0 -14.2191 -0 
-14.139 0.0 -14.139 -0 -14.139 0 -14.139 -0 -14.139 0 -14.139 -0 -14.139 0 -14.139 -0 -14.139 0 -14.139 -0 -14.139 0 -14.139 -0 -14.139 0 -14.139 -0 
-14.0588 0.0 -14.0588 -0 -14.0588 0 -14.0588 -0 -14.0588 0 -14.0588 -0 -14.0588 0 -14.0588 -0 -14.0588 0 -14.0588 -0 -14.0588 0 -14.0588 -0 -14.0588 0 -14.0588 -0 
-13.9786 0.0 -13.9786 -0 -13.9786 0 -13.9786 -0 -13.9786 0 -13.9786 -0 -13.9786 0 -13.9786 -0 -13.9786 0 -13.9786 -0 -13.9786 0 -13.9786 -0 -13.9786 0 -13.9786 -0 
-13.8985 0.0 -13.8985 -0 -13.8985 0 -13.8985 -0 -13.8985 0 -13.8985 -0 -13.8985 0 -13.8985 -0 -13.8985 0 -13.8985 -0 -13.8985 0 -13.8985 -0 -13.8985 0 -13.8985 -0 
-13.8183 0.0 -13.8183 -0 -13.8183 0 -13.8183 -0 -13.8183 0 -13.8183 -0 -13.8183 0 -13.8183 -0 -13.8183 0 -13.8183 -0 -13.8183 0 -13.8183 -0 -13.8183 0 -13.8183 -0 
-13.7382 0.0 -13.7382 -0 -13.7382 0 -13.7382 -0 -13.7382 0 -13.7382 -0 -13.7382 0 -13.7382 -0 -13.7382 0 -13.7382 -0 -13.7382 0 -13.7382 -0 -13.7382 0 -13.7382 -0 
-13.658 0.0 -13.658 -0 -13.658 0 -13.658 -0 -13.658 0 -13.658 -0 -13.658 0 -13.658 -0 -13.658 0 -13.658 -0 -13.658 0 -13.658 -0 -13.658 0 -13.658 -0 
-13.5778 0.0 -13.5778 -0 -13.5778 0 -13.5778 -0 -13.5778 0 -13.5778 -0 -13.5778 0 -13.5778 -0 -13.5778 0 -13.5778 -0 -13.5778 0 -13.5778 -0 -13.5778 0 -13.5778 -0 
-13.4977 0.0 -13.4977 -0 -13.4977 0 -13.4977 -0 -13.4977 0 -13.4977 -0 -13.4977 0 -13.4977 -0 -13.4977 0 -13.4977 -0 -13.4977 0 -13.4977 -0 -13.4977 0 -13.4977 -0 
-13.4175 0.0 -13.4175 -0 -13.4175 0 -13.4175 -0 -13.4175 0 -13.4175 -0 -13.4175 0 -13.4175 -0 -13.4175 0 -13.4175 -0 -13.4175 0 -13.4175 -0 -13.4175 0 -13.4175 -0 
-13.3374 0.0 -13.3374 -0 -13.3374 0 -13.3374 -0 -13.3374 0 -13.3374 -0 -13.3374 0 -13.3374 -0 -13.3374 0 -13.3374 -0 -13.3374 0 -13.3374 -0 -13.3374 0 -13.3374 -0 
-13.2572 0.0 -13.2572 -0 -13.2572 0 -13.2572 -0 -13.2572 0 -13.2572 -0 -13.2572 0 -13.2572 -0 -13.2572 0 -13.2572 -0 -13.2572 0 -13.2572 -0 -13.2572 0 -13.2572 -0 
-13.177 0.0 -13.177 -0 -13.177 0 -13.177 -0 -13.177 0 -13.177 -0 -13.177 0 -13.177 -0 -13.177 0 -13.177 -0 -13.177 0 -13.177 -0 -13.177 0 -13.177 -0 
-13.0969 0.0 -13.0969 -0 -13.0969 0 -13.0969 -0 -13.0969 0 -13.0969 -0 -13.0969 0 -13.0969 -0 -13.0969 0 -13.0969 -0 -13.0969 0 -13.0969 -0 -13.0969 0 -13.0969 -0 
-13.0167 0.0 -13.0167 -0 -13.0167 0 -13.0167 -0 -13.0167 0 -13.0167 -0 -13.0167 0 -13.0167 -0 -13.0167 0 -13.0167 -0 -13.0167 0 -13.0167 -0 -13.0167 0 -13.0167 -0 
-12.9366 0.0 -12.9366 -0 -12.9366 0 -12.9366 -0 -12.9366 0 -12.9366 -0 -12.9366 0 -12.9366 -0 -12.9366 0 -12.9366 -0 -12.9366 0 -12.9366 -0 -12.9366 0 -12.9366 -0 
-12.8564 0.0 -12.8564 -0 -12.8564 0 -12.8564 -0 -12.8564 0 -12.8564 -0 -12.8564 0 -12.8564 -0 -12.8564 0 -12.8564 -0 -12.8564 0 -12.8564 -0 -12.8564 0 -12.8564 -0 
-12.7762 0.0 -12.7762 -0 -12.7762 0 -12.7762 -0 -12.7762 0 -12.7762 -0 -12.7762 0 -12.7762 -0 -12.7762 0 -12.7762 -0 -12.7762 0 -12.7762 -0 -12.7762 0 -12.7762 -0 
-12.6961 0.0 -12.6961 -0 -12.6961 0 -12.6961 -0 -12.6961 0 -12.6961 -0 -12.6961 0 -12.6961 -0 -12.6961 0 -12.6961 -0 -12.6961 0 -12.6961 -0 -12.6961 0 -12.6961 -0 
-12.6159 0.0 -12.6159 -0 -12.6159 0 -12.6159 -0 -12.6159 0 -12.6159 -0 -12.6159 0 -12.6159 -0 -12.6159 0 -12.6159 -0 -12.6159 0 -12.6159 -0 -12.6159 0 -12.6159 -0 
-12.5358 0.0 -12.5358 -0 -12.5358 0 -12.5358 -0 -12.5358 0 -12.5358 -0 -12.5358 0 -12.5358 -0 -12.5358 0 -12.5358 -0 -12.5358 0 -12.5358 -0 -12.5358 0 -12.5358 -0 
-12.4556 0.0 -12.4556 -0 -12.4556 0 -12.4556 -0 -12.4556 0 -12.4556 -0 -12.4556 0 -12.4556 -0 -12.4556 0 -12.4556 -0 -12.4556 0 -12.4556 -0 -12.4556 0 -12.4556 -0 
-12.3754 0.0 -12.3754 -0 -12.3754 0 -12.3754 -0 -12.3754 0 -12.3754 -0 -12.3754 0 -12.3754 -0 -12.3754 0 -12.3754 -0 -12.3754 0 -12.3754 -0 -12.3754 0 -12.3754 -0 
-12.2953 0.0 -12.2953 -0 -12.2953 0 -12.2953 -0 -12.2953 0 -12.2953 -0 -12.2953 0 -12.2953 -0 -12.2953 0 -12.2953 -0 -12.2953 0 -12.2953 -0 -12.2953 0 -12.2953 -0 
-12.2151 0.0 -12.2151 -0 -12.2151 0 -12.2151 -0 -12.2151 0 -12.2151 -0 -12.2151 0 -12.2151 -0 -12.2151 0 -12.2151 -0 -12.2151 0 -12.2151 -0 -12.2151 0 -12.2151 -0 
-12.135 0.0 -12.135 -0 -12.135 0 -12.135 -0 -12.135 0 -12.135 -0 -12.135 0 -12.135 -0 -12.135 0 -12.135 -0 -12.135 0 -12.135 -0 -12.135 0 -12.135 -0 
-12.0548 0.0 -12.0548 -0 -12.0548 0 -12.0548 -0 -12.0548 0 -12.0548 -0 -12.0548 0 -12.0548 -0 -12.0548 0 -12.0548 -0 -12.0548 0 -12.0548 -0 -12.0548 0 -12.0548 -0 
-11.9746 0.0 -11.9746 -0 -11.9746 0 -11.9746 -0 -11.9746 0 -11.9746 -0 -11.9746 0 -11.9746 -0 -11.9746 0 -11.9746 -0 -11.9746 0 -11.9746 -0 -11.9746 0 -11.9746 -0 
-11.8945 0.0 -11.8945 -0 -11.8945 0 -11.8945 -0 -11.8945 0 -11.8945 -0 -11.8945 0 -11.8945 -0 -11.8945 0 -11.8945 -0 -11.8945 0 -11.8945 -0 -11.8945 0 -11.8945 -0 
-11.8143 0.0 -11.8143 -0 -11.8143 0 -11.8143 -0 -11.8143 0 -11.8143 -0 -11.8143 0 -11.8143 -0 -11.8143 0 -11.8143 -0 -11.8143 0 -11.8143 -0 -11.8143 0 -11.8143 -0 
-11.7341 0.0 -11.7341 -0 -11.7341 0 -11.7341 -0 -11.7341 0 -11.7341 -0 -11.7341 0 -11.7341 -0 -11.7341 0 -11.7341 -0 -11.7341 0 -11.7341 -0 -11.7341 0 -11.7341 -0 
-11.654 0.0 -11.654 -0 -11.654 0 -11.654 -0 -11.654 0 -11.654 -0 -11.654 0 -11.654 -0 -11.654 0 -11.654 -0 -11.654 0 -11.654 -0 -11.654 0 -11.654 -0 
-11.5738 0.0 -11.5738 -0 -11.5738 0 -11.5738 -0 -11.5738 0 -11.5738 -0 -11.5738 0 -11.5738 -0 -11.5738 0 -11.5738 -0 -11.5738 0 -11.5738 -0 -11.5738 0 -11.5738 -0 
-11.4937 0.0 -11.4937 -0 -11.4937 0 -11.4937 -0 -11.4937 0 -11.4937 -0 -11.4937 0 -11.4937 -0 -11.4937 0 -11.4937 -0 -11.4937 0 -11.4937 -0 -11.4937 0 -11.4937 -0 
-11.4135 0.0 -11.4135 -0 -11.4135 0 -11.4135 -0 -11.4135 0 -11.4135 -0 -11.4135 0 -11.4135 -0 -11.4135 0 -11.4135 -0 -11.4135 0 -11.4135 -0 -11.4135 0 -11.4135 -0 
-11.3333 0.0 -11.3333 -0 -11.3333 0 -11.3333 -0 -11.3333 0 -11.3333 -0 -11.3333 0 -11.3333 -0 -11.3333 0 -11.3333 -0 -11.3333 0 -11.3333 -0 -11.3333 0 -11.3333 -0 
-11.2532 0.0 -11.2532 -0 -11.2532 0 -11.2532 -0 -11.2532 0 -11.2532 -0 -11.2532 0 -11.2532 -0 -11.2532 0 -11.2532 -0 -11.2532 0 -11.2532 -0 -11.2532 0 -11.2532 -0 
-11.173 0.0 -11.173 -0 -11.173 0 -11.173 -0 -11.173 0 -11.173 -0 -11.173 0 -11.173 -0 -11.173 0 -11.173 -0 -11.173 0 -11.173 -0 -11.173 0 -11.173 -0 
-11.0929 0.0 -11.0929 -0 -11.0929 0 -11.0929 -0 -11.0929 0 -11.0929 -0 -11.0929 0 -11.0929 -0 -11.0929 0 -11.0929 -0 -11.0929 0 -11.0929 -0 -11.0929 0 -11.0929 -0 
-11.0127 0.0 -11.0127 -0 -11.0127 0 -11.0127 -0 -11.0127 0 -11.0127 -0 -11.0127 0 -11.0127 -0 -11.0127 0 -11.0127 -0 -11.0127 0 -11.0127 -0 -11.0127 0 -11.0127 -0 
-10.9325 0.0003 -10.9325 -0 -10.9325 0 -10.9325 -0 -10.9325 0 -10.9325 -0 -10.9325 0 -10.9325 -0 -10.9325 0 -10.9325 -0 -10.9325 0 -10.9325 -0 -10.9325 0 -10.9325 -0 
-10.8524 0.0018 -10.8524 -0 -10.8524 0 -10.8524 -0 -10.8524 0 -10.8524 -0 -10.8524 0 -10.8524 -0 -10.8524 0 -10.8524 -0 -10.8524 0 -10.8524 -0 -10.8524 0 -10.8524 -0 
-10.7722 0.0102 -10.7722 -0 -10.7722 0 -10.7722 -0 -10.7722 0 -10.7722 -0 -10.7722 0 -10.7722 -0 -10.7722 0 -10.7722 -0 -10.7722 0 -10.7722 -0 -10.7722 0 -10.7722 -0 
-10.6921 0.0423 -10.6921 -0 -10.6921 0.0001 -10.6921 -0 -10.6921 0 -10.6921 -0 -10.6921 0 -10.6921 -0 -10.6921 0 -10.6921 -0 -10.6921 0.0001 -10.6921 -0 -10.6921 0 -10.6921 -0 
-10.6119 0.1355 -10.6119 -0 -10.6119 0.0004 -10.6119 -0 -10.6119 0 -10.6119 -0 -10.6119 0 -10.6119 -0 -10.6119 0 -10.6119 -0 -10.6119 0.0004 -10.6119 -0 -10.6119 0 -10.6119 -0 
-10.5317 0.3413 -10.5317 -0.0001 -10.5317 0.0011 -10.5317 -0 -10.5317 0 -10.5317 -0 -10.5317 0 -10.5317 -0 -10.5317 0 -10.5317 -0 -10.5317 0.0011 -10.5317 -0 -10.5317 0 -10.5317 -0 
-10.4516 0.7014 -10.4516 -0.0007 -10.4516 0.002 -10.4516 -0 -10.4516 0 -10.4516 -0 -10.4516 0 -10.4516 -0 -10.4516 0 -10.4516 -0 -10.4516 0.002 -10.4516 -0 -10.4516 0 -10.4516 -0 
-10.3714 1.2372 -10.3714 -0.0057 -10.3714 0.0031 -10.3714 -0 -10.3714 0 -10.3714 -0 -10.3714 0 -10.3714 -0 -10.3714 0 -10.3714 -0 -10.3714 0.0031 -10.3714 -0 -10.3714 0 -10.3714 -0 
-10.2913 1.9918 -10.2913 -0.033 -10.2913 0.0041 -10.2913 -0 -10.2913 0 -10.2913 -0 -10.2913 0 -10.2913 -0 -10.2913 0 -10.2913 -0 -10.2913 0.0041 -10.2913 -0 -10.2913 0 -10.2913 -0 
-10.2111 3.0771 -10.2111 -0.1445 -10.2111 0.0048 -10.2111 -0 -10.2111 0 -10.2111 -0 -10.2111 0.0001 -10.2111 -0 -10.2111 0.0001 -10.2111 -0 -10.2111 0.0046 -10.2111 -0 -10.2111 0 -10.2111 -0 
-10.1309 4.6163 -10.1309 -0.4796 -10.1309 0.0051 -10.1309 -0 -10.1309 0 -10.1309 -0 -10.1309 0.0001 -10.1309 -0 -10.1309 0.0002 -10.1309 -0 -10.1309 0.0048 -10.1309 -0 -10.1309 0 -10.1309 -0 
-10.0508 6.551 -10.0508 -1.2332 -10.0508 0.0057 -10.0508 -0 -10.0508 0 -10.0508 -0 -10.0508 0.0002 -10.0508 -0 -10.0508 0.0004 -10.0508 -0 -10.0508 0.0051 -10.0508 -0 -10.0508 0 -10.0508 -0 
-9.97065 8.5246 -9.97065 -2.5399 -9.97065 0.0073 -9.97065 -0.0001 -9.97065 0.0001 -9.97065 -0 -9.97065 0.0004 -9.97065 -0 -9.97065 0.0005 -9.97065 -0 -9.97065 0.0063 -9.97065 -0.0001 -9.97065 0 -9.97065 -0 
-9.89055 10.1254 -9.89055 -4.3716 -9.89055 0.01 -9.89055 -0.0003 -9.89055 0.0001 -9.89055 -0.0001 -9.89055 0.0007 -9.89055 -0 -9.89055 0.0008 -9.89055 -0 -9.89055 0.0084 -9.89055 -0.0001 -9.89055 0 -9.89055 -0.0001 
-9.81035 11.2961 -9.81035 -6.534 -9.81035 0.0132 -9.81035 -0.0004 -9.81035 0.0001 -9.81035 -0.0002 -9.81035 0.0011 -9.81035 -0 -9.81035 0.0012 -9.81035 -0 -9.81035 0.0107 -9.81035 -0.0001 -9.81035 0.0001 -9.81035 -0.0001 
-9.73015 12.3219 -9.73015 -8.6499 -9.73015 0.0161 -9.73015 -0.0006 -9.73015 0.0001 -9.73015 -0.0003 -9.73015 0.0017 -9.73015 -0 -9.73015 0.0017 -9.73015 -0 -9.73015 0.0125 -9.73015 -0.0001 -9.73015 0.0001 -9.73015 -0.0002 
-9.65005 13.3998 -9.65005 -10.2144 -9.65005 0.0188 -9.65005 -0.0008 -9.65005 0.0001 -9.65005 -0.0004 -9.65005 0.0025 -9.65005 -0 -9.65005 0.0024 -9.65005 -0 -9.65005 0.0137 -9.65005 -0.0001 -9.65005 0.0001 -9.65005 -0.0003 
-9.56985 14.4268 -9.56985 -10.9807 -9.56985 0.0213 -9.56985 -0.0009 -9.56985 0.0001 -9.56985 -0.0005 -9.56985 0.0034 -9.56985 -0 -9.56985 0.0031 -9.56985 -0 -9.56985 0.0146 -9.56985 -0.0001 -9.56985 0.0001 -9.56985 -0.0003 
-9.48975 15.2442 -9.48975 -11.2743 -9.48975 0.0229 -9.48975 -0.0016 -9.48975 0.0002 -9.48975 -0.0008 -9.48975 0.004 -9.48975 -0 -9.48975 0.0037 -9.48975 -0 -9.48975 0.0149 -9.48975 -0.0002 -9.48975 0.0001 -9.48975 -0.0006 
-9.40955 15.9192 -9.40955 -11.6089 -9.40955 0.0233 -9.40955 -0.005 -9.40955 0.0002 -9.40955 -0.0027 -9.40955 0.0041 -9.40955 -0 -9.40955 0.004 -9.40955 -0 -9.40955 0.0148 -9.40955 -0.0004 -9.40955 0.0002 -9.40955 -0.0019 
-9.32935 16.6635 -9.32935 -12.1133 -9.32935 0.0238 -9.32935 -0.0171 -9.32935 0.0002 -9.32935 -0.0091 -9.32935 0.0039 -9.32935 -0.0001 -9.32935 0.004 -9.32935 -0.0001 -9.32935 0.0155 -9.32935 -0.0011 -9.32935 0.0002 -9.32935 -0.0067 
-9.24925 17.5271 -9.24925 -12.755 -9.24925 0.0264 -9.24925 -0.0475 -9.24925 0.0002 -9.24925 -0.0253 -9.24925 0.0036 -9.24925 -0.0001 -9.24925 0.004 -9.24925 -0.0002 -9.24925 0.0184 -9.24925 -0.0027 -9.24925 0.0002 -9.24925 -0.0192 
-9.16905 18.3551 -9.16905 -13.764 -9.16905 0.0316 -9.16905 -0.1037 -9.16905 0.0003 -9.16905 -0.0543 -9.16905 0.0033 -9.16905 -0.0003 -9.16905 0.0041 -9.16905 -0.0004 -9.16905 0.0237 -9.16905 -0.0055 -9.16905 0.0002 -9.16905 -0.0432 
-9.08895 19.0893 -9.08895 -14.9905 -9.08895 0.0371 -9.08895 -0.1742 -9.08895 0.0003 -9.08895 -0.0893 -9.08895 0.0031 -9.08895 -0.0005 -9.08895 0.004 -9.08895 -0.0007 -9.08895 0.0295 -9.08895 -0.0086 -9.08895 0.0002 -9.08895 -0.0751 
-9.00875 19.916 -9.00875 -15.3041 -9.00875 0.0411 -9.00875 -0.2276 -9.00875 0.0003 -9.00875 -0.1135 -9.00875 0.0031 -9.00875 -0.0008 -9.00875 0.0037 -9.00875 -0.001 -9.00875 0.0338 -9.00875 -0.0105 -9.00875 0.0002 -9.00875 -0.1018 
-8.92855 20.9906 -8.92855 -13.8304 -8.92855 0.0432 -8.92855 -0.2372 -8.92855 0.0003 -8.92855 -0.1145 -8.92855 0.003 -8.92855 -0.0012 -8.92855 0.0036 -8.92855 -0.0013 -8.92855 0.0361 -8.92855 -0.0105 -8.92855 0.0002 -8.92855 -0.1097 
-8.84845 22.1957 -8.84845 -11.3097 -8.84845 0.0444 -8.84845 -0.2084 -8.84845 0.0003 -8.84845 -0.0967 -8.84845 0.0032 -8.84845 -0.0016 -8.84845 0.0037 -8.84845 -0.0016 -8.84845 0.0369 -8.84845 -0.0094 -8.84845 0.0003 -8.84845 -0.0991 
-8.76825 23.39 -8.76825 -9.1257 -8.76825 0.0448 -8.76825 -0.1665 -8.76825 0.0004 -8.76825 -0.0739 -8.76825 0.0037 -8.76825 -0.0021 -8.76825 0.0043 -8.76825 -0.0018 -8.76825 0.0361 -8.76825 -0.008 -8.76825 0.0003 -8.76825 -0.0807 
-8.68815 24.7617 -8.68815 -7.6817 -8.68815 0.0446 -8.68815 -0.1277 -8.68815 0.0004 -8.68815 -0.0543 -8.68815 0.0047 -8.68815 -0.0023 -8.68815 0.0052 -8.68815 -0.0019 -8.68815 0.034 -8.68815 -0.0065 -8.68815 0.0003 -8.68815 -0.0627 
-8.60795 26.5942 -8.60795 -6.6559 -8.60795 0.0464 -8.60795 -0.0963 -8.60795 0.0004 -8.60795 -0.0398 -8.60795 0.0065 -8.60795 -0.0022 -8.60795 0.0064 -8.60795 -0.0017 -8.60795 0.0328 -8.60795 -0.0048 -8.60795 0.0003 -8.60795 -0.0478 
-8.52775 28.6471 -8.52775 -6.0024 -8.52775 0.0524 -8.52775 -0.0786 -8.52775 0.0003 -8.52775 -0.0322 -8.52775 0.009 -8.52775 -0.0019 -8.52775 0.0082 -8.52775 -0.0016 -8.52775 0.0346 -8.52775 -0.0033 -8.52775 0.0003 -8.52775 -0.0396 
-8.44765 30.101 -8.44765 -5.8495 -8.44765 0.0619 -8.44765 -0.0787 -8.44765 0.0002 -8.44765 -0.032 -8.44765 0.0123 -8.44765 -0.0019 -8.44765 0.0108 -8.44765 -0.0015 -8.44765 0.0384 -8.44765 -0.0025 -8.44765 0.0002 -8.44765 -0.0408 
-8.36745 30.2656 -8.36745 -6.0343 -8.36745 0.0693 -8.36745 -0.0894 -8.36745 0.0002 -8.36745 -0.0359 -8.36745 0.0153 -8.36745 -0.0021 -8.36745 0.0135 -8.36745 -0.0015 -8.36745 0.0401 -8.36745 -0.0026 -8.36745 0.0002 -8.36745 -0.0473 
-8.28735 29.1987 -8.28735 -6.3969 -8.28735 0.0706 -8.28735 -0.0979 -8.28735 0.0001 -8.28735 -0.0405 -8.28735 0.0167 -8.28735 -0.0021 -8.28735 0.0155 -8.28735 -0.0014 -8.28735 0.0382 -8.28735 -0.003 -8.28735 0.0001 -8.28735 -0.0509 
-8.20715 27.6673 -8.20715 -7.2727 -8.20715 0.069 -8.20715 -0.1003 -8.20715 0.0001 -8.20715 -0.0455 -8.20715 0.0159 -8.20715 -0.0017 -8.20715 0.0156 -8.20715 -0.0011 -8.20715 0.0373 -8.20715 -0.0036 -8.20715 0.0001 -8.20715 -0.0484 
-8.12695 26.6542 -8.12695 -9.1902 -8.12695 0.0712 -8.12695 -0.1004 -8.12695 0.0001 -8.12695 -0.0509 -8.12695 0.0135 -8.12695 -0.0011 -8.12695 0.0144 -8.12695 -0.0009 -8.12695 0.0431 -8.12695 -0.0041 -8.12695 0.0001 -8.12695 -0.0434 
-8.04685 26.6383 -8.04685 -12.0577 -8.04685 0.0805 -8.04685 -0.0971 -8.04685 0.0002 -8.04685 -0.0528 -8.04685 0.0116 -8.04685 -0.0008 -8.04685 0.0131 -8.04685 -0.0008 -8.04685 0.0555 -8.04685 -0.0043 -8.04685 0.0001 -8.04685 -0.0384 
-7.96665 27.0191 -7.96665 -14.979 -7.96665 0.092 -7.96665 -0.0847 -7.96665 0.0003 -7.96665 -0.047 -7.96665 0.0111 -7.96665 -0.0006 -7.96665 0.0127 -7.96665 -0.0007 -7.96665 0.0677 -7.96665 -0.004 -7.96665 0.0002 -7.96665 -0.0324 
-7.88655 26.5704 -7.88655 -16.8729 -7.88655 0.0994 -7.88655 -0.064 -7.88655 0.0003 -7.88655 -0.0349 -7.88655 0.0113 -7.88655 -0.0005 -7.88655 0.0127 -7.88655 -0.0007 -7.88655 0.0749 -7.88655 -0.0032 -7.88655 0.0002 -7.88655 -0.0247 
-7.80635 24.9033 -7.80635 -17.2006 -7.80635 0.1085 -7.80635 -0.0419 -7.80635 0.0004 -7.80635 -0.0221 -7.80635 0.011 -7.80635 -0.0004 -7.80635 0.012 -7.80635 -0.0005 -7.80635 0.0848 -7.80635 -0.0023 -7.80635 0.0003 -7.80635 -0.0166 
-7.72615 23.037 -7.72615 -16.4616 -7.72615 0.1369 -7.72615 -0.0254 -7.72615 0.0007 -7.72615 -0.013 -7.72615 0.0099 -7.72615 -0.0003 -7.72615 0.0105 -7.72615 -0.0003 -7.72615 0.1154 -7.72615 -0.0016 -7.72615 0.0004 -7.72615 -0.0102 
-7.64605 22.0705 -7.64605 -15.946 -7.64605 0.1975 -7.64605 -0.0182 -7.64605 0.0011 -7.64605 -0.0094 -7.64605 0.0086 -7.64605 -0.0002 -7.64605 0.0088 -7.64605 -0.0002 -7.64605 0.1783 -7.64605 -0.0013 -7.64605 0.0007 -7.64605 -0.0071 
-7.56585 21.9623 -7.56585 -16.4356 -7.56585 0.2859 -7.56585 -0.0275 -7.56585 0.0018 -7.56585 -0.0155 -7.56585 0.0078 -7.56585 -0.0002 -7.56585 0.0077 -7.56585 -0.0002 -7.56585 0.2672 -7.56585 -0.0013 -7.56585 0.0014 -7.56585 -0.0103 
-7.48575 22.0948 -7.48575 -17.243 -7.48575 0.3876 -7.48575 -0.0723 -7.48575 0.0028 -7.48575 -0.0427 -7.48575 0.0078 -7.48575 -0.0003 -7.48575 0.0074 -7.48575 -0.0005 -7.48575 0.3673 -7.48575 -0.0018 -7.48575 0.0023 -7.48575 -0.027 
-7.40555 22.2916 -7.40555 -17.1119 -7.40555 0.4982 -7.40555 -0.1813 -7.40555 0.0041 -7.40555 -0.1083 -7.40555 0.0087 -7.40555 -0.0008 -7.40555 0.008 -7.40555 -0.0012 -7.40555 0.4741 -7.40555 -0.0028 -7.40555 0.0033 -7.40555 -0.0682 
-7.32535 22.8027 -7.32535 -15.8911 -7.32535 0.621 -7.32535 -0.362 -7.32535 0.0056 -7.32535 -0.2164 -7.32535 0.0106 -7.32535 -0.0015 -7.32535 0.0093 -7.32535 -0.0023 -7.32535 0.5913 -7.32535 -0.0049 -7.32535 0.0042 -7.32535 -0.1369 
-7.24525 23.6964 -7.24525 -14.5645 -7.24525 0.7425 -7.24525 -0.5553 -7.24525 0.0068 -7.24525 -0.3304 -7.24525 0.0141 -7.24525 -0.0022 -7.24525 0.0118 -7.24525 -0.0035 -7.24525 0.7051 -7.24525 -0.008 -7.24525 0.0047 -7.24525 -0.2112 
-7.16505 24.5428 -7.16505 -13.6797 -7.16505 0.8166 -7.16505 -0.6533 -7.16505 0.0075 -7.16505 -0.3853 -7.16505 0.0212 -7.16505 -0.0026 -7.16505 0.017 -7.16505 -0.004 -7.16505 0.7659 -7.16505 -0.011 -7.16505 0.005 -7.16505 -0.2504 
-7.08495 24.7288 -7.08495 -12.6212 -7.08495 0.7962 -7.08495 -0.5953 -7.08495 0.0074 -7.08495 -0.3464 -7.08495 0.0369 -7.08495 -0.0024 -7.08495 0.0297 -7.08495 -0.0036 -7.08495 0.7173 -7.08495 -0.0124 -7.08495 0.0049 -7.08495 -0.2305 
-7.00475 24.1957 -7.00475 -10.7167 -7.00475 0.7061 -7.00475 -0.4278 -7.00475 0.007 -7.00475 -0.2445 -7.00475 0.0735 -7.00475 -0.0018 -7.00475 0.0609 -7.00475 -0.0025 -7.00475 0.5596 -7.00475 -0.0111 -7.00475 0.0051 -7.00475 -0.1679 
-6.92455 23.6911 -6.92455 -8.476 -6.92455 0.6666 -6.92455 -0.2585 -6.92455 0.0074 -6.92455 -0.1438 -6.92455 0.1566 -6.92455 -0.0012 -6.92455 0.1322 -6.92455 -0.0016 -6.92455 0.3644 -6.92455 -0.008 -6.92455 0.006 -6.92455 -0.1039 
-6.84445 23.953 -6.84445 -7.2952 -6.84445 0.8279 -6.84445 -0.1748 -6.84445 0.0095 -6.84445 -0.0928 -6.84445 0.3241 -6.84445 -0.0009 -6.84445 0.2751 -6.84445 -0.0011 -6.84445 0.2109 -6.84445 -0.005 -6.84445 0.0083 -6.84445 -0.075 
-6.76425 24.8231 -6.76425 -8.1544 -6.76425 1.2709 -6.76425 -0.2204 -6.76425 0.014 -6.76425 -0.1106 -6.76425 0.6006 -6.76425 -0.001 -6.76425 0.5165 -6.76425 -0.0012 -6.76425 0.1271 -6.76425 -0.0035 -6.76425 0.0127 -6.76425 -0.1041 
-6.68405 25.4377 -6.68405 -10.7581 -6.68405 1.9199 -6.68405 -0.4068 -6.68405 0.0208 -6.68405 -0.1954 -6.68405 0.9421 -6.68405 -0.0016 -6.68405 0.8433 -6.68405 -0.0018 -6.68405 0.0952 -6.68405 -0.0036 -6.68405 0.0185 -6.68405 -0.2044 
-6.60395 24.9221 -6.60395 -13.5927 -6.60395 2.5063 -6.60395 -0.7034 -6.60395 0.0281 -6.60395 -0.3229 -6.60395 1.2086 -6.60395 -0.0028 -6.60395 1.1581 -6.60395 -0.0029 -6.60395 0.0879 -6.60395 -0.0046 -6.60395 0.0236 -6.60395 -0.3702 
-6.52375 22.7779 -6.52375 -14.8559 -6.52375 2.6855 -6.52375 -1.0176 -6.52375 0.032 -6.52375 -0.4436 -6.52375 1.2433 -6.52375 -0.0044 -6.52375 1.2968 -6.52375 -0.0042 -6.52375 0.0881 -6.52375 -0.006 -6.52375 0.0253 -6.52375 -0.5594 
-6.44365 19.1995 -6.44365 -13.9116 -6.44365 2.3168 -6.44365 -1.22 -6.44365 0.0306 -6.44365 -0.5038 -6.44365 1.0172 -6.44365 -0.0062 -6.44365 1.1571 -6.44365 -0.0058 -6.44365 0.0892 -6.44365 -0.0075 -6.44365 0.0227 -6.44365 -0.6967 
-6.36345 15.1985 -6.36345 -11.8662 -6.36345 1.6197 -6.36345 -1.2249 -6.36345 0.0267 -6.36345 -0.4832 -6.36345 0.6649 -6.36345 -0.0082 -6.36345 0.8173 -6.36345 -0.0079 -6.36345 0.0922 -6.36345 -0.0088 -6.36345 0.0186 -6.36345 -0.7168 
-6.28325 12.0342 -6.28325 -10.3983 -6.28325 0.976 -6.28325 -1.0579 -6.28325 0.0265 -6.28325 -0.4084 -6.28325 0.3615 -6.28325 -0.0106 -6.28325 0.4707 -6.28325 -0.0105 -6.28325 0.0998 -6.28325 -0.0101 -6.28325 0.0175 -6.28325 -0.6183 
-6.20315 10.4044 -6.20315 -10.2454 -6.20315 0.6103 -6.20315 -0.8287 -6.20315 0.0335 -6.20315 -0.3254 -6.20315 0.1929 -6.20315 -0.0131 -6.20315 0.2517 -6.20315 -0.0131 -6.20315 0.1104 -6.20315 -0.0116 -6.20315 0.0218 -6.20315 -0.4655 
-6.12295 10.2125 -6.12295 -11.0435 -6.12295 0.5008 -6.12295 -0.6327 -6.12295 0.0447 -6.12295 -0.2605 -6.12295 0.1438 -6.12295 -0.0155 -6.12295 0.1668 -6.12295 -0.0151 -6.12295 0.1162 -6.12295 -0.0134 -6.12295 0.0293 -6.12295 -0.3282 
-6.04285 10.8758 -6.04285 -12.2184 -6.04285 0.5159 -6.04285 -0.4955 -6.04285 0.0534 -6.04285 -0.2124 -6.04285 0.1584 -6.04285 -0.0176 -6.04285 0.1575 -6.04285 -0.0165 -6.04285 0.1117 -6.04285 -0.0152 -6.04285 0.0349 -6.04285 -0.2338 
-5.96265 11.7187 -5.96265 -13.5278 -5.96265 0.5476 -5.96265 -0.4033 -5.96265 0.0561 -5.96265 -0.1739 -5.96265 0.1866 -5.96265 -0.0198 -5.96265 0.1691 -5.96265 -0.0178 -5.96265 0.0999 -5.96265 -0.0169 -5.96265 0.0359 -5.96265 -0.1749 
-5.88245 12.2548 -5.88245 -14.858 -5.88245 0.5458 -5.88245 -0.3424 -5.88245 0.0549 -5.88245 -0.1447 -5.88245 0.1984 -5.88245 -0.0215 -5.88245 0.171 -5.88245 -0.0185 -5.88245 0.0874 -5.88245 -0.0186 -5.88245 0.0341 -5.88245 -0.1391 
-5.80235 12.3556 -5.80235 -16.0926 -5.80235 0.5013 -5.80235 -0.3055 -5.80235 0.0533 -5.80235 -0.1267 -5.80235 0.1845 -5.80235 -0.0212 -5.80235 0.154 -5.80235 -0.0179 -5.80235 0.077 -5.80235 -0.0206 -5.80235 0.0325 -5.80235 -0.1191 
-5.72215 12.3201 -5.72215 -17.2762 -5.72215 0.4292 -5.72215 -0.2832 -5.72215 0.0518 -5.72215 -0.1169 -5.72215 0.1525 -5.72215 -0.0183 -5.72215 0.1251 -5.72215 -0.0157 -5.72215 0.0685 -5.72215 -0.0229 -5.72215 0.0313 -5.72215 -0.1094 
-5.64205 12.7622 -5.64205 -18.4988 -5.64205 0.3591 -5.64205 -0.2653 -5.64205 0.0499 -5.64205 -0.1093 -5.64205 0.1176 -5.64205 -0.0142 -5.64205 0.0984 -5.64205 -0.0128 -5.64205 0.0629 -5.64205 -0.0254 -5.64205 0.0303 -5.64205 -0.1036 
-5.56185 14.2322 -5.56185 -19.7366 -5.56185 0.3162 -5.56185 -0.245 -5.56185 0.0488 -5.56185 -0.1 -5.56185 0.0931 -5.56185 -0.0112 -5.56185 0.0837 -5.56185 -0.0105 -5.56185 0.0604 -5.56185 -0.0274 -5.56185 0.0302 -5.56185 -0.0959 
-5.48165 16.7884 -5.48165 -21.0394 -5.48165 0.3089 -5.48165 -0.2221 -5.48165 0.0509 -5.48165 -0.09 -5.48165 0.0844 -5.48165 -0.0099 -5.48165 0.0816 -5.48165 -0.0091 -5.48165 0.059 -5.48165 -0.0287 -5.48165 0.033 -5.48165 -0.0844 
-5.40155 19.8481 -5.40155 -22.4588 -5.40155 0.3305 -5.40155 -0.2004 -5.40155 0.0574 -5.40155 -0.0823 -5.40155 0.0886 -5.40155 -0.0095 -5.40155 0.0872 -5.40155 -0.0084 -5.40155 0.0572 -5.40155 -0.0291 -5.40155 0.0401 -5.40155 -0.0711 
-5.32135 22.4303 -5.32135 -23.5731 -5.32135 0.3705 -5.32135 -0.1823 -5.32135 0.0673 -5.32135 -0.077 -5.32135 0.0991 -5.32135 -0.0091 -5.32135 0.0954 -5.32135 -0.008 -5.32135 0.0564 -5.32135 -0.0293 -5.32135 0.0523 -5.32135 -0.0589 
-5.24125 23.6592 -5.24125 -23.6502 -5.24125 0.4194 -5.24125 -0.1662 -5.24125 0.0788 -5.24125 -0.071 -5.24125 0.1094 -5.24125 -0.0084 -5.24125 0.1027 -5.24125 -0.0075 -5.24125 0.0591 -5.24125 -0.0301 -5.24125 0.0694 -5.24125 -0.0492 
-5.16105 23.2456 -5.16105 -22.618 -5.16105 0.4714 -5.16105 -0.1514 -5.16105 0.0904 -5.16105 -0.062 -5.16105 0.1159 -5.16105 -0.0075 -5.16105 0.1085 -5.16105 -0.0069 -5.16105 0.0657 -5.16105 -0.0325 -5.16105 0.0909 -5.16105 -0.0425 
-5.08085 21.6632 -5.08085 -21.4243 -5.08085 0.5242 -5.08085 -0.1416 -5.08085 0.101 -5.08085 -0.0524 -5.08085 0.1201 -5.08085 -0.0069 -5.08085 0.1141 -5.08085 -0.0067 -5.08085 0.0736 -5.08085 -0.0367 -5.08085 0.1154 -5.08085 -0.0389 
-5.00075 19.8815 -5.00075 -21.1234 -5.00075 0.5757 -5.00075 -0.1426 -5.00075 0.1089 -5.00075 -0.0468 -5.00075 0.1268 -5.00075 -0.0069 -5.00075 0.1199 -5.00075 -0.0073 -5.00075 0.0808 -5.00075 -0.0426 -5.00075 0.1393 -5.00075 -0.039 
-4.92055 18.7849 -4.92055 -21.8369 -4.92055 0.6182 -4.92055 -0.158 -4.92055 0.1132 -4.92055 -0.0483 -4.92055 0.1365 -4.92055 -0.0077 -4.92055 0.1237 -4.92055 -0.0088 -4.92055 0.0875 -4.92055 -0.0495 -4.92055 0.1573 -4.92055 -0.0437 
-4.84045 18.6832 -4.84045 -22.7657 -4.84045 0.6387 -4.84045 -0.1835 -4.84045 0.1143 -4.84045 -0.0559 -4.84045 0.1431 -4.84045 -0.0091 -4.84045 0.1228 -4.84045 -0.0106 -4.84045 0.0935 -4.84045 -0.0553 -4.84045 0.165 -4.84045 -0.0526 
-4.76025 19.2525 -4.76025 -23.0879 -4.76025 0.6253 -4.76025 -0.2065 -4.76025 0.112 -4.76025 -0.065 -4.76025 0.14 -4.76025 -0.0103 -4.76025 0.1169 -4.76025 -0.012 -4.76025 0.0955 -4.76025 -0.0572 -4.76025 0.1609 -4.76025 -0.062 
-4.68005 19.9291 -4.68005 -22.6632 -4.68005 0.5719 -4.68005 -0.216 -4.68005 0.1045 -4.68005 -0.0704 -4.68005 0.1264 -4.68005 -0.0109 -4.68005 0.1069 -4.68005 -0.0127 -4.68005 0.0883 -4.68005 -0.0551 -4.68005 0.1458 -4.68005 -0.0669 
-4.59995 20.4833 -4.59995 -21.8892 -4.59995 0.4867 -4.59995 -0.2094 -4.59995 0.0921 -4.59995 -0.0692 -4.59995 0.1069 -4.59995 -0.0105 -4.59995 0.0936 -4.59995 -0.0124 -4.59995 0.0711 -4.59995 -0.0531 -4.59995 0.123 -4.59995 -0.0642 
-4.51975 21.1723 -4.51975 -21.1931 -4.51975 0.3952 -4.51975 -0.1934 -4.51975 0.0789 -4.51975 -0.0614 -4.51975 0.0874 -4.51975 -0.0094 -4.51975 0.0795 -4.51975 -0.0117 -4.51975 0.0502 -4.51975 -0.0556 -4.51975 0.0992 -4.51975 -0.0553 
-4.43965 22.2072 -4.43965 -20.8856 -4.43965 0.3244 -4.43965 -0.1773 -4.43965 0.069 -4.43965 -0.0503 -4.43965 0.0729 -4.43965 -0.0081 -4.43965 0.0685 -4.43965 -0.0107 -4.43965 0.034 -4.43965 -0.0636 -4.43965 0.08 -4.43965 -0.0446 
-4.35945 23.2674 -4.35945 -21.2751 -4.35945 0.2855 -4.35945 -0.1681 -4.35945 0.0639 -4.35945 -0.0407 -4.35945 0.0648 -4.35945 -0.007 -4.35945 0.0638 -4.35945 -0.0099 -4.35945 0.0259 -4.35945 -0.0744 -4.35945 0.0671 -4.35945 -0.0361 
-4.27925 23.7628 -4.27925 -22.4945 -4.27925 0.2775 -4.27925 -0.1693 -4.27925 0.0641 -4.27925 -0.0357 -4.27925 0.0629 -4.27925 -0.0065 -4.27925 0.0657 -4.27925 -0.0094 -4.27925 0.0234 -4.27925 -0.086 -4.27925 0.0614 -4.27925 -0.0317 
-4.19915 23.4924 -4.19915 -24.1719 -4.19915 0.2966 -4.19915 -0.1816 -4.19915 0.0692 -4.19915 -0.0354 -4.19915 0.0671 -4.19915 -0.0063 -4.19915 0.0732 -4.19915 -0.0093 -4.19915 0.0226 -4.19915 -0.0997 -4.19915 0.0645 -4.19915 -0.0309 
-4.11895 22.8916 -4.11895 -25.5857 -4.11895 0.3363 -4.11895 -0.1998 -4.11895 0.0771 -4.11895 -0.0379 -4.11895 0.0771 -4.11895 -0.0063 -4.11895 0.0849 -4.11895 -0.0094 -4.11895 0.0214 -4.11895 -0.1141 -4.11895 0.0758 -4.11895 -0.0321 
-4.03885 22.5538 -4.03885 -26.2944 -4.03885 0.3801 -4.03885 -0.2114 -4.03885 0.0838 -4.03885 -0.0408 -4.03885 0.0893 -4.03885 -0.0063 -4.03885 0.0979 -4.03885 -0.0094 -4.03885 0.0204 -4.03885 -0.1214 -4.03885 0.0887 -4.03885 -0.0335 
-3.95865 22.6695 -3.95865 -26.4625 -3.95865 0.4039 -3.95865 -0.2063 -3.95865 0.0841 -3.95865 -0.0419 -3.95865 0.0979 -3.95865 -0.0066 -3.95865 0.1071 -3.95865 -0.0094 -3.95865 0.0209 -3.95865 -0.1152 -3.95865 0.0939 -3.95865 -0.0332 
-3.87845 23.1143 -3.87845 -26.5092 -3.87845 0.3983 -3.87845 -0.1875 -3.87845 0.0767 -3.87845 -0.0404 -3.87845 0.1009 -3.87845 -0.0072 -3.87845 0.1095 -3.87845 -0.0098 -3.87845 0.0228 -3.87845 -0.0992 -3.87845 0.0884 -3.87845 -0.0309 
-3.79835 23.7822 -3.79835 -26.6372 -3.79835 0.3783 -3.79835 -0.169 -3.79835 0.0658 -3.79835 -0.0375 -3.79835 0.1023 -3.79835 -0.0083 -3.79835 0.1076 -3.79835 -0.0106 -3.79835 0.025 -3.79835 -0.0846 -3.79835 0.0776 -3.79835 -0.028 
-3.71815 24.5245 -3.71815 -26.7994 -3.71815 0.3624 -3.71815 -0.1599 -3.71815 0.0568 -3.71815 -0.0354 -3.71815 0.1053 -3.71815 -0.0095 -3.71815 0.1059 -3.71815 -0.0119 -3.71815 0.0266 -3.71815 -0.0772 -3.71815 0.0678 -3.71815 -0.0259 
-3.63805 25.0176 -3.63805 -26.9071 -3.63805 0.3527 -3.63805 -0.1589 -3.63805 0.0515 -3.63805 -0.0345 -3.63805 0.108 -3.63805 -0.011 -3.63805 0.1046 -3.63805 -0.0136 -3.63805 0.0275 -3.63805 -0.0749 -3.63805 0.0611 -3.63805 -0.0249 
-3.55785 24.9949 -3.55785 -26.9078 -3.55785 0.341 -3.55785 -0.1596 -3.55785 0.0492 -3.55785 -0.0335 -3.55785 0.1066 -3.55785 -0.013 -3.55785 0.1001 -3.55785 -0.0153 -3.55785 0.0279 -3.55785 -0.0735 -3.55785 0.0572 -3.55785 -0.0243 
-3.47765 24.5781 -3.47765 -26.7558 -3.47765 0.3274 -3.47765 -0.1586 -3.47765 0.0494 -3.47765 -0.0314 -3.47765 0.1006 -3.47765 -0.0155 -3.47765 0.0914 -3.47765 -0.017 -3.47765 0.0278 -3.47765 -0.0709 -3.47765 0.0582 -3.47765 -0.0238 
-3.39755 24.1938 -3.39755 -26.42 -3.39755 0.3195 -3.39755 -0.1556 -3.39755 0.0527 -3.39755 -0.029 -3.39755 0.0922 -3.39755 -0.0179 -3.39755 0.0817 -3.39755 -0.0184 -3.39755 0.0273 -3.39755 -0.0665 -3.39755 0.0656 -3.39755 -0.0238 
-3.31735 24.0935 -3.31735 -25.9526 -3.31735 0.3188 -3.31735 -0.1543 -3.31735 0.0587 -3.31735 -0.0282 -3.31735 0.0827 -3.31735 -0.0197 -3.31735 0.0739 -3.31735 -0.0194 -3.31735 0.0261 -3.31735 -0.0619 -3.31735 0.0774 -3.31735 -0.0251 
-3.23725 24.1361 -3.23725 -25.5144 -3.23725 0.3162 -3.23725 -0.1596 -3.23725 0.064 -3.23725 -0.0304 -3.23725 0.0729 -3.23725 -0.0208 -3.23725 0.0684 -3.23725 -0.0202 -3.23725 0.0243 -3.23725 -0.0601 -3.23725 0.0866 -3.23725 -0.0281 
-3.15705 24.077 -3.15705 -25.2282 -3.15705 0.3045 -3.15705 -0.172 -3.15705 0.065 -3.15705 -0.0348 -3.15705 0.0641 -3.15705 -0.0217 -3.15705 0.0651 -3.15705 -0.021 -3.15705 0.0232 -3.15705 -0.0628 -3.15705 0.0871 -3.15705 -0.0317 
-3.07685 23.816 -3.07685 -24.976 -3.07685 0.2826 -3.07685 -0.1837 -3.07685 0.0605 -3.07685 -0.0386 -3.07685 0.0568 -3.07685 -0.0229 -3.07685 0.0634 -3.07685 -0.0222 -3.07685 0.0243 -3.07685 -0.0666 -3.07685 0.0776 -3.07685 -0.0334 
-2.99675 23.3745 -2.99675 -24.5087 -2.99675 0.2523 -2.99675 -0.1859 -2.99675 0.052 -2.99675 -0.0396 -2.99675 0.0499 -2.99675 -0.0244 -2.99675 0.0607 -2.99675 -0.024 -2.99675 0.0276 -2.99675 -0.066 -2.99675 0.0621 -2.99675 -0.0319 
-2.91655 22.8517 -2.91655 -23.839 -2.91655 0.2182 -2.91655 -0.1781 -2.91655 0.0422 -2.91655 -0.0384 -2.91655 0.0425 -2.91655 -0.0261 -2.91655 0.0559 -2.91655 -0.0261 -2.91655 0.0316 -2.91655 -0.0589 -2.91655 0.046 -2.91655 -0.0286 
-2.83645 22.3673 -2.83645 -23.2671 -2.83645 0.1886 -2.83645 -0.1688 -2.83645 0.0337 -2.83645 -0.0378 -2.83645 0.036 -2.83645 -0.0278 -2.83645 0.0498 -2.83645 -0.0288 -2.83645 0.0355 -2.83645 -0.0481 -2.83645 0.0336 -2.83645 -0.0263 
-2.75625 21.9304 -2.75625 -22.9008 -2.75625 0.1705 -2.75625 -0.1644 -2.75625 0.0285 -2.75625 -0.0391 -2.75625 0.0316 -2.75625 -0.0294 -2.75625 0.044 -2.75625 -0.0319 -2.75625 0.0397 -2.75625 -0.0374 -2.75625 0.0267 -2.75625 -0.0266 
-2.67605 21.474 -2.67605 -22.4589 -2.67605 0.1653 -2.67605 -0.1646 -2.67605 0.0274 -2.67605 -0.042 -2.67605 0.0295 -2.67605 -0.0303 -2.67605 0.0387 -2.67605 -0.0346 -2.67605 0.0447 -2.67605 -0.0283 -2.67605 0.025 -2.67605 -0.0294 
-2.59595 21.1165 -2.59595 -21.6831 -2.59595 0.1705 -2.59595 -0.1657 -2.59595 0.0295 -2.59595 -0.0455 -2.59595 0.029 -2.59595 -0.0299 -2.59595 0.0344 -2.59595 -0.0354 -2.59595 0.0507 -2.59595 -0.0208 -2.59595 0.0269 -2.59595 -0.0341 
-2.51575 21.2296 -2.51575 -20.6903 -2.51575 0.1827 -2.51575 -0.1673 -2.51575 0.0327 -2.51575 -0.0495 -2.51575 0.0302 -2.51575 -0.0286 -2.51575 0.0319 -2.51575 -0.034 -2.51575 0.0576 -2.51575 -0.0152 -2.51575 0.0303 -2.51575 -0.04 
-2.43565 22.0325 -2.43565 -19.8289 -2.43565 0.1997 -2.43565 -0.1725 -2.43565 0.0348 -2.43565 -0.0539 -2.43565 0.0336 -2.43565 -0.0283 -2.43565 0.0324 -2.43565 -0.0322 -2.43565 0.0661 -2.43565 -0.0115 -2.43565 0.0328 -2.43565 -0.0466 
-2.35545 23.1983 -2.35545 -19.4256 -2.35545 0.2202 -2.35545 -0.1854 -2.35545 0.0348 -2.35545 -0.0587 -2.35545 0.039 -2.35545 -0.031 -2.35545 0.0359 -2.35545 -0.0327 -2.35545 0.0773 -2.35545 -0.0096 -2.35545 0.0332 -2.35545 -0.0534 
-2.27525 24.0794 -2.27525 -19.7146 -2.27525 0.2422 -2.27525 -0.2114 -2.27525 0.0329 -2.27525 -0.065 -2.27525 0.0455 -2.27525 -0.0389 -2.27525 0.041 -2.27525 -0.0378 -2.27525 0.0914 -2.27525 -0.009 -2.27525 0.0314 -2.27525 -0.0607 
-2.19515 24.2502 -2.19515 -20.6578 -2.19515 0.2609 -2.19515 -0.2521 -2.19515 0.0293 -2.19515 -0.074 -2.19515 0.0511 -2.19515 -0.052 -2.19515 0.0458 -2.19515 -0.0477 -2.19515 0.1068 -2.19515 -0.0097 -2.19515 0.0279 -2.19515 -0.0687 
-2.11495 23.7033 -2.11495 -21.7082 -2.11495 0.2703 -2.11495 -0.3022 -2.11495 0.0245 -2.11495 -0.0872 -2.11495 0.0541 -2.11495 -0.0674 -2.11495 0.0485 -2.11495 -0.0601 -2.11495 0.1198 -2.11495 -0.0113 -2.11495 0.0234 -2.11495 -0.0762 
-2.03475 22.6865 -2.03475 -22.0663 -2.03475 0.2639 -2.03475 -0.3541 -2.03475 0.019 -2.03475 -0.1071 -2.03475 0.0532 -2.03475 -0.0798 -2.03475 0.0484 -2.03475 -0.0704 -2.03475 0.1251 -2.03475 -0.0133 -2.03475 0.0182 -2.03475 -0.0835 
-1.95465 21.4713 -1.95465 -21.3214 -1.95465 0.2403 -1.95465 -0.4053 -1.95465 0.0137 -1.95465 -0.1357 -1.95465 0.0481 -1.95465 -0.085 -1.95465 0.0457 -1.95465 -0.0751 -1.95465 0.1195 -1.95465 -0.0149 -1.95465 0.0133 -1.95465 -0.0946 
-1.87445 20.1591 -1.87445 -19.7162 -1.87445 0.2034 -1.87445 -0.4547 -1.87445 0.0097 -1.87445 -0.17 -1.87445 0.0394 -1.87445 -0.0829 -1.87445 0.0404 -1.87445 -0.0731 -1.87445 0.1047 -1.87445 -0.0153 -1.87445 0.0092 -1.87445 -0.1134 
-1.79435 18.7365 -1.79435 -17.7787 -1.79435 0.1626 -1.79435 -0.4935 -1.79435 0.007 -1.79435 -0.1995 -1.79435 0.0289 -1.79435 -0.0762 -1.79435 0.0329 -1.79435 -0.0654 -1.79435 0.0874 -1.79435 -0.0148 -1.79435 0.0064 -1.79435 -0.1376 
-1.71415 17.3829 -1.71415 -15.8787 -1.71415 0.1315 -1.71415 -0.5044 -1.71415 0.0059 -1.71415 -0.2131 -1.71415 0.0194 -1.71415 -0.0667 -1.71415 0.0246 -1.71415 -0.0537 -1.71415 0.0765 -1.71415 -0.0141 -1.71415 0.0051 -1.71415 -0.1568 
-1.63395 16.4306 -1.63395 -14.2381 -1.63395 0.1222 -1.63395 -0.4794 -1.63395 0.0062 -1.63395 -0.2089 -1.63395 0.0133 -1.63395 -0.0547 -1.63395 0.0183 -1.63395 -0.0401 -1.63395 0.0792 -1.63395 -0.0139 -1.63395 0.0052 -1.63395 -0.1618 
-1.55385 15.8739 -1.55385 -13.1649 -1.55385 0.1361 -1.55385 -0.4296 -1.55385 0.0075 -1.55385 -0.1933 -1.55385 0.011 -1.55385 -0.0414 -1.55385 0.0149 -1.55385 -0.0274 -1.55385 0.0964 -1.55385 -0.0145 -1.55385 0.0063 -1.55385 -0.153 
-1.47365 15.3187 -1.47365 -12.9271 -1.47365 0.1667 -1.47365 -0.3723 -1.47365 0.0089 -1.47365 -0.172 -1.47365 0.0106 -1.47365 -0.0292 -1.47365 0.0133 -1.47365 -0.0179 -1.47365 0.1261 -1.47365 -0.0151 -1.47365 0.0078 -1.47365 -0.1381 
-1.39355 14.6125 -1.39355 -13.3367 -1.39355 0.2123 -1.39355 -0.3214 -1.39355 0.0099 -1.39355 -0.1499 -1.39355 0.0105 -1.39355 -0.02 -1.39355 0.012 -1.39355 -0.012 -1.39355 0.1706 -1.39355 -0.0151 -1.39355 0.0093 -1.39355 -0.1244 
-1.31335 14.1211 -1.31335 -13.7245 -1.31335 0.2742 -1.31335 -0.2909 -1.31335 0.0104 -1.31335 -0.1362 -1.31335 0.0104 -1.31335 -0.0137 -1.31335 0.0108 -1.31335 -0.0086 -1.31335 0.2322 -1.31335 -0.0142 -1.31335 0.0104 -1.31335 -0.1182 
-1.23315 14.1651 -1.23315 -13.508 -1.23315 0.3376 -1.23315 -0.2972 -1.23315 0.0107 -1.23315 -0.1404 -1.23315 0.0104 -1.23315 -0.0097 -1.23315 0.0099 -1.23315 -0.0065 -1.23315 0.2956 -1.23315 -0.0126 -1.23315 0.011 -1.23315 -0.128 
-1.15305 14.5508 -1.15305 -12.7013 -1.15305 0.3665 -1.15305 -0.3495 -1.15305 0.0106 -1.15305 -0.1635 -1.15305 0.0101 -1.15305 -0.007 -1.15305 0.0092 -1.15305 -0.005 -1.15305 0.3256 -1.15305 -0.0109 -1.15305 0.011 -1.15305 -0.1631 
-1.07285 14.9255 -1.07285 -11.7493 -1.07285 0.3333 -1.07285 -0.4375 -1.07285 0.0097 -1.07285 -0.1955 -1.07285 0.0093 -1.07285 -0.0054 -1.07285 0.0081 -1.07285 -0.0041 -1.07285 0.2962 -1.07285 -0.0093 -1.07285 0.01 -1.07285 -0.2232 
-0.992746 15.2618 -0.992746 -10.9316 -0.992746 0.2521 -0.992746 -0.5212 -0.992746 0.0083 -0.992746 -0.2188 -0.992746 0.0079 -0.992746 -0.0045 -0.992746 0.0067 -0.992746 -0.0035 -0.992746 0.2207 -0.992746 -0.0077 -0.992746 0.0085 -0.992746 -0.2867 
-0.912546 15.6141 -0.912546 -10.0614 -0.912546 0.164 -0.912546 -0.5408 -0.912546 0.0068 -0.912546 -0.2141 -0.912546 0.0064 -0.912546 -0.0038 -0.912546 0.0051 -0.912546 -0.0029 -0.912546 0.1384 -0.912546 -0.0057 -0.912546 0.0073 -0.912546 -0.3143 
-0.832346 15.6244 -0.832346 -8.8097 -0.832346 0.098 -0.832346 -0.4625 -0.832346 0.0053 -0.832346 -0.1743 -0.832346 0.005 -0.832346 -0.0029 -0.832346 0.0037 -0.832346 -0.0022 -0.832346 0.0778 -0.832346 -0.0037 -0.832346 0.0062 -0.832346 -0.2794 
-0.752246 14.753 -0.752246 -7.2853 -0.752246 0.0574 -0.752246 -0.3154 -0.752246 0.0039 -0.752246 -0.114 -0.752246 0.0036 -0.752246 -0.0019 -0.752246 0.0025 -0.752246 -0.0013 -0.752246 0.0425 -0.752246 -0.0022 -0.752246 0.0049 -0.752246 -0.196 
-0.672046 13.0509 -0.672046 -6.1 -0.672046 0.0337 -0.672046 -0.1682 -0.672046 0.0027 -0.672046 -0.0584 -0.672046 0.0024 -0.672046 -0.001 -0.672046 0.0017 -0.672046 -0.0007 -0.672046 0.0235 -0.672046 -0.0014 -0.672046 0.0034 -0.672046 -0.1067 
-0.591946 11.328 -0.591946 -5.667 -0.591946 0.0193 -0.591946 -0.0697 -0.591946 0.0017 -0.591946 -0.0232 -0.591946 0.0015 -0.591946 -0.0004 -0.591946 0.0012 -0.591946 -0.0003 -0.591946 0.0128 -0.591946 -0.0013 -0.591946 0.0021 -0.591946 -0.0445 
-0.511746 10.3529 -0.511746 -5.602 -0.511746 0.0113 -0.511746 -0.0228 -0.511746 0.0012 -0.511746 -0.0071 -0.511746 0.001 -0.511746 -0.0001 -0.511746 0.001 -0.511746 -0.0001 -0.511746 0.0068 -0.511746 -0.0013 -0.511746 0.0013 -0.511746 -0.0142 
-0.431546 10.0833 -0.431546 -5.106 -0.431546 0.0072 -0.431546 -0.0066 -0.431546 0.0009 -0.431546 -0.0018 -0.431546 0.0008 -0.431546 -0.0001 -0.431546 0.001 -0.431546 -0.0001 -0.431546 0.0035 -0.431546 -0.0011 -0.431546 0.001 -0.431546 -0.0035 
-0.351446 9.8152 -0.351446 -3.8774 -0.351446 0.0054 -0.351446 -0.0019 -0.351446 0.0009 -0.351446 -0.0005 -0.351446 0.0007 -0.351446 -0 -0.351446 0.0009 -0.351446 -0 -0.351446 0.002 -0.351446 -0.0007 -0.351446 0.0009 -0.351446 -0.0007 
-0.271246 8.9472 -0.271246 -2.3981 -0.271246 0.0043 -0.271246 -0.0009 -0.271246 0.001 -0.271246 -0.0002 -0.271246 0.0005 -0.271246 -0 -0.271246 0.0007 -0.271246 -0.0001 -0.271246 0.0011 -0.271246 -0.0004 -0.271246 0.001 -0.271246 -0.0002 
-0.191146 7.4737 -0.191146 -1.3681 -0.191146 0.0065 -0.191146 -0.0011 -0.191146 0.0029 -0.191146 -0.0003 -0.191146 0.0003 -0.191146 -0.0001 -0.191146 0.0004 -0.191146 -0.0002 -0.191146 0.0006 -0.191146 -0.0002 -0.191146 0.0023 -0.191146 -0.0003 
-0.110946 5.8099 -0.110946 -1.1182 -0.110946 0.0226 -0.110946 -0.0025 -0.110946 0.0127 -0.110946 -0.0007 -0.110946 0.0003 -0.110946 -0.0003 -0.110946 0.0003 -0.110946 -0.0005 -0.110946 0.0003 -0.110946 -0.0004 -0.110946 0.009 -0.110946 -0.0006 
-0.0307457 4.3849 -0.0307457 -1.5415 -0.0307457 0.0799 -0.0307457 -0.0047 -0.0307457 0.0471 -0.0307457 -0.001 -0.0307457 0.0004 -0.0307457 -0.0006 -0.0307457 0.0005 -0.0307457 -0.0011 -0.0307457 0.0003 -0.0307457 -0.0011 -0.0307457 0.0316 -0.0307457 -0.0009 
0.0493543 3.5675 0.0493543 -2.3096 0.0493543 0.2212 0.0493543 -0.0086 0.0493543 0.133 0.0493543 -0.0013 0.0493543 0.0009 0.0493543 -0.0012 0.0493543 0.0013 0.0493543 -0.0021 0.0493543 0.0006 0.0493543 -0.0028 0.0493543 0.0854 0.0493543 -0.0012 
0.129554 3.7565 0.129554 -3.0719 0.129554 0.4646 0.129554 -0.0137 0.129554 0.2838 0.129554 -0.0013 0.129554 0.0018 0.129554 -0.0019 0.129554 0.0027 0.129554 -0.0033 0.129554 0.0015 0.129554 -0.006 0.129554 0.1748 0.129554 -0.0012 
0.209654 5.1802 0.209654 -3.6092 0.209654 0.749 0.209654 -0.0206 0.209654 0.4635 0.209654 -0.0011 0.209654 0.0028 0.209654 -0.0029 0.209654 0.0044 0.209654 -0.0042 0.209654 0.0032 0.209654 -0.0113 0.209654 0.2751 0.209654 -0.0011 
0.289854 7.5973 0.289854 -3.9178 0.289854 0.9478 0.289854 -0.0295 0.289854 0.5906 0.289854 -0.0008 0.289854 0.0034 0.289854 -0.0041 0.289854 0.0055 0.289854 -0.0049 0.289854 0.0053 0.289854 -0.0189 0.289854 0.343 0.289854 -0.0008 
0.370054 10.3964 0.370054 -4.1518 0.370054 0.9849 0.370054 -0.0404 0.370054 0.6082 0.370054 -0.0006 0.370054 0.0035 0.370054 -0.0057 0.370054 0.0056 0.370054 -0.0058 0.370054 0.0071 0.370054 -0.0277 0.370054 0.3605 0.370054 -0.0006 
0.450154 12.9751 0.450154 -4.5078 0.450154 0.9194 0.450154 -0.0518 0.450154 0.5439 0.450154 -0.0004 0.450154 0.0034 0.450154 -0.0076 0.450154 0.0049 0.450154 -0.0075 0.450154 0.0078 0.450154 -0.0359 0.450154 0.3594 0.450154 -0.0004 
0.530354 14.9919 0.530354 -5.233 0.530354 0.9003 0.530354 -0.0627 0.530354 0.4863 0.530354 -0.0003 0.530354 0.0036 0.530354 -0.0098 0.530354 0.0044 0.530354 -0.0103 0.530354 0.0072 0.530354 -0.042 0.530354 0.3988 0.530354 -0.0003 
0.610454 16.4359 0.610454 -6.6566 0.610454 1.0404 0.610454 -0.0734 0.610454 0.5042 0.610454 -0.0003 0.610454 0.0047 0.610454 -0.0127 0.610454 0.0046 0.610454 -0.0145 0.610454 0.0058 0.610454 -0.0456 0.610454 0.5211 0.610454 -0.0003 
0.690654 17.41 0.690654 -8.98 0.690654 1.3077 0.690654 -0.089 0.690654 0.5835 0.690654 -0.0004 0.690654 0.0065 0.690654 -0.0184 0.690654 0.0054 0.690654 -0.0216 0.690654 0.0041 0.690654 -0.0482 0.690654 0.7082 0.690654 -0.0004 
0.770854 17.6713 0.770854 -11.9923 0.770854 1.5143 0.770854 -0.1249 0.770854 0.6377 0.770854 -0.0007 0.770854 0.008 0.770854 -0.0315 0.770854 0.006 0.770854 -0.0367 0.770854 0.0027 0.770854 -0.0553 0.770854 0.8599 0.770854 -0.0007 
0.850954 16.6825 0.850954 -15.1836 0.850954 1.4646 0.850954 -0.2185 0.850954 0.5919 0.850954 -0.0012 0.850954 0.0081 0.850954 -0.063 0.850954 0.0056 0.850954 -0.0738 0.850954 0.0018 0.850954 -0.0793 0.850954 0.8572 0.850954 -0.0012 
0.931154 14.3032 0.931154 -18.1614 0.931154 1.1486 0.931154 -0.436 0.931154 0.4556 0.931154 -0.0025 0.931154 0.0065 0.931154 -0.1352 0.931154 0.0043 0.931154 -0.1598 0.931154 0.0013 0.931154 -0.1362 0.931154 0.6809 0.931154 -0.0023 
1.01125 11.026 1.01125 -20.7955 1.01125 0.7403 1.01125 -0.8479 1.01125 0.2991 1.01125 -0.0051 1.01125 0.0041 1.01125 -0.2799 1.01125 0.0028 1.01125 -0.3292 1.01125 0.001 1.01125 -0.2292 1.01125 0.4333 1.01125 -0.0045 
1.09145 7.5302 1.09145 -23.0573 1.09145 0.4091 1.09145 -1.4716 1.09145 0.176 1.09145 -0.0095 1.09145 0.0022 1.09145 -0.5215 1.09145 0.0016 1.09145 -0.5997 1.09145 0.0008 1.09145 -0.3325 1.09145 0.2285 1.09145 -0.0084 
1.17165 4.4519 1.17165 -24.9787 1.17165 0.2021 1.17165 -2.2117 1.17165 0.0948 1.17165 -0.0155 1.17165 0.001 1.17165 -0.8448 1.17165 0.0008 1.17165 -0.9365 1.17165 0.0007 1.17165 -0.401 1.17165 0.1048 1.17165 -0.0139 
1.25175 2.4126 1.25175 -26.6687 1.25175 0.0915 1.25175 -2.8452 1.25175 0.0458 1.25175 -0.0213 1.25175 0.0004 1.25175 -1.1648 1.25175 0.0004 1.25175 -1.2346 1.25175 0.0011 1.25175 -0.4047 1.25175 0.0438 1.25175 -0.0198 
1.33195 1.8871 1.33195 -28.1036 1.33195 0.0444 1.33195 -3.1054 1.33195 0.0219 1.33195 -0.0245 1.33195 0.0003 1.33195 -1.345 1.33195 0.0003 1.33195 -1.3627 1.33195 0.0025 1.33195 -0.3495 1.33195 0.0194 1.33195 -0.0237 
1.41205 3.1172 1.41205 -29.0016 1.41205 0.0417 1.41205 -2.8672 1.41205 0.0187 1.41205 -0.0236 1.41205 0.0006 1.41205 -1.2913 1.41205 0.0006 1.41205 -1.2623 1.41205 0.0049 1.41205 -0.2665 1.41205 0.0169 1.41205 -0.0235 
1.49225 6.0356 1.49225 -29.1657 1.49225 0.0707 1.49225 -2.2824 1.49225 0.0318 1.49225 -0.0193 1.49225 0.0013 1.49225 -1.0469 1.49225 0.0013 1.49225 -1.0067 1.49225 0.0077 1.49225 -0.1898 1.49225 0.0286 1.49225 -0.0197 
1.57245 9.8877 1.57245 -28.8784 1.57245 0.1198 1.57245 -1.6698 1.57245 0.0563 1.57245 -0.0142 1.57245 0.0023 1.57245 -0.7619 1.57245 0.0025 1.57245 -0.737 1.57245 0.01 1.57245 -0.1419 1.57245 0.0487 1.57245 -0.0148 
1.65255 13.1176 1.65255 -28.729 1.65255 0.173 1.65255 -1.2542 1.65255 0.0848 1.65255 -0.0101 1.65255 0.0034 1.65255 -0.5582 1.65255 0.0036 1.65255 -0.5455 1.65255 0.0109 1.65255 -0.1294 1.65255 0.0703 1.65255 -0.011 
1.73275 14.3086 1.73275 -29.0856 1.73275 0.212 1.73275 -1.0444 1.73275 0.1068 1.73275 -0.0077 1.73275 0.0041 1.73275 -0.4468 1.73275 0.0044 1.73275 -0.4291 1.73275 0.0106 1.73275 -0.152 1.73275 0.0861 1.73275 -0.0088 
1.81285 13.3942 1.81285 -29.9078 1.81285 0.2237 1.81285 -0.9351 1.81285 0.1136 1.81285 -0.0066 1.81285 0.0041 1.81285 -0.3701 1.81285 0.0044 1.81285 -0.3389 1.81285 0.0096 1.81285 -0.2118 1.81285 0.092 1.81285 -0.0077 
1.89305 11.6087 1.89305 -31.0522 1.89305 0.2093 1.89305 -0.8557 1.89305 0.1041 1.89305 -0.0065 1.89305 0.004 1.89305 -0.285 1.89305 0.004 1.89305 -0.246 1.89305 0.0084 1.89305 -0.3112 1.89305 0.0888 1.89305 -0.007 
1.97325 10.4047 1.97325 -32.5478 1.97325 0.1825 1.97325 -0.8031 1.97325 0.0864 1.97325 -0.007 1.97325 0.0044 1.97325 -0.1927 1.97325 0.0037 1.97325 -0.1577 1.97325 0.0074 1.97325 -0.439 1.97325 0.0806 1.97325 -0.0067 
2.05335 10.6558 2.05335 -34.3045 2.05335 0.161 2.05335 -0.7784 2.05335 0.0725 2.05335 -0.0075 2.05335 0.0052 2.05335 -0.1157 2.05335 0.0038 2.05335 -0.0921 2.05335 0.0065 2.05335 -0.5564 2.05335 0.073 2.05335 -0.0067 
2.13355 12.3927 2.13355 -35.5817 2.13355 0.1548 2.13355 -0.7413 2.13355 0.0703 2.13355 -0.0073 2.13355 0.0057 2.13355 -0.067 2.13355 0.004 2.13355 -0.0547 2.13355 0.0059 2.13355 -0.6058 2.13355 0.0689 2.13355 -0.0065 
2.21365 14.8833 2.21365 -35.2969 2.21365 0.1596 2.21365 -0.6434 2.21365 0.0778 2.21365 -0.0061 2.21365 0.0054 2.21365 -0.0434 2.21365 0.004 2.21365 -0.0374 2.21365 0.0053 2.21365 -0.5508 2.21365 0.0671 2.21365 -0.0057 
2.29385 17.106 2.29385 -33.1462 2.29385 0.1631 2.29385 -0.4868 2.29385 0.0853 2.29385 -0.0043 2.29385 0.0044 2.29385 -0.0344 2.29385 0.0037 2.29385 -0.0305 2.29385 0.0045 2.29385 -0.4133 2.29385 0.0652 2.29385 -0.0043 
2.37405 18.2199 2.37405 -29.9353 2.37405 0.1578 2.37405 -0.3246 2.37405 0.0843 2.37405 -0.0026 2.37405 0.0033 2.37405 -0.0315 2.37405 0.0033 2.37405 -0.0284 2.37405 0.0036 2.37405 -0.2593 2.37405 0.0633 2.37405 -0.0028 
2.45415 17.8331 2.45415 -26.6713 2.45415 0.1448 2.45415 -0.2104 2.45415 0.0741 2.45415 -0.0014 2.45415 0.0027 2.45415 -0.0305 2.45415 0.0031 2.45415 -0.0294 2.45415 0.0026 2.45415 -0.1475 2.45415 0.0623 2.45415 -0.0016 
2.53435 16.2903 2.53435 -23.9378 2.53435 0.1291 2.53435 -0.1643 2.53435 0.0603 2.53435 -0.0008 2.53435 0.0027 2.53435 -0.0304 2.53435 0.0034 2.53435 -0.032 2.53435 0.0018 2.53435 -0.1002 2.53435 0.0609 2.53435 -0.0009 
2.61445 14.5883 2.61445 -22.289 2.61445 0.1134 2.61445 -0.1846 2.61445 0.0479 2.61445 -0.0007 2.61445 0.0037 2.61445 -0.0314 2.61445 0.0042 2.61445 -0.0348 2.61445 0.0013 2.61445 -0.1171 2.61445 0.0563 2.61445 -0.0006 
2.69465 13.604 2.69465 -22.4975 2.69465 0.0985 2.69465 -0.2639 2.69465 0.0377 2.69465 -0.0008 2.69465 0.0058 2.69465 -0.0338 2.69465 0.0056 2.69465 -0.0369 2.69465 0.0011 2.69465 -0.1918 2.69465 0.0483 2.69465 -0.0006 
2.77485 13.3633 2.77485 -24.7619 2.77485 0.0852 2.77485 -0.3804 2.77485 0.0293 2.77485 -0.001 2.77485 0.0085 2.77485 -0.0371 2.77485 0.0069 2.77485 -0.0378 2.77485 0.0008 2.77485 -0.3037 2.77485 0.0397 2.77485 -0.0008 
2.85495 13.2005 2.85495 -27.8954 2.85495 0.0723 2.85495 -0.4795 2.85495 0.022 2.85495 -0.0012 2.85495 0.0103 2.85495 -0.0387 2.85495 0.0073 2.85495 -0.0365 2.85495 0.0006 2.85495 -0.4021 2.85495 0.0321 2.85495 -0.001 
2.93515 12.6629 2.93515 -29.9831 2.93515 0.0568 2.93515 -0.4979 2.93515 0.0156 2.93515 -0.0012 2.93515 0.0098 2.93515 -0.0358 2.93515 0.0063 2.93515 -0.0318 2.93515 0.0005 2.93515 -0.4281 2.93515 0.0246 2.93515 -0.001 
3.01535 11.973 3.01535 -30.0855 3.01535 0.0395 3.01535 -0.4212 3.01535 0.0103 3.01535 -0.0012 3.01535 0.0072 3.01535 -0.0283 3.01535 0.0043 3.01535 -0.0243 3.01535 0.0005 3.01535 -0.3664 3.01535 0.0172 3.01535 -0.001 
3.09545 11.3727 3.09545 -28.9891 3.09545 0.0249 3.09545 -0.2984 3.09545 0.0067 3.09545 -0.0014 3.09545 0.0041 3.09545 -0.0192 3.09545 0.0023 3.09545 -0.0166 3.09545 0.0006 3.09545 -0.2601 3.09545 0.0112 3.09545 -0.0011 
3.17565 10.6001 3.17565 -27.9846 3.17565 0.0152 3.17565 -0.1904 3.17565 0.0045 3.17565 -0.002 3.17565 0.0018 3.17565 -0.0121 3.17565 0.001 3.17565 -0.0111 3.17565 0.0006 3.17565 -0.1638 3.17565 0.0073 3.17565 -0.0014 
3.25575 9.5134 3.25575 -27.1227 3.25575 0.0099 3.25575 -0.1216 3.25575 0.0034 3.25575 -0.0033 3.25575 0.0007 3.25575 -0.0083 3.25575 0.0004 3.25575 -0.0085 3.25575 0.0005 3.25575 -0.0993 3.25575 0.0049 3.25575 -0.0022 
3.33595 8.6523 3.33595 -25.2594 3.33595 0.0082 3.33595 -0.0836 3.33595 0.0038 3.33595 -0.0055 3.33595 0.0003 3.33595 -0.0068 3.33595 0.0002 3.33595 -0.0075 3.33595 0.0004 3.33595 -0.0603 3.33595 0.0035 3.33595 -0.0035 
3.41615 8.6796 3.41615 -21.9052 3.41615 0.0125 3.41615 -0.0626 3.41615 0.0076 3.41615 -0.0088 3.41615 0.0001 3.41615 -0.0056 3.41615 0.0001 3.41615 -0.0064 3.41615 0.0004 3.41615 -0.0361 3.41615 0.0043 3.41615 -0.0057 
3.49625 9.5567 3.49625 -18.2717 3.49625 0.0269 3.49625 -0.0525 3.49625 0.0172 3.49625 -0.0128 3.49625 0.0001 3.49625 -0.0041 3.49625 0.0001 3.49625 -0.0047 3.49625 0.0005 3.49625 -0.0219 3.49625 0.009 3.49625 -0.009 
3.57645 10.5382 3.57645 -15.9976 3.57645 0.0532 3.57645 -0.0506 3.57645 0.0329 3.57645 -0.0165 3.57645 0.0001 3.57645 -0.0026 3.57645 0.0001 3.57645 -0.003 3.57645 0.0007 3.57645 -0.0153 3.57645 0.0194 3.57645 -0.0132 
3.65655 10.8638 3.65655 -15.4356 3.65655 0.0869 3.65655 -0.0528 3.65655 0.0509 3.65655 -0.0183 3.65655 0.0001 3.65655 -0.0017 3.65655 0.0002 3.65655 -0.002 3.65655 0.0009 3.65655 -0.0136 3.65655 0.0348 3.65655 -0.0172 
3.73675 10.267 3.73675 -15.6012 3.73675 0.1151 3.73675 -0.0535 3.73675 0.0634 3.73675 -0.018 3.73675 0.0002 3.73675 -0.0014 3.73675 0.0002 3.73675 -0.0017 3.73675 0.0009 3.73675 -0.0138 3.73675 0.0504 3.73675 -0.0186 
3.81695 8.9676 3.81695 -15.2346 3.81695 0.1239 3.81695 -0.0494 3.81695 0.0644 3.81695 -0.0163 3.81695 0.0002 3.81695 -0.0013 3.81695 0.0002 3.81695 -0.0016 3.81695 0.0009 3.81695 -0.0136 3.81695 0.0582 3.81695 -0.0166 
3.89705 7.5158 3.89705 -13.6758 3.89705 0.1093 3.89705 -0.0408 3.89705 0.0541 3.89705 -0.0137 3.89705 0.0002 3.89705 -0.0012 3.89705 0.0002 3.89705 -0.0015 3.89705 0.0007 3.89705 -0.0119 3.89705 0.0541 3.89705 -0.0125 
3.97725 6.5242 3.97725 -11.1551 3.97725 0.0836 3.97725 -0.0313 3.97725 0.0394 3.97725 -0.0108 3.97725 0.0002 3.97725 -0.0011 3.97725 0.0002 3.97725 -0.0013 3.97725 0.0006 3.97725 -0.0089 3.97725 0.0432 3.97725 -0.0092 
4.05735 6.2023 4.05735 -8.4464 4.05735 0.0647 4.05735 -0.0249 4.05735 0.0284 4.05735 -0.0082 4.05735 0.0002 4.05735 -0.0011 4.05735 0.0002 4.05735 -0.0011 4.05735 0.0006 4.05735 -0.0058 4.05735 0.0353 4.05735 -0.0087 
4.13755 6.1925 4.13755 -6.2491 4.13755 0.06 4.13755 -0.0233 4.13755 0.024 4.13755 -0.007 4.13755 0.0003 4.13755 -0.001 4.13755 0.0003 4.13755 -0.0009 4.13755 0.0008 4.13755 -0.0038 4.13755 0.0346 4.13755 -0.0106 
4.21775 5.9958 4.21775 -4.8786 4.21775 0.0617 4.21775 -0.0258 4.21775 0.023 4.21775 -0.0073 4.21775 0.0006 4.21775 -0.0011 4.21775 0.0005 4.21775 -0.001 4.21775 0.001 4.21775 -0.0033 4.21775 0.0366 4.21775 -0.0131 
4.29785 5.4985 4.29785 -4.2823 4.29785 0.0594 4.29785 -0.0287 4.29785 0.021 4.29785 -0.008 4.29785 0.001 4.29785 -0.0014 4.29785 0.001 4.29785 -0.0015 4.29785 0.0011 4.29785 -0.0034 4.29785 0.0353 4.29785 -0.0144 
4.37805 5.0404 4.37805 -4.1915 4.37805 0.0516 4.37805 -0.0309 4.37805 0.017 4.37805 -0.0082 4.37805 0.0018 4.37805 -0.0024 4.37805 0.0017 4.37805 -0.0028 4.37805 0.001 4.37805 -0.0034 4.37805 0.0301 4.37805 -0.0141 
4.45815 5.0085 4.45815 -4.3685 4.45815 0.0431 4.45815 -0.0331 4.45815 0.0129 4.45815 -0.0074 4.45815 0.0028 4.45815 -0.0046 4.45815 0.0027 4.45815 -0.0052 4.45815 0.0009 4.45815 -0.0031 4.45815 0.0238 4.45815 -0.0128 
4.53835 5.4291 4.53835 -4.7276 4.53835 0.0372 4.53835 -0.0369 4.53835 0.0103 4.53835 -0.006 4.53835 0.0039 4.53835 -0.0086 4.53835 0.0035 4.53835 -0.0088 4.53835 0.0008 4.53835 -0.0026 4.53835 0.0187 4.53835 -0.0109 
4.61855 5.9787 4.61855 -5.1973 4.61855 0.0335 4.61855 -0.041 4.61855 0.0091 4.61855 -0.0045 4.61855 0.0044 4.61855 -0.0136 4.61855 0.0038 4.61855 -0.0125 4.61855 0.0009 4.61855 -0.002 4.61855 0.0153 4.61855 -0.0084 
4.69865 6.2614 4.69865 -5.586 4.69865 0.0304 4.69865 -0.0428 4.69865 0.0087 4.69865 -0.0033 4.69865 0.0041 4.69865 -0.0176 4.69865 0.0033 4.69865 -0.0144 4.69865 0.001 4.69865 -0.0016 4.69865 0.0133 4.69865 -0.0059 
4.77885 5.9789 4.77885 -5.6446 4.77885 0.0267 4.77885 -0.04 4.77885 0.0082 4.77885 -0.0029 4.77885 0.0032 4.77885 -0.0182 4.77885 0.0024 4.77885 -0.0134 4.77885 0.0011 4.77885 -0.0014 4.77885 0.0118 4.77885 -0.0041 
4.85895 5.0373 4.85895 -5.2598 4.85895 0.0215 4.85895 -0.0329 4.85895 0.0071 4.85895 -0.003 4.85895 0.0021 4.85895 -0.0151 4.85895 0.0015 4.85895 -0.0101 4.85895 0.0011 4.85895 -0.0013 4.85895 0.0097 4.85895 -0.0034 
4.93915 3.6851 4.93915 -4.5784 4.93915 0.015 4.93915 -0.0241 4.93915 0.0053 4.93915 -0.0033 4.93915 0.0011 4.93915 -0.01 4.93915 0.0008 4.93915 -0.0064 4.93915 0.001 4.93915 -0.0012 4.93915 0.0068 4.93915 -0.0032 
5.01935 2.4508 5.01935 -3.8681 5.01935 0.009 5.01935 -0.0164 5.01935 0.0033 5.01935 -0.0033 5.01935 0.0005 5.01935 -0.0054 5.01935 0.0004 5.01935 -0.0035 5.01935 0.0008 5.01935 -0.0012 5.01935 0.004 5.01935 -0.003 
5.09945 1.7887 5.09945 -3.2458 5.09945 0.0048 5.09945 -0.0107 5.09945 0.0017 5.09945 -0.0028 5.09945 0.0002 5.09945 -0.0024 5.09945 0.0002 5.09945 -0.0019 5.09945 0.0008 5.09945 -0.0011 5.09945 0.0019 5.09945 -0.0025 
5.17965 1.7554 5.17965 -2.6625 5.17965 0.0028 5.17965 -0.007 5.17965 0.0008 5.17965 -0.002 5.17965 0.0001 5.17965 -0.0011 5.17965 0.0001 5.17965 -0.0011 5.17965 0.001 5.17965 -0.0011 5.17965 0.0008 5.17965 -0.0017 
5.25975 2.0389 5.25975 -2.1264 5.25975 0.0026 5.25975 -0.0043 5.25975 0.0005 5.25975 -0.0011 5.25975 0.0001 5.25975 -0.0005 5.25975 0.0002 5.25975 -0.0007 5.25975 0.0014 5.25975 -0.0011 5.25975 0.0004 5.25975 -0.0009 
5.33995 2.2582 5.33995 -1.7692 5.33995 0.0026 5.33995 -0.0029 5.33995 0.0003 5.33995 -0.0005 5.33995 0.0001 5.33995 -0.0003 5.33995 0.0002 5.33995 -0.0005 5.33995 0.0017 5.33995 -0.0012 5.33995 0.0003 5.33995 -0.0004 
5.42015 2.2272 5.42015 -1.6833 5.42015 0.0025 5.42015 -0.0023 5.42015 0.0003 5.42015 -0.0002 5.42015 0.0001 5.42015 -0.0003 5.42015 0.0001 5.42015 -0.0004 5.42015 0.0018 5.42015 -0.0012 5.42015 0.0002 5.42015 -0.0002 
5.50025 2.0133 5.50025 -1.8204 5.50025 0.0022 5.50025 -0.002 5.50025 0.0002 5.50025 -0.0001 5.50025 0.0001 5.50025 -0.0002 5.50025 0.0001 5.50025 -0.0004 5.50025 0.0016 5.50025 -0.0012 5.50025 0.0002 5.50025 -0.0001 
5.58045 1.8179 5.58045 -2.0563 5.58045 0.0018 5.58045 -0.002 5.58045 0.0002 5.58045 -0.0001 5.58045 0.0001 5.58045 -0.0002 5.58045 0.0001 5.58045 -0.0004 5.58045 0.0013 5.58045 -0.0012 5.58045 0.0001 5.58045 -0.0001 
5.66055 1.8112 5.66055 -2.2608 5.66055 0.0016 5.66055 -0.0019 5.66055 0.0002 5.66055 -0.0001 5.66055 0.0001 5.66055 -0.0002 5.66055 0.0001 5.66055 -0.0004 5.66055 0.0011 5.66055 -0.0011 5.66055 0.0001 5.66055 -0.0001 
5.74075 2.0396 5.74075 -2.3272 5.74075 0.0018 5.74075 -0.002 5.74075 0.0002 5.74075 -0.0002 5.74075 0.0001 5.74075 -0.0002 5.74075 0.0002 5.74075 -0.0004 5.74075 0.0011 5.74075 -0.0011 5.74075 0.0002 5.74075 -0.0001 
5.82095 2.4115 5.82095 -2.2443 5.82095 0.0022 5.82095 -0.0018 5.82095 0.0003 5.82095 -0.0002 5.82095 0.0002 5.82095 -0.0002 5.82095 0.0003 5.82095 -0.0004 5.82095 0.0012 5.82095 -0.0009 5.82095 0.0002 5.82095 -0.0001 
5.90105 2.7687 5.90105 -2.1406 5.90105 0.0025 5.90105 -0.0016 5.90105 0.0003 5.90105 -0.0002 5.90105 0.0002 5.90105 -0.0002 5.90105 0.0003 5.90105 -0.0003 5.90105 0.0014 5.90105 -0.0008 5.90105 0.0003 5.90105 -0.0001 
5.98125 2.992 5.98125 -2.2114 5.98125 0.0029 5.98125 -0.0016 5.98125 0.0003 5.98125 -0.0002 5.98125 0.0002 5.98125 -0.0002 5.98125 0.0004 5.98125 -0.0003 5.98125 0.0017 5.98125 -0.0008 5.98125 0.0003 5.98125 -0.0001 
6.06135 3.0104 6.06135 -2.5714 6.06135 0.0032 6.06135 -0.0016 6.06135 0.0004 6.06135 -0.0003 6.06135 0.0002 6.06135 -0.0001 6.06135 0.0003 6.06135 -0.0002 6.06135 0.0021 6.06135 -0.0008 6.06135 0.0002 6.06135 -0.0002 
6.14155 2.8156 6.14155 -3.1293 6.14155 0.0032 6.14155 -0.0019 6.14155 0.0004 6.14155 -0.0003 6.14155 0.0002 6.14155 -0.0002 6.14155 0.0003 6.14155 -0.0002 6.14155 0.0021 6.14155 -0.001 6.14155 0.0002 6.14155 -0.0002 
6.22175 2.5866 6.22175 -3.6105 6.22175 0.0028 6.22175 -0.0023 6.22175 0.0004 6.22175 -0.0004 6.22175 0.0001 6.22175 -0.0002 6.22175 0.0002 6.22175 -0.0002 6.22175 0.0019 6.22175 -0.0013 6.22175 0.0002 6.22175 -0.0002 
6.30185 2.6474 6.30185 -3.7879 6.30185 0.0026 6.30185 -0.0026 6.30185 0.0004 6.30185 -0.0004 6.30185 0.0001 6.30185 -0.0002 6.30185 0.0002 6.30185 -0.0002 6.30185 0.0016 6.30185 -0.0015 6.30185 0.0003 6.30185 -0.0003 
6.38205 3.1416 6.38205 -3.7526 6.38205 0.0028 6.38205 -0.0026 6.38205 0.0006 6.38205 -0.0004 6.38205 0.0001 6.38205 -0.0002 6.38205 0.0001 6.38205 -0.0003 6.38205 0.0016 6.38205 -0.0015 6.38205 0.0004 6.38205 -0.0002 
6.46215 3.8734 6.46215 -3.9028 6.46215 0.0032 6.46215 -0.0028 6.46215 0.0007 6.46215 -0.0004 6.46215 0.0001 6.46215 -0.0003 6.46215 0.0002 6.46215 -0.0003 6.46215 0.0017 6.46215 -0.0015 6.46215 0.0005 6.46215 -0.0003 
6.54235 4.5871 6.54235 -4.526 6.54235 0.0034 6.54235 -0.003 6.54235 0.0008 6.54235 -0.0005 6.54235 0.0001 6.54235 -0.0003 6.54235 0.0002 6.54235 -0.0004 6.54235 0.0018 6.54235 -0.0015 6.54235 0.0005 6.54235 -0.0003 
6.62255 5.2695 6.62255 -5.4102 6.62255 0.0038 6.62255 -0.0032 6.62255 0.0008 6.62255 -0.0005 6.62255 0.0002 6.62255 -0.0003 6.62255 0.0002 6.62255 -0.0004 6.62255 0.0021 6.62255 -0.0016 6.62255 0.0005 6.62255 -0.0004 
6.70265 6.03 6.70265 -6.0667 6.70265 0.0042 6.70265 -0.0033 6.70265 0.0008 6.70265 -0.0005 6.70265 0.0002 6.70265 -0.0003 6.70265 0.0002 6.70265 -0.0004 6.70265 0.0025 6.70265 -0.0017 6.70265 0.0005 6.70265 -0.0004 
6.78285 6.7997 6.78285 -6.3077 6.78285 0.0048 6.78285 -0.003 6.78285 0.0009 6.78285 -0.0005 6.78285 0.0003 6.78285 -0.0003 6.78285 0.0003 6.78285 -0.0003 6.78285 0.0027 6.78285 -0.0016 6.78285 0.0006 6.78285 -0.0003 
6.86295 7.3342 6.86295 -6.3421 6.86295 0.0049 6.86295 -0.0027 6.86295 0.001 6.86295 -0.0005 6.86295 0.0003 6.86295 -0.0002 6.86295 0.0004 6.86295 -0.0003 6.86295 0.0026 6.86295 -0.0014 6.86295 0.0006 6.86295 -0.0003 
6.94315 7.4724 6.94315 -6.3645 6.94315 0.0046 6.94315 -0.0027 6.94315 0.001 6.94315 -0.0007 6.94315 0.0004 6.94315 -0.0002 6.94315 0.0004 6.94315 -0.0003 6.94315 0.0022 6.94315 -0.0011 6.94315 0.0006 6.94315 -0.0004 
7.02335 7.2513 7.02335 -6.3882 7.02335 0.0041 7.02335 -0.0032 7.02335 0.001 7.02335 -0.001 7.02335 0.0003 7.02335 -0.0002 7.02335 0.0004 7.02335 -0.0003 7.02335 0.0018 7.02335 -0.0011 7.02335 0.0006 7.02335 -0.0006 
7.10345 6.7883 7.10345 -6.411 7.10345 0.0037 7.10345 -0.0039 7.10345 0.0009 7.10345 -0.0014 7.10345 0.0003 7.10345 -0.0002 7.10345 0.0004 7.10345 -0.0003 7.10345 0.0015 7.10345 -0.0012 7.10345 0.0006 7.10345 -0.0008 
7.18365 6.1672 7.18365 -6.4259 7.18365 0.0035 7.18365 -0.0045 7.18365 0.0009 7.18365 -0.0017 7.18365 0.0002 7.18365 -0.0002 7.18365 0.0003 7.18365 -0.0003 7.18365 0.0015 7.18365 -0.0013 7.18365 0.0006 7.18365 -0.001 
7.26375 5.4722 7.26375 -6.3274 7.26375 0.0034 7.26375 -0.0048 7.26375 0.0009 7.26375 -0.0019 7.26375 0.0002 7.26375 -0.0002 7.26375 0.0003 7.26375 -0.0003 7.26375 0.0014 7.26375 -0.0014 7.26375 0.0006 7.26375 -0.001 
7.34395 4.8398 7.34395 -5.9968 7.34395 0.0035 7.34395 -0.0049 7.34395 0.0009 7.34395 -0.0019 7.34395 0.0002 7.34395 -0.0002 7.34395 0.0002 7.34395 -0.0003 7.34395 0.0015 7.34395 -0.0015 7.34395 0.0007 7.34395 -0.001 
7.42415 4.3744 7.42415 -5.4242 7.42415 0.0038 7.42415 -0.0047 7.42415 0.0011 7.42415 -0.0018 7.42415 0.0002 7.42415 -0.0002 7.42415 0.0002 7.42415 -0.0002 7.42415 0.0015 7.42415 -0.0015 7.42415 0.0008 7.42415 -0.001 
7.50425 4.0446 7.50425 -4.6905 7.50425 0.004 7.50425 -0.0045 7.50425 0.0012 7.50425 -0.0017 7.50425 0.0002 7.50425 -0.0002 7.50425 0.0002 7.50425 -0.0002 7.50425 0.0015 7.50425 -0.0014 7.50425 0.0009 7.50425 -0.001 
7.58445 3.7211 7.58445 -3.8953 7.58445 0.0042 7.58445 -0.0042 7.58445 0.0013 7.58445 -0.0015 7.58445 0.0002 7.58445 -0.0002 7.58445 0.0003 7.58445 -0.0002 7.58445 0.0014 7.58445 -0.0014 7.58445 0.001 7.58445 -0.0009 
7.66455 3.2856 7.66455 -3.1263 7.66455 0.004 7.66455 -0.0037 7.66455 0.0012 7.66455 -0.0013 7.66455 0.0003 7.66455 -0.0002 7.66455 0.0003 7.66455 -0.0001 7.66455 0.0013 7.66455 -0.0013 7.66455 0.0009 7.66455 -0.0008 
7.74475 2.6962 7.74475 -2.468 7.74475 0.0034 7.74475 -0.0033 7.74475 0.001 7.74475 -0.0012 7.74475 0.0002 7.74475 -0.0001 7.74475 0.0003 7.74475 -0.0001 7.74475 0.0011 7.74475 -0.0011 7.74475 0.0008 7.74475 -0.0008 
7.82495 1.9964 7.82495 -1.9835 7.82495 0.0025 7.82495 -0.003 7.82495 0.0007 7.82495 -0.001 7.82495 0.0002 7.82495 -0.0001 7.82495 0.0002 7.82495 -0.0001 7.82495 0.0008 7.82495 -0.0009 7.82495 0.0006 7.82495 -0.0009 
7.90505 1.2908 7.90505 -1.6272 7.90505 0.0014 7.90505 -0.0027 7.90505 0.0004 7.90505 -0.0009 7.90505 0.0001 7.90505 -0.0001 7.90505 0.0001 7.90505 -0.0001 7.90505 0.0005 7.90505 -0.0007 7.90505 0.0003 7.90505 -0.0009 
7.98525 0.7019 7.98525 -1.2585 7.98525 0.0007 7.98525 -0.0023 7.98525 0.0002 7.98525 -0.0008 7.98525 0 7.98525 -0.0001 7.98525 0.0001 7.98525 -0.0001 7.98525 0.0002 7.98525 -0.0005 7.98525 0.0002 7.98525 -0.0008 
8.06545 0.3091 8.06545 -0.8229 8.06545 0.0003 8.06545 -0.0015 8.06545 0.0001 8.06545 -0.0005 8.06545 0 8.06545 -0 8.06545 0 8.06545 -0.0001 8.06545 0.0001 8.06545 -0.0003 8.06545 0.0001 8.06545 -0.0006 
8.14555 0.1069 8.14555 -0.4222 8.14555 0 8.14555 -0.0007 8.14555 0 8.14555 -0.0002 8.14555 0 8.14555 -0 8.14555 0 8.14555 -0 8.14555 0 8.14555 -0.0002 8.14555 0 8.14555 -0.0003 
8.22575 0.0283 8.22575 -0.1638 8.22575 0 8.22575 -0.0003 8.22575 0 8.22575 -0.0001 8.22575 0 8.22575 -0 8.22575 0 8.22575 -0 8.22575 0 8.22575 -0.0001 8.22575 0 8.22575 -0.0001 
8.30585 0.0057 8.30585 -0.0473 8.30585 0 8.30585 -0 8.30585 0 8.30585 -0 8.30585 0 8.30585 -0 8.30585 0 8.30585 -0 8.30585 0 8.30585 -0 8.30585 0 8.30585 -0 
8.38605 0.0008 8.38605 -0.0101 8.38605 0 8.38605 -0 8.38605 0 8.38605 -0 8.38605 0 8.38605 -0 8.38605 0 8.38605 -0 8.38605 0 8.38605 -0 8.38605 0 8.38605 -0 
8.46625 0.0001 8.46625 -0.0016 8.46625 0 8.46625 -0 8.46625 0 8.46625 -0 8.46625 0 8.46625 -0 8.46625 0 8.46625 -0 8.46625 0 8.46625 -0 8.46625 0 8.46625 -0 
8.54635 0.0 8.54635 -0.0002 8.54635 0 8.54635 -0 8.54635 0 8.54635 -0 8.54635 0 8.54635 -0 8.54635 0 8.54635 -0 8.54635 0 8.54635 -0 8.54635 0 8.54635 -0 
8.62655 0.0 8.62655 -0 8.62655 0 8.62655 -0 8.62655 0 8.62655 -0 8.62655 0 8.62655 -0 8.62655 0 8.62655 -0 8.62655 0 8.62655 -0 8.62655 0 8.62655 -0 
8.70665 0.0 8.70665 -0 8.70665 0 8.70665 -0 8.70665 0 8.70665 -0 8.70665 0 8.70665 -0 8.70665 0 8.70665 -0 8.70665 0 8.70665 -0 8.70665 0 8.70665 -0 
8.78685 0.0 8.78685 -0 8.78685 0 8.78685 -0 8.78685 0 8.78685 -0 8.78685 0 8.78685 -0 8.78685 0 8.78685 -0 8.78685 0 8.78685 -0 8.78685 0 8.78685 -0 
8.86705 0.0 8.86705 -0 8.86705 0 8.86705 -0 8.86705 0 8.86705 -0 8.86705 0 8.86705 -0 8.86705 0 8.86705 -0 8.86705 0 8.86705 -0 8.86705 0 8.86705 -0 
8.94715 0.0 8.94715 -0 8.94715 0 8.94715 -0 8.94715 0 8.94715 -0 8.94715 0 8.94715 -0 8.94715 0 8.94715 -0 8.94715 0 8.94715 -0 8.94715 0 8.94715 -0 
9.02735 0.0 9.02735 -0 9.02735 0 9.02735 -0 9.02735 0 9.02735 -0 9.02735 0 9.02735 -0 9.02735 0 9.02735 -0 9.02735 0 9.02735 -0 9.02735 0 9.02735 -0 
9.10745 0.0 9.10745 -0 9.10745 0 9.10745 -0 9.10745 0 9.10745 -0 9.10745 0 9.10745 -0 9.10745 0 9.10745 -0 9.10745 0 9.10745 -0 9.10745 0 9.10745 -0 
9.18765 0.0 9.18765 -0 9.18765 0 9.18765 -0 9.18765 0 9.18765 -0 9.18765 0 9.18765 -0 9.18765 0 9.18765 -0 9.18765 0 9.18765 -0 9.18765 0 9.18765 -0 
9.26785 0.0 9.26785 -0 9.26785 0 9.26785 -0 9.26785 0 9.26785 -0 9.26785 0 9.26785 -0 9.26785 0 9.26785 -0 9.26785 0 9.26785 -0 9.26785 0 9.26785 -0 
9.34795 0.0 9.34795 -0 9.34795 0 9.34795 -0 9.34795 0 9.34795 -0 9.34795 0 9.34795 -0 9.34795 0 9.34795 -0 9.34795 0 9.34795 -0 9.34795 0 9.34795 -0 
9.42815 0.0 9.42815 -0 9.42815 0 9.42815 -0 9.42815 0 9.42815 -0 9.42815 0 9.42815 -0 9.42815 0 9.42815 -0 9.42815 0 9.42815 -0 9.42815 0 9.42815 -0 
9.50825 0.0 9.50825 -0 9.50825 0 9.50825 -0 9.50825 0 9.50825 -0 9.50825 0 9.50825 -0 9.50825 0 9.50825 -0 9.50825 0 9.50825 -0 9.50825 0 9.50825 -0 
9.58845 0.0 9.58845 -0 9.58845 0 9.58845 -0 9.58845 0 9.58845 -0 9.58845 0 9.58845 -0 9.58845 0 9.58845 -0 9.58845 0 9.58845 -0 9.58845 0 9.58845 -0 
9.66865 0.0 9.66865 -0 9.66865 0 9.66865 -0 9.66865 0 9.66865 -0 9.66865 0 9.66865 -0 9.66865 0 9.66865 -0 9.66865 0 9.66865 -0 9.66865 0 9.66865 -0 
9.74875 0.0 9.74875 -0 9.74875 0 9.74875 -0 9.74875 0 9.74875 -0 9.74875 0 9.74875 -0 9.74875 0 9.74875 -0 9.74875 0 9.74875 -0 9.74875 0 9.74875 -0 
9.82895 0.0 9.82895 -0 9.82895 0 9.82895 -0 9.82895 0 9.82895 -0 9.82895 0 9.82895 -0 9.82895 0 9.82895 -0 9.82895 0 9.82895 -0 9.82895 0 9.82895 -0 
9.90905 0.0 9.90905 -0 9.90905 0 9.90905 -0 9.90905 0 9.90905 -0 9.90905 0 9.90905 -0 9.90905 0 9.90905 -0 9.90905 0 9.90905 -0 9.90905 0 9.90905 -0 
9.98925 0.0 9.98925 -0 9.98925 0 9.98925 -0 9.98925 0 9.98925 -0 9.98925 0 9.98925 -0 9.98925 0 9.98925 -0 9.98925 0 9.98925 -0 9.98925 0 9.98925 -0 
10.0695 0.0 10.0695 -0 10.0695 0 10.0695 -0 10.0695 0 10.0695 -0 10.0695 0 10.0695 -0 10.0695 0 10.0695 -0 10.0695 0 10.0695 -0 10.0695 0 10.0695 -0 
10.1496 0.0 10.1496 -0 10.1496 0 10.1496 -0 10.1496 0 10.1496 -0 10.1496 0 10.1496 -0 10.1496 0 10.1496 -0 10.1496 0 10.1496 -0 10.1496 0 10.1496 -0 
10.2298 0.0 10.2298 -0 10.2298 0 10.2298 -0 10.2298 0 10.2298 -0 10.2298 0 10.2298 -0 10.2298 0 10.2298 -0 10.2298 0 10.2298 -0 10.2298 0 10.2298 -0 
10.3099 0.0 10.3099 -0 10.3099 0 10.3099 -0 10.3099 0 10.3099 -0 10.3099 0 10.3099 -0 10.3099 0 10.3099 -0 10.3099 0 10.3099 -0 10.3099 0 10.3099 -0 
10.3901 0.0 10.3901 -0 10.3901 0 10.3901 -0 10.3901 0 10.3901 -0 10.3901 0 10.3901 -0 10.3901 0 10.3901 -0 10.3901 0 10.3901 -0 10.3901 0 10.3901 -0 
10.4703 0.0 10.4703 -0 10.4703 0 10.4703 -0 10.4703 0 10.4703 -0 10.4703 0 10.4703 -0 10.4703 0 10.4703 -0 10.4703 0 10.4703 -0 10.4703 0 10.4703 -0 
10.5504 0.0 10.5504 -0 10.5504 0 10.5504 -0 10.5504 0 10.5504 -0 10.5504 0 10.5504 -0 10.5504 0 10.5504 -0 10.5504 0 10.5504 -0 10.5504 0 10.5504 -0 
10.6306 0.0 10.6306 -0 10.6306 0 10.6306 -0 10.6306 0 10.6306 -0 10.6306 0 10.6306 -0 10.6306 0 10.6306 -0 10.6306 0 10.6306 -0 10.6306 0 10.6306 -0 
10.7107 0.0 10.7107 -0 10.7107 0 10.7107 -0 10.7107 0 10.7107 -0 10.7107 0 10.7107 -0 10.7107 0 10.7107 -0 10.7107 0 10.7107 -0 10.7107 0 10.7107 -0 
10.7909 0.0 10.7909 -0 10.7909 0 10.7909 -0 10.7909 0 10.7909 -0 10.7909 0 10.7909 -0 10.7909 0 10.7909 -0 10.7909 0 10.7909 -0 10.7909 0 10.7909 -0 
10.8711 0.0 10.8711 -0 10.8711 0 10.8711 -0 10.8711 0 10.8711 -0 10.8711 0 10.8711 -0 10.8711 0 10.8711 -0 10.8711 0 10.8711 -0 10.8711 0 10.8711 -0 
10.9512 0.0 10.9512 -0 10.9512 0 10.9512 -0 10.9512 0 10.9512 -0 10.9512 0 10.9512 -0 10.9512 0 10.9512 -0 10.9512 0 10.9512 -0 10.9512 0 10.9512 -0 
11.0314 0.0 11.0314 -0 11.0314 0 11.0314 -0 11.0314 0 11.0314 -0 11.0314 0 11.0314 -0 11.0314 0 11.0314 -0 11.0314 0 11.0314 -0 11.0314 0 11.0314 -0 
11.1115 0.0 11.1115 -0 11.1115 0 11.1115 -0 11.1115 0 11.1115 -0 11.1115 0 11.1115 -0 11.1115 0 11.1115 -0 11.1115 0 11.1115 -0 11.1115 0 11.1115 -0 
11.1917 0.0 11.1917 -0 11.1917 0 11.1917 -0 11.1917 0 11.1917 -0 11.1917 0 11.1917 -0 11.1917 0 11.1917 -0 11.1917 0 11.1917 -0 11.1917 0 11.1917 -0 
11.2719 0.0 11.2719 -0 11.2719 0 11.2719 -0 11.2719 0 11.2719 -0 11.2719 0 11.2719 -0 11.2719 0 11.2719 -0 11.2719 0 11.2719 -0 11.2719 0 11.2719 -0 
11.352 0.0 11.352 -0 11.352 0 11.352 -0 11.352 0 11.352 -0 11.352 0 11.352 -0 11.352 0 11.352 -0 11.352 0 11.352 -0 11.352 0 11.352 -0 
11.4322 0.0 11.4322 -0 11.4322 0 11.4322 -0 11.4322 0 11.4322 -0 11.4322 0 11.4322 -0 11.4322 0 11.4322 -0 11.4322 0 11.4322 -0 11.4322 0 11.4322 -0 
11.5123 0.0 11.5123 -0 11.5123 0 11.5123 -0 11.5123 0 11.5123 -0 11.5123 0 11.5123 -0 11.5123 0 11.5123 -0 11.5123 0 11.5123 -0 11.5123 0 11.5123 -0 
11.5925 0.0 11.5925 -0 11.5925 0 11.5925 -0 11.5925 0 11.5925 -0 11.5925 0 11.5925 -0 11.5925 0 11.5925 -0 11.5925 0 11.5925 -0 11.5925 0 11.5925 -0 
11.6727 0.0 11.6727 -0 11.6727 0 11.6727 -0 11.6727 0 11.6727 -0 11.6727 0 11.6727 -0 11.6727 0 11.6727 -0 11.6727 0 11.6727 -0 11.6727 0 11.6727 -0 
11.7528 0.0 11.7528 -0 11.7528 0 11.7528 -0 11.7528 0 11.7528 -0 11.7528 0 11.7528 -0 11.7528 0 11.7528 -0 11.7528 0 11.7528 -0 11.7528 0 11.7528 -0 
11.833 0.0 11.833 -0 11.833 0 11.833 -0 11.833 0 11.833 -0 11.833 0 11.833 -0 11.833 0 11.833 -0 11.833 0 11.833 -0 11.833 0 11.833 -0 
11.9131 0.0 11.9131 -0 11.9131 0 11.9131 -0 11.9131 0 11.9131 -0 11.9131 0 11.9131 -0 11.9131 0 11.9131 -0 11.9131 0 11.9131 -0 11.9131 0 11.9131 -0 
11.9933 0.0 11.9933 -0 11.9933 0 11.9933 -0 11.9933 0 11.9933 -0 11.9933 0 11.9933 -0 11.9933 0 11.9933 -0 11.9933 0 11.9933 -0 11.9933 0 11.9933 -0 
12.0735 0.0 12.0735 -0 12.0735 0 12.0735 -0 12.0735 0 12.0735 -0 12.0735 0 12.0735 -0 12.0735 0 12.0735 -0 12.0735 0 12.0735 -0 12.0735 0 12.0735 -0 
12.1536 0.0 12.1536 -0 12.1536 0 12.1536 -0 12.1536 0 12.1536 -0 12.1536 0 12.1536 -0 12.1536 0 12.1536 -0 12.1536 0 12.1536 -0 12.1536 0 12.1536 -0 
12.2338 0.0 12.2338 -0 12.2338 0 12.2338 -0 12.2338 0 12.2338 -0 12.2338 0 12.2338 -0 12.2338 0 12.2338 -0 12.2338 0 12.2338 -0 12.2338 0 12.2338 -0 
12.3139 0.0 12.3139 -0 12.3139 0 12.3139 -0 12.3139 0 12.3139 -0 12.3139 0 12.3139 -0 12.3139 0 12.3139 -0 12.3139 0 12.3139 -0 12.3139 0 12.3139 -0 
12.3941 0.0 12.3941 -0 12.3941 0 12.3941 -0 12.3941 0 12.3941 -0 12.3941 0 12.3941 -0 12.3941 0 12.3941 -0 12.3941 0 12.3941 -0 12.3941 0 12.3941 -0 
12.4743 0.0 12.4743 -0 12.4743 0 12.4743 -0 12.4743 0 12.4743 -0 12.4743 0 12.4743 -0 12.4743 0 12.4743 -0 12.4743 0 12.4743 -0 12.4743 0 12.4743 -0 
12.5544 0.0 12.5544 -0 12.5544 0 12.5544 -0 12.5544 0 12.5544 -0 12.5544 0 12.5544 -0 12.5544 0 12.5544 -0 12.5544 0 12.5544 -0 12.5544 0 12.5544 -0 
12.6346 0.0 12.6346 -0 12.6346 0 12.6346 -0 12.6346 0 12.6346 -0 12.6346 0 12.6346 -0 12.6346 0 12.6346 -0 12.6346 0 12.6346 -0 12.6346 0 12.6346 -0 
12.7147 0.0 12.7147 -0 12.7147 0 12.7147 -0 12.7147 0 12.7147 -0 12.7147 0 12.7147 -0 12.7147 0 12.7147 -0 12.7147 0 12.7147 -0 12.7147 0 12.7147 -0 
12.7949 0.0 12.7949 -0 12.7949 0 12.7949 -0 12.7949 0 12.7949 -0 12.7949 0 12.7949 -0 12.7949 0 12.7949 -0 12.7949 0 12.7949 -0 12.7949 0 12.7949 -0 
12.8751 0.0 12.8751 -0 12.8751 0 12.8751 -0 12.8751 0 12.8751 -0 12.8751 0 12.8751 -0 12.8751 0 12.8751 -0 12.8751 0 12.8751 -0 12.8751 0 12.8751 -0 
12.9552 0.0 12.9552 -0 12.9552 0 12.9552 -0 12.9552 0 12.9552 -0 12.9552 0 12.9552 -0 12.9552 0 12.9552 -0 12.9552 0 12.9552 -0 12.9552 0 12.9552 -0 
13.0354 0.0 13.0354 -0 13.0354 0 13.0354 -0 13.0354 0 13.0354 -0 13.0354 0 13.0354 -0 13.0354 0 13.0354 -0 13.0354 0 13.0354 -0 13.0354 0 13.0354 -0 
13.1156 0.0 13.1156 -0 13.1156 0 13.1156 -0 13.1156 0 13.1156 -0 13.1156 0 13.1156 -0 13.1156 0 13.1156 -0 13.1156 0 13.1156 -0 13.1156 0 13.1156 -0 
13.1957 0.0 13.1957 -0 13.1957 0 13.1957 -0 13.1957 0 13.1957 -0 13.1957 0 13.1957 -0 13.1957 0 13.1957 -0 13.1957 0 13.1957 -0 13.1957 0 13.1957 -0 
13.2759 0.0 13.2759 -0 13.2759 0 13.2759 -0 13.2759 0 13.2759 -0 13.2759 0 13.2759 -0 13.2759 0 13.2759 -0 13.2759 0 13.2759 -0 13.2759 0 13.2759 -0 
13.356 0.0 13.356 -0 13.356 0 13.356 -0 13.356 0 13.356 -0 13.356 0 13.356 -0 13.356 0 13.356 -0 13.356 0 13.356 -0 13.356 0 13.356 -0 
13.4362 0.0 13.4362 -0 13.4362 0 13.4362 -0 13.4362 0 13.4362 -0 13.4362 0 13.4362 -0 13.4362 0 13.4362 -0 13.4362 0 13.4362 -0 13.4362 0 13.4362 -0 
13.5164 0.0 13.5164 -0 13.5164 0 13.5164 -0 13.5164 0 13.5164 -0 13.5164 0 13.5164 -0 13.5164 0 13.5164 -0 13.5164 0 13.5164 -0 13.5164 0 13.5164 -0 
13.5965 0.0 13.5965 -0 13.5965 0 13.5965 -0 13.5965 0 13.5965 -0 13.5965 0 13.5965 -0 13.5965 0 13.5965 -0 13.5965 0 13.5965 -0 13.5965 0 13.5965 -0 
13.6767 0.0 13.6767 -0 13.6767 0 13.6767 -0 13.6767 0 13.6767 -0 13.6767 0 13.6767 -0 13.6767 0 13.6767 -0 13.6767 0 13.6767 -0 13.6767 0 13.6767 -0 
13.7568 0.0 13.7568 -0 13.7568 0 13.7568 -0 13.7568 0 13.7568 -0 13.7568 0 13.7568 -0 13.7568 0 13.7568 -0 13.7568 0 13.7568 -0 13.7568 0 13.7568 -0 
13.837 0.0 13.837 -0 13.837 0 13.837 -0 13.837 0 13.837 -0 13.837 0 13.837 -0 13.837 0 13.837 -0 13.837 0 13.837 -0 13.837 0 13.837 -0 
13.9172 0.0 13.9172 -0 13.9172 0 13.9172 -0 13.9172 0 13.9172 -0 13.9172 0 13.9172 -0 13.9172 0 13.9172 -0 13.9172 0 13.9172 -0 13.9172 0 13.9172 -0 
13.9973 0.0 13.9973 -0 13.9973 0 13.9973 -0 13.9973 0 13.9973 -0 13.9973 0 13.9973 -0 13.9973 0 13.9973 -0 13.9973 0 13.9973 -0 13.9973 0 13.9973 -0 
14.0775 0.0 14.0775 -0 14.0775 0 14.0775 -0 14.0775 0 14.0775 -0 14.0775 0 14.0775 -0 14.0775 0 14.0775 -0 14.0775 0 14.0775 -0 14.0775 0 14.0775 -0 
14.1576 0.0 14.1576 -0 14.1576 0 14.1576 -0 14.1576 0 14.1576 -0 14.1576 0 14.1576 -0 14.1576 0 14.1576 -0 14.1576 0 14.1576 -0 14.1576 0 14.1576 -0 
14.2378 0.0 14.2378 -0 14.2378 0 14.2378 -0 14.2378 0 14.2378 -0 14.2378 0 14.2378 -0 14.2378 0 14.2378 -0 14.2378 0 14.2378 -0 14.2378 0 14.2378 -0 
14.318 0.0 14.318 -0 14.318 0 14.318 -0 14.318 0 14.318 -0 14.318 0 14.318 -0 14.318 0 14.318 -0 14.318 0 14.318 -0 14.318 0 14.318 -0 
14.3981 0.0 14.3981 -0 14.3981 0 14.3981 -0 14.3981 0 14.3981 -0 14.3981 0 14.3981 -0 14.3981 0 14.3981 -0 14.3981 0 14.3981 -0 14.3981 0 14.3981 -0 
14.4783 0.0 14.4783 -0 14.4783 0 14.4783 -0 14.4783 0 14.4783 -0 14.4783 0 14.4783 -0 14.4783 0 14.4783 -0 14.4783 0 14.4783 -0 14.4783 0 14.4783 -0 
14.5584 0.0 14.5584 -0 14.5584 0 14.5584 -0 14.5584 0 14.5584 -0 14.5584 0 14.5584 -0 14.5584 0 14.5584 -0 14.5584 0 14.5584 -0 14.5584 0 14.5584 -0 
14.6386 0.0 14.6386 -0 14.6386 0 14.6386 -0 14.6386 0 14.6386 -0 14.6386 0 14.6386 -0 14.6386 0 14.6386 -0 14.6386 0 14.6386 -0 14.6386 0 14.6386 -0 
14.7188 0.0 14.7188 -0 14.7188 0 14.7188 -0 14.7188 0 14.7188 -0 14.7188 0 14.7188 -0 14.7188 0 14.7188 -0 14.7188 0 14.7188 -0 14.7188 0 14.7188 -0 
14.7989 0.0 14.7989 -0 14.7989 0 14.7989 -0 14.7989 0 14.7989 -0 14.7989 0 14.7989 -0 14.7989 0 14.7989 -0 14.7989 0 14.7989 -0 14.7989 0 14.7989 -0 
14.8791 0.0 14.8791 -0 14.8791 0 14.8791 -0 14.8791 0 14.8791 -0 14.8791 0 14.8791 -0 14.8791 0 14.8791 -0 14.8791 0 14.8791 -0 14.8791 0 14.8791 -0 
14.9592 0.0 14.9592 -0 14.9592 0 14.9592 -0 14.9592 0 14.9592 -0 14.9592 0 14.9592 -0 14.9592 0 14.9592 -0 14.9592 0 14.9592 -0 14.9592 0 14.9592 -0 
15.0394 0.0 15.0394 -0 15.0394 0 15.0394 -0 15.0394 0 15.0394 -0 15.0394 0 15.0394 -0 15.0394 0 15.0394 -0 15.0394 0 15.0394 -0 15.0394 0 15.0394 -0 
15.1196 0.0 15.1196 -0 15.1196 0 15.1196 -0 15.1196 0 15.1196 -0 15.1196 0 15.1196 -0 15.1196 0 15.1196 -0 15.1196 0 15.1196 -0 15.1196 0 15.1196 -0 
15.1997 0.0 15.1997 -0 15.1997 0 15.1997 -0 15.1997 0 15.1997 -0 15.1997 0 15.1997 -0 15.1997 0 15.1997 -0 15.1997 0 15.1997 -0 15.1997 0 15.1997 -0 
15.2799 0.0 15.2799 -0 15.2799 0 15.2799 -0 15.2799 0 15.2799 -0 15.2799 0 15.2799 -0 15.2799 0 15.2799 -0 15.2799 0 15.2799 -0 15.2799 0 15.2799 -0 
15.36 0.0 15.36 -0 15.36 0 15.36 -0 15.36 0 15.36 -0 15.36 0 15.36 -0 15.36 0 15.36 -0 15.36 0 15.36 -0 15.36 0 15.36 -0 
15.4402 0.0 15.4402 -0 15.4402 0 15.4402 -0 15.4402 0 15.4402 -0 15.4402 0 15.4402 -0 15.4402 0 15.4402 -0 15.4402 0 15.4402 -0 15.4402 0 15.4402 -0 
