-23.6538 24.95 -23.6538 -24.95 -23.6538 0 -23.6538 -0 -23.6538 0 -23.6538 -0 -23.6538 0 -23.6538 -0 -23.6538 0 -23.6538 -0 -23.6538 0 -23.6538 -0 -23.6538 0 -23.6538 -0 
-23.5736 0.0 -23.5736 -0 -23.5736 0 -23.5736 -0 -23.5736 0 -23.5736 -0 -23.5736 0 -23.5736 -0 -23.5736 0 -23.5736 -0 -23.5736 0 -23.5736 -0 -23.5736 0 -23.5736 -0 
-23.4935 0.0 -23.4935 -0 -23.4935 0 -23.4935 -0 -23.4935 0 -23.4935 -0 -23.4935 0 -23.4935 -0 -23.4935 0 -23.4935 -0 -23.4935 0 -23.4935 -0 -23.4935 0 -23.4935 -0 
-23.4133 0.0 -23.4133 -0 -23.4133 0 -23.4133 -0 -23.4133 0 -23.4133 -0 -23.4133 0 -23.4133 -0 -23.4133 0 -23.4133 -0 -23.4133 0 -23.4133 -0 -23.4133 0 -23.4133 -0 
-23.3332 0.0 -23.3332 -0 -23.3332 0 -23.3332 -0 -23.3332 0 -23.3332 -0 -23.3332 0 -23.3332 -0 -23.3332 0 -23.3332 -0 -23.3332 0 -23.3332 -0 -23.3332 0 -23.3332 -0 
-23.253 0.0 -23.253 -0 -23.253 0 -23.253 -0 -23.253 0 -23.253 -0 -23.253 0 -23.253 -0 -23.253 0 -23.253 -0 -23.253 0 -23.253 -0 -23.253 0 -23.253 -0 
-23.1728 0.0 -23.1728 -0 -23.1728 0 -23.1728 -0 -23.1728 0 -23.1728 -0 -23.1728 0 -23.1728 -0 -23.1728 0 -23.1728 -0 -23.1728 0 -23.1728 -0 -23.1728 0 -23.1728 -0 
-23.0927 0.0 -23.0927 -0 -23.0927 0 -23.0927 -0 -23.0927 0 -23.0927 -0 -23.0927 0 -23.0927 -0 -23.0927 0 -23.0927 -0 -23.0927 0 -23.0927 -0 -23.0927 0 -23.0927 -0 
-23.0125 0.0 -23.0125 -0 -23.0125 0 -23.0125 -0 -23.0125 0 -23.0125 -0 -23.0125 0 -23.0125 -0 -23.0125 0 -23.0125 -0 -23.0125 0 -23.0125 -0 -23.0125 0 -23.0125 -0 
-22.9324 0.0 -22.9324 -0 -22.9324 0 -22.9324 -0 -22.9324 0 -22.9324 -0 -22.9324 0 -22.9324 -0 -22.9324 0 -22.9324 -0 -22.9324 0 -22.9324 -0 -22.9324 0 -22.9324 -0 
-22.8522 0.0 -22.8522 -0 -22.8522 0 -22.8522 -0 -22.8522 0 -22.8522 -0 -22.8522 0 -22.8522 -0 -22.8522 0 -22.8522 -0 -22.8522 0 -22.8522 -0 -22.8522 0 -22.8522 -0 
-22.772 0.0 -22.772 -0 -22.772 0 -22.772 -0 -22.772 0 -22.772 -0 -22.772 0 -22.772 -0 -22.772 0 -22.772 -0 -22.772 0 -22.772 -0 -22.772 0 -22.772 -0 
-22.6919 0.0 -22.6919 -0 -22.6919 0 -22.6919 -0 -22.6919 0 -22.6919 -0 -22.6919 0 -22.6919 -0 -22.6919 0 -22.6919 -0 -22.6919 0 -22.6919 -0 -22.6919 0 -22.6919 -0 
-22.6117 0.0 -22.6117 -0 -22.6117 0 -22.6117 -0 -22.6117 0 -22.6117 -0 -22.6117 0 -22.6117 -0 -22.6117 0 -22.6117 -0 -22.6117 0 -22.6117 -0 -22.6117 0 -22.6117 -0 
-22.5316 0.0 -22.5316 -0 -22.5316 0 -22.5316 -0 -22.5316 0 -22.5316 -0 -22.5316 0 -22.5316 -0 -22.5316 0 -22.5316 -0 -22.5316 0 -22.5316 -0 -22.5316 0 -22.5316 -0 
-22.4514 0.0 -22.4514 -0 -22.4514 0 -22.4514 -0 -22.4514 0 -22.4514 -0 -22.4514 0 -22.4514 -0 -22.4514 0 -22.4514 -0 -22.4514 0 -22.4514 -0 -22.4514 0 -22.4514 -0 
-22.3712 0.0 -22.3712 -0 -22.3712 0 -22.3712 -0 -22.3712 0 -22.3712 -0 -22.3712 0 -22.3712 -0 -22.3712 0 -22.3712 -0 -22.3712 0 -22.3712 -0 -22.3712 0 -22.3712 -0 
-22.2911 0.0 -22.2911 -0 -22.2911 0 -22.2911 -0 -22.2911 0 -22.2911 -0 -22.2911 0 -22.2911 -0 -22.2911 0 -22.2911 -0 -22.2911 0 -22.2911 -0 -22.2911 0 -22.2911 -0 
-22.2109 0.0 -22.2109 -0 -22.2109 0 -22.2109 -0 -22.2109 0 -22.2109 -0 -22.2109 0 -22.2109 -0 -22.2109 0 -22.2109 -0 -22.2109 0 -22.2109 -0 -22.2109 0 -22.2109 -0 
-22.1308 0.0 -22.1308 -0 -22.1308 0 -22.1308 -0 -22.1308 0 -22.1308 -0 -22.1308 0 -22.1308 -0 -22.1308 0 -22.1308 -0 -22.1308 0 -22.1308 -0 -22.1308 0 -22.1308 -0 
-22.0506 0.0 -22.0506 -0 -22.0506 0 -22.0506 -0 -22.0506 0 -22.0506 -0 -22.0506 0 -22.0506 -0 -22.0506 0 -22.0506 -0 -22.0506 0 -22.0506 -0 -22.0506 0 -22.0506 -0 
-21.9704 0.0 -21.9704 -0 -21.9704 0 -21.9704 -0 -21.9704 0 -21.9704 -0 -21.9704 0 -21.9704 -0 -21.9704 0 -21.9704 -0 -21.9704 0 -21.9704 -0 -21.9704 0 -21.9704 -0 
-21.8903 0.0 -21.8903 -0 -21.8903 0 -21.8903 -0 -21.8903 0 -21.8903 -0 -21.8903 0 -21.8903 -0 -21.8903 0 -21.8903 -0 -21.8903 0 -21.8903 -0 -21.8903 0 -21.8903 -0 
-21.8101 0.0 -21.8101 -0 -21.8101 0 -21.8101 -0 -21.8101 0 -21.8101 -0 -21.8101 0 -21.8101 -0 -21.8101 0 -21.8101 -0 -21.8101 0 -21.8101 -0 -21.8101 0 -21.8101 -0 
-21.73 0.0 -21.73 -0 -21.73 0 -21.73 -0 -21.73 0 -21.73 -0 -21.73 0 -21.73 -0 -21.73 0 -21.73 -0 -21.73 0 -21.73 -0 -21.73 0 -21.73 -0 
-21.6498 0.0 -21.6498 -0 -21.6498 0 -21.6498 -0 -21.6498 0 -21.6498 -0 -21.6498 0 -21.6498 -0 -21.6498 0 -21.6498 -0 -21.6498 0 -21.6498 -0 -21.6498 0 -21.6498 -0 
-21.5696 0.0 -21.5696 -0 -21.5696 0 -21.5696 -0 -21.5696 0 -21.5696 -0 -21.5696 0 -21.5696 -0 -21.5696 0 -21.5696 -0 -21.5696 0 -21.5696 -0 -21.5696 0 -21.5696 -0 
-21.4895 0.0 -21.4895 -0 -21.4895 0 -21.4895 -0 -21.4895 0 -21.4895 -0 -21.4895 0 -21.4895 -0 -21.4895 0 -21.4895 -0 -21.4895 0 -21.4895 -0 -21.4895 0 -21.4895 -0 
-21.4093 0.0 -21.4093 -0 -21.4093 0 -21.4093 -0 -21.4093 0 -21.4093 -0 -21.4093 0 -21.4093 -0 -21.4093 0 -21.4093 -0 -21.4093 0 -21.4093 -0 -21.4093 0 -21.4093 -0 
-21.3292 0.0 -21.3292 -0 -21.3292 0 -21.3292 -0 -21.3292 0 -21.3292 -0 -21.3292 0 -21.3292 -0 -21.3292 0 -21.3292 -0 -21.3292 0 -21.3292 -0 -21.3292 0 -21.3292 -0 
-21.249 0.0 -21.249 -0 -21.249 0 -21.249 -0 -21.249 0 -21.249 -0 -21.249 0 -21.249 -0 -21.249 0 -21.249 -0 -21.249 0 -21.249 -0 -21.249 0 -21.249 -0 
-21.1688 0.0 -21.1688 -0 -21.1688 0 -21.1688 -0 -21.1688 0 -21.1688 -0 -21.1688 0 -21.1688 -0 -21.1688 0 -21.1688 -0 -21.1688 0 -21.1688 -0 -21.1688 0 -21.1688 -0 
-21.0887 0.0 -21.0887 -0 -21.0887 0 -21.0887 -0 -21.0887 0 -21.0887 -0 -21.0887 0 -21.0887 -0 -21.0887 0 -21.0887 -0 -21.0887 0 -21.0887 -0 -21.0887 0 -21.0887 -0 
-21.0085 0.0 -21.0085 -0 -21.0085 0 -21.0085 -0 -21.0085 0 -21.0085 -0 -21.0085 0 -21.0085 -0 -21.0085 0 -21.0085 -0 -21.0085 0 -21.0085 -0 -21.0085 0 -21.0085 -0 
-20.9283 0.0 -20.9283 -0 -20.9283 0 -20.9283 -0 -20.9283 0 -20.9283 -0 -20.9283 0 -20.9283 -0 -20.9283 0 -20.9283 -0 -20.9283 0 -20.9283 -0 -20.9283 0 -20.9283 -0 
-20.8482 0.0 -20.8482 -0 -20.8482 0 -20.8482 -0 -20.8482 0 -20.8482 -0 -20.8482 0 -20.8482 -0 -20.8482 0 -20.8482 -0 -20.8482 0 -20.8482 -0 -20.8482 0 -20.8482 -0 
-20.768 0.0 -20.768 -0 -20.768 0 -20.768 -0 -20.768 0 -20.768 -0 -20.768 0 -20.768 -0 -20.768 0 -20.768 -0 -20.768 0 -20.768 -0 -20.768 0 -20.768 -0 
-20.6879 0.0 -20.6879 -0 -20.6879 0 -20.6879 -0 -20.6879 0 -20.6879 -0 -20.6879 0 -20.6879 -0 -20.6879 0 -20.6879 -0 -20.6879 0 -20.6879 -0 -20.6879 0 -20.6879 -0 
-20.6077 0.0 -20.6077 -0 -20.6077 0 -20.6077 -0 -20.6077 0 -20.6077 -0 -20.6077 0 -20.6077 -0 -20.6077 0 -20.6077 -0 -20.6077 0 -20.6077 -0 -20.6077 0 -20.6077 -0 
-20.5275 0.0 -20.5275 -0 -20.5275 0 -20.5275 -0 -20.5275 0 -20.5275 -0 -20.5275 0 -20.5275 -0 -20.5275 0 -20.5275 -0 -20.5275 0 -20.5275 -0 -20.5275 0 -20.5275 -0 
-20.4474 0.0 -20.4474 -0 -20.4474 0 -20.4474 -0 -20.4474 0 -20.4474 -0 -20.4474 0 -20.4474 -0 -20.4474 0 -20.4474 -0 -20.4474 0 -20.4474 -0 -20.4474 0 -20.4474 -0 
-20.3672 0.0 -20.3672 -0 -20.3672 0 -20.3672 -0 -20.3672 0 -20.3672 -0 -20.3672 0 -20.3672 -0 -20.3672 0 -20.3672 -0 -20.3672 0 -20.3672 -0 -20.3672 0 -20.3672 -0 
-20.2871 0.0 -20.2871 -0 -20.2871 0 -20.2871 -0 -20.2871 0 -20.2871 -0 -20.2871 0 -20.2871 -0 -20.2871 0 -20.2871 -0 -20.2871 0 -20.2871 -0 -20.2871 0 -20.2871 -0 
-20.2069 0.0003 -20.2069 -0 -20.2069 0 -20.2069 -0 -20.2069 0 -20.2069 -0 -20.2069 0 -20.2069 -0 -20.2069 0 -20.2069 -0 -20.2069 0 -20.2069 -0 -20.2069 0 -20.2069 -0 
-20.1267 0.0024 -20.1267 -0 -20.1267 0 -20.1267 -0 -20.1267 0 -20.1267 -0 -20.1267 0 -20.1267 -0 -20.1267 0 -20.1267 -0 -20.1267 0 -20.1267 -0 -20.1267 0 -20.1267 -0 
-20.0466 0.0129 -20.0466 -0.0001 -20.0466 0 -20.0466 -0 -20.0466 0 -20.0466 -0 -20.0466 0 -20.0466 -0 -20.0466 0 -20.0466 -0 -20.0466 0 -20.0466 -0 -20.0466 0 -20.0466 -0 
-19.9664 0.0524 -19.9664 -0.0012 -19.9664 0 -19.9664 -0 -19.9664 0 -19.9664 -0 -19.9664 0 -19.9664 -0 -19.9664 0 -19.9664 -0 -19.9664 0 -19.9664 -0 -19.9664 0 -19.9664 -0 
-19.8863 0.1622 -19.8863 -0.0071 -19.8863 0 -19.8863 -0 -19.8863 0 -19.8863 -0 -19.8863 0 -19.8863 -0 -19.8863 0 -19.8863 -0 -19.8863 0 -19.8863 -0 -19.8863 0 -19.8863 -0 
-19.8061 0.39 -19.8061 -0.0327 -19.8061 0 -19.8061 -0 -19.8061 0 -19.8061 -0 -19.8061 0 -19.8061 -0 -19.8061 0 -19.8061 -0 -19.8061 0 -19.8061 -0 -19.8061 0 -19.8061 -0 
-19.7259 0.7472 -19.7259 -0.1142 -19.7259 0 -19.7259 -0 -19.7259 0 -19.7259 -0 -19.7259 0 -19.7259 -0 -19.7259 0 -19.7259 -0 -19.7259 0 -19.7259 -0 -19.7259 0 -19.7259 -0 
-19.6458 1.1849 -19.6458 -0.3076 -19.6458 0 -19.6458 -0 -19.6458 0 -19.6458 -0 -19.6458 0 -19.6458 -0 -19.6458 0 -19.6458 -0 -19.6458 0 -19.6458 -0 -19.6458 0 -19.6458 -0 
-19.5656 1.6321 -19.5656 -0.6546 -19.5656 0 -19.5656 -0 -19.5656 0 -19.5656 -0 -19.5656 0 -19.5656 -0 -19.5656 0 -19.5656 -0 -19.5656 0 -19.5656 -0 -19.5656 0 -19.5656 -0 
-19.4855 2.0466 -19.4855 -1.1364 -19.4855 0 -19.4855 -0 -19.4855 0 -19.4855 -0 -19.4855 0 -19.4855 -0 -19.4855 0 -19.4855 -0 -19.4855 0 -19.4855 -0 -19.4855 0 -19.4855 -0 
-19.4053 2.4043 -19.4053 -1.6721 -19.4053 0 -19.4053 -0 -19.4053 0 -19.4053 -0 -19.4053 0 -19.4053 -0 -19.4053 0 -19.4053 -0 -19.4053 0 -19.4053 -0 -19.4053 0 -19.4053 -0 
-19.3251 2.6832 -19.3251 -2.1624 -19.3251 0 -19.3251 -0 -19.3251 0 -19.3251 -0 -19.3251 0 -19.3251 -0 -19.3251 0 -19.3251 -0 -19.3251 0 -19.3251 -0 -19.3251 0 -19.3251 -0 
-19.245 2.916 -19.245 -2.5223 -19.245 0 -19.245 -0 -19.245 0 -19.245 -0 -19.245 0 -19.245 -0 -19.245 0 -19.245 -0 -19.245 0 -19.245 -0 -19.245 0 -19.245 -0 
-19.1648 3.2193 -19.1648 -2.7197 -19.1648 0 -19.1648 -0 -19.1648 0 -19.1648 -0 -19.1648 0 -19.1648 -0 -19.1648 0 -19.1648 -0 -19.1648 0 -19.1648 -0 -19.1648 0 -19.1648 -0 
-19.0847 3.719 -19.0847 -2.8358 -19.0847 0.0001 -19.0847 -0 -19.0847 0 -19.0847 -0 -19.0847 0 -19.0847 -0 -19.0847 0 -19.0847 -0 -19.0847 0.0001 -19.0847 -0 -19.0847 0 -19.0847 -0 
-19.0045 4.4944 -19.0045 -3.0391 -19.0045 0.0001 -19.0045 -0 -19.0045 0 -19.0045 -0 -19.0045 0 -19.0045 -0 -19.0045 0 -19.0045 -0 -19.0045 0.0001 -19.0045 -0 -19.0045 0 -19.0045 -0 
-18.9243 5.6256 -18.9243 -3.447 -18.9243 0.0003 -18.9243 -0 -18.9243 0 -18.9243 -0 -18.9243 0 -18.9243 -0 -18.9243 0 -18.9243 -0 -18.9243 0.0003 -18.9243 -0 -18.9243 0 -18.9243 -0 
-18.8442 7.2056 -18.8442 -4.0627 -18.8442 0.0005 -18.8442 -0 -18.8442 0 -18.8442 -0 -18.8442 0 -18.8442 -0 -18.8442 0 -18.8442 -0 -18.8442 0.0005 -18.8442 -0 -18.8442 0 -18.8442 -0 
-18.764 9.2418 -18.764 -4.8896 -18.764 0.0008 -18.764 -0 -18.764 0 -18.764 -0 -18.764 0 -18.764 -0 -18.764 0 -18.764 -0 -18.764 0.0008 -18.764 -0 -18.764 0 -18.764 -0 
-18.6839 11.5268 -18.6839 -6.0281 -18.6839 0.001 -18.6839 -0.0001 -18.6839 0 -18.6839 -0 -18.6839 0 -18.6839 -0 -18.6839 0 -18.6839 -0 -18.6839 0.001 -18.6839 -0.0001 -18.6839 0 -18.6839 -0 
-18.6037 13.6079 -18.6037 -7.5787 -18.6037 0.0013 -18.6037 -0.0001 -18.6037 0 -18.6037 -0 -18.6037 0.0001 -18.6037 -0 -18.6037 0.0001 -18.6037 -0 -18.6037 0.0011 -18.6037 -0.0001 -18.6037 0 -18.6037 -0 
-18.5235 14.9711 -18.5235 -9.4874 -18.5235 0.0017 -18.5235 -0.0002 -18.5235 0.0001 -18.5235 -0 -18.5235 0.0002 -18.5235 -0 -18.5235 0.0002 -18.5235 -0 -18.5235 0.0012 -18.5235 -0.0002 -18.5235 0 -18.5235 -0 
-18.4434 15.3129 -18.4434 -11.5366 -18.4434 0.002 -18.4434 -0.0003 -18.4434 0.0001 -18.4434 -0 -18.4434 0.0003 -18.4434 -0 -18.4434 0.0004 -18.4434 -0 -18.4434 0.0011 -18.4434 -0.0003 -18.4434 0.0001 -18.4434 -0 
-18.3632 14.7049 -18.3632 -13.3384 -18.3632 0.0022 -18.3632 -0.0005 -18.3632 0.0002 -18.3632 -0 -18.3632 0.0004 -18.3632 -0 -18.3632 0.0006 -18.3632 -0.0001 -18.3632 0.0009 -18.3632 -0.0004 -18.3632 0.0001 -18.3632 -0 
-18.2831 13.6733 -18.2831 -14.1846 -18.2831 0.0029 -18.2831 -0.0006 -18.2831 0.0003 -18.2831 -0 -18.2831 0.0006 -18.2831 -0.0001 -18.2831 0.001 -18.2831 -0.0001 -18.2831 0.0008 -18.2831 -0.0004 -18.2831 0.0002 -18.2831 -0 
-18.2029 13.0679 -18.2029 -13.3265 -18.2029 0.0046 -18.2029 -0.0007 -18.2029 0.0006 -18.2029 -0 -18.2029 0.001 -18.2029 -0.0001 -18.2029 0.0018 -18.2029 -0.0002 -18.2029 0.0009 -18.2029 -0.0004 -18.2029 0.0003 -18.2029 -0 
-18.1227 13.506 -18.1227 -10.9584 -18.1227 0.0083 -18.1227 -0.0007 -18.1227 0.0012 -18.1227 -0.0001 -18.1227 0.002 -18.1227 -0.0001 -18.1227 0.0034 -18.1227 -0.0002 -18.1227 0.001 -18.1227 -0.0003 -18.1227 0.0007 -18.1227 -0 
-18.0426 14.863 -18.0426 -8.5682 -18.0426 0.0185 -18.0426 -0.0011 -18.0426 0.0029 -18.0426 -0.0001 -18.0426 0.005 -18.0426 -0.0002 -18.0426 0.0076 -18.0426 -0.0004 -18.0426 0.001 -18.0426 -0.0003 -18.0426 0.002 -18.0426 -0.0001 
-17.9624 16.6335 -17.9624 -7.6936 -17.9624 0.0435 -17.9624 -0.0018 -17.9624 0.0069 -17.9624 -0.0003 -17.9624 0.013 -17.9624 -0.0004 -17.9624 0.0175 -17.9624 -0.0007 -17.9624 0.0009 -17.9624 -0.0002 -17.9624 0.0052 -17.9624 -0.0002 
-17.8823 18.7945 -17.8823 -8.5889 -17.8823 0.0932 -17.8823 -0.0035 -17.8823 0.0145 -17.8823 -0.0006 -17.8823 0.0298 -17.8823 -0.0009 -17.8823 0.0363 -17.8823 -0.0015 -17.8823 0.0007 -17.8823 -0.0002 -17.8823 0.0119 -17.8823 -0.0003 
-17.8021 21.6409 -17.8021 -10.4663 -17.8021 0.1649 -17.8021 -0.0064 -17.8021 0.0247 -17.8021 -0.001 -17.8021 0.0556 -17.8021 -0.0018 -17.8021 0.062 -17.8021 -0.0027 -17.8021 0.0005 -17.8021 -0.0002 -17.8021 0.0221 -17.8021 -0.0007 
-17.7219 24.5921 -17.7219 -12.6058 -17.7219 0.2326 -17.7219 -0.0113 -17.7219 0.0334 -17.7219 -0.0018 -17.7219 0.0821 -17.7219 -0.0034 -17.7219 0.0843 -17.7219 -0.0044 -17.7219 0.0004 -17.7219 -0.0003 -17.7219 0.0324 -17.7219 -0.0014 
-17.6418 26.0966 -17.6418 -14.8158 -17.6418 0.2596 -17.6418 -0.0193 -17.6418 0.0358 -17.6418 -0.0029 -17.6418 0.0952 -17.6418 -0.0064 -17.6418 0.0909 -17.6418 -0.007 -17.6418 0.0003 -17.6418 -0.0003 -17.6418 0.0374 -17.6418 -0.0027 
-17.5616 25.1888 -17.5616 -17.132 -17.5616 0.2319 -17.5616 -0.0314 -17.5616 0.0308 -17.5616 -0.0046 -17.5616 0.0876 -17.5616 -0.011 -17.5616 0.0791 -17.5616 -0.0108 -17.5616 0.0003 -17.5616 -0.0003 -17.5616 0.0341 -17.5616 -0.0047 
-17.4815 22.5112 -17.4815 -19.4744 -17.4815 0.1742 -17.4815 -0.044 -17.4815 0.0225 -17.4815 -0.0064 -17.4815 0.067 -17.4815 -0.0157 -17.4815 0.0589 -17.4815 -0.0148 -17.4815 0.0002 -17.4815 -0.0003 -17.4815 0.0256 -17.4815 -0.0068 
-17.4013 19.5559 -17.4013 -21.5321 -17.4013 0.1219 -17.4013 -0.0509 -17.4013 0.0156 -17.4013 -0.0075 -17.4013 0.0468 -17.4013 -0.0181 -17.4013 0.0419 -17.4013 -0.0171 -17.4013 0.0002 -17.4013 -0.0003 -17.4013 0.0174 -17.4013 -0.0079 
-17.3211 17.3592 -17.3211 -22.8185 -17.3211 0.0873 -17.3211 -0.0477 -17.3211 0.0113 -17.3211 -0.0072 -17.3211 0.033 -17.3211 -0.0167 -17.3211 0.0308 -17.3211 -0.0163 -17.3211 0.0002 -17.3211 -0.0002 -17.3211 0.012 -17.3211 -0.0073 
-17.241 16.051 -17.241 -22.9608 -17.241 0.0617 -17.241 -0.0377 -17.241 0.0081 -17.241 -0.0058 -17.241 0.023 -17.241 -0.0129 -17.241 0.0222 -17.241 -0.0132 -17.241 0.0001 -17.241 -0.0002 -17.241 0.0083 -17.241 -0.0056 
-17.1608 15.1903 -17.1608 -22.2114 -17.1608 0.0386 -17.1608 -0.0284 -17.1608 0.0051 -17.1608 -0.0044 -17.1608 0.0143 -17.1608 -0.0096 -17.1608 0.0139 -17.1608 -0.0102 -17.1608 0.0001 -17.1608 -0.0002 -17.1608 0.0052 -17.1608 -0.004 
-17.0807 14.2363 -17.0807 -21.6286 -17.0807 0.0197 -17.0807 -0.0267 -17.0807 0.0026 -17.0807 -0.004 -17.0807 0.0073 -17.0807 -0.009 -17.0807 0.007 -17.0807 -0.01 -17.0807 0.0001 -17.0807 -0.0001 -17.0807 0.0027 -17.0807 -0.0036 
-17.0005 13.0067 -17.0005 -22.2703 -17.0005 0.0082 -17.0005 -0.0362 -17.0005 0.0011 -17.0005 -0.0052 -17.0005 0.003 -17.0005 -0.0124 -17.0005 0.0029 -17.0005 -0.0138 -17.0005 0 -17.0005 -0.0001 -17.0005 0.0012 -17.0005 -0.0047 
-16.9203 11.7812 -16.9203 -23.9627 -16.9203 0.0029 -16.9203 -0.0558 -16.9203 0.0004 -16.9203 -0.0078 -16.9203 0.0011 -16.9203 -0.0196 -16.9203 0.001 -16.9203 -0.021 -16.9203 0 -16.9203 -0.0001 -16.9203 0.0004 -16.9203 -0.0073 
-16.8402 10.7191 -16.8402 -25.1407 -16.8402 0.0012 -16.8402 -0.0769 -16.8402 0.0002 -16.8402 -0.0104 -16.8402 0.0004 -16.8402 -0.0279 -16.8402 0.0004 -16.8402 -0.0282 -16.8402 0 -16.8402 -0.0001 -16.8402 0.0002 -16.8402 -0.0103 
-16.76 9.4757 -16.76 -24.1292 -16.76 0.0004 -16.76 -0.0856 -16.76 0.0001 -16.76 -0.0113 -16.76 0.0001 -16.76 -0.0319 -16.76 0.0001 -16.76 -0.0305 -16.76 0 -16.76 -0.0001 -16.76 0.0001 -16.76 -0.0118 
-16.6799 7.6601 -16.6799 -20.4664 -16.6799 0.0002 -16.6799 -0.0733 -16.6799 0 -16.6799 -0.0094 -16.6799 0.0001 -16.6799 -0.0279 -16.6799 0.0001 -16.6799 -0.0256 -16.6799 0 -16.6799 -0.0001 -16.6799 0 -16.6799 -0.0103 
-16.5997 5.3606 -16.5997 -15.0164 -16.5997 0 -16.5997 -0.0475 -16.5997 0 -16.5997 -0.006 -16.5997 0 -16.5997 -0.0184 -16.5997 0 -16.5997 -0.0163 -16.5997 0 -16.5997 -0 -16.5997 0 -16.5997 -0.0068 
-16.5195 3.1054 -16.5195 -9.2822 -16.5195 0 -16.5195 -0.023 -16.5195 0 -16.5195 -0.0029 -16.5195 0 -16.5195 -0.009 -16.5195 0 -16.5195 -0.0078 -16.5195 0 -16.5195 -0 -16.5195 0 -16.5195 -0.0033 
-16.4394 1.4337 -16.4394 -4.6725 -16.4394 0 -16.4394 -0.0083 -16.4394 0 -16.4394 -0.001 -16.4394 0 -16.4394 -0.0033 -16.4394 0 -16.4394 -0.0028 -16.4394 0 -16.4394 -0 -16.4394 0 -16.4394 -0.0012 
-16.3592 0.512 -16.3592 -1.8524 -16.3592 0 -16.3592 -0.0022 -16.3592 0 -16.3592 -0.0003 -16.3592 0 -16.3592 -0.0009 -16.3592 0 -16.3592 -0.0007 -16.3592 0 -16.3592 -0 -16.3592 0 -16.3592 -0.0003 
-16.2791 0.1384 -16.2791 -0.5633 -16.2791 0 -16.2791 -0.0005 -16.2791 0 -16.2791 -0.0001 -16.2791 0 -16.2791 -0.0002 -16.2791 0 -16.2791 -0.0001 -16.2791 0 -16.2791 -0 -16.2791 0 -16.2791 -0.0001 
-16.1989 0.028 -16.1989 -0.129 -16.1989 0 -16.1989 -0 -16.1989 0 -16.1989 -0 -16.1989 0 -16.1989 -0 -16.1989 0 -16.1989 -0 -16.1989 0 -16.1989 -0 -16.1989 0 -16.1989 -0 
-16.1187 0.0042 -16.1187 -0.022 -16.1187 0 -16.1187 -0 -16.1187 0 -16.1187 -0 -16.1187 0 -16.1187 -0 -16.1187 0 -16.1187 -0 -16.1187 0 -16.1187 -0 -16.1187 0 -16.1187 -0 
-16.0386 0.0005 -16.0386 -0.0028 -16.0386 0 -16.0386 -0 -16.0386 0 -16.0386 -0 -16.0386 0 -16.0386 -0 -16.0386 0 -16.0386 -0 -16.0386 0 -16.0386 -0 -16.0386 0 -16.0386 -0 
-15.9584 0.0002 -15.9584 -0.0004 -15.9584 0 -15.9584 -0 -15.9584 0 -15.9584 -0 -15.9584 0 -15.9584 -0 -15.9584 0 -15.9584 -0 -15.9584 0 -15.9584 -0 -15.9584 0 -15.9584 -0 
-15.8782 0.0017 -15.8782 -0.0012 -15.8782 0 -15.8782 -0 -15.8782 0 -15.8782 -0 -15.8782 0 -15.8782 -0 -15.8782 0 -15.8782 -0 -15.8782 0 -15.8782 -0 -15.8782 0 -15.8782 -0 
-15.7981 0.0131 -15.7981 -0.0095 -15.7981 0 -15.7981 -0 -15.7981 0 -15.7981 -0 -15.7981 0 -15.7981 -0 -15.7981 0 -15.7981 -0 -15.7981 0 -15.7981 -0 -15.7981 0 -15.7981 -0 
-15.7179 0.0782 -15.7179 -0.0587 -15.7179 0 -15.7179 -0 -15.7179 0 -15.7179 -0 -15.7179 0 -15.7179 -0 -15.7179 0 -15.7179 -0 -15.7179 0 -15.7179 -0 -15.7179 0 -15.7179 -0 
-15.6378 0.3558 -15.6378 -0.2779 -15.6378 0 -15.6378 -0 -15.6378 0 -15.6378 -0 -15.6378 0 -15.6378 -0 -15.6378 0 -15.6378 -0 -15.6378 0 -15.6378 -0 -15.6378 0 -15.6378 -0 
-15.5576 1.2395 -15.5576 -1.01 -15.5576 0 -15.5576 -0 -15.5576 0 -15.5576 -0 -15.5576 0 -15.5576 -0 -15.5576 0 -15.5576 -0 -15.5576 0 -15.5576 -0 -15.5576 0 -15.5576 -0 
-15.4774 3.3247 -15.4774 -2.8339 -15.4774 0 -15.4774 -0 -15.4774 0 -15.4774 -0 -15.4774 0 -15.4774 -0 -15.4774 0 -15.4774 -0 -15.4774 0 -15.4774 -0 -15.4774 0 -15.4774 -0 
-15.3973 6.9026 -15.3973 -6.1615 -15.3973 0 -15.3973 -0 -15.3973 0 -15.3973 -0 -15.3973 0 -15.3973 -0 -15.3973 0 -15.3973 -0 -15.3973 0 -15.3973 -0 -15.3973 0 -15.3973 -0 
-15.3171 11.1594 -15.3171 -10.4266 -15.3171 0 -15.3171 -0 -15.3171 0 -15.3171 -0 -15.3171 0 -15.3171 -0 -15.3171 0 -15.3171 -0 -15.3171 0 -15.3171 -0 -15.3171 0 -15.3171 -0 
-15.237 14.1447 -15.237 -13.8085 -15.237 0 -15.237 -0 -15.237 0 -15.237 -0 -15.237 0 -15.237 -0 -15.237 0 -15.237 -0 -15.237 0 -15.237 -0 -15.237 0 -15.237 -0 
-15.1568 14.1472 -15.1568 -14.3997 -15.1568 0 -15.1568 -0 -15.1568 0 -15.1568 -0 -15.1568 0 -15.1568 -0 -15.1568 0 -15.1568 -0 -15.1568 0 -15.1568 -0 -15.1568 0 -15.1568 -0 
-15.0766 11.2073 -15.0766 -11.8806 -15.0766 0 -15.0766 -0 -15.0766 0 -15.0766 -0 -15.0766 0 -15.0766 -0 -15.0766 0 -15.0766 -0 -15.0766 0 -15.0766 -0 -15.0766 0 -15.0766 -0 
-14.9965 7.0214 -14.9965 -7.7599 -14.9965 0 -14.9965 -0 -14.9965 0 -14.9965 -0 -14.9965 0 -14.9965 -0 -14.9965 0 -14.9965 -0 -14.9965 0 -14.9965 -0 -14.9965 0 -14.9965 -0 
-14.9163 3.4526 -14.9163 -3.9911 -14.9163 0 -14.9163 -0 -14.9163 0 -14.9163 -0 -14.9163 0 -14.9163 -0 -14.9163 0 -14.9163 -0 -14.9163 0 -14.9163 -0 -14.9163 0 -14.9163 -0 
-14.8362 1.3167 -14.8362 -1.5994 -14.8362 0 -14.8362 -0 -14.8362 0 -14.8362 -0 -14.8362 0 -14.8362 -0 -14.8362 0 -14.8362 -0 -14.8362 0 -14.8362 -0 -14.8362 0 -14.8362 -0 
-14.756 0.3842 -14.756 -0.4929 -14.756 0 -14.756 -0 -14.756 0 -14.756 -0 -14.756 0 -14.756 -0 -14.756 0 -14.756 -0 -14.756 0 -14.756 -0 -14.756 0 -14.756 -0 
-14.6758 0.0848 -14.6758 -0.1153 -14.6758 0 -14.6758 -0 -14.6758 0 -14.6758 -0 -14.6758 0 -14.6758 -0 -14.6758 0 -14.6758 -0 -14.6758 0 -14.6758 -0 -14.6758 0 -14.6758 -0 
-14.5957 0.014 -14.5957 -0.0203 -14.5957 0 -14.5957 -0 -14.5957 0 -14.5957 -0 -14.5957 0 -14.5957 -0 -14.5957 0 -14.5957 -0 -14.5957 0 -14.5957 -0 -14.5957 0 -14.5957 -0 
-14.5155 0.0017 -14.5155 -0.0027 -14.5155 0 -14.5155 -0 -14.5155 0 -14.5155 -0 -14.5155 0 -14.5155 -0 -14.5155 0 -14.5155 -0 -14.5155 0 -14.5155 -0 -14.5155 0 -14.5155 -0 
-14.4354 0.0002 -14.4354 -0.0003 -14.4354 0 -14.4354 -0 -14.4354 0 -14.4354 -0 -14.4354 0 -14.4354 -0 -14.4354 0 -14.4354 -0 -14.4354 0 -14.4354 -0 -14.4354 0 -14.4354 -0 
-14.3552 0.0 -14.3552 -0 -14.3552 0 -14.3552 -0 -14.3552 0 -14.3552 -0 -14.3552 0 -14.3552 -0 -14.3552 0 -14.3552 -0 -14.3552 0 -14.3552 -0 -14.3552 0 -14.3552 -0 
-14.275 0.0 -14.275 -0 -14.275 0 -14.275 -0 -14.275 0 -14.275 -0 -14.275 0 -14.275 -0 -14.275 0 -14.275 -0 -14.275 0 -14.275 -0 -14.275 0 -14.275 -0 
-14.1949 0.0 -14.1949 -0 -14.1949 0 -14.1949 -0 -14.1949 0 -14.1949 -0 -14.1949 0 -14.1949 -0 -14.1949 0 -14.1949 -0 -14.1949 0 -14.1949 -0 -14.1949 0 -14.1949 -0 
-14.1147 0.0 -14.1147 -0 -14.1147 0 -14.1147 -0 -14.1147 0 -14.1147 -0 -14.1147 0 -14.1147 -0 -14.1147 0 -14.1147 -0 -14.1147 0 -14.1147 -0 -14.1147 0 -14.1147 -0 
-14.0346 0.0 -14.0346 -0 -14.0346 0 -14.0346 -0 -14.0346 0 -14.0346 -0 -14.0346 0 -14.0346 -0 -14.0346 0 -14.0346 -0 -14.0346 0 -14.0346 -0 -14.0346 0 -14.0346 -0 
-13.9544 0.0 -13.9544 -0 -13.9544 0 -13.9544 -0 -13.9544 0 -13.9544 -0 -13.9544 0 -13.9544 -0 -13.9544 0 -13.9544 -0 -13.9544 0 -13.9544 -0 -13.9544 0 -13.9544 -0 
-13.8742 0.0 -13.8742 -0 -13.8742 0 -13.8742 -0 -13.8742 0 -13.8742 -0 -13.8742 0 -13.8742 -0 -13.8742 0 -13.8742 -0 -13.8742 0 -13.8742 -0 -13.8742 0 -13.8742 -0 
-13.7941 0.0 -13.7941 -0 -13.7941 0 -13.7941 -0 -13.7941 0 -13.7941 -0 -13.7941 0 -13.7941 -0 -13.7941 0 -13.7941 -0 -13.7941 0 -13.7941 -0 -13.7941 0 -13.7941 -0 
-13.7139 0.0 -13.7139 -0 -13.7139 0 -13.7139 -0 -13.7139 0 -13.7139 -0 -13.7139 0 -13.7139 -0 -13.7139 0 -13.7139 -0 -13.7139 0 -13.7139 -0 -13.7139 0 -13.7139 -0 
-13.6338 0.0 -13.6338 -0 -13.6338 0 -13.6338 -0 -13.6338 0 -13.6338 -0 -13.6338 0 -13.6338 -0 -13.6338 0 -13.6338 -0 -13.6338 0 -13.6338 -0 -13.6338 0 -13.6338 -0 
-13.5536 0.0 -13.5536 -0 -13.5536 0 -13.5536 -0 -13.5536 0 -13.5536 -0 -13.5536 0 -13.5536 -0 -13.5536 0 -13.5536 -0 -13.5536 0 -13.5536 -0 -13.5536 0 -13.5536 -0 
-13.4734 0.0 -13.4734 -0 -13.4734 0 -13.4734 -0 -13.4734 0 -13.4734 -0 -13.4734 0 -13.4734 -0 -13.4734 0 -13.4734 -0 -13.4734 0 -13.4734 -0 -13.4734 0 -13.4734 -0 
-13.3933 0.0 -13.3933 -0 -13.3933 0 -13.3933 -0 -13.3933 0 -13.3933 -0 -13.3933 0 -13.3933 -0 -13.3933 0 -13.3933 -0 -13.3933 0 -13.3933 -0 -13.3933 0 -13.3933 -0 
-13.3131 0.0 -13.3131 -0 -13.3131 0 -13.3131 -0 -13.3131 0 -13.3131 -0 -13.3131 0 -13.3131 -0 -13.3131 0 -13.3131 -0 -13.3131 0 -13.3131 -0 -13.3131 0 -13.3131 -0 
-13.233 0.0 -13.233 -0 -13.233 0 -13.233 -0 -13.233 0 -13.233 -0 -13.233 0 -13.233 -0 -13.233 0 -13.233 -0 -13.233 0 -13.233 -0 -13.233 0 -13.233 -0 
-13.1528 0.0 -13.1528 -0 -13.1528 0 -13.1528 -0 -13.1528 0 -13.1528 -0 -13.1528 0 -13.1528 -0 -13.1528 0 -13.1528 -0 -13.1528 0 -13.1528 -0 -13.1528 0 -13.1528 -0 
-13.0726 0.0 -13.0726 -0 -13.0726 0 -13.0726 -0 -13.0726 0 -13.0726 -0 -13.0726 0 -13.0726 -0 -13.0726 0 -13.0726 -0 -13.0726 0 -13.0726 -0 -13.0726 0 -13.0726 -0 
-12.9925 0.0 -12.9925 -0 -12.9925 0 -12.9925 -0 -12.9925 0 -12.9925 -0 -12.9925 0 -12.9925 -0 -12.9925 0 -12.9925 -0 -12.9925 0 -12.9925 -0 -12.9925 0 -12.9925 -0 
-12.9123 0.0 -12.9123 -0 -12.9123 0 -12.9123 -0 -12.9123 0 -12.9123 -0 -12.9123 0 -12.9123 -0 -12.9123 0 -12.9123 -0 -12.9123 0 -12.9123 -0 -12.9123 0 -12.9123 -0 
-12.8322 0.0 -12.8322 -0 -12.8322 0 -12.8322 -0 -12.8322 0 -12.8322 -0 -12.8322 0 -12.8322 -0 -12.8322 0 -12.8322 -0 -12.8322 0 -12.8322 -0 -12.8322 0 -12.8322 -0 
-12.752 0.0 -12.752 -0 -12.752 0 -12.752 -0 -12.752 0 -12.752 -0 -12.752 0 -12.752 -0 -12.752 0 -12.752 -0 -12.752 0 -12.752 -0 -12.752 0 -12.752 -0 
-12.6718 0.0 -12.6718 -0 -12.6718 0 -12.6718 -0 -12.6718 0 -12.6718 -0 -12.6718 0 -12.6718 -0 -12.6718 0 -12.6718 -0 -12.6718 0 -12.6718 -0 -12.6718 0 -12.6718 -0 
-12.5917 0.0 -12.5917 -0 -12.5917 0 -12.5917 -0 -12.5917 0 -12.5917 -0 -12.5917 0 -12.5917 -0 -12.5917 0 -12.5917 -0 -12.5917 0 -12.5917 -0 -12.5917 0 -12.5917 -0 
-12.5115 0.0 -12.5115 -0 -12.5115 0 -12.5115 -0 -12.5115 0 -12.5115 -0 -12.5115 0 -12.5115 -0 -12.5115 0 -12.5115 -0 -12.5115 0 -12.5115 -0 -12.5115 0 -12.5115 -0 
-12.4314 0.0 -12.4314 -0 -12.4314 0 -12.4314 -0 -12.4314 0 -12.4314 -0 -12.4314 0 -12.4314 -0 -12.4314 0 -12.4314 -0 -12.4314 0 -12.4314 -0 -12.4314 0 -12.4314 -0 
-12.3512 0.0 -12.3512 -0 -12.3512 0 -12.3512 -0 -12.3512 0 -12.3512 -0 -12.3512 0 -12.3512 -0 -12.3512 0 -12.3512 -0 -12.3512 0 -12.3512 -0 -12.3512 0 -12.3512 -0 
-12.271 0.0 -12.271 -0 -12.271 0 -12.271 -0 -12.271 0 -12.271 -0 -12.271 0 -12.271 -0 -12.271 0 -12.271 -0 -12.271 0 -12.271 -0 -12.271 0 -12.271 -0 
-12.1909 0.0 -12.1909 -0 -12.1909 0 -12.1909 -0 -12.1909 0 -12.1909 -0 -12.1909 0 -12.1909 -0 -12.1909 0 -12.1909 -0 -12.1909 0 -12.1909 -0 -12.1909 0 -12.1909 -0 
-12.1107 0.0 -12.1107 -0 -12.1107 0 -12.1107 -0 -12.1107 0 -12.1107 -0 -12.1107 0 -12.1107 -0 -12.1107 0 -12.1107 -0 -12.1107 0 -12.1107 -0 -12.1107 0 -12.1107 -0 
-12.0306 0.0 -12.0306 -0 -12.0306 0 -12.0306 -0 -12.0306 0 -12.0306 -0 -12.0306 0 -12.0306 -0 -12.0306 0 -12.0306 -0 -12.0306 0 -12.0306 -0 -12.0306 0 -12.0306 -0 
-11.9504 0.0 -11.9504 -0 -11.9504 0 -11.9504 -0 -11.9504 0 -11.9504 -0 -11.9504 0 -11.9504 -0 -11.9504 0 -11.9504 -0 -11.9504 0 -11.9504 -0 -11.9504 0 -11.9504 -0 
-11.8702 0.0 -11.8702 -0 -11.8702 0 -11.8702 -0 -11.8702 0 -11.8702 -0 -11.8702 0 -11.8702 -0 -11.8702 0 -11.8702 -0 -11.8702 0 -11.8702 -0 -11.8702 0 -11.8702 -0 
-11.7901 0.0 -11.7901 -0 -11.7901 0 -11.7901 -0 -11.7901 0 -11.7901 -0 -11.7901 0 -11.7901 -0 -11.7901 0 -11.7901 -0 -11.7901 0 -11.7901 -0 -11.7901 0 -11.7901 -0 
-11.7099 0.0 -11.7099 -0 -11.7099 0 -11.7099 -0 -11.7099 0 -11.7099 -0 -11.7099 0 -11.7099 -0 -11.7099 0 -11.7099 -0 -11.7099 0 -11.7099 -0 -11.7099 0 -11.7099 -0 
-11.6298 0.0 -11.6298 -0 -11.6298 0 -11.6298 -0 -11.6298 0 -11.6298 -0 -11.6298 0 -11.6298 -0 -11.6298 0 -11.6298 -0 -11.6298 0 -11.6298 -0 -11.6298 0 -11.6298 -0 
-11.5496 0.0 -11.5496 -0 -11.5496 0 -11.5496 -0 -11.5496 0 -11.5496 -0 -11.5496 0 -11.5496 -0 -11.5496 0 -11.5496 -0 -11.5496 0 -11.5496 -0 -11.5496 0 -11.5496 -0 
-11.4694 0.0 -11.4694 -0 -11.4694 0 -11.4694 -0 -11.4694 0 -11.4694 -0 -11.4694 0 -11.4694 -0 -11.4694 0 -11.4694 -0 -11.4694 0 -11.4694 -0 -11.4694 0 -11.4694 -0 
-11.3893 0.0 -11.3893 -0 -11.3893 0 -11.3893 -0 -11.3893 0 -11.3893 -0 -11.3893 0 -11.3893 -0 -11.3893 0 -11.3893 -0 -11.3893 0 -11.3893 -0 -11.3893 0 -11.3893 -0 
-11.3091 0.0 -11.3091 -0 -11.3091 0 -11.3091 -0 -11.3091 0 -11.3091 -0 -11.3091 0 -11.3091 -0 -11.3091 0 -11.3091 -0 -11.3091 0 -11.3091 -0 -11.3091 0 -11.3091 -0 
-11.229 0.0 -11.229 -0 -11.229 0 -11.229 -0 -11.229 0 -11.229 -0 -11.229 0 -11.229 -0 -11.229 0 -11.229 -0 -11.229 0 -11.229 -0 -11.229 0 -11.229 -0 
-11.1488 0.0 -11.1488 -0 -11.1488 0 -11.1488 -0 -11.1488 0 -11.1488 -0 -11.1488 0 -11.1488 -0 -11.1488 0 -11.1488 -0 -11.1488 0 -11.1488 -0 -11.1488 0 -11.1488 -0 
-11.0686 0.0 -11.0686 -0 -11.0686 0 -11.0686 -0 -11.0686 0 -11.0686 -0 -11.0686 0 -11.0686 -0 -11.0686 0 -11.0686 -0 -11.0686 0 -11.0686 -0 -11.0686 0 -11.0686 -0 
-10.9885 0.0 -10.9885 -0 -10.9885 0 -10.9885 -0 -10.9885 0 -10.9885 -0 -10.9885 0 -10.9885 -0 -10.9885 0 -10.9885 -0 -10.9885 0 -10.9885 -0 -10.9885 0 -10.9885 -0 
-10.9083 0.0 -10.9083 -0 -10.9083 0 -10.9083 -0 -10.9083 0 -10.9083 -0 -10.9083 0 -10.9083 -0 -10.9083 0 -10.9083 -0 -10.9083 0 -10.9083 -0 -10.9083 0 -10.9083 -0 
-10.8281 0.0 -10.8281 -0 -10.8281 0 -10.8281 -0 -10.8281 0 -10.8281 -0 -10.8281 0 -10.8281 -0 -10.8281 0 -10.8281 -0 -10.8281 0 -10.8281 -0 -10.8281 0 -10.8281 -0 
-10.748 0.0 -10.748 -0 -10.748 0 -10.748 -0 -10.748 0 -10.748 -0 -10.748 0 -10.748 -0 -10.748 0 -10.748 -0 -10.748 0 -10.748 -0 -10.748 0 -10.748 -0 
-10.6678 0.0 -10.6678 -0 -10.6678 0 -10.6678 -0 -10.6678 0 -10.6678 -0 -10.6678 0 -10.6678 -0 -10.6678 0 -10.6678 -0 -10.6678 0 -10.6678 -0 -10.6678 0 -10.6678 -0 
-10.5877 0.0 -10.5877 -0 -10.5877 0 -10.5877 -0 -10.5877 0 -10.5877 -0 -10.5877 0 -10.5877 -0 -10.5877 0 -10.5877 -0 -10.5877 0 -10.5877 -0 -10.5877 0 -10.5877 -0 
-10.5075 0.0 -10.5075 -0 -10.5075 0 -10.5075 -0 -10.5075 0 -10.5075 -0 -10.5075 0 -10.5075 -0 -10.5075 0 -10.5075 -0 -10.5075 0 -10.5075 -0 -10.5075 0 -10.5075 -0 
-10.4273 0.0 -10.4273 -0 -10.4273 0 -10.4273 -0 -10.4273 0 -10.4273 -0 -10.4273 0 -10.4273 -0 -10.4273 0 -10.4273 -0 -10.4273 0 -10.4273 -0 -10.4273 0 -10.4273 -0 
-10.3472 0.0 -10.3472 -0 -10.3472 0 -10.3472 -0 -10.3472 0 -10.3472 -0 -10.3472 0 -10.3472 -0 -10.3472 0 -10.3472 -0 -10.3472 0 -10.3472 -0 -10.3472 0 -10.3472 -0 
-10.267 0.0 -10.267 -0 -10.267 0 -10.267 -0 -10.267 0 -10.267 -0 -10.267 0 -10.267 -0 -10.267 0 -10.267 -0 -10.267 0 -10.267 -0 -10.267 0 -10.267 -0 
-10.1869 0.0 -10.1869 -0 -10.1869 0 -10.1869 -0 -10.1869 0 -10.1869 -0 -10.1869 0 -10.1869 -0 -10.1869 0 -10.1869 -0 -10.1869 0 -10.1869 -0 -10.1869 0 -10.1869 -0 
-10.1067 0.0 -10.1067 -0 -10.1067 0 -10.1067 -0 -10.1067 0 -10.1067 -0 -10.1067 0 -10.1067 -0 -10.1067 0 -10.1067 -0 -10.1067 0 -10.1067 -0 -10.1067 0 -10.1067 -0 
-10.0265 0.0 -10.0265 -0 -10.0265 0 -10.0265 -0 -10.0265 0 -10.0265 -0 -10.0265 0 -10.0265 -0 -10.0265 0 -10.0265 -0 -10.0265 0 -10.0265 -0 -10.0265 0 -10.0265 -0 
-9.94637 0.0 -9.94637 -0 -9.94637 0 -9.94637 -0 -9.94637 0 -9.94637 -0 -9.94637 0 -9.94637 -0 -9.94637 0 -9.94637 -0 -9.94637 0 -9.94637 -0 -9.94637 0 -9.94637 -0 
-9.86617 0.0 -9.86617 -0 -9.86617 0 -9.86617 -0 -9.86617 0 -9.86617 -0 -9.86617 0 -9.86617 -0 -9.86617 0 -9.86617 -0 -9.86617 0 -9.86617 -0 -9.86617 0 -9.86617 -0 
-9.78607 0.0001 -9.78607 -0 -9.78607 0 -9.78607 -0 -9.78607 0 -9.78607 -0 -9.78607 0 -9.78607 -0 -9.78607 0 -9.78607 -0 -9.78607 0 -9.78607 -0 -9.78607 0 -9.78607 -0 
-9.70587 0.0008 -9.70587 -0 -9.70587 0 -9.70587 -0 -9.70587 0 -9.70587 -0 -9.70587 0 -9.70587 -0 -9.70587 0 -9.70587 -0 -9.70587 0 -9.70587 -0 -9.70587 0 -9.70587 -0 
-9.62567 0.0052 -9.62567 -0 -9.62567 0 -9.62567 -0 -9.62567 0 -9.62567 -0 -9.62567 0 -9.62567 -0 -9.62567 0 -9.62567 -0 -9.62567 0 -9.62567 -0 -9.62567 0 -9.62567 -0 
-9.54557 0.024 -9.54557 -0 -9.54557 0 -9.54557 -0 -9.54557 0 -9.54557 -0 -9.54557 0 -9.54557 -0 -9.54557 0 -9.54557 -0 -9.54557 0 -9.54557 -0 -9.54557 0 -9.54557 -0 
-9.46537 0.0853 -9.46537 -0 -9.46537 0 -9.46537 -0 -9.46537 0 -9.46537 -0 -9.46537 0 -9.46537 -0 -9.46537 0 -9.46537 -0 -9.46537 0 -9.46537 -0 -9.46537 0 -9.46537 -0 
-9.38527 0.2357 -9.38527 -0 -9.38527 0 -9.38527 -0 -9.38527 0 -9.38527 -0 -9.38527 0 -9.38527 -0 -9.38527 0 -9.38527 -0 -9.38527 0 -9.38527 -0 -9.38527 0 -9.38527 -0 
-9.30507 0.522 -9.30507 -0.0002 -9.30507 0 -9.30507 -0 -9.30507 0 -9.30507 -0 -9.30507 0 -9.30507 -0 -9.30507 0 -9.30507 -0 -9.30507 0 -9.30507 -0 -9.30507 0 -9.30507 -0 
-9.22487 0.9705 -9.22487 -0.0016 -9.22487 0 -9.22487 -0 -9.22487 0 -9.22487 -0 -9.22487 0 -9.22487 -0 -9.22487 0 -9.22487 -0 -9.22487 0 -9.22487 -0 -9.22487 0 -9.22487 -0 
-9.14477 1.6153 -9.14477 -0.0109 -9.14477 0.0001 -9.14477 -0 -9.14477 0 -9.14477 -0 -9.14477 0 -9.14477 -0 -9.14477 0 -9.14477 -0 -9.14477 0.0001 -9.14477 -0 -9.14477 0 -9.14477 -0 
-9.06457 2.5795 -9.06457 -0.0555 -9.06457 0.0003 -9.06457 -0 -9.06457 0 -9.06457 -0 -9.06457 0 -9.06457 -0 -9.06457 0 -9.06457 -0 -9.06457 0.0003 -9.06457 -0 -9.06457 0 -9.06457 -0 
-8.98447 4.107 -8.98447 -0.2088 -8.98447 0.0014 -8.98447 -0 -8.98447 0 -8.98447 -0 -8.98447 0 -8.98447 -0 -8.98447 0 -8.98447 -0 -8.98447 0.0014 -8.98447 -0 -8.98447 0 -8.98447 -0 
-8.90427 6.4037 -8.90427 -0.5877 -8.90427 0.0054 -8.90427 -0 -8.90427 0 -8.90427 -0 -8.90427 0 -8.90427 -0 -8.90427 0.0001 -8.90427 -0 -8.90427 0.0053 -8.90427 -0 -8.90427 0 -8.90427 -0 
-8.82407 9.3321 -8.82407 -1.2533 -8.82407 0.0157 -8.82407 -0 -8.82407 0 -8.82407 -0 -8.82407 0.0001 -8.82407 -0 -8.82407 0.0003 -8.82407 -0 -8.82407 0.0153 -8.82407 -0 -8.82407 0 -8.82407 -0 
-8.74397 12.3591 -8.74397 -2.0852 -8.74397 0.0374 -8.74397 -0 -8.74397 0.0001 -8.74397 -0 -8.74397 0.0006 -8.74397 -0 -8.74397 0.0015 -8.74397 -0 -8.74397 0.0352 -8.74397 -0 -8.74397 0 -8.74397 -0 
-8.66377 15.0328 -8.66377 -2.8883 -8.66377 0.074 -8.66377 -0 -8.66377 0.0003 -8.66377 -0 -8.66377 0.0022 -8.66377 -0 -8.66377 0.0056 -8.66377 -0 -8.66377 0.0657 -8.66377 -0 -8.66377 0.0002 -8.66377 -0 
-8.58367 17.4153 -8.58367 -3.7363 -8.58367 0.1297 -8.58367 -0 -8.58367 0.0012 -8.58367 -0 -8.58367 0.0078 -8.58367 -0 -8.58367 0.0169 -8.58367 -0 -8.58367 0.103 -8.58367 -0 -8.58367 0.0008 -8.58367 -0 
-8.50347 19.7945 -8.50347 -5.0226 -8.50347 0.2146 -8.50347 -0 -8.50347 0.0039 -8.50347 -0 -8.50347 0.0241 -8.50347 -0 -8.50347 0.0428 -8.50347 -0 -8.50347 0.1411 -8.50347 -0 -8.50347 0.0027 -8.50347 -0 
-8.42327 22.1904 -8.42327 -6.9523 -8.42327 0.3525 -8.42327 -0 -8.42327 0.0105 -8.42327 -0 -8.42327 0.0641 -8.42327 -0 -8.42327 0.0936 -8.42327 -0 -8.42327 0.1761 -8.42327 -0 -8.42327 0.0082 -8.42327 -0 
-8.34317 24.5141 -8.34317 -9.1437 -8.34317 0.576 -8.34317 -0 -8.34317 0.0242 -8.34317 -0 -8.34317 0.1449 -8.34317 -0 -8.34317 0.1791 -8.34317 -0 -8.34317 0.2073 -8.34317 -0 -8.34317 0.0205 -8.34317 -0 
-8.26297 26.9679 -8.26297 -11.0096 -8.26297 0.9016 -8.26297 -0.0001 -8.26297 0.0482 -8.26297 -0 -8.26297 0.2743 -8.26297 -0 -8.26297 0.3013 -8.26297 -0 -8.26297 0.2342 -8.26297 -0.0001 -8.26297 0.0436 -8.26297 -0 
-8.18287 29.8047 -8.18287 -12.4397 -8.18287 1.2934 -8.18287 -0.0004 -8.18287 0.0847 -8.18287 -0 -8.18287 0.4332 -8.18287 -0 -8.18287 0.4433 -8.18287 -0 -8.18287 0.2521 -8.18287 -0.0004 -8.18287 0.0801 -8.18287 -0 
-8.10267 32.8404 -8.10267 -13.7022 -8.10267 1.6667 -8.10267 -0.0016 -8.10267 0.1347 -8.10267 -0.0001 -8.10267 0.5757 -8.10267 -0.0001 -8.10267 0.5718 -8.10267 -0.0002 -8.10267 0.2546 -8.10267 -0.0011 -8.10267 0.1299 -8.10267 -0.0001 
-8.02247 35.5941 -8.02247 -14.6576 -8.02247 1.937 -8.02247 -0.0033 -8.02247 0.1959 -8.02247 -0.0002 -8.02247 0.6556 -8.02247 -0.0003 -8.02247 0.6548 -8.02247 -0.0005 -8.02247 0.2421 -8.02247 -0.0021 -8.02247 0.1886 -8.02247 -0.0002 
-7.94237 37.7216 -7.94237 -14.7985 -7.94237 2.0598 -7.94237 -0.0059 -7.94237 0.2591 -7.94237 -0.0004 -7.94237 0.6562 -7.94237 -0.0008 -7.94237 0.6741 -7.94237 -0.0011 -7.94237 0.2235 -7.94237 -0.0033 -7.94237 0.2469 -7.94237 -0.0003 
-7.86217 39.0686 -7.86217 -14.4259 -7.86217 2.0287 -7.86217 -0.0095 -7.86217 0.3091 -7.86217 -0.0006 -7.86217 0.5931 -7.86217 -0.002 -7.86217 0.6259 -7.86217 -0.0024 -7.86217 0.2071 -7.86217 -0.004 -7.86217 0.2935 -7.86217 -0.0005 
-7.78207 39.5414 -7.78207 -14.9116 -7.78207 1.8705 -7.78207 -0.0147 -7.78207 0.3339 -7.78207 -0.0009 -7.78207 0.4984 -7.78207 -0.0046 -7.78207 0.5256 -7.78207 -0.0044 -7.78207 0.1925 -7.78207 -0.0038 -7.78207 0.3201 -7.78207 -0.001 
-7.70187 39.1995 -7.70187 -17.2081 -7.70187 1.6526 -7.70187 -0.0219 -7.70187 0.335 -7.70187 -0.0016 -7.70187 0.4059 -7.70187 -0.0084 -7.70187 0.4088 -7.70187 -0.0071 -7.70187 0.1743 -7.70187 -0.003 -7.70187 0.3286 -7.70187 -0.0018 
-7.62167 38.505 -7.62167 -20.8775 -7.62167 1.4705 -7.62167 -0.0287 -7.62167 0.3274 -7.62167 -0.0023 -7.62167 0.341 -7.62167 -0.0121 -7.62167 0.3135 -7.62167 -0.0094 -7.62167 0.1559 -7.62167 -0.0021 -7.62167 0.3327 -7.62167 -0.0028 
-7.54157 38.3066 -7.54157 -24.8758 -7.54157 1.4055 -7.54157 -0.031 -7.54157 0.332 -7.54157 -0.003 -7.54157 0.3114 -7.54157 -0.0131 -7.54157 0.2591 -7.54157 -0.0097 -7.54157 0.151 -7.54157 -0.0015 -7.54157 0.352 -7.54157 -0.0037 
-7.46137 39.2534 -7.46137 -28.1961 -7.46137 1.4832 -7.46137 -0.0276 -7.46137 0.3663 -7.46137 -0.0034 -7.46137 0.3049 -7.46137 -0.0107 -7.46137 0.2401 -7.46137 -0.0078 -7.46137 0.1681 -7.46137 -0.0015 -7.46137 0.4038 -7.46137 -0.0042 
-7.38127 41.0608 -7.38127 -29.4951 -7.38127 1.6588 -7.38127 -0.0208 -7.38127 0.4347 -7.38127 -0.0035 -7.38127 0.2989 -7.38127 -0.0067 -7.38127 0.2354 -7.38127 -0.0048 -7.38127 0.1979 -7.38127 -0.0016 -7.38127 0.4919 -7.38127 -0.0042 
-7.30107 42.5478 -7.30107 -27.5691 -7.30107 1.835 -7.30107 -0.0138 -7.30107 0.5204 -7.30107 -0.0031 -7.30107 0.2771 -7.30107 -0.0032 -7.30107 0.2236 -7.30107 -0.0024 -7.30107 0.222 -7.30107 -0.0015 -7.30107 0.5919 -7.30107 -0.0036 
-7.22087 42.5917 -7.22087 -22.9603 -7.22087 1.9091 -7.22087 -0.0083 -7.22087 0.5901 -7.22087 -0.0022 -7.22087 0.2383 -7.22087 -0.0013 -7.22087 0.198 -7.22087 -0.001 -7.22087 0.2274 -7.22087 -0.0012 -7.22087 0.6553 -7.22087 -0.0026 
-7.14077 41.004 -7.14077 -18.0142 -7.14077 1.8289 -7.14077 -0.0044 -7.14077 0.6114 -7.14077 -0.0013 -7.14077 0.194 -7.14077 -0.0005 -7.14077 0.1671 -7.14077 -0.0004 -7.14077 0.2126 -7.14077 -0.0007 -7.14077 0.6438 -7.14077 -0.0015 
-7.06057 38.5596 -7.06057 -14.7603 -7.06057 1.6263 -7.06057 -0.002 -7.06057 0.5747 -7.06057 -0.0006 -7.06057 0.1593 -7.06057 -0.0002 -7.06057 0.1456 -7.06057 -0.0002 -7.06057 0.1843 -7.06057 -0.0004 -7.06057 0.5624 -7.06057 -0.0006 
-6.98047 36.3881 -6.98047 -13.5727 -6.98047 1.4052 -6.98047 -0.0009 -6.98047 0.5014 -6.98047 -0.0002 -6.98047 0.1455 -6.98047 -0.0001 -6.98047 0.1454 -6.98047 -0.0002 -6.98047 0.1589 -6.98047 -0.0002 -6.98047 0.454 -6.98047 -0.0002 
-6.90027 35.2387 -6.90027 -13.9214 -6.90027 1.2996 -6.90027 -0.0008 -6.90027 0.4296 -6.90027 -0.0001 -6.90027 0.1602 -6.90027 -0.0002 -6.90027 0.1758 -6.90027 -0.0002 -6.90027 0.1702 -6.90027 -0.0002 -6.90027 0.3638 -6.90027 -0.0001 
-6.82007 35.0674 -6.82007 -15.2288 -6.82007 1.4251 -6.82007 -0.0012 -6.82007 0.3916 -6.82007 -0.0002 -6.82007 0.2054 -6.82007 -0.0003 -6.82007 0.2407 -6.82007 -0.0003 -6.82007 0.273 -6.82007 -0.0003 -6.82007 0.3144 -6.82007 -0.0001 
-6.73997 35.0371 -6.73997 -16.6323 -6.73997 1.8164 -6.73997 -0.0015 -6.73997 0.3984 -6.73997 -0.0002 -6.73997 0.2738 -6.73997 -0.0003 -6.73997 0.3285 -6.73997 -0.0005 -6.73997 0.5062 -6.73997 -0.0003 -6.73997 0.3095 -6.73997 -0.0002 
-6.65977 33.6754 -6.65977 -16.8061 -6.65977 2.3356 -6.65977 -0.0017 -6.65977 0.4337 -6.65977 -0.0002 -6.65977 0.3443 -6.65977 -0.0004 -6.65977 0.4046 -6.65977 -0.0005 -6.65977 0.8096 -6.65977 -0.0004 -6.65977 0.3434 -6.65977 -0.0002 
-6.57967 29.5838 -6.57967 -14.8347 -6.57967 2.6689 -6.57967 -0.0018 -6.57967 0.4592 -6.57967 -0.0002 -6.57967 0.3852 -6.57967 -0.0003 -6.57967 0.4264 -6.57967 -0.0005 -6.57967 1.0006 -6.57967 -0.0006 -6.57967 0.3975 -6.57967 -0.0002 
-6.49947 22.7862 -6.49947 -11.2128 -6.49947 2.5425 -6.49947 -0.0022 -6.49947 0.4375 -6.49947 -0.0002 -6.49947 0.3697 -6.49947 -0.0002 -6.49947 0.3745 -6.49947 -0.0003 -6.49947 0.9256 -6.49947 -0.0014 -6.49947 0.4352 -6.49947 -0.0001 
-6.41927 15.0791 -6.41927 -7.5369 -6.41927 1.9727 -6.41927 -0.0037 -6.41927 0.3571 -6.41927 -0.0001 -6.41927 0.2966 -6.41927 -0.0002 -6.41927 0.2699 -6.41927 -0.0002 -6.41927 0.6342 -6.41927 -0.0031 -6.41927 0.4149 -6.41927 -0.0001 
-6.33917 8.5773 -6.33917 -5.1339 -6.33917 1.24 -6.33917 -0.0064 -6.33917 0.2416 -6.33917 -0.0001 -6.33917 0.195 -6.33917 -0.0001 -6.33917 0.1579 -6.33917 -0.0002 -6.33917 0.3206 -6.33917 -0.0059 -6.33917 0.3249 -6.33917 -0.0001 
-6.25897 4.261 -6.25897 -4.2455 -6.25897 0.6302 -6.25897 -0.0099 -6.25897 0.132 -6.25897 -0.0001 -6.25897 0.1032 -6.25897 -0.0001 -6.25897 0.0742 -6.25897 -0.0002 -6.25897 0.1195 -6.25897 -0.0095 -6.25897 0.2013 -6.25897 -0 
-6.17887 1.9444 -6.17887 -4.4141 -6.17887 0.2573 -6.17887 -0.0141 -6.17887 0.0569 -6.17887 -0.0001 -6.17887 0.0433 -6.17887 -0.0001 -6.17887 0.0278 -6.17887 -0.0003 -6.17887 0.033 -6.17887 -0.0135 -6.17887 0.0963 -6.17887 -0.0001 
-6.09867 0.9906 -6.09867 -5.1434 -6.09867 0.0838 -6.09867 -0.0191 -6.09867 0.0191 -6.09867 -0.0001 -6.09867 0.0142 -6.09867 -0.0002 -6.09867 0.0082 -6.09867 -0.0004 -6.09867 0.0071 -6.09867 -0.0183 -6.09867 0.0352 -6.09867 -0.0001 
-6.01847 0.8242 -6.01847 -6.0661 -6.01847 0.0218 -6.01847 -0.0249 -6.01847 0.0049 -6.01847 -0.0001 -6.01847 0.0036 -6.01847 -0.0003 -6.01847 0.0019 -6.01847 -0.0006 -6.01847 0.0017 -6.01847 -0.0238 -6.01847 0.0097 -6.01847 -0.0001 
-5.93837 1.1004 -5.93837 -6.8722 -5.93837 0.0052 -5.93837 -0.031 -5.93837 0.001 -5.93837 -0.0002 -5.93837 0.0007 -5.93837 -0.0006 -5.93837 0.0004 -5.93837 -0.0012 -5.93837 0.0011 -5.93837 -0.0289 -5.93837 0.002 -5.93837 -0.0001 
-5.85817 1.6838 -5.85817 -7.4299 -5.85817 0.0026 -5.85817 -0.0354 -5.85817 0.0002 -5.85817 -0.0002 -5.85817 0.0001 -5.85817 -0.0014 -5.85817 0.0001 -5.85817 -0.0028 -5.85817 0.0019 -5.85817 -0.0308 -5.85817 0.0003 -5.85817 -0.0002 
-5.77797 2.5426 -5.77797 -7.92 -5.77797 0.0055 -5.77797 -0.0381 -5.77797 0.0001 -5.77797 -0.0004 -5.77797 0 -5.77797 -0.0034 -5.77797 0.0001 -5.77797 -0.0064 -5.77797 0.0052 -5.77797 -0.0277 -5.77797 0.0001 -5.77797 -0.0002 
-5.69787 3.6932 -5.69787 -8.66 -5.69787 0.0153 -5.69787 -0.0424 -5.69787 0.0002 -5.69787 -0.0007 -5.69787 0.0001 -5.69787 -0.0073 -5.69787 0.0002 -5.69787 -0.013 -5.69787 0.0147 -5.69787 -0.0208 -5.69787 0.0001 -5.69787 -0.0006 
-5.61767 5.2319 -5.61767 -9.8151 -5.61767 0.038 -5.61767 -0.0522 -5.61767 0.0008 -5.61767 -0.0016 -5.61767 0.0003 -5.61767 -0.0134 -5.61767 0.0006 -5.61767 -0.0217 -5.61767 0.0358 -5.61767 -0.0141 -5.61767 0.0005 -5.61767 -0.0014 
-5.53757 7.2382 -5.53757 -11.3067 -5.53757 0.0776 -5.53757 -0.0667 -5.53757 0.0028 -5.53757 -0.0031 -5.53757 0.0012 -5.53757 -0.021 -5.53757 0.0018 -5.53757 -0.0297 -5.53757 0.0701 -5.53757 -0.0098 -5.53757 0.0017 -5.53757 -0.0031 
-5.45737 9.5692 -5.45737 -12.9701 -5.45737 0.13 -5.45737 -0.082 -5.45737 0.0089 -5.45737 -0.0056 -5.45737 0.0038 -5.45737 -0.0286 -5.45737 0.0049 -5.45737 -0.0339 -5.45737 0.1067 -5.45737 -0.0079 -5.45737 0.0057 -5.45737 -0.006 
-5.37717 12.04 -5.37717 -14.797 -5.37717 0.1835 -5.37717 -0.0945 -5.37717 0.0223 -5.37717 -0.009 -5.37717 0.0103 -5.37717 -0.0343 -5.37717 0.0117 -5.37717 -0.0343 -5.37717 0.1243 -5.37717 -0.0071 -5.37717 0.0149 -5.37717 -0.0098 
-5.29707 14.8141 -5.29707 -16.8362 -5.29707 0.23 -5.29707 -0.1041 -5.29707 0.0438 -5.29707 -0.0128 -5.29707 0.0222 -5.29707 -0.0366 -5.29707 0.0226 -5.29707 -0.0332 -5.29707 0.1109 -5.29707 -0.0072 -5.29707 0.0305 -5.29707 -0.0143 
-5.21687 18.0263 -5.21687 -18.7367 -5.21687 0.2663 -5.21687 -0.1093 -5.21687 0.0671 -5.21687 -0.0158 -5.21687 0.0369 -5.21687 -0.0352 -5.21687 0.0346 -5.21687 -0.0326 -5.21687 0.0779 -5.21687 -0.0077 -5.21687 0.0498 -5.21687 -0.018 
-5.13677 20.977 -5.13677 -19.7586 -5.13677 0.2849 -5.13677 -0.1074 -5.13677 0.0824 -5.13677 -0.0166 -5.13677 0.047 -5.13677 -0.0313 -5.13677 0.0411 -5.13677 -0.0326 -5.13677 0.0474 -5.13677 -0.0079 -5.13677 0.067 -5.13677 -0.019 
-5.05657 22.4486 -5.05657 -19.5642 -5.05657 0.276 -5.05657 -0.0983 -5.05657 0.0839 -5.05657 -0.0144 -5.05657 0.0463 -5.05657 -0.0274 -5.05657 0.0381 -5.05657 -0.0327 -5.05657 0.0308 -5.05657 -0.0073 -5.05657 0.0769 -5.05657 -0.0165 
-4.97637 21.9749 -4.97637 -18.7341 -4.97637 0.2417 -4.97637 -0.0869 -4.97637 0.0738 -4.97637 -0.011 -4.97637 0.0362 -4.97637 -0.025 -4.97637 0.0286 -4.97637 -0.0323 -4.97637 0.0263 -4.97637 -0.0064 -4.97637 0.0768 -4.97637 -0.0122 
-4.89627 20.2744 -4.89627 -18.1578 -4.89627 0.1961 -4.89627 -0.0781 -4.89627 0.058 -4.89627 -0.0083 -4.89627 0.0239 -4.89627 -0.0244 -4.89627 0.0192 -4.89627 -0.0309 -4.89627 0.0286 -4.89627 -0.0058 -4.89627 0.0664 -4.89627 -0.0087 
-4.81607 18.4287 -4.81607 -18.1314 -4.81607 0.1547 -4.81607 -0.073 -4.81607 0.042 -4.81607 -0.0076 -4.81607 0.0148 -4.81607 -0.0241 -4.81607 0.0137 -4.81607 -0.0284 -4.81607 0.0349 -4.81607 -0.0058 -4.81607 0.0493 -4.81607 -0.0071 
-4.73597 17.1062 -4.73597 -18.3542 -4.73597 0.1298 -4.73597 -0.0702 -4.73597 0.0302 -4.73597 -0.0087 -4.73597 0.01 -4.73597 -0.0231 -4.73597 0.0118 -4.73597 -0.0254 -4.73597 0.045 -4.73597 -0.006 -4.73597 0.0328 -4.73597 -0.007 
-4.65577 16.517 -4.65577 -18.4997 -4.65577 0.1287 -4.65577 -0.0706 -4.65577 0.0248 -4.65577 -0.011 -4.65577 0.0083 -4.65577 -0.0217 -4.65577 0.0119 -4.65577 -0.0237 -4.65577 0.0607 -4.65577 -0.0063 -4.65577 0.023 -4.65577 -0.0079 
-4.57557 16.5989 -4.57557 -18.4276 -4.57557 0.1572 -4.57557 -0.0766 -4.57557 0.0269 -4.57557 -0.0137 -4.57557 0.0087 -4.57557 -0.0214 -4.57557 0.0132 -4.57557 -0.0254 -4.57557 0.086 -4.57557 -0.0067 -4.57557 0.0224 -4.57557 -0.0094 
-4.49547 17.149 -4.49547 -18.1339 -4.49547 0.2173 -4.49547 -0.0909 -4.49547 0.0364 -4.49547 -0.0166 -4.49547 0.0112 -4.49547 -0.0241 -4.49547 0.0155 -4.49547 -0.0312 -4.49547 0.1226 -4.49547 -0.0077 -4.49547 0.0316 -4.49547 -0.0113 
-4.41527 17.9905 -4.41527 -17.8317 -4.41527 0.3023 -4.41527 -0.1124 -4.41527 0.0519 -4.41527 -0.0193 -4.41527 0.0165 -4.41527 -0.0303 -4.41527 0.0194 -4.41527 -0.0402 -4.41527 0.1641 -4.41527 -0.0092 -4.41527 0.0504 -4.41527 -0.0134 
-4.33517 18.9827 -4.33517 -17.9703 -4.33517 0.3875 -4.33517 -0.1357 -4.33517 0.0689 -4.33517 -0.0213 -4.33517 0.0249 -4.33517 -0.0387 -4.33517 0.025 -4.33517 -0.0495 -4.33517 0.1939 -4.33517 -0.0104 -4.33517 0.0748 -4.33517 -0.0158 
-4.25497 19.8937 -4.25497 -18.9862 -4.25497 0.4376 -4.25497 -0.1558 -4.25497 0.0802 -4.25497 -0.0228 -4.25497 0.0346 -4.25497 -0.0471 -4.25497 0.0316 -4.25497 -0.0566 -4.25497 0.1963 -4.25497 -0.0106 -4.25497 0.0949 -4.25497 -0.0187 
-4.17477 20.52 -4.17477 -20.9021 -4.17477 0.4317 -4.17477 -0.1697 -4.17477 0.0805 -4.17477 -0.0243 -4.17477 0.0424 -4.17477 -0.0536 -4.17477 0.0376 -4.17477 -0.0602 -4.17477 0.1713 -4.17477 -0.0099 -4.17477 0.0999 -4.17477 -0.0217 
-4.09467 20.8888 -4.09467 -23.1382 -4.09467 0.3809 -4.09467 -0.1747 -4.09467 0.0703 -4.09467 -0.026 -4.09467 0.0462 -4.09467 -0.0561 -4.09467 0.0423 -4.09467 -0.0599 -4.09467 0.1344 -4.09467 -0.0088 -4.09467 0.0877 -4.09467 -0.0239 
-4.01447 21.0856 -4.01447 -24.9054 -4.01447 0.3197 -4.01447 -0.1696 -4.01447 0.0562 -4.01447 -0.0279 -4.01447 0.0467 -4.01447 -0.0534 -4.01447 0.0467 -4.01447 -0.0558 -4.01447 0.1033 -4.01447 -0.008 -4.01447 0.0668 -4.01447 -0.0245 
-3.93437 21.0245 -3.93437 -25.8561 -3.93437 0.2767 -3.93437 -0.1596 -3.93437 0.0452 -3.93437 -0.0302 -3.93437 0.0462 -3.93437 -0.0472 -3.93437 0.0516 -3.93437 -0.0498 -3.93437 0.0855 -3.93437 -0.008 -3.93437 0.0482 -3.93437 -0.0244 
-3.85417 20.6698 -3.85417 -26.1739 -3.85417 0.2574 -3.85417 -0.1537 -3.85417 0.0403 -3.85417 -0.0338 -3.85417 0.0463 -3.85417 -0.041 -3.85417 0.0559 -3.85417 -0.0451 -3.85417 0.0775 -3.85417 -0.0086 -3.85417 0.0374 -3.85417 -0.0252 
-3.77397 20.2762 -3.77397 -26.0879 -3.77397 0.2492 -3.77397 -0.1572 -3.77397 0.0398 -3.77397 -0.0391 -3.77397 0.0467 -3.77397 -0.0372 -3.77397 0.0574 -3.77397 -0.0439 -3.77397 0.0716 -3.77397 -0.0094 -3.77397 0.0337 -3.77397 -0.0276 
-3.69387 20.1063 -3.69387 -25.6591 -3.69387 0.2402 -3.69387 -0.1703 -3.69387 0.0407 -3.69387 -0.0452 -3.69387 0.0463 -3.69387 -0.037 -3.69387 0.0552 -3.69387 -0.0465 -3.69387 0.0642 -3.69387 -0.0099 -3.69387 0.0338 -3.69387 -0.0317 
-3.61367 20.1212 -3.61367 -25.0607 -3.61367 0.226 -3.61367 -0.1937 -3.61367 0.0407 -3.61367 -0.0511 -3.61367 0.0441 -3.61367 -0.0426 -3.61367 0.0506 -3.61367 -0.0527 -3.61367 0.0563 -3.61367 -0.0098 -3.61367 0.0343 -3.61367 -0.0375 
-3.53357 20.2075 -3.53357 -24.6369 -3.53357 0.2111 -3.53357 -0.2338 -3.53357 0.0394 -3.53357 -0.0574 -3.53357 0.0409 -3.53357 -0.0581 -3.53357 0.046 -3.53357 -0.0635 -3.53357 0.0512 -3.53357 -0.0092 -3.53357 0.0336 -3.53357 -0.0456 
-3.45337 20.5173 -3.45337 -24.6222 -3.45337 0.2022 -3.45337 -0.2972 -3.45337 0.0378 -3.45337 -0.0646 -3.45337 0.0388 -3.45337 -0.0864 -3.45337 0.0438 -3.45337 -0.0803 -3.45337 0.0499 -3.45337 -0.0085 -3.45337 0.0319 -3.45337 -0.0574 
-3.37317 21.3285 -3.37317 -25.1441 -3.37317 0.2054 -3.37317 -0.3778 -3.37317 0.0371 -3.37317 -0.0724 -3.37317 0.0405 -3.37317 -0.1231 -3.37317 0.0455 -3.37317 -0.1017 -3.37317 0.0513 -3.37317 -0.0077 -3.37317 0.031 -3.37317 -0.0729 
-3.29307 22.6471 -3.29307 -26.3287 -3.29307 0.2216 -3.29307 -0.4525 -3.29307 0.0382 -3.29307 -0.0793 -3.29307 0.047 -3.29307 -0.155 -3.29307 0.0512 -3.29307 -0.1214 -3.29307 0.0529 -3.29307 -0.0069 -3.29307 0.0323 -3.29307 -0.0899 
-3.21287 24.0911 -3.21287 -28.0216 -3.21287 0.2431 -3.21287 -0.4935 -3.21287 0.0405 -3.21287 -0.083 -3.21287 0.0558 -3.21287 -0.1691 -3.21287 0.0582 -3.21287 -0.132 -3.21287 0.0529 -3.21287 -0.0065 -3.21287 0.0357 -3.21287 -0.1029 
-3.13277 25.1058 -3.13277 -29.6471 -3.13277 0.2562 -3.13277 -0.4845 -3.13277 0.043 -3.13277 -0.0806 -3.13277 0.0611 -3.13277 -0.162 -3.13277 0.0612 -3.13277 -0.1302 -3.13277 0.0507 -3.13277 -0.0062 -3.13277 0.0402 -3.13277 -0.1055 
-3.05257 25.3194 -3.05257 -30.6469 -3.05257 0.2507 -3.05257 -0.4314 -3.05257 0.0452 -3.05257 -0.0715 -3.05257 0.0584 -3.05257 -0.14 -3.05257 0.0567 -3.05257 -0.1184 -3.05257 0.046 -3.05257 -0.006 -3.05257 0.0444 -3.05257 -0.0955 
-2.97237 24.8678 -2.97237 -30.9082 -2.97237 0.2276 -2.97237 -0.3575 -2.97237 0.0472 -2.97237 -0.0593 -2.97237 0.048 -2.97237 -0.1123 -2.97237 0.0459 -2.97237 -0.1014 -2.97237 0.0388 -2.97237 -0.0061 -2.97237 0.0477 -2.97237 -0.0784 
-2.89227 24.333 -2.89227 -30.6822 -2.89227 0.198 -2.89227 -0.2888 -2.89227 0.0492 -2.89227 -0.0496 -2.89227 0.0349 -2.89227 -0.0863 -2.89227 0.0337 -2.89227 -0.0836 -2.89227 0.0304 -2.89227 -0.0066 -2.89227 0.0498 -2.89227 -0.0627 
-2.81207 24.1973 -2.81207 -30.2228 -2.81207 0.1727 -2.81207 -0.2368 -2.81207 0.0502 -2.81207 -0.0443 -2.81207 0.0243 -2.81207 -0.0655 -2.81207 0.025 -2.81207 -0.0669 -2.81207 0.0234 -2.81207 -0.0076 -2.81207 0.0498 -2.81207 -0.0525 
-2.73197 24.4141 -2.73197 -29.5664 -2.73197 0.1543 -2.73197 -0.1978 -2.73197 0.048 -2.73197 -0.041 -2.73197 0.0185 -2.73197 -0.0498 -2.73197 0.0212 -2.73197 -0.0521 -2.73197 0.0201 -2.73197 -0.009 -2.73197 0.0465 -2.73197 -0.0459 
-2.65177 24.5767 -2.65177 -28.6419 -2.65177 0.1406 -2.65177 -0.167 -2.65177 0.0418 -2.65177 -0.0368 -2.65177 0.0166 -2.65177 -0.0387 -2.65177 0.021 -2.65177 -0.0405 -2.65177 0.0213 -2.65177 -0.0108 -2.65177 0.0399 -2.65177 -0.0402 
-2.57157 24.4351 -2.57157 -27.5132 -2.57157 0.131 -2.57157 -0.1468 -2.57157 0.0334 -2.57157 -0.0322 -2.57157 0.0174 -2.57157 -0.0325 -2.57157 0.0229 -2.57157 -0.0337 -2.57157 0.0258 -2.57157 -0.0135 -2.57157 0.0315 -2.57157 -0.0349 
-2.49147 24.1438 -2.49147 -26.3977 -2.49147 0.128 -2.49147 -0.1396 -2.49147 0.0259 -2.49147 -0.0287 -2.49147 0.0202 -2.49147 -0.0314 -2.49147 0.0264 -2.49147 -0.0321 -2.49147 0.0315 -2.49147 -0.0169 -2.49147 0.024 -2.49147 -0.0305 
-2.41127 23.9589 -2.41127 -25.4634 -2.41127 0.1315 -2.41127 -0.1404 -2.41127 0.0209 -2.41127 -0.0264 -2.41127 0.0247 -2.41127 -0.0335 -2.41127 0.0312 -2.41127 -0.0333 -2.41127 0.0354 -2.41127 -0.0203 -2.41127 0.0193 -2.41127 -0.0269 
-2.33117 23.8583 -2.33117 -24.7204 -2.33117 0.1374 -2.33117 -0.1417 -2.33117 0.0182 -2.33117 -0.0243 -2.33117 0.0301 -2.33117 -0.036 -2.33117 0.036 -2.33117 -0.0348 -2.33117 0.0356 -2.33117 -0.0225 -2.33117 0.0175 -2.33117 -0.0241 
-2.25097 23.6104 -2.25097 -24.1516 -2.25097 0.1412 -2.25097 -0.1404 -2.25097 0.0168 -2.25097 -0.022 -2.25097 0.0355 -2.25097 -0.0375 -2.25097 0.0393 -2.25097 -0.036 -2.25097 0.0323 -2.25097 -0.0231 -2.25097 0.0173 -2.25097 -0.0218 
-2.17077 23.1291 -2.17077 -23.9048 -2.17077 0.1426 -2.17077 -0.1391 -2.17077 0.0162 -2.17077 -0.0201 -2.17077 0.0405 -2.17077 -0.0386 -2.17077 0.0411 -2.17077 -0.038 -2.17077 0.0273 -2.17077 -0.0224 -2.17077 0.0175 -2.17077 -0.02 
-2.09067 22.693 -2.09067 -24.2165 -2.09067 0.1437 -2.09067 -0.14 -2.09067 0.0162 -2.09067 -0.0194 -2.09067 0.0454 -2.09067 -0.0403 -2.09067 0.0426 -2.09067 -0.0409 -2.09067 0.0222 -2.09067 -0.0207 -2.09067 0.0173 -2.09067 -0.0187 
-2.01047 22.7056 -2.01047 -25.0084 -2.01047 0.1463 -2.01047 -0.1407 -2.01047 0.0167 -2.01047 -0.0201 -2.01047 0.0501 -2.01047 -0.0415 -2.01047 0.0444 -2.01047 -0.0426 -2.01047 0.0183 -2.01047 -0.0186 -2.01047 0.0168 -2.01047 -0.0179 
-1.93037 23.0775 -1.93037 -25.6803 -1.93037 0.1471 -1.93037 -0.137 -1.93037 0.017 -1.93037 -0.0215 -1.93037 0.0526 -1.93037 -0.0405 -1.93037 0.045 -1.93037 -0.0407 -1.93037 0.016 -1.93037 -0.0166 -1.93037 0.0165 -1.93037 -0.0177 
-1.85017 23.118 -1.85017 -25.5955 -1.85017 0.1408 -1.85017 -0.1275 -1.85017 0.0165 -1.85017 -0.0225 -1.85017 0.0501 -1.85017 -0.0371 -1.85017 0.0426 -1.85017 -0.0352 -1.85017 0.015 -1.85017 -0.0149 -1.85017 0.0166 -1.85017 -0.0178 
-1.76997 22.39 -1.76997 -24.8183 -1.76997 0.1261 -1.76997 -0.1167 -1.76997 0.0149 -1.76997 -0.0226 -1.76997 0.0428 -1.76997 -0.0338 -1.76997 0.0376 -1.76997 -0.0289 -1.76997 0.0143 -1.76997 -0.0132 -1.76997 0.0165 -1.76997 -0.0182 
-1.68987 21.3607 -1.68987 -24.0572 -1.68987 0.1099 -1.68987 -0.1094 -1.68987 0.0133 -1.68987 -0.0225 -1.68987 0.0347 -1.68987 -0.0324 -1.68987 0.0329 -1.68987 -0.0246 -1.68987 0.013 -1.68987 -0.011 -1.68987 0.016 -1.68987 -0.0189 
-1.60967 20.865 -1.60967 -23.7555 -1.60967 0.1007 -1.60967 -0.1075 -1.60967 0.0131 -1.60967 -0.0227 -1.60967 0.0299 -1.60967 -0.0327 -1.60967 0.0311 -1.60967 -0.0232 -1.60967 0.0113 -1.60967 -0.0087 -1.60967 0.0153 -1.60967 -0.0202 
-1.52957 21.236 -1.52957 -23.651 -1.52957 0.1021 -1.52957 -0.1077 -1.52957 0.0149 -1.52957 -0.0235 -1.52957 0.0293 -1.52957 -0.0321 -1.52957 0.0322 -1.52957 -0.0232 -1.52957 0.0102 -1.52957 -0.007 -1.52957 0.0155 -1.52957 -0.0219 
-1.44937 22.238 -1.44937 -23.3513 -1.44937 0.1111 -1.44937 -0.1059 -1.44937 0.0184 -1.44937 -0.0244 -1.44937 0.0309 -1.44937 -0.029 -1.44937 0.0347 -1.44937 -0.0227 -1.44937 0.0099 -1.44937 -0.0066 -1.44937 0.0172 -1.44937 -0.0232 
-1.36917 23.5297 -1.36917 -22.7666 -1.36917 0.1233 -1.36917 -0.1004 -1.36917 0.0228 -1.36917 -0.0249 -1.36917 0.0326 -1.36917 -0.0238 -1.36917 0.0374 -1.36917 -0.0208 -1.36917 0.01 -1.36917 -0.0072 -1.36917 0.0205 -1.36917 -0.0237 
-1.28907 24.8392 -1.28907 -21.8136 -1.28907 0.1348 -1.28907 -0.0904 -1.28907 0.0276 -1.28907 -0.024 -1.28907 0.0333 -1.28907 -0.0183 -1.28907 0.0391 -1.28907 -0.0175 -1.28907 0.0098 -1.28907 -0.0079 -1.28907 0.025 -1.28907 -0.0227 
-1.20887 25.8274 -1.20887 -20.2643 -1.20887 0.1443 -1.20887 -0.0767 -1.20887 0.0325 -1.20887 -0.0207 -1.20887 0.0327 -1.20887 -0.014 -1.20887 0.0395 -1.20887 -0.0138 -1.20887 0.0094 -1.20887 -0.008 -1.20887 0.0302 -1.20887 -0.0202 
-1.12867 26.1572 -1.12867 -18.1102 -1.12867 0.1505 -1.12867 -0.0611 -1.12867 0.0365 -1.12867 -0.0157 -1.12867 0.0312 -1.12867 -0.0113 -1.12867 0.039 -1.12867 -0.0105 -1.12867 0.0095 -1.12867 -0.0072 -1.12867 0.0343 -1.12867 -0.0164 
-1.04857 25.8508 -1.04857 -15.812 -1.04857 0.1519 -1.04857 -0.0467 -1.04857 0.0383 -1.04857 -0.0108 -1.04857 0.0294 -1.04857 -0.0096 -1.04857 0.0383 -1.04857 -0.0079 -1.04857 0.0105 -1.04857 -0.006 -1.04857 0.0354 -1.04857 -0.0124 
-0.968371 25.3655 -0.968371 -14.0604 -0.968371 0.1492 -0.968371 -0.0351 -0.968371 0.0375 -0.968371 -0.0075 -0.968371 0.0282 -0.968371 -0.0081 -0.968371 0.0378 -0.968371 -0.0059 -0.968371 0.0122 -0.968371 -0.0045 -0.968371 0.0335 -0.968371 -0.0091 
-0.888271 25.097 -0.888271 -13.2734 -0.888271 0.148 -0.888271 -0.0271 -0.888271 0.0361 -0.888271 -0.0058 -0.888271 0.029 -0.888271 -0.0065 -0.888271 0.0387 -0.888271 -0.0044 -0.888271 0.0136 -0.888271 -0.0033 -0.888271 0.0306 -0.888271 -0.0071 
-0.808071 24.94 -0.808071 -13.2838 -0.808071 0.154 -0.808071 -0.022 -0.808071 0.0363 -0.808071 -0.0052 -0.808071 0.0325 -0.808071 -0.0049 -0.808071 0.0415 -0.808071 -0.0032 -0.808071 0.0141 -0.808071 -0.0027 -0.808071 0.0296 -0.808071 -0.006 
-0.727871 24.4389 -0.727871 -13.5035 -0.727871 0.1656 -0.727871 -0.0188 -0.727871 0.0377 -0.727871 -0.0049 -0.727871 0.0378 -0.727871 -0.0034 -0.727871 0.0452 -0.727871 -0.0024 -0.727871 0.0133 -0.727871 -0.0027 -0.727871 0.0316 -0.727871 -0.0054 
-0.647771 23.2502 -0.647771 -13.3419 -0.647771 0.1747 -0.647771 -0.0166 -0.647771 0.0383 -0.647771 -0.0047 -0.647771 0.0428 -0.647771 -0.0024 -0.647771 0.0472 -0.647771 -0.0018 -0.647771 0.0112 -0.647771 -0.0029 -0.647771 0.0352 -0.647771 -0.0048 
-0.567571 21.4488 -0.567571 -12.4439 -0.567571 0.1747 -0.567571 -0.0145 -0.567571 0.0368 -0.567571 -0.0045 -0.567571 0.0453 -0.567571 -0.0016 -0.567571 0.0463 -0.567571 -0.0013 -0.567571 0.0084 -0.567571 -0.0028 -0.567571 0.0379 -0.567571 -0.0043 
-0.487471 19.4373 -0.487471 -10.6855 -0.487471 0.1706 -0.487471 -0.0126 -0.487471 0.0352 -0.487471 -0.0043 -0.487471 0.0454 -0.487471 -0.0011 -0.487471 0.0461 -0.487471 -0.001 -0.487471 0.0059 -0.487471 -0.0023 -0.487471 0.038 -0.487471 -0.0039 
-0.407271 17.6298 -0.407271 -8.1783 -0.407271 0.1893 -0.407271 -0.0098 -0.407271 0.0389 -0.407271 -0.0036 -0.407271 0.0501 -0.407271 -0.0007 -0.407271 0.0571 -0.407271 -0.0007 -0.407271 0.0042 -0.407271 -0.0016 -0.407271 0.039 -0.407271 -0.0032 
-0.327071 16.2673 -0.327071 -5.3556 -0.327071 0.2739 -0.327071 -0.0067 -0.327071 0.0551 -0.327071 -0.0026 -0.327071 0.0739 -0.327071 -0.0005 -0.327071 0.0932 -0.327071 -0.0004 -0.327071 0.003 -0.327071 -0.0009 -0.327071 0.0487 -0.327071 -0.0023 
-0.246971 15.3236 -0.246971 -2.8779 -0.246971 0.4502 -0.246971 -0.0037 -0.246971 0.0859 -0.246971 -0.0014 -0.246971 0.1293 -0.246971 -0.0003 -0.246971 0.1589 -0.246971 -0.0002 -0.246971 0.0022 -0.246971 -0.0004 -0.246971 0.0739 -0.246971 -0.0014 
-0.166771 14.3898 -0.166771 -1.2254 -0.166771 0.6781 -0.166771 -0.0016 -0.166771 0.121 -0.166771 -0.0006 -0.166771 0.2103 -0.166771 -0.0001 -0.166771 0.2342 -0.166771 -0.0001 -0.166771 0.0017 -0.166771 -0.0002 -0.166771 0.1109 -0.166771 -0.0006 
-0.0866706 12.8042 -0.0866706 -0.4032 -0.0866706 0.8444 -0.0866706 -0.0004 -0.0866706 0.1401 -0.0866706 -0.0002 -0.0866706 0.2823 -0.0866706 -0 -0.0866706 0.2792 -0.0866706 -0 -0.0866706 0.0012 -0.0866706 -0 -0.0866706 0.1416 -0.0866706 -0.0002 
-0.00647058 10.1835 -0.00647058 -0.1008 -0.00647058 0.8402 -0.00647058 -0.0001 -0.00647058 0.1295 -0.00647058 -0 -0.00647058 0.3005 -0.00647058 -0 -0.00647058 0.2643 -0.00647058 -0 -0.00647058 0.0008 -0.00647058 -0 -0.00647058 0.1451 -0.00647058 -0.0001 
0.0737294 6.8864 0.0737294 -0.019 0.0737294 0.657 0.0737294 -0 0.0737294 0.0942 0.0737294 -0 0.0737294 0.249 0.0737294 -0 0.0737294 0.197 0.0737294 -0 0.0737294 0.0004 0.0737294 -0 0.0737294 0.1164 0.0737294 -0 
0.153829 3.8116 0.153829 -0.0027 0.153829 0.3986 0.153829 -0 0.153829 0.0535 0.153829 -0 0.153829 0.1584 0.153829 -0 0.153829 0.1146 0.153829 -0 0.153829 0.0002 0.153829 -0 0.153829 0.0719 0.153829 -0 
0.234029 1.6783 0.234029 -0.0003 0.234029 0.1851 0.234029 -0 0.234029 0.0234 0.234029 -0 0.234029 0.0764 0.234029 -0 0.234029 0.0514 0.234029 -0 0.234029 0.0001 0.234029 -0 0.234029 0.0338 0.234029 -0 
0.314129 0.5755 0.314129 -0 0.314129 0.065 0.314129 -0 0.314129 0.0078 0.314129 -0 0.314129 0.0277 0.314129 -0 0.314129 0.0176 0.314129 -0 0.314129 0 0.314129 -0 0.314129 0.0119 0.314129 -0 
0.394329 0.1513 0.394329 -0 0.394329 0.0173 0.394329 -0 0.394329 0.002 0.394329 -0 0.394329 0.0075 0.394329 -0 0.394329 0.0046 0.394329 -0 0.394329 0 0.394329 -0 0.394329 0.0032 0.394329 -0 
0.474529 0.0301 0.474529 -0 0.474529 0.0034 0.474529 -0 0.474529 0.0004 0.474529 -0 0.474529 0.0015 0.474529 -0 0.474529 0.0009 0.474529 -0 0.474529 0 0.474529 -0 0.474529 0.0006 0.474529 -0 
0.554629 0.0045 0.554629 -0 0.554629 0.0005 0.554629 -0 0.554629 0.0001 0.554629 -0 0.554629 0.0002 0.554629 -0 0.554629 0.0001 0.554629 -0 0.554629 0 0.554629 -0 0.554629 0.0001 0.554629 -0 
0.634829 0.0005 0.634829 -0 0.634829 0 0.634829 -0 0.634829 0 0.634829 -0 0.634829 0 0.634829 -0 0.634829 0 0.634829 -0 0.634829 0 0.634829 -0 0.634829 0 0.634829 -0 
0.714929 0.0 0.714929 -0 0.714929 0 0.714929 -0 0.714929 0 0.714929 -0 0.714929 0 0.714929 -0 0.714929 0 0.714929 -0 0.714929 0 0.714929 -0 0.714929 0 0.714929 -0 
0.795129 0.0 0.795129 -0 0.795129 0 0.795129 -0 0.795129 0 0.795129 -0 0.795129 0 0.795129 -0 0.795129 0 0.795129 -0 0.795129 0 0.795129 -0 0.795129 0 0.795129 -0 
0.875329 0.0 0.875329 -0.0001 0.875329 0 0.875329 -0 0.875329 0 0.875329 -0 0.875329 0 0.875329 -0 0.875329 0 0.875329 -0 0.875329 0 0.875329 -0 0.875329 0 0.875329 -0 
0.955429 0.0002 0.955429 -0.0008 0.955429 0 0.955429 -0 0.955429 0 0.955429 -0 0.955429 0 0.955429 -0 0.955429 0 0.955429 -0 0.955429 0 0.955429 -0 0.955429 0 0.955429 -0 
1.03563 0.0015 1.03563 -0.0064 1.03563 0 1.03563 -0 1.03563 0 1.03563 -0 1.03563 0 1.03563 -0 1.03563 0 1.03563 -0 1.03563 0 1.03563 -0 1.03563 0 1.03563 -0 
1.11573 0.011 1.11573 -0.0384 1.11573 0 1.11573 -0 1.11573 0 1.11573 -0 1.11573 0 1.11573 -0 1.11573 0 1.11573 -0 1.11573 0 1.11573 -0 1.11573 0 1.11573 -0 
1.19593 0.0592 1.19593 -0.1751 1.19593 0 1.19593 -0 1.19593 0 1.19593 -0 1.19593 0 1.19593 -0 1.19593 0 1.19593 -0 1.19593 0 1.19593 -0 1.19593 0 1.19593 -0 
1.27613 0.2429 1.27613 -0.6149 1.27613 0 1.27613 -0 1.27613 0 1.27613 -0 1.27613 0 1.27613 -0 1.27613 0 1.27613 -0 1.27613 0 1.27613 -0 1.27613 0 1.27613 -0 
1.35623 0.7695 1.35623 -1.6837 1.35623 0 1.35623 -0 1.35623 0 1.35623 -0 1.35623 0 1.35623 -0 1.35623 0 1.35623 -0 1.35623 0 1.35623 -0 1.35623 0 1.35623 -0 
1.43643 1.9251 1.43643 -3.6445 1.43643 0 1.43643 -0 1.43643 0 1.43643 -0 1.43643 0 1.43643 -0 1.43643 0 1.43643 -0 1.43643 0 1.43643 -0 1.43643 0 1.43643 -0 
1.51653 3.9195 1.51653 -6.3373 1.51653 0 1.51653 -0 1.51653 0 1.51653 -0 1.51653 0 1.51653 -0 1.51653 0 1.51653 -0 1.51653 0 1.51653 -0 1.51653 0 1.51653 -0 
1.59673 6.7159 1.59673 -9.0362 1.59673 0 1.59673 -0.0002 1.59673 0 1.59673 -0.0001 1.59673 0 1.59673 -0 1.59673 0 1.59673 -0 1.59673 0 1.59673 -0 1.59673 0 1.59673 -0.0001 
1.67693 9.9879 1.67693 -10.9166 1.67693 0 1.67693 -0.0005 1.67693 0 1.67693 -0.0002 1.67693 0 1.67693 -0 1.67693 0 1.67693 -0 1.67693 0 1.67693 -0.0001 1.67693 0 1.67693 -0.0002 
1.75703 13.1787 1.75703 -11.8679 1.75703 0 1.75703 -0.0018 1.75703 0 1.75703 -0.0008 1.75703 0 1.75703 -0.0001 1.75703 0 1.75703 -0.0002 1.75703 0 1.75703 -0.0001 1.75703 0 1.75703 -0.0006 
1.83723 15.5807 1.83723 -12.7839 1.83723 0 1.83723 -0.006 1.83723 0 1.83723 -0.0026 1.83723 0 1.83723 -0.0003 1.83723 0 1.83723 -0.0006 1.83723 0 1.83723 -0.0004 1.83723 0 1.83723 -0.0021 
1.91733 16.4765 1.91733 -14.8416 1.91733 0 1.91733 -0.0159 1.91733 0 1.91733 -0.0069 1.91733 0 1.91733 -0.0009 1.91733 0 1.91733 -0.0015 1.91733 0 1.91733 -0.0009 1.91733 0 1.91733 -0.0057 
1.99753 15.5035 1.99753 -18.4069 1.99753 0.0003 1.99753 -0.0348 1.99753 0 1.99753 -0.015 1.99753 0 1.99753 -0.0019 1.99753 0.0001 1.99753 -0.0032 1.99753 0.0002 1.99753 -0.0018 1.99753 0 1.99753 -0.0129 
2.07773 13.1372 2.07773 -22.7306 2.07773 0.0016 2.07773 -0.0654 2.07773 0.0002 2.07773 -0.0279 2.07773 0.0002 2.07773 -0.0035 2.07773 0.0004 2.07773 -0.0057 2.07773 0.0007 2.07773 -0.0031 2.07773 0.0001 2.07773 -0.0252 
2.15783 10.6623 2.15783 -26.709 2.15783 0.0049 2.15783 -0.1085 2.15783 0.0005 2.15783 -0.0459 2.15783 0.0007 2.15783 -0.0055 2.15783 0.0014 2.15783 -0.0085 2.15783 0.0019 2.15783 -0.0052 2.15783 0.0004 2.15783 -0.0434 
2.23803 9.3366 2.23803 -29.7772 2.23803 0.012 2.23803 -0.1633 2.23803 0.0014 2.23803 -0.0678 2.23803 0.0022 2.23803 -0.0077 2.23803 0.0034 2.23803 -0.0116 2.23803 0.004 2.23803 -0.0094 2.23803 0.001 2.23803 -0.0668 
2.31813 9.5599 2.31813 -32.0975 2.31813 0.0239 2.31813 -0.2277 2.31813 0.0029 2.31813 -0.0901 2.31813 0.0055 2.31813 -0.0107 2.31813 0.007 2.31813 -0.0155 2.31813 0.0064 2.31813 -0.0198 2.31813 0.0021 2.31813 -0.0916 
2.39833 10.8911 2.39833 -34.1691 2.39833 0.0405 2.39833 -0.2999 2.39833 0.0049 2.39833 -0.1081 2.39833 0.0116 2.39833 -0.0155 2.39833 0.0123 2.39833 -0.0211 2.39833 0.0079 2.39833 -0.0423 2.39833 0.0038 2.39833 -0.1129 
2.47853 12.5194 2.47853 -36.4495 2.47853 0.0589 2.47853 -0.3843 2.47853 0.007 2.47853 -0.1194 2.47853 0.0199 2.47853 -0.0242 2.47853 0.0187 2.47853 -0.0301 2.47853 0.0076 2.47853 -0.0826 2.47853 0.0057 2.47853 -0.128 
2.55863 13.5076 2.55863 -39.3095 2.55863 0.0722 2.55863 -0.4898 2.55863 0.0081 2.55863 -0.1262 2.55863 0.0276 2.55863 -0.0381 2.55863 0.0235 2.55863 -0.0437 2.55863 0.0058 2.55863 -0.1433 2.55863 0.0072 2.55863 -0.1385 
2.63883 13.1638 2.63883 -43.0256 2.63883 0.0729 2.63883 -0.6168 2.63883 0.0077 2.63883 -0.1322 2.63883 0.0302 2.63883 -0.0561 2.63883 0.024 2.63883 -0.0606 2.63883 0.0036 2.63883 -0.2219 2.63883 0.0074 2.63883 -0.146 
2.71893 11.7711 2.71893 -47.3346 2.71893 0.0585 2.71893 -0.7466 2.71893 0.0058 2.71893 -0.1378 2.71893 0.0254 2.71893 -0.0742 2.71893 0.0193 2.71893 -0.077 2.71893 0.0019 2.71893 -0.3082 2.71893 0.0061 2.71893 -0.1494 
2.79913 10.6468 2.79913 -51.0412 2.79913 0.0366 2.79913 -0.8481 2.79913 0.0035 2.79913 -0.1391 2.79913 0.0164 2.79913 -0.089 2.79913 0.012 2.79913 -0.0909 2.79913 0.0008 2.79913 -0.3836 2.79913 0.0039 2.79913 -0.1455 
2.87933 10.9854 2.87933 -52.5783 2.87933 0.0176 2.87933 -0.9046 2.87933 0.0017 2.87933 -0.1331 2.87933 0.008 2.87933 -0.1021 2.87933 0.0057 2.87933 -0.1067 2.87933 0.0003 2.87933 -0.4291 2.87933 0.0019 2.87933 -0.1336 
2.95943 12.7557 2.95943 -51.1257 2.95943 0.0068 2.95943 -0.9353 2.95943 0.0007 2.95943 -0.1246 2.95943 0.003 2.95943 -0.1192 2.95943 0.0022 2.95943 -0.1316 2.95943 0.0001 2.95943 -0.4397 2.95943 0.0008 2.95943 -0.1202 
3.03963 15.0422 3.03963 -47.2181 3.03963 0.0023 3.03963 -1.0028 3.03963 0.0003 3.03963 -0.1281 3.03963 0.001 3.03963 -0.1473 3.03963 0.0007 3.03963 -0.171 3.03963 0 3.03963 -0.4367 3.03963 0.0003 3.03963 -0.1197 
3.11973 17.2709 3.11973 -42.4403 3.11973 0.0012 3.11973 -1.2029 3.11973 0.0002 3.11973 -0.1631 3.11973 0.0004 3.11973 -0.1944 3.11973 0.0004 3.11973 -0.2287 3.11973 0 3.11973 -0.4657 3.11973 0.0002 3.11973 -0.151 
3.19993 19.4773 3.19993 -38.4494 3.19993 0.0012 3.19993 -1.6213 3.19993 0.0002 3.19993 -0.2457 3.19993 0.0004 3.19993 -0.2676 3.19993 0.0003 3.19993 -0.3099 3.19993 0.0001 3.19993 -0.5695 3.19993 0.0002 3.19993 -0.2286 
3.28013 21.3474 3.28013 -36.0677 3.28013 0.0014 3.28013 -2.2556 3.28013 0.0002 3.28013 -0.3771 3.28013 0.0004 3.28013 -0.362 3.28013 0.0004 3.28013 -0.4114 3.28013 0.0001 3.28013 -0.7538 3.28013 0.0003 3.28013 -0.3513 
3.36023 21.9146 3.36023 -35.1373 3.36023 0.0016 3.36023 -2.9708 3.36023 0.0003 3.36023 -0.5378 3.36023 0.0005 3.36023 -0.4538 3.36023 0.0004 3.36023 -0.5108 3.36023 0.0001 3.36023 -0.9712 3.36023 0.0003 3.36023 -0.4972 
3.44043 20.7032 3.44043 -34.9359 3.44043 0.0014 3.44043 -3.5554 3.44043 0.0003 3.44043 -0.695 3.44043 0.0004 3.44043 -0.5138 3.44043 0.0003 3.44043 -0.5756 3.44043 0.0001 3.44043 -1.1309 3.44043 0.0003 3.44043 -0.6401 
3.52053 18.5715 3.52053 -34.5075 3.52053 0.001 3.52053 -3.8238 3.52053 0.0002 3.52053 -0.81 3.52053 0.0003 3.52053 -0.5277 3.52053 0.0002 3.52053 -0.5852 3.52053 0.0001 3.52053 -1.1398 3.52053 0.0002 3.52053 -0.7611 
3.60073 16.8779 3.60073 -32.9155 3.60073 0.0009 3.60073 -3.6821 3.60073 0.0002 3.60073 -0.842 3.60073 0.0002 3.60073 -0.4947 3.60073 0.0002 3.60073 -0.5392 3.60073 0.0001 3.60073 -0.9728 3.60073 0.0002 3.60073 -0.8334 
3.68093 15.9839 3.68093 -29.8114 3.68093 0.0006 3.68093 -3.1795 3.68093 0.0002 3.68093 -0.7728 3.68093 0.0001 3.68093 -0.4246 3.68093 0.0001 3.68093 -0.4571 3.68093 0.0001 3.68093 -0.7074 3.68093 0.0001 3.68093 -0.8176 
3.76103 14.9271 3.76103 -25.7715 3.76103 0.0004 3.76103 -2.5403 3.76103 0.0001 3.76103 -0.6419 3.76103 0.0001 3.76103 -0.3464 3.76103 0.0001 3.76103 -0.3804 3.76103 0 3.76103 -0.4654 3.76103 0.0001 3.76103 -0.7062 
3.84123 12.6287 3.84123 -21.6364 3.84123 0.0003 3.84123 -2.0614 3.84123 0.0001 3.84123 -0.5304 3.84123 0.0001 3.84123 -0.3025 3.84123 0 3.84123 -0.3576 3.84123 0 3.84123 -0.3143 3.84123 0.0001 3.84123 -0.5566 
3.92143 9.138 3.92143 -17.6512 3.92143 0 3.92143 -1.8962 3.92143 0 3.92143 -0.4881 3.92143 0 3.92143 -0.3205 3.92143 0 3.92143 -0.4058 3.92143 0 3.92143 -0.235 3.92143 0 3.92143 -0.4468 
4.00153 5.5117 4.00153 -13.6579 4.00153 0 4.00153 -1.9596 4.00153 0 4.00153 -0.4914 4.00153 0 4.00153 -0.3946 4.00153 0 4.00153 -0.4933 4.00153 0 4.00153 -0.1765 4.00153 0 4.00153 -0.4038 
4.08173 2.7774 4.08173 -9.8864 4.08173 0 4.08173 -2.0849 4.08173 0 4.08173 -0.4867 4.08173 0 4.08173 -0.5063 4.08173 0 4.08173 -0.5728 4.08173 0 4.08173 -0.1157 4.08173 0 4.08173 -0.4034 
4.16183 1.2591 4.16183 -6.9808 4.16183 0 4.16183 -2.1953 4.16183 0 4.16183 -0.4533 4.16183 0 4.16183 -0.6411 4.16183 0 4.16183 -0.6215 4.16183 0 4.16183 -0.0616 4.16183 0 4.16183 -0.4178 
4.24203 0.6651 4.24203 -5.2111 4.24203 0 4.24203 -2.234 4.24203 0 4.24203 -0.3983 4.24203 0 4.24203 -0.7576 4.24203 0 4.24203 -0.6257 4.24203 0 4.24203 -0.0266 4.24203 0 4.24203 -0.4258 
4.32223 0.5162 4.32223 -4.1132 4.32223 0.0001 4.32223 -2.0552 4.32223 0 4.32223 -0.3221 4.32223 0 4.32223 -0.7694 4.32223 0 4.32223 -0.5577 4.32223 0.0001 4.32223 -0.0101 4.32223 0 4.32223 -0.3959 
4.40233 0.4868 4.40233 -3.0785 4.40233 0.0001 4.40233 -1.5743 4.40233 0 4.40233 -0.2245 4.40233 0 4.40233 -0.6258 4.40233 0 4.40233 -0.4122 4.40233 0.0001 4.40233 -0.004 4.40233 0 4.40233 -0.3078 
4.48253 0.4853 4.48253 -1.9834 4.48253 0.0001 4.48253 -0.9476 4.48253 0 4.48253 -0.1265 4.48253 0 4.48253 -0.3908 4.48253 0 4.48253 -0.2401 4.48253 0.0001 4.48253 -0.0021 4.48253 0 4.48253 -0.1881 
4.56263 0.5272 4.56263 -1.0798 4.56263 0.0002 4.56263 -0.4351 4.56263 0 4.56263 -0.0553 4.56263 0 4.56263 -0.1835 4.56263 0 4.56263 -0.1071 4.56263 0.0002 4.56263 -0.0018 4.56263 0 4.56263 -0.0874 
4.64283 0.6023 4.64283 -0.5614 4.64283 0.0003 4.64283 -0.151 4.64283 0 4.64283 -0.0183 4.64283 0 4.64283 -0.0641 4.64283 0.0001 4.64283 -0.036 4.64283 0.0002 4.64283 -0.0022 4.64283 0 4.64283 -0.0304 
4.72303 0.6736 4.72303 -0.4191 4.72303 0.0003 4.72303 -0.0414 4.72303 0 4.72303 -0.0046 4.72303 0 4.72303 -0.0167 4.72303 0.0001 4.72303 -0.0092 4.72303 0.0002 4.72303 -0.0031 4.72303 0 4.72303 -0.0078 
4.80313 0.7352 4.80313 -0.5355 4.80313 0.0003 4.80313 -0.0122 4.80313 0 4.80313 -0.0009 4.80313 0.0001 4.80313 -0.0034 4.80313 0.0001 4.80313 -0.0021 4.80313 0.0001 4.80313 -0.0043 4.80313 0 4.80313 -0.0015 
4.88333 0.8072 4.88333 -0.748 4.88333 0.0003 4.88333 -0.0076 4.88333 0 4.88333 -0.0002 4.88333 0.0001 4.88333 -0.0007 4.88333 0.0001 4.88333 -0.0009 4.88333 0.0001 4.88333 -0.0055 4.88333 0 4.88333 -0.0003 
4.96343 0.8776 4.96343 -0.8868 4.96343 0.0005 4.96343 -0.0073 4.96343 0 4.96343 -0.0001 4.96343 0.0001 4.96343 -0.0004 4.96343 0.0002 4.96343 -0.0008 4.96343 0.0002 4.96343 -0.0059 4.96343 0 4.96343 -0.0001 
5.04363 0.8931 5.04363 -0.8616 5.04363 0.0006 5.04363 -0.0061 5.04363 0 5.04363 -0.0001 5.04363 0.0002 5.04363 -0.0003 5.04363 0.0002 5.04363 -0.0008 5.04363 0.0002 5.04363 -0.0049 5.04363 0 5.04363 -0 
5.12383 0.8269 5.12383 -0.7155 5.12383 0.0007 5.12383 -0.0045 5.12383 0 5.12383 -0.0001 5.12383 0.0002 5.12383 -0.0003 5.12383 0.0003 5.12383 -0.0007 5.12383 0.0002 5.12383 -0.0034 5.12383 0 5.12383 -0 
5.20393 0.7241 5.20393 -0.5738 5.20393 0.0007 5.20393 -0.0038 5.20393 0 5.20393 -0 5.20393 0.0002 5.20393 -0.0005 5.20393 0.0003 5.20393 -0.0009 5.20393 0.0002 5.20393 -0.0024 5.20393 0 5.20393 -0 
5.28413 0.6793 5.28413 -0.5498 5.28413 0.0006 5.28413 -0.0048 5.28413 0 5.28413 -0.0001 5.28413 0.0001 5.28413 -0.0008 5.28413 0.0003 5.28413 -0.0014 5.28413 0.0002 5.28413 -0.0024 5.28413 0 5.28413 -0.0001 
5.36423 0.7891 5.36423 -0.6834 5.36423 0.0005 5.36423 -0.0064 5.36423 0 5.36423 -0.0001 5.36423 0.0001 5.36423 -0.0011 5.36423 0.0003 5.36423 -0.0021 5.36423 0.0001 5.36423 -0.003 5.36423 0 5.36423 -0.0001 
5.44443 1.079 5.44443 -0.9327 5.44443 0.0006 5.44443 -0.0073 5.44443 0 5.44443 -0.0001 5.44443 0.0002 5.44443 -0.0012 5.44443 0.0003 5.44443 -0.0025 5.44443 0.0001 5.44443 -0.0034 5.44443 0 5.44443 -0.0001 
5.52463 1.4516 5.52463 -1.1882 5.52463 0.0011 5.52463 -0.007 5.52463 0.0001 5.52463 -0.0001 5.52463 0.0003 5.52463 -0.0011 5.52463 0.0006 5.52463 -0.0025 5.52463 0.0001 5.52463 -0.0032 5.52463 0 5.52463 -0.0001 
5.60473 1.7453 5.60473 -1.3184 5.60473 0.0017 5.60473 -0.0059 5.60473 0.0001 5.60473 -0.0001 5.60473 0.0004 5.60473 -0.0009 5.60473 0.0009 5.60473 -0.0022 5.60473 0.0002 5.60473 -0.0026 5.60473 0.0001 5.60473 -0.0001 
5.68493 1.854 5.68493 -1.2893 5.68493 0.0023 5.68493 -0.0045 5.68493 0.0001 5.68493 -0.0002 5.68493 0.0006 5.68493 -0.0007 5.68493 0.0012 5.68493 -0.0017 5.68493 0.0003 5.68493 -0.0018 5.68493 0.0001 5.68493 -0.0001 
5.76503 1.7907 5.76503 -1.2195 5.76503 0.0024 5.76503 -0.004 5.76503 0.0001 5.76503 -0.0002 5.76503 0.0006 5.76503 -0.0008 5.76503 0.0013 5.76503 -0.0017 5.76503 0.0003 5.76503 -0.0012 5.76503 0.0001 5.76503 -0.0001 
5.84523 1.6726 5.84523 -1.2486 5.84523 0.0024 5.84523 -0.0052 5.84523 0.0001 5.84523 -0.0003 5.84523 0.0006 5.84523 -0.0013 5.84523 0.0013 5.84523 -0.0024 5.84523 0.0003 5.84523 -0.0011 5.84523 0.0001 5.84523 -0.0001 
5.92543 1.6461 5.92543 -1.4048 5.92543 0.0027 5.92543 -0.008 5.92543 0.0002 5.92543 -0.0003 5.92543 0.0007 5.92543 -0.0022 5.92543 0.0014 5.92543 -0.0039 5.92543 0.0003 5.92543 -0.0014 5.92543 0.0001 5.92543 -0.0002 
6.00553 1.7861 6.00553 -1.6393 6.00553 0.0031 6.00553 -0.011 6.00553 0.0002 6.00553 -0.0004 6.00553 0.0009 6.00553 -0.0031 6.00553 0.0015 6.00553 -0.0054 6.00553 0.0003 6.00553 -0.0019 6.00553 0.0002 6.00553 -0.0002 
6.08573 2.0364 6.08573 -1.8958 6.08573 0.0035 6.08573 -0.0124 6.08573 0.0003 6.08573 -0.0004 6.08573 0.0011 6.08573 -0.0034 6.08573 0.0016 6.08573 -0.0062 6.08573 0.0003 6.08573 -0.0021 6.08573 0.0002 6.08573 -0.0003 
6.16583 2.2639 6.16583 -2.1092 6.16583 0.0034 6.16583 -0.0117 6.16583 0.0003 6.16583 -0.0003 6.16583 0.0011 6.16583 -0.0033 6.16583 0.0015 6.16583 -0.0059 6.16583 0.0003 6.16583 -0.0019 6.16583 0.0002 6.16583 -0.0003 
6.24603 2.3877 6.24603 -2.2307 6.24603 0.0025 6.24603 -0.011 6.24603 0.0002 6.24603 -0.0004 6.24603 0.0008 6.24603 -0.0032 6.24603 0.0011 6.24603 -0.0054 6.24603 0.0002 6.24603 -0.0016 6.24603 0.0002 6.24603 -0.0004 
6.32623 2.4672 6.32623 -2.316 6.32623 0.0018 6.32623 -0.0113 6.32623 0.0002 6.32623 -0.0004 6.32623 0.0005 6.32623 -0.0036 6.32623 0.0007 6.32623 -0.0055 6.32623 0.0002 6.32623 -0.0013 6.32623 0.0002 6.32623 -0.0005 
6.40633 2.6857 6.40633 -2.5007 6.40633 0.0012 6.40633 -0.0129 6.40633 0.0002 6.40633 -0.0006 6.40633 0.0003 6.40633 -0.0045 6.40633 0.0004 6.40633 -0.0062 6.40633 0.0002 6.40633 -0.001 6.40633 0.0001 6.40633 -0.0006 
6.48653 3.2293 6.48653 -2.8323 6.48653 0.0011 6.48653 -0.0141 6.48653 0.0002 6.48653 -0.0006 6.48653 0.0002 6.48653 -0.0051 6.48653 0.0004 6.48653 -0.0069 6.48653 0.0002 6.48653 -0.0009 6.48653 0.0001 6.48653 -0.0006 
6.56663 4.1205 6.56663 -3.2552 6.56663 0.0017 6.56663 -0.0133 6.56663 0.0003 6.56663 -0.0007 6.56663 0.0003 6.56663 -0.0048 6.56663 0.0006 6.56663 -0.0064 6.56663 0.0003 6.56663 -0.0008 6.56663 0.0002 6.56663 -0.0006 
6.64683 5.1656 6.64683 -3.7758 6.64683 0.0022 6.64683 -0.0104 6.64683 0.0004 6.64683 -0.0006 6.64683 0.0005 6.64683 -0.0036 6.64683 0.0008 6.64683 -0.005 6.64683 0.0003 6.64683 -0.0007 6.64683 0.0002 6.64683 -0.0005 
6.72703 6.1183 6.72703 -4.4605 6.72703 0.0033 6.72703 -0.008 6.72703 0.0005 6.72703 -0.0007 6.72703 0.0008 6.72703 -0.0025 6.72703 0.0014 6.72703 -0.0038 6.72703 0.0003 6.72703 -0.0006 6.72703 0.0003 6.72703 -0.0004 
6.80713 6.8999 6.80713 -5.2766 6.80713 0.0049 6.80713 -0.0079 6.80713 0.0006 6.80713 -0.0009 6.80713 0.0014 6.80713 -0.0022 6.80713 0.0022 6.80713 -0.0038 6.80713 0.0003 6.80713 -0.0005 6.80713 0.0004 6.80713 -0.0005 
6.88733 7.6375 6.88733 -6.1267 6.88733 0.0071 6.88733 -0.011 6.88733 0.0007 6.88733 -0.0012 6.88733 0.0021 6.88733 -0.0032 6.88733 0.0034 6.88733 -0.0055 6.88733 0.0004 6.88733 -0.0004 6.88733 0.0005 6.88733 -0.0007 
6.96743 8.5232 6.96743 -7.0343 6.96743 0.0095 6.96743 -0.0179 6.96743 0.0008 6.96743 -0.0017 6.96743 0.0029 6.96743 -0.0055 6.96743 0.0045 6.96743 -0.009 6.96743 0.0006 6.96743 -0.0005 6.96743 0.0007 6.96743 -0.0012 
7.04763 9.6668 7.04763 -8.1456 7.04763 0.011 7.04763 -0.0275 7.04763 0.0009 7.04763 -0.0022 7.04763 0.0034 7.04763 -0.0089 7.04763 0.0051 7.04763 -0.0141 7.04763 0.0008 7.04763 -0.0006 7.04763 0.0008 7.04763 -0.0017 
7.12783 11.0027 7.12783 -9.5274 7.12783 0.0111 7.12783 -0.0374 7.12783 0.0009 7.12783 -0.0027 7.12783 0.0035 7.12783 -0.0126 7.12783 0.0048 7.12783 -0.0191 7.12783 0.0011 7.12783 -0.0008 7.12783 0.0008 7.12783 -0.0022 
7.20793 12.2352 7.20793 -11.0518 7.20793 0.0098 7.20793 -0.0434 7.20793 0.0009 7.20793 -0.0031 7.20793 0.003 7.20793 -0.0151 7.20793 0.0038 7.20793 -0.0217 7.20793 0.0013 7.20793 -0.0009 7.20793 0.0008 7.20793 -0.0026 
7.28813 12.9364 7.28813 -12.4747 7.28813 0.0084 7.28813 -0.0422 7.28813 0.0009 7.28813 -0.0033 7.28813 0.0024 7.28813 -0.0149 7.28813 0.0028 7.28813 -0.0203 7.28813 0.0016 7.28813 -0.001 7.28813 0.0007 7.28813 -0.0027 
7.36823 12.8246 7.36823 -13.5141 7.36823 0.0075 7.36823 -0.0348 7.36823 0.001 7.36823 -0.0032 7.36823 0.0018 7.36823 -0.0122 7.36823 0.0022 7.36823 -0.0159 7.36823 0.0018 7.36823 -0.001 7.36823 0.0007 7.36823 -0.0025 
7.44843 11.9662 7.44843 -13.8953 7.44843 0.007 7.44843 -0.0254 7.44843 0.0011 7.44843 -0.0029 7.44843 0.0014 7.44843 -0.0085 7.44843 0.0019 7.44843 -0.0109 7.44843 0.0019 7.44843 -0.001 7.44843 0.0007 7.44843 -0.0021 
7.52863 10.7038 7.52863 -13.5091 7.52863 0.0067 7.52863 -0.0186 7.52863 0.0011 7.52863 -0.0026 7.52863 0.0013 7.52863 -0.0058 7.52863 0.0018 7.52863 -0.0076 7.52863 0.0019 7.52863 -0.0009 7.52863 0.0006 7.52863 -0.0017 
7.60873 9.3966 7.60873 -12.572 7.60873 0.0062 7.60873 -0.0157 7.60873 0.0011 7.60873 -0.0025 7.60873 0.0012 7.60873 -0.0046 7.60873 0.0017 7.60873 -0.0062 7.60873 0.0016 7.60873 -0.0009 7.60873 0.0006 7.60873 -0.0015 
7.68893 8.2324 7.68893 -11.5039 7.68893 0.0055 7.68893 -0.0149 7.68893 0.0011 7.68893 -0.0025 7.68893 0.0011 7.68893 -0.0042 7.68893 0.0015 7.68893 -0.0058 7.68893 0.0012 7.68893 -0.0009 7.68893 0.0006 7.68893 -0.0015 
7.76903 7.3131 7.76903 -10.5519 7.76903 0.0048 7.76903 -0.0135 7.76903 0.001 7.76903 -0.0023 7.76903 0.001 7.76903 -0.0038 7.76903 0.0014 7.76903 -0.0052 7.76903 0.0009 7.76903 -0.0008 7.76903 0.0005 7.76903 -0.0014 
7.84923 6.7919 7.84923 -9.5932 7.84923 0.0047 7.84923 -0.0111 7.84923 0.001 7.84923 -0.0021 7.84923 0.001 7.84923 -0.003 7.84923 0.0015 7.84923 -0.0042 7.84923 0.0007 7.84923 -0.0006 7.84923 0.0005 7.84923 -0.0012 
7.92943 6.6823 7.92943 -8.3939 7.92943 0.005 7.92943 -0.0087 7.92943 0.0011 7.92943 -0.0018 7.92943 0.0011 7.92943 -0.0022 7.92943 0.0016 7.92943 -0.0032 7.92943 0.0006 7.92943 -0.0005 7.92943 0.0006 7.92943 -0.001 
8.00953 6.6411 8.00953 -6.9901 8.00953 0.0053 8.00953 -0.007 8.00953 0.0011 8.00953 -0.0016 8.00953 0.0011 8.00953 -0.0017 8.00953 0.0018 8.00953 -0.0025 8.00953 0.0007 8.00953 -0.0003 8.00953 0.0006 8.00953 -0.0009 
8.08973 6.2832 8.08973 -5.7016 8.08973 0.0056 8.08973 -0.0068 8.08973 0.0011 8.08973 -0.0015 8.08973 0.0011 8.08973 -0.0016 8.08973 0.0019 8.08973 -0.0024 8.08973 0.0008 8.08973 -0.0003 8.08973 0.0007 8.08973 -0.001 
8.16983 5.63 8.16983 -4.8103 8.16983 0.0055 8.16983 -0.007 8.16983 0.001 8.16983 -0.0015 8.16983 0.0011 8.16983 -0.0018 8.16983 0.0019 8.16983 -0.0024 8.16983 0.0008 8.16983 -0.0002 8.16983 0.0007 8.16983 -0.0011 
8.25003 5.008 8.25003 -4.3423 8.25003 0.0055 8.25003 -0.0079 8.25003 0.0009 8.25003 -0.0016 8.25003 0.0011 8.25003 -0.0021 8.25003 0.0019 8.25003 -0.0026 8.25003 0.0009 8.25003 -0.0003 8.25003 0.0007 8.25003 -0.0013 
8.33023 4.6915 8.33023 -4.1772 8.33023 0.0058 8.33023 -0.0086 8.33023 0.0009 8.33023 -0.0017 8.33023 0.0012 8.33023 -0.0024 8.33023 0.0019 8.33023 -0.0029 8.33023 0.0011 8.33023 -0.0003 8.33023 0.0007 8.33023 -0.0013 
8.41033 4.7865 8.41033 -4.236 8.41033 0.0063 8.41033 -0.0091 8.41033 0.0009 8.41033 -0.0018 8.41033 0.0015 8.41033 -0.0026 8.41033 0.002 8.41033 -0.0032 8.41033 0.0012 8.41033 -0.0003 8.41033 0.0007 8.41033 -0.0012 
8.49053 5.1947 8.49053 -4.4668 8.49053 0.007 8.49053 -0.0094 8.49053 0.0011 8.49053 -0.0018 8.49053 0.0017 8.49053 -0.0028 8.49053 0.0022 8.49053 -0.0034 8.49053 0.0012 8.49053 -0.0004 8.49053 0.0008 8.49053 -0.001 
8.57063 5.5968 8.57063 -4.7506 8.57063 0.0075 8.57063 -0.0094 8.57063 0.0013 8.57063 -0.0017 8.57063 0.0019 8.57063 -0.0028 8.57063 0.0023 8.57063 -0.0035 8.57063 0.0012 8.57063 -0.0005 8.57063 0.0008 8.57063 -0.0009 
8.65083 5.6779 8.65083 -4.9589 8.65083 0.0077 8.65083 -0.0095 8.65083 0.0013 8.65083 -0.0017 8.65083 0.002 8.65083 -0.0027 8.65083 0.0024 8.65083 -0.0036 8.65083 0.0011 8.65083 -0.0006 8.65083 0.0009 8.65083 -0.0009 
8.73103 5.4103 8.73103 -5.0531 8.73103 0.0074 8.73103 -0.0098 8.73103 0.0012 8.73103 -0.0017 8.73103 0.0019 8.73103 -0.0026 8.73103 0.0023 8.73103 -0.0038 8.73103 0.0011 8.73103 -0.0007 8.73103 0.0009 8.73103 -0.001 
8.81113 5.0197 8.81113 -5.0481 8.81113 0.0069 8.81113 -0.0106 8.81113 0.001 8.81113 -0.0019 8.81113 0.0018 8.81113 -0.0026 8.81113 0.0021 8.81113 -0.0042 8.81113 0.0011 8.81113 -0.0008 8.81113 0.0009 8.81113 -0.0011 
8.89133 4.7228 8.89133 -4.9421 8.89133 0.0068 8.89133 -0.0118 8.89133 0.0009 8.89133 -0.0022 8.89133 0.0017 8.89133 -0.0027 8.89133 0.002 8.89133 -0.0047 8.89133 0.0013 8.89133 -0.001 8.89133 0.0009 8.89133 -0.0012 
8.97153 4.5648 8.97153 -4.7079 8.97153 0.0066 8.97153 -0.013 8.97153 0.0009 8.97153 -0.0023 8.97153 0.0015 8.97153 -0.0029 8.97153 0.0019 8.97153 -0.0051 8.97153 0.0015 8.97153 -0.0014 8.97153 0.0008 8.97153 -0.0013 
9.05163 4.4399 9.05163 -4.3278 9.05163 0.0065 9.05163 -0.0132 9.05163 0.0009 9.05163 -0.0023 9.05163 0.0013 9.05163 -0.003 9.05163 0.0019 9.05163 -0.0049 9.05163 0.0017 9.05163 -0.0017 9.05163 0.0007 9.05163 -0.0013 
9.13183 4.2033 9.13183 -3.8816 9.13183 0.0061 9.13183 -0.0123 9.13183 0.0009 9.13183 -0.0019 9.13183 0.0011 9.13183 -0.003 9.13183 0.0018 9.13183 -0.0043 9.13183 0.0017 9.13183 -0.0019 9.13183 0.0006 9.13183 -0.0012 
9.21193 3.8112 9.21193 -3.5452 9.21193 0.0056 9.21193 -0.0108 9.21193 0.0008 9.21193 -0.0015 9.21193 0.001 9.21193 -0.0028 9.21193 0.0017 9.21193 -0.0034 9.21193 0.0015 9.21193 -0.002 9.21193 0.0006 9.21193 -0.0011 
9.29213 3.3851 9.29213 -3.3818 9.29213 0.0051 9.29213 -0.0096 9.29213 0.0007 9.29213 -0.0012 9.29213 0.001 9.29213 -0.0026 9.29213 0.0016 9.29213 -0.0026 9.29213 0.0012 9.29213 -0.0021 9.29213 0.0006 9.29213 -0.0011 
9.37233 3.089 9.37233 -3.2315 9.37233 0.0046 9.37233 -0.0085 9.37233 0.0007 9.37233 -0.001 9.37233 0.001 9.37233 -0.0023 9.37233 0.0014 9.37233 -0.0022 9.37233 0.0009 9.37233 -0.002 9.37233 0.0006 9.37233 -0.001 
9.45243 2.9364 9.45243 -2.9135 9.45243 0.0043 9.45243 -0.0074 9.45243 0.0007 9.45243 -0.0009 9.45243 0.001 9.45243 -0.0019 9.45243 0.0013 9.45243 -0.0019 9.45243 0.0007 9.45243 -0.0018 9.45243 0.0006 9.45243 -0.0009 
9.53263 2.788 9.53263 -2.4594 9.53263 0.004 9.53263 -0.0058 9.53263 0.0007 9.53263 -0.0007 9.53263 0.0009 9.53263 -0.0015 9.53263 0.0012 9.53263 -0.0017 9.53263 0.0006 9.53263 -0.0013 9.53263 0.0006 9.53263 -0.0006 
9.61273 2.5176 9.61273 -2.0886 9.61273 0.0035 9.61273 -0.0047 9.61273 0.0006 9.61273 -0.0006 9.61273 0.0007 9.61273 -0.0011 9.61273 0.001 9.61273 -0.0017 9.61273 0.0006 9.61273 -0.0009 9.61273 0.0006 9.61273 -0.0004 
9.69293 2.1049 9.69293 -1.9562 9.69293 0.0031 9.69293 -0.004 9.69293 0.0006 9.69293 -0.0006 9.69293 0.0005 9.69293 -0.0008 9.69293 0.0009 9.69293 -0.0017 9.69293 0.0006 9.69293 -0.0006 9.69293 0.0005 9.69293 -0.0003 
9.77313 1.6124 9.77313 -1.9622 9.77313 0.0026 9.77313 -0.0038 9.77313 0.0004 9.77313 -0.0006 9.77313 0.0004 9.77313 -0.0007 9.77313 0.0008 9.77313 -0.0017 9.77313 0.0005 9.77313 -0.0005 9.77313 0.0005 9.77313 -0.0003 
9.85323 1.1307 9.85323 -1.8743 9.85323 0.002 9.85323 -0.0032 9.85323 0.0003 9.85323 -0.0005 9.85323 0.0003 9.85323 -0.0006 9.85323 0.0006 9.85323 -0.0014 9.85323 0.0004 9.85323 -0.0005 9.85323 0.0004 9.85323 -0.0002 
9.93343 0.7237 9.93343 -1.6156 9.93343 0.0013 9.93343 -0.0025 9.93343 0.0002 9.93343 -0.0004 9.93343 0.0002 9.93343 -0.0004 9.93343 0.0004 9.93343 -0.0011 9.93343 0.0002 9.93343 -0.0004 9.93343 0.0003 9.93343 -0.0002 
10.0135 0.4118 10.0135 -1.3313 10.0135 0.0007 10.0135 -0.0021 10.0135 0.0001 10.0135 -0.0003 10.0135 0.0001 10.0135 -0.0004 10.0135 0.0002 10.0135 -0.0008 10.0135 0.0001 10.0135 -0.0004 10.0135 0.0002 10.0135 -0.0002 
10.0937 0.1979 10.0937 -1.1608 10.0937 0.0004 10.0937 -0.0019 10.0937 0.0001 10.0937 -0.0003 10.0937 0 10.0937 -0.0004 10.0937 0.0001 10.0937 -0.0006 10.0937 0.0001 10.0937 -0.0004 10.0937 0.0001 10.0937 -0.0002 
10.1739 0.0761 10.1739 -1.0518 10.1739 0 10.1739 -0.0019 10.1739 0 10.1739 -0.0003 10.1739 0 10.1739 -0.0005 10.1739 0 10.1739 -0.0005 10.1739 0 10.1739 -0.0004 10.1739 0 10.1739 -0.0002 
10.254 0.0225 10.254 -0.8627 10.254 0 10.254 -0.0018 10.254 0 10.254 -0.0003 10.254 0 10.254 -0.0005 10.254 0 10.254 -0.0004 10.254 0 10.254 -0.0004 10.254 0 10.254 -0.0002 
10.3342 0.005 10.3342 -0.5721 10.3342 0 10.3342 -0.0013 10.3342 0 10.3342 -0.0002 10.3342 0 10.3342 -0.0004 10.3342 0 10.3342 -0.0003 10.3342 0 10.3342 -0.0003 10.3342 0 10.3342 -0.0001 
10.4143 0.0008 10.4143 -0.2908 10.4143 0 10.4143 -0.0006 10.4143 0 10.4143 -0.0001 10.4143 0 10.4143 -0.0002 10.4143 0 10.4143 -0.0001 10.4143 0 10.4143 -0.0001 10.4143 0 10.4143 -0.0001 
10.4945 0.0001 10.4945 -0.1109 10.4945 0 10.4945 -0.0003 10.4945 0 10.4945 -0 10.4945 0 10.4945 -0.0001 10.4945 0 10.4945 -0.0001 10.4945 0 10.4945 -0.0001 10.4945 0 10.4945 -0 
10.5747 0.0 10.5747 -0.0314 10.5747 0 10.5747 -0 10.5747 0 10.5747 -0 10.5747 0 10.5747 -0 10.5747 0 10.5747 -0 10.5747 0 10.5747 -0 10.5747 0 10.5747 -0 
10.6548 0.0 10.6548 -0.0066 10.6548 0 10.6548 -0 10.6548 0 10.6548 -0 10.6548 0 10.6548 -0 10.6548 0 10.6548 -0 10.6548 0 10.6548 -0 10.6548 0 10.6548 -0 
10.735 0.0 10.735 -0.001 10.735 0 10.735 -0 10.735 0 10.735 -0 10.735 0 10.735 -0 10.735 0 10.735 -0 10.735 0 10.735 -0 10.735 0 10.735 -0 
10.8151 0.0 10.8151 -0.0001 10.8151 0 10.8151 -0 10.8151 0 10.8151 -0 10.8151 0 10.8151 -0 10.8151 0 10.8151 -0 10.8151 0 10.8151 -0 10.8151 0 10.8151 -0 
10.8953 0.0 10.8953 -0 10.8953 0 10.8953 -0 10.8953 0 10.8953 -0 10.8953 0 10.8953 -0 10.8953 0 10.8953 -0 10.8953 0 10.8953 -0 10.8953 0 10.8953 -0 
10.9755 0.0 10.9755 -0 10.9755 0 10.9755 -0 10.9755 0 10.9755 -0 10.9755 0 10.9755 -0 10.9755 0 10.9755 -0 10.9755 0 10.9755 -0 10.9755 0 10.9755 -0 
11.0556 0.0 11.0556 -0 11.0556 0 11.0556 -0 11.0556 0 11.0556 -0 11.0556 0 11.0556 -0 11.0556 0 11.0556 -0 11.0556 0 11.0556 -0 11.0556 0 11.0556 -0 
11.1358 0.0 11.1358 -0 11.1358 0 11.1358 -0 11.1358 0 11.1358 -0 11.1358 0 11.1358 -0 11.1358 0 11.1358 -0 11.1358 0 11.1358 -0 11.1358 0 11.1358 -0 
11.2159 0.0 11.2159 -0 11.2159 0 11.2159 -0 11.2159 0 11.2159 -0 11.2159 0 11.2159 -0 11.2159 0 11.2159 -0 11.2159 0 11.2159 -0 11.2159 0 11.2159 -0 
11.2961 0.0 11.2961 -0 11.2961 0 11.2961 -0 11.2961 0 11.2961 -0 11.2961 0 11.2961 -0 11.2961 0 11.2961 -0 11.2961 0 11.2961 -0 11.2961 0 11.2961 -0 
11.3763 0.0 11.3763 -0 11.3763 0 11.3763 -0 11.3763 0 11.3763 -0 11.3763 0 11.3763 -0 11.3763 0 11.3763 -0 11.3763 0 11.3763 -0 11.3763 0 11.3763 -0 
11.4564 0.0 11.4564 -0 11.4564 0 11.4564 -0 11.4564 0 11.4564 -0 11.4564 0 11.4564 -0 11.4564 0 11.4564 -0 11.4564 0 11.4564 -0 11.4564 0 11.4564 -0 
11.5366 0.0 11.5366 -0 11.5366 0 11.5366 -0 11.5366 0 11.5366 -0 11.5366 0 11.5366 -0 11.5366 0 11.5366 -0 11.5366 0 11.5366 -0 11.5366 0 11.5366 -0 
11.6167 0.0 11.6167 -0 11.6167 0 11.6167 -0 11.6167 0 11.6167 -0 11.6167 0 11.6167 -0 11.6167 0 11.6167 -0 11.6167 0 11.6167 -0 11.6167 0 11.6167 -0 
11.6969 0.0 11.6969 -0 11.6969 0 11.6969 -0 11.6969 0 11.6969 -0 11.6969 0 11.6969 -0 11.6969 0 11.6969 -0 11.6969 0 11.6969 -0 11.6969 0 11.6969 -0 
11.7771 0.0 11.7771 -0 11.7771 0 11.7771 -0 11.7771 0 11.7771 -0 11.7771 0 11.7771 -0 11.7771 0 11.7771 -0 11.7771 0 11.7771 -0 11.7771 0 11.7771 -0 
11.8572 0.0 11.8572 -0 11.8572 0 11.8572 -0 11.8572 0 11.8572 -0 11.8572 0 11.8572 -0 11.8572 0 11.8572 -0 11.8572 0 11.8572 -0 11.8572 0 11.8572 -0 
11.9374 0.0 11.9374 -0 11.9374 0 11.9374 -0 11.9374 0 11.9374 -0 11.9374 0 11.9374 -0 11.9374 0 11.9374 -0 11.9374 0 11.9374 -0 11.9374 0 11.9374 -0 
12.0175 0.0 12.0175 -0 12.0175 0 12.0175 -0 12.0175 0 12.0175 -0 12.0175 0 12.0175 -0 12.0175 0 12.0175 -0 12.0175 0 12.0175 -0 12.0175 0 12.0175 -0 
12.0977 0.0 12.0977 -0 12.0977 0 12.0977 -0 12.0977 0 12.0977 -0 12.0977 0 12.0977 -0 12.0977 0 12.0977 -0 12.0977 0 12.0977 -0 12.0977 0 12.0977 -0 
12.1779 0.0 12.1779 -0 12.1779 0 12.1779 -0 12.1779 0 12.1779 -0 12.1779 0 12.1779 -0 12.1779 0 12.1779 -0 12.1779 0 12.1779 -0 12.1779 0 12.1779 -0 
12.258 0.0 12.258 -0 12.258 0 12.258 -0 12.258 0 12.258 -0 12.258 0 12.258 -0 12.258 0 12.258 -0 12.258 0 12.258 -0 12.258 0 12.258 -0 
12.3382 0.0 12.3382 -0 12.3382 0 12.3382 -0 12.3382 0 12.3382 -0 12.3382 0 12.3382 -0 12.3382 0 12.3382 -0 12.3382 0 12.3382 -0 12.3382 0 12.3382 -0 
12.4183 0.0 12.4183 -0 12.4183 0 12.4183 -0 12.4183 0 12.4183 -0 12.4183 0 12.4183 -0 12.4183 0 12.4183 -0 12.4183 0 12.4183 -0 12.4183 0 12.4183 -0 
12.4985 0.0 12.4985 -0 12.4985 0 12.4985 -0 12.4985 0 12.4985 -0 12.4985 0 12.4985 -0 12.4985 0 12.4985 -0 12.4985 0 12.4985 -0 12.4985 0 12.4985 -0 
12.5787 0.0 12.5787 -0 12.5787 0 12.5787 -0 12.5787 0 12.5787 -0 12.5787 0 12.5787 -0 12.5787 0 12.5787 -0 12.5787 0 12.5787 -0 12.5787 0 12.5787 -0 
12.6588 0.0 12.6588 -0 12.6588 0 12.6588 -0 12.6588 0 12.6588 -0 12.6588 0 12.6588 -0 12.6588 0 12.6588 -0 12.6588 0 12.6588 -0 12.6588 0 12.6588 -0 
12.739 0.0 12.739 -0 12.739 0 12.739 -0 12.739 0 12.739 -0 12.739 0 12.739 -0 12.739 0 12.739 -0 12.739 0 12.739 -0 12.739 0 12.739 -0 
12.8191 0.0 12.8191 -0 12.8191 0 12.8191 -0 12.8191 0 12.8191 -0 12.8191 0 12.8191 -0 12.8191 0 12.8191 -0 12.8191 0 12.8191 -0 12.8191 0 12.8191 -0 
12.8993 0.0 12.8993 -0 12.8993 0 12.8993 -0 12.8993 0 12.8993 -0 12.8993 0 12.8993 -0 12.8993 0 12.8993 -0 12.8993 0 12.8993 -0 12.8993 0 12.8993 -0 
12.9795 0.0 12.9795 -0 12.9795 0 12.9795 -0 12.9795 0 12.9795 -0 12.9795 0 12.9795 -0 12.9795 0 12.9795 -0 12.9795 0 12.9795 -0 12.9795 0 12.9795 -0 
13.0596 0.0 13.0596 -0 13.0596 0 13.0596 -0 13.0596 0 13.0596 -0 13.0596 0 13.0596 -0 13.0596 0 13.0596 -0 13.0596 0 13.0596 -0 13.0596 0 13.0596 -0 
13.1398 0.0 13.1398 -0 13.1398 0 13.1398 -0 13.1398 0 13.1398 -0 13.1398 0 13.1398 -0 13.1398 0 13.1398 -0 13.1398 0 13.1398 -0 13.1398 0 13.1398 -0 
13.2199 0.0 13.2199 -0 13.2199 0 13.2199 -0 13.2199 0 13.2199 -0 13.2199 0 13.2199 -0 13.2199 0 13.2199 -0 13.2199 0 13.2199 -0 13.2199 0 13.2199 -0 
13.3001 0.0 13.3001 -0 13.3001 0 13.3001 -0 13.3001 0 13.3001 -0 13.3001 0 13.3001 -0 13.3001 0 13.3001 -0 13.3001 0 13.3001 -0 13.3001 0 13.3001 -0 
13.3803 0.0 13.3803 -0 13.3803 0 13.3803 -0 13.3803 0 13.3803 -0 13.3803 0 13.3803 -0 13.3803 0 13.3803 -0 13.3803 0 13.3803 -0 13.3803 0 13.3803 -0 
13.4604 0.0 13.4604 -0 13.4604 0 13.4604 -0 13.4604 0 13.4604 -0 13.4604 0 13.4604 -0 13.4604 0 13.4604 -0 13.4604 0 13.4604 -0 13.4604 0 13.4604 -0 
13.5406 0.0 13.5406 -0 13.5406 0 13.5406 -0 13.5406 0 13.5406 -0 13.5406 0 13.5406 -0 13.5406 0 13.5406 -0 13.5406 0 13.5406 -0 13.5406 0 13.5406 -0 
13.6207 0.0 13.6207 -0 13.6207 0 13.6207 -0 13.6207 0 13.6207 -0 13.6207 0 13.6207 -0 13.6207 0 13.6207 -0 13.6207 0 13.6207 -0 13.6207 0 13.6207 -0 
13.7009 0.0 13.7009 -0 13.7009 0 13.7009 -0 13.7009 0 13.7009 -0 13.7009 0 13.7009 -0 13.7009 0 13.7009 -0 13.7009 0 13.7009 -0 13.7009 0 13.7009 -0 
13.7811 0.0 13.7811 -0 13.7811 0 13.7811 -0 13.7811 0 13.7811 -0 13.7811 0 13.7811 -0 13.7811 0 13.7811 -0 13.7811 0 13.7811 -0 13.7811 0 13.7811 -0 
13.8612 0.0 13.8612 -0 13.8612 0 13.8612 -0 13.8612 0 13.8612 -0 13.8612 0 13.8612 -0 13.8612 0 13.8612 -0 13.8612 0 13.8612 -0 13.8612 0 13.8612 -0 
13.9414 0.0 13.9414 -0 13.9414 0 13.9414 -0 13.9414 0 13.9414 -0 13.9414 0 13.9414 -0 13.9414 0 13.9414 -0 13.9414 0 13.9414 -0 13.9414 0 13.9414 -0 
14.0216 0.0 14.0216 -0 14.0216 0 14.0216 -0 14.0216 0 14.0216 -0 14.0216 0 14.0216 -0 14.0216 0 14.0216 -0 14.0216 0 14.0216 -0 14.0216 0 14.0216 -0 
14.1017 0.0 14.1017 -0 14.1017 0 14.1017 -0 14.1017 0 14.1017 -0 14.1017 0 14.1017 -0 14.1017 0 14.1017 -0 14.1017 0 14.1017 -0 14.1017 0 14.1017 -0 
14.1819 0.0 14.1819 -0 14.1819 0 14.1819 -0 14.1819 0 14.1819 -0 14.1819 0 14.1819 -0 14.1819 0 14.1819 -0 14.1819 0 14.1819 -0 14.1819 0 14.1819 -0 
14.262 0.0 14.262 -0 14.262 0 14.262 -0 14.262 0 14.262 -0 14.262 0 14.262 -0 14.262 0 14.262 -0 14.262 0 14.262 -0 14.262 0 14.262 -0 
14.3422 0.0 14.3422 -0 14.3422 0 14.3422 -0 14.3422 0 14.3422 -0 14.3422 0 14.3422 -0 14.3422 0 14.3422 -0 14.3422 0 14.3422 -0 14.3422 0 14.3422 -0 
14.4224 0.0 14.4224 -0 14.4224 0 14.4224 -0 14.4224 0 14.4224 -0 14.4224 0 14.4224 -0 14.4224 0 14.4224 -0 14.4224 0 14.4224 -0 14.4224 0 14.4224 -0 
14.5025 0.0 14.5025 -0 14.5025 0 14.5025 -0 14.5025 0 14.5025 -0 14.5025 0 14.5025 -0 14.5025 0 14.5025 -0 14.5025 0 14.5025 -0 14.5025 0 14.5025 -0 
14.5827 0.0 14.5827 -0 14.5827 0 14.5827 -0 14.5827 0 14.5827 -0 14.5827 0 14.5827 -0 14.5827 0 14.5827 -0 14.5827 0 14.5827 -0 14.5827 0 14.5827 -0 
14.6628 0.0 14.6628 -0 14.6628 0 14.6628 -0 14.6628 0 14.6628 -0 14.6628 0 14.6628 -0 14.6628 0 14.6628 -0 14.6628 0 14.6628 -0 14.6628 0 14.6628 -0 
14.743 0.0 14.743 -0 14.743 0 14.743 -0 14.743 0 14.743 -0 14.743 0 14.743 -0 14.743 0 14.743 -0 14.743 0 14.743 -0 14.743 0 14.743 -0 
14.8232 0.0 14.8232 -0 14.8232 0 14.8232 -0 14.8232 0 14.8232 -0 14.8232 0 14.8232 -0 14.8232 0 14.8232 -0 14.8232 0 14.8232 -0 14.8232 0 14.8232 -0 
14.9033 0.0 14.9033 -0 14.9033 0 14.9033 -0 14.9033 0 14.9033 -0 14.9033 0 14.9033 -0 14.9033 0 14.9033 -0 14.9033 0 14.9033 -0 14.9033 0 14.9033 -0 
14.9835 0.0 14.9835 -0 14.9835 0 14.9835 -0 14.9835 0 14.9835 -0 14.9835 0 14.9835 -0 14.9835 0 14.9835 -0 14.9835 0 14.9835 -0 14.9835 0 14.9835 -0 
15.0636 0.0 15.0636 -0 15.0636 0 15.0636 -0 15.0636 0 15.0636 -0 15.0636 0 15.0636 -0 15.0636 0 15.0636 -0 15.0636 0 15.0636 -0 15.0636 0 15.0636 -0 
15.1438 0.0 15.1438 -0 15.1438 0 15.1438 -0 15.1438 0 15.1438 -0 15.1438 0 15.1438 -0 15.1438 0 15.1438 -0 15.1438 0 15.1438 -0 15.1438 0 15.1438 -0 
15.224 0.0 15.224 -0 15.224 0 15.224 -0 15.224 0 15.224 -0 15.224 0 15.224 -0 15.224 0 15.224 -0 15.224 0 15.224 -0 15.224 0 15.224 -0 
15.3041 0.0 15.3041 -0 15.3041 0 15.3041 -0 15.3041 0 15.3041 -0 15.3041 0 15.3041 -0 15.3041 0 15.3041 -0 15.3041 0 15.3041 -0 15.3041 0 15.3041 -0 
15.3843 0.0 15.3843 -0 15.3843 0 15.3843 -0 15.3843 0 15.3843 -0 15.3843 0 15.3843 -0 15.3843 0 15.3843 -0 15.3843 0 15.3843 -0 15.3843 0 15.3843 -0 
15.4644 0.0 15.4644 -0 15.4644 0 15.4644 -0 15.4644 0 15.4644 -0 15.4644 0 15.4644 -0 15.4644 0 15.4644 -0 15.4644 0 15.4644 -0 15.4644 0 15.4644 -0 
15.5446 0.0 15.5446 -0 15.5446 0 15.5446 -0 15.5446 0 15.5446 -0 15.5446 0 15.5446 -0 15.5446 0 15.5446 -0 15.5446 0 15.5446 -0 15.5446 0 15.5446 -0 
15.6248 0.0 15.6248 -0 15.6248 0 15.6248 -0 15.6248 0 15.6248 -0 15.6248 0 15.6248 -0 15.6248 0 15.6248 -0 15.6248 0 15.6248 -0 15.6248 0 15.6248 -0 
15.7049 0.0 15.7049 -0 15.7049 0 15.7049 -0 15.7049 0 15.7049 -0 15.7049 0 15.7049 -0 15.7049 0 15.7049 -0 15.7049 0 15.7049 -0 15.7049 0 15.7049 -0 
15.7851 0.0 15.7851 -0 15.7851 0 15.7851 -0 15.7851 0 15.7851 -0 15.7851 0 15.7851 -0 15.7851 0 15.7851 -0 15.7851 0 15.7851 -0 15.7851 0 15.7851 -0 
15.8652 0.0 15.8652 -0 15.8652 0 15.8652 -0 15.8652 0 15.8652 -0 15.8652 0 15.8652 -0 15.8652 0 15.8652 -0 15.8652 0 15.8652 -0 15.8652 0 15.8652 -0 
15.9454 0.0 15.9454 -0 15.9454 0 15.9454 -0 15.9454 0 15.9454 -0 15.9454 0 15.9454 -0 15.9454 0 15.9454 -0 15.9454 0 15.9454 -0 15.9454 0 15.9454 -0 
16.0256 0.0 16.0256 -0 16.0256 0 16.0256 -0 16.0256 0 16.0256 -0 16.0256 0 16.0256 -0 16.0256 0 16.0256 -0 16.0256 0 16.0256 -0 16.0256 0 16.0256 -0 
16.1057 0.0 16.1057 -0 16.1057 0 16.1057 -0 16.1057 0 16.1057 -0 16.1057 0 16.1057 -0 16.1057 0 16.1057 -0 16.1057 0 16.1057 -0 16.1057 0 16.1057 -0 
16.1859 0.0 16.1859 -0 16.1859 0 16.1859 -0 16.1859 0 16.1859 -0 16.1859 0 16.1859 -0 16.1859 0 16.1859 -0 16.1859 0 16.1859 -0 16.1859 0 16.1859 -0 
16.266 0.0 16.266 -0 16.266 0 16.266 -0 16.266 0 16.266 -0 16.266 0 16.266 -0 16.266 0 16.266 -0 16.266 0 16.266 -0 16.266 0 16.266 -0 
16.3462 0.0 16.3462 -0 16.3462 0 16.3462 -0 16.3462 0 16.3462 -0 16.3462 0 16.3462 -0 16.3462 0 16.3462 -0 16.3462 0 16.3462 -0 16.3462 0 16.3462 -0 
