-24.1631 24.95 -24.1631 -24.95 -24.1631 0 -24.1631 -0 -24.1631 0 -24.1631 -0 -24.1631 0 -24.1631 -0 -24.1631 0 -24.1631 -0 -24.1631 0 -24.1631 -0 
-24.0829 0.0 -24.0829 -0 -24.0829 0 -24.0829 -0 -24.0829 0 -24.0829 -0 -24.0829 0 -24.0829 -0 -24.0829 0 -24.0829 -0 -24.0829 0 -24.0829 -0 
-24.0028 0.0 -24.0028 -0 -24.0028 0 -24.0028 -0 -24.0028 0 -24.0028 -0 -24.0028 0 -24.0028 -0 -24.0028 0 -24.0028 -0 -24.0028 0 -24.0028 -0 
-23.9226 0.0 -23.9226 -0 -23.9226 0 -23.9226 -0 -23.9226 0 -23.9226 -0 -23.9226 0 -23.9226 -0 -23.9226 0 -23.9226 -0 -23.9226 0 -23.9226 -0 
-23.8425 0.0 -23.8425 -0 -23.8425 0 -23.8425 -0 -23.8425 0 -23.8425 -0 -23.8425 0 -23.8425 -0 -23.8425 0 -23.8425 -0 -23.8425 0 -23.8425 -0 
-23.7623 0.0 -23.7623 -0 -23.7623 0 -23.7623 -0 -23.7623 0 -23.7623 -0 -23.7623 0 -23.7623 -0 -23.7623 0 -23.7623 -0 -23.7623 0 -23.7623 -0 
-23.6821 0.0 -23.6821 -0 -23.6821 0 -23.6821 -0 -23.6821 0 -23.6821 -0 -23.6821 0 -23.6821 -0 -23.6821 0 -23.6821 -0 -23.6821 0 -23.6821 -0 
-23.602 0.0 -23.602 -0 -23.602 0 -23.602 -0 -23.602 0 -23.602 -0 -23.602 0 -23.602 -0 -23.602 0 -23.602 -0 -23.602 0 -23.602 -0 
-23.5218 0.0 -23.5218 -0 -23.5218 0 -23.5218 -0 -23.5218 0 -23.5218 -0 -23.5218 0 -23.5218 -0 -23.5218 0 -23.5218 -0 -23.5218 0 -23.5218 -0 
-23.4417 0.0 -23.4417 -0 -23.4417 0 -23.4417 -0 -23.4417 0 -23.4417 -0 -23.4417 0 -23.4417 -0 -23.4417 0 -23.4417 -0 -23.4417 0 -23.4417 -0 
-23.3615 0.0 -23.3615 -0 -23.3615 0 -23.3615 -0 -23.3615 0 -23.3615 -0 -23.3615 0 -23.3615 -0 -23.3615 0 -23.3615 -0 -23.3615 0 -23.3615 -0 
-23.2813 0.0 -23.2813 -0 -23.2813 0 -23.2813 -0 -23.2813 0 -23.2813 -0 -23.2813 0 -23.2813 -0 -23.2813 0 -23.2813 -0 -23.2813 0 -23.2813 -0 
-23.2012 0.0 -23.2012 -0 -23.2012 0 -23.2012 -0 -23.2012 0 -23.2012 -0 -23.2012 0 -23.2012 -0 -23.2012 0 -23.2012 -0 -23.2012 0 -23.2012 -0 
-23.121 0.0 -23.121 -0 -23.121 0 -23.121 -0 -23.121 0 -23.121 -0 -23.121 0 -23.121 -0 -23.121 0 -23.121 -0 -23.121 0 -23.121 -0 
-23.0409 0.0 -23.0409 -0 -23.0409 0 -23.0409 -0 -23.0409 0 -23.0409 -0 -23.0409 0 -23.0409 -0 -23.0409 0 -23.0409 -0 -23.0409 0 -23.0409 -0 
-22.9607 0.0 -22.9607 -0 -22.9607 0 -22.9607 -0 -22.9607 0 -22.9607 -0 -22.9607 0 -22.9607 -0 -22.9607 0 -22.9607 -0 -22.9607 0 -22.9607 -0 
-22.8805 0.0 -22.8805 -0 -22.8805 0 -22.8805 -0 -22.8805 0 -22.8805 -0 -22.8805 0 -22.8805 -0 -22.8805 0 -22.8805 -0 -22.8805 0 -22.8805 -0 
-22.8004 0.0 -22.8004 -0 -22.8004 0 -22.8004 -0 -22.8004 0 -22.8004 -0 -22.8004 0 -22.8004 -0 -22.8004 0 -22.8004 -0 -22.8004 0 -22.8004 -0 
-22.7202 0.0 -22.7202 -0 -22.7202 0 -22.7202 -0 -22.7202 0 -22.7202 -0 -22.7202 0 -22.7202 -0 -22.7202 0 -22.7202 -0 -22.7202 0 -22.7202 -0 
-22.6401 0.0 -22.6401 -0 -22.6401 0 -22.6401 -0 -22.6401 0 -22.6401 -0 -22.6401 0 -22.6401 -0 -22.6401 0 -22.6401 -0 -22.6401 0 -22.6401 -0 
-22.5599 0.0 -22.5599 -0 -22.5599 0 -22.5599 -0 -22.5599 0 -22.5599 -0 -22.5599 0 -22.5599 -0 -22.5599 0 -22.5599 -0 -22.5599 0 -22.5599 -0 
-22.4797 0.0 -22.4797 -0 -22.4797 0 -22.4797 -0 -22.4797 0 -22.4797 -0 -22.4797 0 -22.4797 -0 -22.4797 0 -22.4797 -0 -22.4797 0 -22.4797 -0 
-22.3996 0.0 -22.3996 -0 -22.3996 0 -22.3996 -0 -22.3996 0 -22.3996 -0 -22.3996 0 -22.3996 -0 -22.3996 0 -22.3996 -0 -22.3996 0 -22.3996 -0 
-22.3194 0.0 -22.3194 -0 -22.3194 0 -22.3194 -0 -22.3194 0 -22.3194 -0 -22.3194 0 -22.3194 -0 -22.3194 0 -22.3194 -0 -22.3194 0 -22.3194 -0 
-22.2393 0.0 -22.2393 -0 -22.2393 0 -22.2393 -0 -22.2393 0 -22.2393 -0 -22.2393 0 -22.2393 -0 -22.2393 0 -22.2393 -0 -22.2393 0 -22.2393 -0 
-22.1591 0.0 -22.1591 -0 -22.1591 0 -22.1591 -0 -22.1591 0 -22.1591 -0 -22.1591 0 -22.1591 -0 -22.1591 0 -22.1591 -0 -22.1591 0 -22.1591 -0 
-22.0789 0.0 -22.0789 -0 -22.0789 0 -22.0789 -0 -22.0789 0 -22.0789 -0 -22.0789 0 -22.0789 -0 -22.0789 0 -22.0789 -0 -22.0789 0 -22.0789 -0 
-21.9988 0.0 -21.9988 -0 -21.9988 0 -21.9988 -0 -21.9988 0 -21.9988 -0 -21.9988 0 -21.9988 -0 -21.9988 0 -21.9988 -0 -21.9988 0 -21.9988 -0 
-21.9186 0.0 -21.9186 -0 -21.9186 0 -21.9186 -0 -21.9186 0 -21.9186 -0 -21.9186 0 -21.9186 -0 -21.9186 0 -21.9186 -0 -21.9186 0 -21.9186 -0 
-21.8385 0.0 -21.8385 -0 -21.8385 0 -21.8385 -0 -21.8385 0 -21.8385 -0 -21.8385 0 -21.8385 -0 -21.8385 0 -21.8385 -0 -21.8385 0 -21.8385 -0 
-21.7583 0.0 -21.7583 -0 -21.7583 0 -21.7583 -0 -21.7583 0 -21.7583 -0 -21.7583 0 -21.7583 -0 -21.7583 0 -21.7583 -0 -21.7583 0 -21.7583 -0 
-21.6781 0.0 -21.6781 -0 -21.6781 0 -21.6781 -0 -21.6781 0 -21.6781 -0 -21.6781 0 -21.6781 -0 -21.6781 0 -21.6781 -0 -21.6781 0 -21.6781 -0 
-21.598 0.0002 -21.598 -0.0002 -21.598 0 -21.598 -0 -21.598 0 -21.598 -0 -21.598 0 -21.598 -0 -21.598 0 -21.598 -0 -21.598 0 -21.598 -0 
-21.5178 0.0019 -21.5178 -0.0018 -21.5178 0 -21.5178 -0 -21.5178 0 -21.5178 -0 -21.5178 0 -21.5178 -0 -21.5178 0 -21.5178 -0 -21.5178 0 -21.5178 -0 
-21.4376 0.0164 -21.4376 -0.0156 -21.4376 0 -21.4376 -0 -21.4376 0 -21.4376 -0 -21.4376 0 -21.4376 -0 -21.4376 0 -21.4376 -0 -21.4376 0 -21.4376 -0 
-21.3575 0.1016 -21.3575 -0.0971 -21.3575 0 -21.3575 -0 -21.3575 0 -21.3575 -0 -21.3575 0 -21.3575 -0 -21.3575 0 -21.3575 -0 -21.3575 0 -21.3575 -0 
-21.2773 0.4621 -21.2773 -0.441 -21.2773 0 -21.2773 -0 -21.2773 0 -21.2773 -0 -21.2773 0 -21.2773 -0 -21.2773 0 -21.2773 -0 -21.2773 0 -21.2773 -0 
-21.1972 1.5404 -21.1972 -1.4653 -21.1972 0 -21.1972 -0 -21.1972 0 -21.1972 -0 -21.1972 0 -21.1972 -0 -21.1972 0 -21.1972 -0 -21.1972 0 -21.1972 -0 
-21.117 3.7714 -21.117 -3.5658 -21.117 0 -21.117 -0 -21.117 0.0001 -21.117 -0.0001 -21.117 0.0001 -21.117 -0 -21.117 0 -21.117 -0 -21.117 0 -21.117 -0 
-21.0368 6.8021 -21.0368 -6.3684 -21.0368 0 -21.0368 -0 -21.0368 0.0004 -21.0368 -0.0001 -21.0368 0.0006 -21.0368 -0.0001 -21.0368 0 -21.0368 -0 -21.0368 0 -21.0368 -0 
-20.9567 9.0958 -20.9567 -8.3876 -20.9567 0 -20.9567 -0 -20.9567 0.0004 -20.9567 -0.0002 -20.9567 0.0011 -20.9567 -0.0005 -20.9567 0 -20.9567 -0 -20.9567 0 -20.9567 -0 
-20.8765 9.152 -20.8765 -8.2529 -20.8765 0 -20.8765 -0 -20.8765 0.0004 -20.8765 -0.0002 -20.8765 0.0022 -20.8765 -0.0012 -20.8765 0 -20.8765 -0 -20.8765 0 -20.8765 -0 
-20.7964 7.1829 -20.7964 -6.2968 -20.7964 0 -20.7964 -0 -20.7964 0.0004 -20.7964 -0.0001 -20.7964 0.0034 -20.7964 -0.0028 -20.7964 0.0001 -20.7964 -0 -20.7964 0 -20.7964 -0 
-20.7162 4.7736 -20.7162 -4.1294 -20.7162 0 -20.7162 -0 -20.7162 0.0001 -20.7162 -0 -20.7162 0.0048 -20.7162 -0.0055 -20.7162 0.0001 -20.7162 -0.0001 -20.7162 0 -20.7162 -0 
-20.636 3.1081 -20.636 -2.853 -20.636 0 -20.636 -0 -20.636 0 -20.636 -0 -20.636 0.0057 -20.636 -0.0092 -20.636 0.0002 -20.636 -0.0002 -20.636 0 -20.636 -0 
-20.5559 2.326 -20.5559 -2.4054 -20.5559 0 -20.5559 -0 -20.5559 0 -20.5559 -0 -20.5559 0.0057 -20.5559 -0.0129 -20.5559 0.0002 -20.5559 -0.0003 -20.5559 0 -20.5559 -0 
-20.4757 2.1962 -20.4757 -2.2754 -20.4757 0 -20.4757 -0 -20.4757 0 -20.4757 -0 -20.4757 0.0055 -20.4757 -0.015 -20.4757 0.0002 -20.4757 -0.0004 -20.4757 0 -20.4757 -0 
-20.3956 2.5563 -20.3956 -2.2335 -20.3956 0 -20.3956 -0 -20.3956 0 -20.3956 -0 -20.3956 0.0055 -20.3956 -0.0144 -20.3956 0.0002 -20.3956 -0.0005 -20.3956 0 -20.3956 -0 
-20.3154 3.1734 -20.3154 -2.4177 -20.3154 0 -20.3154 -0 -20.3154 0 -20.3154 -0 -20.3154 0.0057 -20.3154 -0.0126 -20.3154 0.0002 -20.3154 -0.0005 -20.3154 0 -20.3154 -0 
-20.2352 3.7648 -20.2352 -2.9475 -20.2352 0 -20.2352 -0 -20.2352 0.0001 -20.2352 -0 -20.2352 0.0063 -20.2352 -0.0115 -20.2352 0.0002 -20.2352 -0.0005 -20.2352 0 -20.2352 -0 
-20.1551 4.2907 -20.1551 -3.6245 -20.1551 0 -20.1551 -0 -20.1551 0.0001 -20.1551 -0 -20.1551 0.0078 -20.1551 -0.0126 -20.1551 0.0001 -20.1551 -0.0007 -20.1551 0 -20.1551 -0 
-20.0749 4.9709 -20.0749 -4.1399 -20.0749 0 -20.0749 -0 -20.0749 0.0001 -20.0749 -0 -20.0749 0.0106 -20.0749 -0.0157 -20.0749 0.0001 -20.0749 -0.0006 -20.0749 0 -20.0749 -0 
-19.9948 6.0048 -19.9948 -4.448 -19.9948 0 -19.9948 -0 -19.9948 0.0001 -19.9948 -0 -19.9948 0.017 -19.9948 -0.0199 -19.9948 0.0003 -19.9948 -0.0005 -19.9948 0 -19.9948 -0 
-19.9146 7.4143 -19.9146 -4.8164 -19.9146 0 -19.9146 -0 -19.9146 0.0001 -19.9146 -0 -19.9146 0.0275 -19.9146 -0.0249 -19.9146 0.0004 -19.9146 -0.0004 -19.9146 0 -19.9146 -0 
-19.8344 9.0157 -19.8344 -5.6649 -19.8344 0 -19.8344 -0 -19.8344 0.0001 -19.8344 -0 -19.8344 0.0393 -19.8344 -0.0342 -19.8344 0.0004 -19.8344 -0.0003 -19.8344 0 -19.8344 -0 
-19.7543 10.3885 -19.7543 -7.2517 -19.7543 0 -19.7543 -0 -19.7543 0.0001 -19.7543 -0 -19.7543 0.0462 -19.7543 -0.0523 -19.7543 0.0004 -19.7543 -0.0002 -19.7543 0 -19.7543 -0 
-19.6741 10.9551 -19.6741 -9.151 -19.6741 0 -19.6741 -0 -19.6741 0.0001 -19.6741 -0 -19.6741 0.0444 -19.6741 -0.0769 -19.6741 0.0004 -19.6741 -0.0003 -19.6741 0 -19.6741 -0 
-19.594 10.2952 -19.594 -10.2002 -19.594 0 -19.594 -0 -19.594 0.0001 -19.594 -0 -19.594 0.0366 -19.594 -0.0958 -19.594 0.0004 -19.594 -0.0003 -19.594 0 -19.594 -0 
-19.5138 8.5995 -19.5138 -9.5118 -19.5138 0 -19.5138 -0 -19.5138 0.0001 -19.5138 -0 -19.5138 0.0296 -19.5138 -0.0976 -19.5138 0.0004 -19.5138 -0.0002 -19.5138 0 -19.5138 -0 
-19.4336 6.6811 -19.4336 -7.5692 -19.4336 0 -19.4336 -0 -19.4336 0.0001 -19.4336 -0 -19.4336 0.027 -19.4336 -0.086 -19.4336 0.0002 -19.4336 -0.0002 -19.4336 0 -19.4336 -0 
-19.3535 5.2688 -19.3535 -5.8345 -19.3535 0 -19.3535 -0 -19.3535 0.0001 -19.3535 -0 -19.3535 0.0262 -19.3535 -0.0757 -19.3535 0.0004 -19.3535 -0.0001 -19.3535 0 -19.3535 -0 
-19.2733 4.5298 -19.2733 -5.1886 -19.2733 0 -19.2733 -0 -19.2733 0.0001 -19.2733 -0 -19.2733 0.0222 -19.2733 -0.0723 -19.2733 0.0011 -19.2733 -0 -19.2733 0 -19.2733 -0 
-19.1932 4.3568 -19.1932 -5.1953 -19.1932 0 -19.1932 -0 -19.1932 0.0001 -19.1932 -0 -19.1932 0.0151 -19.1932 -0.0672 -19.1932 0.0024 -19.1932 -0 -19.1932 0 -19.1932 -0 
-19.113 4.6655 -19.113 -4.9148 -19.113 0 -19.113 -0 -19.113 0.0002 -19.113 -0 -19.113 0.0084 -19.113 -0.0528 -19.113 0.0048 -19.113 -0.0002 -19.113 0 -19.113 -0 
-19.0328 5.454 -19.0328 -4.0028 -19.0328 0.0001 -19.0328 -0 -19.0328 0.0008 -19.0328 -0 -19.0328 0.0046 -19.0328 -0.0329 -19.0328 0.0088 -19.0328 -0.0005 -19.0328 0.0001 -19.0328 -0 
-18.9527 6.8177 -18.9527 -2.9654 -18.9527 0.0003 -18.9527 -0 -18.9527 0.0018 -18.9527 -0 -18.9527 0.0035 -18.9527 -0.0164 -18.9527 0.0142 -18.9527 -0.0016 -18.9527 0.0001 -18.9527 -0 
-18.8725 8.6295 -18.8725 -2.6157 -18.8725 0.0006 -18.8725 -0 -18.8725 0.0037 -18.8725 -0 -18.8725 0.0036 -18.8725 -0.0069 -18.8725 0.0196 -18.8725 -0.0042 -18.8725 0.0004 -18.8725 -0 
-18.7924 10.2305 -18.7924 -3.3297 -18.7924 0.001 -18.7924 -0.0001 -18.7924 0.0063 -18.7924 -0 -18.7924 0.0037 -18.7924 -0.0032 -18.7924 0.0221 -18.7924 -0.0088 -18.7924 0.0007 -18.7924 -0 
-18.7122 10.9546 -18.7122 -4.7596 -18.7122 0.0014 -18.7122 -0.0002 -18.7122 0.0088 -18.7122 -0 -18.7122 0.0031 -18.7122 -0.0023 -18.7122 0.0198 -18.7122 -0.0155 -18.7122 0.0011 -18.7122 -0 
-18.632 10.9247 -18.632 -6.2737 -18.632 0.0019 -18.632 -0.0004 -18.632 0.0107 -18.632 -0.0002 -18.632 0.0023 -18.632 -0.0026 -18.632 0.0137 -18.632 -0.0234 -18.632 0.0015 -18.632 -0.0001 
-18.5519 10.8464 -18.5519 -7.5706 -18.5519 0.0021 -18.5519 -0.0006 -18.5519 0.011 -18.5519 -0.0004 -18.5519 0.0015 -18.5519 -0.0031 -18.5519 0.0074 -18.5519 -0.0322 -18.5519 0.002 -18.5519 -0.0003 
-18.4717 11.0511 -18.4717 -8.7254 -18.4717 0.0024 -18.4717 -0.0007 -18.4717 0.0096 -18.4717 -0.0008 -18.4717 0.0009 -18.4717 -0.0036 -18.4717 0.0035 -18.4717 -0.0421 -18.4717 0.0027 -18.4717 -0.0003 
-18.3916 11.1151 -18.3916 -9.7936 -18.3916 0.0023 -18.3916 -0.0008 -18.3916 0.0071 -18.3916 -0.0011 -18.3916 0.0005 -18.3916 -0.0038 -18.3916 0.0023 -18.3916 -0.0516 -18.3916 0.0035 -18.3916 -0.0004 
-18.3114 10.4419 -18.3114 -10.6593 -18.3114 0.0027 -18.3114 -0.0009 -18.3114 0.0044 -18.3114 -0.0015 -18.3114 0.0003 -18.3114 -0.0039 -18.3114 0.0024 -18.3114 -0.0566 -18.3114 0.0045 -18.3114 -0.0005 
-18.2312 9.0602 -18.2312 -11.3041 -18.2312 0.0041 -18.2312 -0.001 -18.2312 0.0024 -18.2312 -0.0016 -18.2312 0.0002 -18.2312 -0.0035 -18.2312 0.0035 -18.2312 -0.0533 -18.2312 0.0057 -18.2312 -0.0006 
-18.1511 7.7691 -18.1511 -11.9352 -18.1511 0.0083 -18.1511 -0.0012 -18.1511 0.0012 -18.1511 -0.0019 -18.1511 0.0001 -18.1511 -0.0029 -18.1511 0.006 -18.1511 -0.0449 -18.1511 0.0078 -18.1511 -0.0005 
-18.0709 7.5137 -18.0709 -12.6499 -18.0709 0.0203 -18.0709 -0.0014 -18.0709 0.001 -18.0709 -0.002 -18.0709 0 -18.0709 -0.0022 -18.0709 0.0118 -18.0709 -0.0396 -18.0709 0.0115 -18.0709 -0.0005 
-17.9908 8.7163 -17.9908 -13.2993 -17.9908 0.05 -17.9908 -0.0018 -17.9908 0.0013 -17.9908 -0.0025 -17.9908 0 -17.9908 -0.0016 -17.9908 0.0216 -17.9908 -0.0453 -17.9908 0.0183 -17.9908 -0.0007 
-17.9106 11.1729 -17.9106 -13.8836 -17.9106 0.108 -17.9106 -0.0025 -17.9106 0.0028 -17.9106 -0.0035 -17.9106 0 -17.9106 -0.0009 -17.9106 0.0344 -17.9106 -0.0638 -17.9106 0.0283 -17.9106 -0.0009 
-17.8304 14.2647 -17.8304 -14.5732 -17.8304 0.1902 -17.8304 -0.0043 -17.8304 0.006 -17.8304 -0.0048 -17.8304 0 -17.8304 -0.0004 -17.8304 0.0463 -17.8304 -0.0908 -17.8304 0.0404 -17.8304 -0.0014 
-17.7503 17.0869 -17.7503 -15.1722 -17.7503 0.2638 -17.7503 -0.0085 -17.7503 0.0113 -17.7503 -0.0064 -17.7503 0 -17.7503 -0.0002 -17.7503 0.0517 -17.7503 -0.1145 -17.7503 0.0533 -17.7503 -0.002 
-17.6701 18.7672 -17.6701 -15.1793 -17.6701 0.2839 -17.6701 -0.0171 -17.6701 0.0177 -17.6701 -0.0074 -17.6701 0 -17.6701 -0.0001 -17.6701 0.0464 -17.6701 -0.1202 -17.6701 0.0672 -17.6701 -0.0033 
-17.59 19.0324 -17.59 -14.6129 -17.59 0.2367 -17.59 -0.0335 -17.59 0.0235 -17.59 -0.0076 -17.59 0 -17.59 -0.0001 -17.59 0.0325 -17.59 -0.1003 -17.59 0.0841 -17.59 -0.0057 
-17.5098 18.2593 -17.5098 -14.2469 -17.5098 0.1546 -17.5098 -0.0597 -17.5098 0.0274 -17.5098 -0.0068 -17.5098 0 -17.5098 -0 -17.5098 0.018 -17.5098 -0.0644 -17.5098 0.1022 -17.5098 -0.0085 
-17.4296 17.0037 -17.4296 -14.6577 -17.4296 0.0826 -17.4296 -0.0922 -17.4296 0.0291 -17.4296 -0.0058 -17.4296 0 -17.4296 -0 -17.4296 0.008 -17.4296 -0.0316 -17.4296 0.1149 -17.4296 -0.0108 
-17.3495 15.8514 -17.3495 -15.4292 -17.3495 0.0412 -17.3495 -0.1185 -17.3495 0.0301 -17.3495 -0.0051 -17.3495 0 -17.3495 -0 -17.3495 0.0034 -17.3495 -0.0116 -17.3495 0.1172 -17.3495 -0.0122 
-17.2693 15.2994 -17.2693 -15.8368 -17.2693 0.0242 -17.2693 -0.1236 -17.2693 0.034 -17.2693 -0.0056 -17.2693 0 -17.2693 -0 -17.2693 0.002 -17.2693 -0.0033 -17.2693 0.1114 -17.2693 -0.0147 
-17.1892 15.0886 -17.1892 -15.9897 -17.1892 0.018 -17.1892 -0.104 -17.1892 0.0436 -17.1892 -0.0086 -17.1892 0 -17.1892 -0 -17.1892 0.0016 -17.1892 -0.0008 -17.1892 0.102 -17.1892 -0.0226 
-17.109 14.1125 -17.109 -16.4822 -17.109 0.0138 -17.109 -0.0709 -17.109 0.0588 -17.109 -0.0152 -17.109 0 -17.109 -0 -17.109 0.0014 -17.109 -0.0007 -17.109 0.0874 -17.109 -0.0377 
-17.0288 11.7569 -17.0288 -17.0285 -17.0288 0.009 -17.0288 -0.0404 -17.0288 0.0789 -17.0288 -0.0266 -17.0288 0 -17.0288 -0 -17.0288 0.001 -17.0288 -0.0008 -17.0288 0.064 -17.0288 -0.0538 
-16.9487 8.9218 -16.9487 -16.4989 -16.9487 0.0048 -16.9487 -0.02 -16.9487 0.1074 -16.9487 -0.043 -16.9487 0 -16.9487 -0 -16.9487 0.0006 -16.9487 -0.001 -16.9487 0.0374 -16.9487 -0.06 
-16.8685 7.0144 -16.8685 -14.5903 -16.8685 0.002 -16.8685 -0.0091 -16.8685 0.1469 -16.8685 -0.0637 -16.8685 0 -16.8685 -0 -16.8685 0.0003 -16.8685 -0.0008 -16.8685 0.0166 -16.8685 -0.0526 
-16.7884 6.2675 -16.7884 -12.371 -16.7884 0.0006 -16.7884 -0.0038 -16.7884 0.1837 -16.7884 -0.084 -16.7884 0 -16.7884 -0 -16.7884 0 -16.7884 -0.0006 -16.7884 0.0054 -16.7884 -0.0403 
-16.7082 5.6757 -16.7082 -10.6699 -16.7082 0.0002 -16.7082 -0.0014 -16.7082 0.1908 -16.7082 -0.0931 -16.7082 0 -16.7082 -0 -16.7082 0 -16.7082 -0.0004 -16.7082 0.0014 -16.7082 -0.034 
-16.628 4.4089 -16.628 -9.0145 -16.628 0 -16.628 -0.0006 -16.628 0.1553 -16.628 -0.0821 -16.628 0 -16.628 -0 -16.628 0 -16.628 -0.0002 -16.628 0.0002 -16.628 -0.034 
-16.5479 2.6904 -16.5479 -6.7211 -16.5479 0 -16.5479 -0.0002 -16.5479 0.0965 -16.5479 -0.0556 -16.5479 0 -16.5479 -0 -16.5479 0 -16.5479 -0.0002 -16.5479 0 -16.5479 -0.0322 
-16.4677 1.2469 -16.4677 -4.0822 -16.4677 0 -16.4677 -0 -16.4677 0.045 -16.4677 -0.0284 -16.4677 0 -16.4677 -0 -16.4677 0 -16.4677 -0.0002 -16.4677 0 -16.4677 -0.0243 
-16.3875 0.4387 -16.3875 -1.9429 -16.3875 0 -16.3875 -0 -16.3875 0.0157 -16.3875 -0.0108 -16.3875 0 -16.3875 -0 -16.3875 0 -16.3875 -0 -16.3875 0 -16.3875 -0.0136 
-16.3074 0.1533 -16.3074 -0.7351 -16.3074 0 -16.3074 -0 -16.3074 0.004 -16.3074 -0.003 -16.3074 0 -16.3074 -0 -16.3074 0 -16.3074 -0 -16.3074 0 -16.3074 -0.0057 
-16.2272 0.2159 -16.2272 -0.3387 -16.2272 0 -16.2272 -0 -16.2272 0.0007 -16.2272 -0.0006 -16.2272 0 -16.2272 -0 -16.2272 0 -16.2272 -0 -16.2272 0.0002 -16.2272 -0.0017 
-16.1471 0.6819 -16.1471 -0.5725 -16.1471 0 -16.1471 -0 -16.1471 0.0001 -16.1471 -0.0001 -16.1471 0 -16.1471 -0 -16.1471 0 -16.1471 -0.0003 -16.1471 0.0006 -16.1471 -0.0006 
-16.0669 1.7974 -16.0669 -1.4966 -16.0669 0 -16.0669 -0 -16.0669 0 -16.0669 -0 -16.0669 0 -16.0669 -0 -16.0669 0.0004 -16.0669 -0.0007 -16.0669 0.0014 -16.0669 -0.0007 
-15.9867 3.6518 -15.9867 -3.197 -15.9867 0 -15.9867 -0 -15.9867 0 -15.9867 -0 -15.9867 0 -15.9867 -0 -15.9867 0.0007 -15.9867 -0.0018 -15.9867 0.0027 -15.9867 -0.0013 
-15.9066 5.7687 -15.9066 -5.3128 -15.9066 0 -15.9066 -0 -15.9066 0 -15.9066 -0 -15.9066 0 -15.9066 -0 -15.9066 0.001 -15.9066 -0.0029 -15.9066 0.0039 -15.9066 -0.0021 
-15.8264 7.1645 -15.8264 -6.9302 -15.8264 0 -15.8264 -0 -15.8264 0 -15.8264 -0 -15.8264 0 -15.8264 -0 -15.8264 0.0014 -15.8264 -0.0039 -15.8264 0.0045 -15.8264 -0.0027 
-15.7463 7.0394 -15.7463 -7.1616 -15.7463 0 -15.7463 -0 -15.7463 0 -15.7463 -0 -15.7463 0 -15.7463 -0 -15.7463 0.0012 -15.7463 -0.0039 -15.7463 0.0041 -15.7463 -0.0027 
-15.6661 5.463 -15.6661 -5.877 -15.6661 0 -15.6661 -0 -15.6661 0 -15.6661 -0 -15.6661 0 -15.6661 -0 -15.6661 0.0009 -15.6661 -0.003 -15.6661 0.0031 -15.6661 -0.0021 
-15.5859 3.3184 -15.5859 -3.8061 -15.5859 0 -15.5859 -0 -15.5859 0 -15.5859 -0 -15.5859 0 -15.5859 -0 -15.5859 0.0005 -15.5859 -0.0019 -15.5859 0.0019 -15.5859 -0.0014 
-15.5058 1.557 -15.5058 -1.9208 -15.5058 0 -15.5058 -0 -15.5058 0 -15.5058 -0 -15.5058 0 -15.5058 -0 -15.5058 0.0002 -15.5058 -0.0007 -15.5058 0.001 -15.5058 -0.0006 
-15.4256 0.5567 -15.4256 -0.7442 -15.4256 0 -15.4256 -0 -15.4256 0 -15.4256 -0 -15.4256 0 -15.4256 -0 -15.4256 0 -15.4256 -0.0002 -15.4256 0.0002 -15.4256 -0.0002 
-15.3455 0.1499 -15.3455 -0.2183 -15.3455 0 -15.3455 -0 -15.3455 0 -15.3455 -0 -15.3455 0 -15.3455 -0 -15.3455 0 -15.3455 -0 -15.3455 0 -15.3455 -0 
-15.2653 0.0301 -15.2653 -0.048 -15.2653 0 -15.2653 -0 -15.2653 0 -15.2653 -0 -15.2653 0 -15.2653 -0 -15.2653 0 -15.2653 -0 -15.2653 0 -15.2653 -0 
-15.1851 0.0045 -15.1851 -0.0078 -15.1851 0 -15.1851 -0 -15.1851 0 -15.1851 -0 -15.1851 0 -15.1851 -0 -15.1851 0 -15.1851 -0 -15.1851 0 -15.1851 -0 
-15.105 0.0005 -15.105 -0.0009 -15.105 0 -15.105 -0 -15.105 0 -15.105 -0 -15.105 0 -15.105 -0 -15.105 0 -15.105 -0 -15.105 0 -15.105 -0 
-15.0248 0.0 -15.0248 -0.0001 -15.0248 0 -15.0248 -0 -15.0248 0 -15.0248 -0 -15.0248 0 -15.0248 -0 -15.0248 0 -15.0248 -0 -15.0248 0 -15.0248 -0 
-14.9447 0.0 -14.9447 -0 -14.9447 0 -14.9447 -0 -14.9447 0 -14.9447 -0 -14.9447 0 -14.9447 -0 -14.9447 0 -14.9447 -0 -14.9447 0 -14.9447 -0 
-14.8645 0.0 -14.8645 -0 -14.8645 0 -14.8645 -0 -14.8645 0 -14.8645 -0 -14.8645 0 -14.8645 -0 -14.8645 0 -14.8645 -0 -14.8645 0 -14.8645 -0 
-14.7843 0.0 -14.7843 -0 -14.7843 0 -14.7843 -0 -14.7843 0 -14.7843 -0 -14.7843 0 -14.7843 -0 -14.7843 0 -14.7843 -0 -14.7843 0 -14.7843 -0 
-14.7042 0.0 -14.7042 -0 -14.7042 0 -14.7042 -0 -14.7042 0 -14.7042 -0 -14.7042 0 -14.7042 -0 -14.7042 0 -14.7042 -0 -14.7042 0 -14.7042 -0 
-14.624 0.0 -14.624 -0 -14.624 0 -14.624 -0 -14.624 0 -14.624 -0 -14.624 0 -14.624 -0 -14.624 0 -14.624 -0 -14.624 0 -14.624 -0 
-14.5439 0.0 -14.5439 -0 -14.5439 0 -14.5439 -0 -14.5439 0 -14.5439 -0 -14.5439 0 -14.5439 -0 -14.5439 0 -14.5439 -0 -14.5439 0 -14.5439 -0 
-14.4637 0.0 -14.4637 -0 -14.4637 0 -14.4637 -0 -14.4637 0 -14.4637 -0 -14.4637 0 -14.4637 -0 -14.4637 0 -14.4637 -0 -14.4637 0 -14.4637 -0 
-14.3835 0.0 -14.3835 -0 -14.3835 0 -14.3835 -0 -14.3835 0 -14.3835 -0 -14.3835 0 -14.3835 -0 -14.3835 0 -14.3835 -0 -14.3835 0 -14.3835 -0 
-14.3034 0.0 -14.3034 -0 -14.3034 0 -14.3034 -0 -14.3034 0 -14.3034 -0 -14.3034 0 -14.3034 -0 -14.3034 0 -14.3034 -0 -14.3034 0 -14.3034 -0 
-14.2232 0.0 -14.2232 -0 -14.2232 0 -14.2232 -0 -14.2232 0 -14.2232 -0 -14.2232 0 -14.2232 -0 -14.2232 0 -14.2232 -0 -14.2232 0 -14.2232 -0 
-14.1431 0.0 -14.1431 -0 -14.1431 0 -14.1431 -0 -14.1431 0 -14.1431 -0 -14.1431 0 -14.1431 -0 -14.1431 0 -14.1431 -0 -14.1431 0 -14.1431 -0 
-14.0629 0.0 -14.0629 -0 -14.0629 0 -14.0629 -0 -14.0629 0 -14.0629 -0 -14.0629 0 -14.0629 -0 -14.0629 0 -14.0629 -0 -14.0629 0 -14.0629 -0 
-13.9827 0.0 -13.9827 -0 -13.9827 0 -13.9827 -0 -13.9827 0 -13.9827 -0 -13.9827 0 -13.9827 -0 -13.9827 0 -13.9827 -0 -13.9827 0 -13.9827 -0 
-13.9026 0.0 -13.9026 -0 -13.9026 0 -13.9026 -0 -13.9026 0 -13.9026 -0 -13.9026 0 -13.9026 -0 -13.9026 0 -13.9026 -0 -13.9026 0 -13.9026 -0 
-13.8224 0.0 -13.8224 -0 -13.8224 0 -13.8224 -0 -13.8224 0 -13.8224 -0 -13.8224 0 -13.8224 -0 -13.8224 0 -13.8224 -0 -13.8224 0 -13.8224 -0 
-13.7423 0.0 -13.7423 -0 -13.7423 0 -13.7423 -0 -13.7423 0 -13.7423 -0 -13.7423 0 -13.7423 -0 -13.7423 0 -13.7423 -0 -13.7423 0 -13.7423 -0 
-13.6621 0.0 -13.6621 -0 -13.6621 0 -13.6621 -0 -13.6621 0 -13.6621 -0 -13.6621 0 -13.6621 -0 -13.6621 0 -13.6621 -0 -13.6621 0 -13.6621 -0 
-13.5819 0.0 -13.5819 -0 -13.5819 0 -13.5819 -0 -13.5819 0 -13.5819 -0 -13.5819 0 -13.5819 -0 -13.5819 0 -13.5819 -0 -13.5819 0 -13.5819 -0 
-13.5018 0.0 -13.5018 -0 -13.5018 0 -13.5018 -0 -13.5018 0 -13.5018 -0 -13.5018 0 -13.5018 -0 -13.5018 0 -13.5018 -0 -13.5018 0 -13.5018 -0 
-13.4216 0.0 -13.4216 -0 -13.4216 0 -13.4216 -0 -13.4216 0 -13.4216 -0 -13.4216 0 -13.4216 -0 -13.4216 0 -13.4216 -0 -13.4216 0 -13.4216 -0 
-13.3415 0.0 -13.3415 -0 -13.3415 0 -13.3415 -0 -13.3415 0 -13.3415 -0 -13.3415 0 -13.3415 -0 -13.3415 0 -13.3415 -0 -13.3415 0 -13.3415 -0 
-13.2613 0.0 -13.2613 -0 -13.2613 0 -13.2613 -0 -13.2613 0 -13.2613 -0 -13.2613 0 -13.2613 -0 -13.2613 0 -13.2613 -0 -13.2613 0 -13.2613 -0 
-13.1811 0.0 -13.1811 -0 -13.1811 0 -13.1811 -0 -13.1811 0 -13.1811 -0 -13.1811 0 -13.1811 -0 -13.1811 0 -13.1811 -0 -13.1811 0 -13.1811 -0 
-13.101 0.0 -13.101 -0 -13.101 0 -13.101 -0 -13.101 0 -13.101 -0 -13.101 0 -13.101 -0 -13.101 0 -13.101 -0 -13.101 0 -13.101 -0 
-13.0208 0.0 -13.0208 -0 -13.0208 0 -13.0208 -0 -13.0208 0 -13.0208 -0 -13.0208 0 -13.0208 -0 -13.0208 0 -13.0208 -0 -13.0208 0 -13.0208 -0 
-12.9407 0.0 -12.9407 -0 -12.9407 0 -12.9407 -0 -12.9407 0 -12.9407 -0 -12.9407 0 -12.9407 -0 -12.9407 0 -12.9407 -0 -12.9407 0 -12.9407 -0 
-12.8605 0.0 -12.8605 -0 -12.8605 0 -12.8605 -0 -12.8605 0 -12.8605 -0 -12.8605 0 -12.8605 -0 -12.8605 0 -12.8605 -0 -12.8605 0 -12.8605 -0 
-12.7803 0.0 -12.7803 -0 -12.7803 0 -12.7803 -0 -12.7803 0 -12.7803 -0 -12.7803 0 -12.7803 -0 -12.7803 0 -12.7803 -0 -12.7803 0 -12.7803 -0 
-12.7002 0.0 -12.7002 -0 -12.7002 0 -12.7002 -0 -12.7002 0 -12.7002 -0 -12.7002 0 -12.7002 -0 -12.7002 0 -12.7002 -0 -12.7002 0 -12.7002 -0 
-12.62 0.0 -12.62 -0 -12.62 0 -12.62 -0 -12.62 0 -12.62 -0 -12.62 0 -12.62 -0 -12.62 0 -12.62 -0 -12.62 0 -12.62 -0 
-12.5399 0.0 -12.5399 -0 -12.5399 0 -12.5399 -0 -12.5399 0 -12.5399 -0 -12.5399 0 -12.5399 -0 -12.5399 0 -12.5399 -0 -12.5399 0 -12.5399 -0 
-12.4597 0.0 -12.4597 -0 -12.4597 0 -12.4597 -0 -12.4597 0 -12.4597 -0 -12.4597 0 -12.4597 -0 -12.4597 0 -12.4597 -0 -12.4597 0 -12.4597 -0 
-12.3795 0.0 -12.3795 -0 -12.3795 0 -12.3795 -0 -12.3795 0 -12.3795 -0 -12.3795 0 -12.3795 -0 -12.3795 0 -12.3795 -0 -12.3795 0 -12.3795 -0 
-12.2994 0.0 -12.2994 -0 -12.2994 0 -12.2994 -0 -12.2994 0 -12.2994 -0 -12.2994 0 -12.2994 -0 -12.2994 0 -12.2994 -0 -12.2994 0 -12.2994 -0 
-12.2192 0.0 -12.2192 -0 -12.2192 0 -12.2192 -0 -12.2192 0 -12.2192 -0 -12.2192 0 -12.2192 -0 -12.2192 0 -12.2192 -0 -12.2192 0 -12.2192 -0 
-12.1391 0.0 -12.1391 -0 -12.1391 0 -12.1391 -0 -12.1391 0 -12.1391 -0 -12.1391 0 -12.1391 -0 -12.1391 0 -12.1391 -0 -12.1391 0 -12.1391 -0 
-12.0589 0.0 -12.0589 -0 -12.0589 0 -12.0589 -0 -12.0589 0 -12.0589 -0 -12.0589 0 -12.0589 -0 -12.0589 0 -12.0589 -0 -12.0589 0 -12.0589 -0 
-11.9787 0.0 -11.9787 -0 -11.9787 0 -11.9787 -0 -11.9787 0 -11.9787 -0 -11.9787 0 -11.9787 -0 -11.9787 0 -11.9787 -0 -11.9787 0 -11.9787 -0 
-11.8986 0.0 -11.8986 -0 -11.8986 0 -11.8986 -0 -11.8986 0 -11.8986 -0 -11.8986 0 -11.8986 -0 -11.8986 0 -11.8986 -0 -11.8986 0 -11.8986 -0 
-11.8184 0.0 -11.8184 -0 -11.8184 0 -11.8184 -0 -11.8184 0 -11.8184 -0 -11.8184 0 -11.8184 -0 -11.8184 0 -11.8184 -0 -11.8184 0 -11.8184 -0 
-11.7383 0.0 -11.7383 -0 -11.7383 0 -11.7383 -0 -11.7383 0 -11.7383 -0 -11.7383 0 -11.7383 -0 -11.7383 0 -11.7383 -0 -11.7383 0 -11.7383 -0 
-11.6581 0.0 -11.6581 -0 -11.6581 0 -11.6581 -0 -11.6581 0 -11.6581 -0 -11.6581 0 -11.6581 -0 -11.6581 0 -11.6581 -0 -11.6581 0 -11.6581 -0 
-11.5779 0.0 -11.5779 -0 -11.5779 0 -11.5779 -0 -11.5779 0 -11.5779 -0 -11.5779 0 -11.5779 -0 -11.5779 0 -11.5779 -0 -11.5779 0 -11.5779 -0 
-11.4978 0.0 -11.4978 -0 -11.4978 0 -11.4978 -0 -11.4978 0 -11.4978 -0 -11.4978 0 -11.4978 -0 -11.4978 0 -11.4978 -0 -11.4978 0 -11.4978 -0 
-11.4176 0.0 -11.4176 -0 -11.4176 0 -11.4176 -0 -11.4176 0 -11.4176 -0 -11.4176 0 -11.4176 -0 -11.4176 0 -11.4176 -0 -11.4176 0 -11.4176 -0 
-11.3374 0.0 -11.3374 -0 -11.3374 0 -11.3374 -0 -11.3374 0 -11.3374 -0 -11.3374 0 -11.3374 -0 -11.3374 0 -11.3374 -0 -11.3374 0 -11.3374 -0 
-11.2573 0.0 -11.2573 -0 -11.2573 0 -11.2573 -0 -11.2573 0 -11.2573 -0 -11.2573 0 -11.2573 -0 -11.2573 0 -11.2573 -0 -11.2573 0 -11.2573 -0 
-11.1771 0.0 -11.1771 -0 -11.1771 0 -11.1771 -0 -11.1771 0 -11.1771 -0 -11.1771 0 -11.1771 -0 -11.1771 0 -11.1771 -0 -11.1771 0 -11.1771 -0 
-11.097 0.0 -11.097 -0 -11.097 0 -11.097 -0 -11.097 0 -11.097 -0 -11.097 0 -11.097 -0 -11.097 0 -11.097 -0 -11.097 0 -11.097 -0 
-11.0168 0.0 -11.0168 -0 -11.0168 0 -11.0168 -0 -11.0168 0 -11.0168 -0 -11.0168 0 -11.0168 -0 -11.0168 0 -11.0168 -0 -11.0168 0 -11.0168 -0 
-10.9366 0.0001 -10.9366 -0 -10.9366 0 -10.9366 -0 -10.9366 0 -10.9366 -0 -10.9366 0 -10.9366 -0 -10.9366 0 -10.9366 -0 -10.9366 0 -10.9366 -0 
-10.8565 0.0005 -10.8565 -0 -10.8565 0 -10.8565 -0 -10.8565 0 -10.8565 -0 -10.8565 0 -10.8565 -0 -10.8565 0 -10.8565 -0 -10.8565 0 -10.8565 -0 
-10.7763 0.0032 -10.7763 -0 -10.7763 0 -10.7763 -0 -10.7763 0 -10.7763 -0 -10.7763 0 -10.7763 -0 -10.7763 0 -10.7763 -0 -10.7763 0 -10.7763 -0 
-10.6962 0.0159 -10.6962 -0.0001 -10.6962 0 -10.6962 -0 -10.6962 0 -10.6962 -0 -10.6962 0 -10.6962 -0 -10.6962 0 -10.6962 -0 -10.6962 0 -10.6962 -0 
-10.616 0.0592 -10.616 -0.0009 -10.616 0 -10.616 -0 -10.616 0 -10.616 -0 -10.616 0.0001 -10.616 -0 -10.616 0 -10.616 -0 -10.616 0 -10.616 -0 
-10.5358 0.1694 -10.5358 -0.0069 -10.5358 0 -10.5358 -0 -10.5358 0.0001 -10.5358 -0 -10.5358 0.0002 -10.5358 -0 -10.5358 0 -10.5358 -0 -10.5358 0 -10.5358 -0 
-10.4557 0.3809 -10.4557 -0.038 -10.4557 0 -10.4557 -0 -10.4557 0.0001 -10.4557 -0 -10.4557 0.0007 -10.4557 -0.0002 -10.4557 0 -10.4557 -0 -10.4557 0 -10.4557 -0 
-10.3755 0.6958 -10.3755 -0.1543 -10.3755 0 -10.3755 -0 -10.3755 0.0002 -10.3755 -0 -10.3755 0.0014 -10.3755 -0.0012 -10.3755 0.0002 -10.3755 -0 -10.3755 0 -10.3755 -0 
-10.2954 1.0812 -10.2954 -0.4673 -10.2954 0 -10.2954 -0 -10.2954 0.0003 -10.2954 -0 -10.2954 0.0025 -10.2954 -0.0032 -10.2954 0.0004 -10.2954 -0 -10.2954 0 -10.2954 -0 
-10.2152 1.5098 -10.2152 -1.0671 -10.2152 0 -10.2152 -0 -10.2152 0.0003 -10.2152 -0 -10.2152 0.0038 -10.2152 -0.0073 -10.2152 0.0007 -10.2152 -0 -10.2152 0 -10.2152 -0 
-10.135 2.0016 -10.135 -1.8809 -10.135 0 -10.135 -0 -10.135 0.0004 -10.135 -0.0001 -10.135 0.0053 -10.135 -0.0127 -10.135 0.0009 -10.135 -0 -10.135 0 -10.135 -0 
-10.0549 2.6398 -10.0549 -2.6795 -10.0549 0 -10.0549 -0 -10.0549 0.0005 -10.0549 -0.0001 -10.0549 0.0067 -10.0549 -0.0179 -10.0549 0.0012 -10.0549 -0.0001 -10.0549 0 -10.0549 -0 
-9.97472 3.5636 -9.97472 -3.3154 -9.97472 0 -9.97472 -0 -9.97472 0.0008 -9.97472 -0.0001 -9.97472 0.0087 -9.97472 -0.0232 -9.97472 0.0017 -9.97472 -0.0004 -9.97472 0 -9.97472 -0 
-9.89462 4.8871 -9.89462 -3.8096 -9.89462 0 -9.89462 -0 -9.89462 0.0017 -9.89462 -0.0001 -9.89462 0.011 -9.89462 -0.0284 -9.89462 0.002 -9.89462 -0.0008 -9.89462 0 -9.89462 -0 
-9.81442 6.5434 -9.81442 -4.1177 -9.81442 0 -9.81442 -0 -9.81442 0.0033 -9.81442 -0.0001 -9.81442 0.0133 -9.81442 -0.0323 -9.81442 0.0025 -9.81442 -0.0022 -9.81442 0 -9.81442 -0 
-9.73422 8.2397 -9.73422 -4.1217 -9.73422 0 -9.73422 -0 -9.73422 0.0056 -9.73422 -0 -9.73422 0.015 -9.73422 -0.0329 -9.73422 0.0026 -9.73422 -0.006 -9.73422 0 -9.73422 -0 
-9.65412 9.6364 -9.65412 -3.9366 -9.65412 0 -9.65412 -0 -9.65412 0.0081 -9.65412 -0 -9.65412 0.0153 -9.65412 -0.0366 -9.65412 0.0028 -9.65412 -0.0127 -9.65412 0 -9.65412 -0 
-9.57392 10.6075 -9.57392 -3.8277 -9.57392 0 -9.57392 -0 -9.57392 0.0099 -9.57392 -0 -9.57392 0.0152 -9.57392 -0.0707 -9.57392 0.003 -9.57392 -0.0204 -9.57392 0 -9.57392 -0 
-9.49382 11.3637 -9.49382 -3.9123 -9.49382 0 -9.49382 -0 -9.49382 0.0116 -9.49382 -0 -9.49382 0.0162 -9.49382 -0.2105 -9.49382 0.0034 -9.49382 -0.025 -9.49382 0 -9.49382 -0 
-9.41362 12.3054 -9.41362 -4.4154 -9.41362 0 -9.41362 -0 -9.41362 0.0141 -9.41362 -0 -9.41362 0.0191 -9.41362 -0.5924 -9.41362 0.0043 -9.41362 -0.0243 -9.41362 0 -9.41362 -0 
-9.33342 13.7069 -9.33342 -5.8184 -9.33342 0 -9.33342 -0 -9.33342 0.0184 -9.33342 -0 -9.33342 0.0237 -9.33342 -1.321 -9.33342 0.0061 -9.33342 -0.0214 -9.33342 0 -9.33342 -0 
-9.25332 15.5246 -9.25332 -8.0092 -9.25332 0 -9.25332 -0 -9.25332 0.0249 -9.25332 -0 -9.25332 0.0302 -9.25332 -2.2708 -9.25332 0.0087 -9.25332 -0.0199 -9.25332 0 -9.25332 -0 
-9.17312 17.4723 -9.17312 -9.7301 -9.17312 0 -9.17312 -0 -9.17312 0.0324 -9.17312 -0 -9.17312 0.0379 -9.17312 -3.0665 -9.17312 0.0117 -9.17312 -0.0202 -9.17312 0.0001 -9.17312 -0 
-9.09302 19.1668 -9.09302 -9.7763 -9.09302 0.0001 -9.09302 -0 -9.09302 0.0394 -9.09302 -0 -9.09302 0.0462 -9.09302 -3.4364 -9.09302 0.0146 -9.09302 -0.0204 -9.09302 0.0002 -9.09302 -0 
-9.01282 20.1894 -9.01282 -8.4776 -9.01282 0.0001 -9.01282 -0 -9.01282 0.0446 -9.01282 -0 -9.01282 0.0533 -9.01282 -3.5416 -9.01282 0.0169 -9.01282 -0.023 -9.01282 0.0003 -9.01282 -0 
-8.93262 20.305 -8.93262 -7.2717 -8.93262 0.0004 -8.93262 -0 -8.93262 0.0486 -8.93262 -0 -8.93262 0.057 -8.93262 -3.7968 -8.93262 0.0182 -8.93262 -0.0395 -8.93262 0.0005 -8.93262 -0 
-8.85252 19.751 -8.85252 -7.1024 -8.85252 0.0016 -8.85252 -0 -8.85252 0.0524 -8.85252 -0 -8.85252 0.0571 -8.85252 -4.3889 -8.85252 0.0185 -8.85252 -0.1057 -8.85252 0.0016 -8.85252 -0 
-8.77232 19.0319 -8.77232 -7.7786 -8.77232 0.006 -8.77232 -0 -8.77232 0.0572 -8.77232 -0 -8.77232 0.0543 -8.77232 -5.0603 -8.77232 0.0181 -8.77232 -0.3102 -8.77232 0.0054 -8.77232 -0 
-8.69222 18.4587 -8.69222 -8.5998 -8.69222 0.0186 -8.69222 -0 -8.69222 0.0635 -8.69222 -0 -8.69222 0.0493 -8.69222 -5.3108 -8.69222 0.0175 -8.69222 -0.8065 -8.69222 0.0159 -8.69222 -0 
-8.61202 18.2121 -8.61202 -9.091 -8.61202 0.0469 -8.61202 -0 -8.61202 0.0709 -8.61202 -0 -8.61202 0.0421 -8.61202 -4.7841 -8.61202 0.0173 -8.61202 -1.7242 -8.61202 0.0387 -8.61202 -0 
-8.53182 18.5815 -8.53182 -9.1959 -8.53182 0.0994 -8.53182 -0 -8.53182 0.0778 -8.53182 -0 -8.53182 0.0343 -8.53182 -3.5602 -8.53182 0.0178 -8.53182 -2.9938 -8.53182 0.0809 -8.53182 -0 
-8.45172 19.6919 -8.45172 -9.0545 -8.45172 0.1856 -8.45172 -0 -8.45172 0.0836 -8.45172 -0 -8.45172 0.028 -8.45172 -2.1317 -8.45172 0.0191 -8.45172 -4.2569 -8.45172 0.152 -8.45172 -0 
-8.37152 21.2537 -8.37152 -8.7197 -8.37152 0.3168 -8.37152 -0 -8.37152 0.0885 -8.37152 -0.0001 -8.37152 0.0248 -8.37152 -1.0184 -8.37152 0.0207 -8.37152 -5.0391 -8.37152 0.2675 -8.37152 -0 
-8.29142 22.9144 -8.29142 -8.2585 -8.29142 0.511 -8.29142 -0 -8.29142 0.0941 -8.29142 -0.0004 -8.29142 0.0243 -8.29142 -0.4068 -8.29142 0.0221 -8.29142 -5.1516 -8.29142 0.4407 -8.29142 -0.0001 
-8.21122 24.6836 -8.21122 -8.1048 -8.21122 0.8031 -8.21122 -0 -8.21122 0.1023 -8.21122 -0.0014 -8.21122 0.0252 -8.21122 -0.1744 -8.21122 0.0241 -8.21122 -4.9301 -8.21122 0.6657 -8.21122 -0.0004 
-8.13102 26.8513 -8.13102 -8.6969 -8.13102 1.2462 -8.13102 -0 -8.13102 0.1153 -8.13102 -0.0027 -8.13102 0.0253 -8.13102 -0.1268 -8.13102 0.0281 -8.13102 -4.823 -8.13102 0.9101 -8.13102 -0.0005 
-8.05092 29.46 -8.05092 -9.607 -8.05092 1.8594 -8.05092 -0 -8.05092 0.1368 -8.05092 -0.0051 -8.05092 0.0243 -8.05092 -0.1329 -8.05092 0.0353 -8.05092 -4.7077 -8.05092 1.1361 -8.05092 -0.0006 
-7.97072 31.8068 -7.97072 -9.9437 -7.97072 2.5307 -7.97072 -0.0001 -7.97072 0.1719 -7.97072 -0.0084 -7.97072 0.0219 -7.97072 -0.1321 -7.97072 0.0436 -7.97072 -4.0536 -7.97072 1.3248 -7.97072 -0.0007 
-7.89062 32.7579 -7.89062 -9.8368 -7.89062 3.0093 -7.89062 -0.0004 -7.89062 0.2338 -7.89062 -0.013 -7.89062 0.0186 -7.89062 -0.1126 -7.89062 0.0476 -7.89062 -2.7986 -7.89062 1.4699 -7.89062 -0.001 
-7.81042 31.9444 -7.81042 -10.4678 -7.81042 3.1046 -7.81042 -0.0014 -7.81042 0.3422 -7.81042 -0.0193 -7.81042 0.0145 -7.81042 -0.09 -7.81042 0.0447 -7.81042 -1.5202 -7.81042 1.5824 -7.81042 -0.0023 
-7.73022 30.3027 -7.73022 -12.5019 -7.73022 2.8921 -7.73022 -0.0034 -7.73022 0.502 -7.73022 -0.0259 -7.73022 0.0103 -7.73022 -0.0788 -7.73022 0.0375 -7.73022 -0.7307 -7.73022 1.7121 -7.73022 -0.0051 
-7.65012 28.8484 -7.65012 -15.3892 -7.65012 2.6116 -7.65012 -0.0063 -7.65012 0.6879 -7.65012 -0.0312 -7.65012 0.0068 -7.65012 -0.0785 -7.65012 0.0292 -7.65012 -0.4512 -7.65012 1.9087 -7.65012 -0.0102 
-7.56992 27.443 -7.56992 -18.0928 -7.56992 2.389 -7.56992 -0.0099 -7.56992 0.8846 -7.56992 -0.0342 -7.56992 0.004 -7.56992 -0.0833 -7.56992 0.0217 -7.56992 -0.4301 -7.56992 2.1575 -7.56992 -0.017 
-7.48982 25.5901 -7.48982 -19.8404 -7.48982 2.181 -7.48982 -0.0141 -7.48982 1.1401 -7.48982 -0.0349 -7.48982 0.0022 -7.48982 -0.0884 -7.48982 0.0147 -7.48982 -0.4541 -7.48982 2.3979 -7.48982 -0.0229 
-7.40962 23.7356 -7.40962 -20.4674 -7.40962 1.93 -7.40962 -0.0201 -7.40962 1.5041 -7.40962 -0.033 -7.40962 0.0012 -7.40962 -0.0927 -7.40962 0.0085 -7.40962 -0.4407 -7.40962 2.5982 -7.40962 -0.025 
-7.32942 22.8067 -7.32942 -20.5316 -7.32942 1.6613 -7.32942 -0.0284 -7.32942 1.91 -7.32942 -0.0285 -7.32942 0.0008 -7.32942 -0.0959 -7.32942 0.0044 -7.32942 -0.4058 -7.32942 2.7782 -7.32942 -0.0229 
-7.24932 23.0517 -7.24932 -20.7386 -7.24932 1.4449 -7.24932 -0.0356 -7.24932 2.2347 -7.24932 -0.023 -7.24932 0.0009 -7.24932 -0.0987 -7.24932 0.0023 -7.24932 -0.4026 -7.24932 2.9684 -7.24932 -0.0193 
-7.16912 23.9805 -7.16912 -21.0938 -7.16912 1.3215 -7.16912 -0.0374 -7.16912 2.496 -7.16912 -0.018 -7.16912 0.0014 -7.16912 -0.0999 -7.16912 0.0016 -7.16912 -0.4535 -7.16912 3.1442 -7.16912 -0.0163 
-7.08902 24.9315 -7.08902 -21.1081 -7.08902 1.2688 -7.08902 -0.0325 -7.08902 2.8261 -7.08902 -0.0141 -7.08902 0.0023 -7.08902 -0.0982 -7.08902 0.0016 -7.08902 -0.5185 -7.08902 3.2095 -7.08902 -0.0149 
-7.00882 25.3375 -7.00882 -20.5527 -7.00882 1.2293 -7.00882 -0.0252 -7.00882 3.2013 -7.00882 -0.0116 -7.00882 0.004 -7.00882 -0.0949 -7.00882 0.0018 -7.00882 -0.5282 -7.00882 3.0885 -7.00882 -0.0147 
-6.92862 24.897 -6.92862 -19.486 -6.92862 1.1615 -6.92862 -0.0189 -6.92862 3.3935 -6.92862 -0.0108 -6.92862 0.0068 -6.92862 -0.0936 -6.92862 0.0023 -6.92862 -0.4513 -6.92862 2.8009 -6.92862 -0.0145 
-6.84852 23.9003 -6.84852 -18.0016 -6.84852 1.0717 -6.84852 -0.0142 -6.84852 3.2884 -6.84852 -0.0114 -6.84852 0.0118 -6.84852 -0.0963 -6.84852 0.0029 -6.84852 -0.323 -6.84852 2.4292 -6.84852 -0.0127 
-6.76832 23.2763 -6.76832 -16.2373 -6.76832 1.0125 -6.76832 -0.01 -6.76832 3.1033 -6.76832 -0.012 -6.76832 0.0207 -6.76832 -0.0984 -6.76832 0.0039 -6.76832 -0.2022 -6.76832 2.0627 -6.76832 -0.009 
-6.68822 23.9162 -6.68822 -14.2546 -6.68822 1.0466 -6.68822 -0.0062 -6.68822 3.1477 -6.68822 -0.0114 -6.68822 0.0352 -6.68822 -0.0959 -6.68822 0.0054 -6.68822 -0.1215 -6.68822 1.773 -6.68822 -0.0051 
-6.60802 25.6896 -6.60802 -12.014 -6.60802 1.1909 -6.60802 -0.004 -6.60802 3.4101 -6.60802 -0.0093 -6.60802 0.0574 -6.60802 -0.0941 -6.60802 0.0073 -6.60802 -0.0828 -6.60802 1.5819 -6.60802 -0.0024 
-6.52782 27.3232 -6.52782 -9.7885 -6.52782 1.3893 -6.52782 -0.0043 -6.52782 3.5122 -6.52782 -0.0066 -6.52782 0.0883 -6.52782 -0.1035 -6.52782 0.0097 -6.52782 -0.0772 -6.52782 1.439 -6.52782 -0.0014 
-6.44772 27.4922 -6.44772 -8.2462 -6.44772 1.5422 -6.44772 -0.0069 -6.44772 3.1177 -6.44772 -0.005 -6.44772 0.1252 -6.44772 -0.13 -6.44772 0.0123 -6.44772 -0.0953 -6.44772 1.2633 -6.44772 -0.0014 
-6.36752 25.8721 -6.36752 -7.8313 -6.36752 1.563 -6.36752 -0.0115 -6.36752 2.2946 -6.36752 -0.0043 -6.36752 0.1609 -6.36752 -0.1721 -6.36752 0.0147 -6.36752 -0.1261 -6.36752 1.0145 -6.36752 -0.0018 
-6.28732 23.0825 -6.28732 -8.3459 -6.28732 1.4163 -6.28732 -0.0177 -6.28732 1.4093 -6.28732 -0.0045 -6.28732 0.1861 -6.28732 -0.2216 -6.28732 0.0172 -6.28732 -0.1558 -6.28732 0.7224 -6.28732 -0.0025 
-6.20722 20.0448 -6.20722 -9.2669 -6.20722 1.1281 -6.20722 -0.0249 -6.20722 0.7566 -6.20722 -0.0053 -6.20722 0.1944 -6.20722 -0.2699 -6.20722 0.0199 -6.20722 -0.172 -6.20722 0.4516 -6.20722 -0.0029 
-6.12702 17.6132 -6.12702 -10.2708 -6.12702 0.7795 -6.12702 -0.032 -6.12702 0.389 -6.12702 -0.0066 -6.12702 0.1878 -6.12702 -0.3183 -6.12702 0.024 -6.12702 -0.1738 -6.12702 0.2469 -6.12702 -0.0033 
-6.04692 16.3201 -6.04692 -11.3092 -6.04692 0.4682 -6.04692 -0.0359 -6.04692 0.2163 -6.04692 -0.0079 -6.04692 0.1744 -6.04692 -0.3798 -6.04692 0.0306 -6.04692 -0.1713 -6.04692 0.1186 -6.04692 -0.0039 
-5.96672 15.9299 -5.96672 -12.249 -5.96672 0.2525 -5.96672 -0.0341 -5.96672 0.1421 -5.96672 -0.0096 -5.96672 0.1616 -5.96672 -0.4507 -5.96672 0.0387 -5.96672 -0.1751 -5.96672 0.0518 -5.96672 -0.0051 
-5.88652 15.4522 -5.88652 -12.7666 -5.88652 0.1308 -5.88652 -0.0281 -5.88652 0.1096 -5.88652 -0.0117 -5.88652 0.1494 -5.88652 -0.4956 -5.88652 0.0443 -5.88652 -0.1837 -5.88652 0.0233 -5.88652 -0.0068 
-5.80642 14.0982 -5.80642 -12.7964 -5.80642 0.0696 -5.80642 -0.0244 -5.80642 0.094 -5.80642 -0.015 -5.80642 0.1346 -5.80642 -0.48 -5.80642 0.0453 -5.80642 -0.1886 -5.80642 0.0128 -5.80642 -0.0102 
-5.72622 12.1165 -5.72622 -12.8823 -5.72622 0.039 -5.72622 -0.0308 -5.72622 0.0894 -5.72622 -0.02 -5.72622 0.1181 -5.72622 -0.4096 -5.72622 0.0428 -5.72622 -0.186 -5.72622 0.0103 -5.72622 -0.0156 
-5.64612 10.4025 -5.64612 -13.8542 -5.64612 0.0254 -5.64612 -0.052 -5.64612 0.0972 -5.64612 -0.0258 -5.64612 0.1046 -5.64612 -0.3233 -5.64612 0.0412 -5.64612 -0.182 -5.64612 0.0124 -5.64612 -0.0238 
-5.56592 9.6232 -5.56592 -16.1062 -5.56592 0.026 -5.56592 -0.0844 -5.56592 0.1139 -5.56592 -0.0317 -5.56592 0.0966 -5.56592 -0.2544 -5.56592 0.0436 -5.56592 -0.1841 -5.56592 0.0194 -5.56592 -0.0337 
-5.48572 9.9725 -5.48572 -19.1658 -5.48572 0.0417 -5.48572 -0.1169 -5.48572 0.1297 -5.48572 -0.0365 -5.48572 0.0954 -5.48572 -0.2131 -5.48572 0.0506 -5.48572 -0.1924 -5.48572 0.0336 -5.48572 -0.0423 
-5.40562 11.3298 -5.40562 -22.0627 -5.40562 0.0736 -5.40562 -0.1387 -5.40562 0.1343 -5.40562 -0.0404 -5.40562 0.1009 -5.40562 -0.194 -5.40562 0.0607 -5.40562 -0.1984 -5.40562 0.0594 -5.40562 -0.0467 
-5.32542 13.3383 -5.32542 -24.1095 -5.32542 0.1184 -5.32542 -0.1473 -5.32542 0.1264 -5.32542 -0.0438 -5.32542 0.1124 -5.32542 -0.1888 -5.32542 0.071 -5.32542 -0.1931 -5.32542 0.0974 -5.32542 -0.0475 
-5.24532 15.5902 -5.24532 -25.0803 -5.24532 0.1658 -5.24532 -0.1465 -5.24532 0.1116 -5.24532 -0.0478 -5.24532 0.1282 -5.24532 -0.1926 -5.24532 0.0789 -5.24532 -0.1777 -5.24532 0.1401 -5.24532 -0.0465 
-5.16512 17.8762 -5.16512 -24.8991 -5.16512 0.2039 -5.16512 -0.1387 -5.16512 0.0982 -5.16512 -0.0524 -5.16512 0.1486 -5.16512 -0.203 -5.16512 0.0851 -5.16512 -0.1614 -5.16512 0.1717 -5.16512 -0.0452 
-5.08492 19.9609 -5.08492 -23.7459 -5.08492 0.2255 -5.08492 -0.1252 -5.08492 0.0911 -5.08492 -0.0575 -5.08492 0.174 -5.08492 -0.2187 -5.08492 0.0905 -5.08492 -0.1545 -5.08492 0.1811 -5.08492 -0.0438 
-5.00482 21.189 -5.00482 -22.2308 -5.00482 0.2279 -5.00482 -0.1101 -5.00482 0.0903 -5.00482 -0.0625 -5.00482 0.1966 -5.00482 -0.2368 -5.00482 0.0951 -5.00482 -0.1597 -5.00482 0.1721 -5.00482 -0.0422 
-4.92462 20.9899 -4.92462 -20.896 -4.92462 0.2101 -4.92462 -0.099 -4.92462 0.0925 -4.92462 -0.0653 -4.92462 0.2075 -4.92462 -0.2499 -4.92462 0.0988 -4.92462 -0.1691 -4.92462 0.1574 -4.92462 -0.0415 
-4.84452 19.8099 -4.84452 -19.784 -4.84452 0.1768 -4.84452 -0.0951 -4.84452 0.0957 -4.84452 -0.0655 -4.84452 0.2075 -4.84452 -0.2497 -4.84452 0.1059 -4.84452 -0.1699 -4.84452 0.1469 -4.84452 -0.0422 
-4.76432 18.8034 -4.76432 -18.8283 -4.76432 0.1418 -4.76432 -0.1001 -4.76432 0.0989 -4.76432 -0.0635 -4.76432 0.2052 -4.76432 -0.2384 -4.76432 0.1206 -4.76432 -0.156 -4.76432 0.1413 -4.76432 -0.0443 
-4.68412 18.6296 -4.68412 -18.2978 -4.68412 0.1201 -4.68412 -0.1132 -4.68412 0.1004 -4.68412 -0.0612 -4.68412 0.2026 -4.68412 -0.231 -4.68412 0.1397 -4.68412 -0.1358 -4.68412 0.1369 -4.68412 -0.0479 
-4.60402 19.1604 -4.60402 -18.4932 -4.60402 0.1201 -4.60402 -0.129 -4.60402 0.0989 -4.60402 -0.0597 -4.60402 0.1964 -4.60402 -0.2397 -4.60402 0.1565 -4.60402 -0.1215 -4.60402 0.1335 -4.60402 -0.0529 
-4.52382 20.0443 -4.52382 -19.2791 -4.52382 0.1431 -4.52382 -0.1384 -4.52382 0.0963 -4.52382 -0.0607 -4.52382 0.1877 -4.52382 -0.2645 -4.52382 0.1684 -4.52382 -0.1172 -4.52382 0.1349 -4.52382 -0.0593 
-4.44372 20.9416 -4.44372 -20.3094 -4.44372 0.1865 -4.44372 -0.1393 -4.44372 0.0958 -4.44372 -0.066 -4.44372 0.1805 -4.44372 -0.2986 -4.44372 0.1777 -4.44372 -0.1205 -4.44372 0.1438 -4.44372 -0.0678 
-4.36352 21.5571 -4.36352 -21.5509 -4.36352 0.2439 -4.36352 -0.1408 -4.36352 0.1006 -4.36352 -0.0783 -4.36352 0.1742 -4.36352 -0.3403 -4.36352 0.1886 -4.36352 -0.1288 -4.36352 0.1587 -4.36352 -0.0802 
-4.28332 21.8908 -4.28332 -23.1561 -4.28332 0.3029 -4.28332 -0.1542 -4.28332 0.1126 -4.28332 -0.0975 -4.28332 0.1659 -4.28332 -0.3915 -4.28332 0.2033 -4.28332 -0.1412 -4.28332 0.1756 -4.28332 -0.0963 
-4.20322 22.2115 -4.20322 -24.8546 -4.20322 0.3485 -4.20322 -0.1771 -4.20322 0.1312 -4.20322 -0.1196 -4.20322 0.1584 -4.20322 -0.4471 -4.20322 0.2204 -4.20322 -0.154 -4.20322 0.1918 -4.20322 -0.1109 
-4.12302 22.6594 -4.12302 -25.9547 -4.12302 0.3706 -4.12302 -0.1944 -4.12302 0.15 -4.12302 -0.1361 -4.12302 0.1576 -4.12302 -0.4922 -4.12302 0.2334 -4.12302 -0.1606 -4.12302 0.2029 -4.12302 -0.1175 
-4.04292 23.0944 -4.04292 -26.0972 -4.04292 0.3689 -4.04292 -0.1949 -4.04292 0.1619 -4.04292 -0.1416 -4.04292 0.1672 -4.04292 -0.5127 -4.04292 0.2351 -4.04292 -0.1562 -4.04292 0.2042 -4.04292 -0.1133 
-3.96272 23.2973 -3.96272 -25.6229 -3.96272 0.3492 -3.96272 -0.1853 -3.96272 0.1651 -3.96272 -0.1368 -3.96272 0.1829 -3.96272 -0.5051 -3.96272 0.2253 -3.96272 -0.1427 -3.96272 0.1969 -3.96272 -0.1034 
-3.88252 23.1589 -3.88252 -25.0618 -3.88252 0.3202 -3.88252 -0.1825 -3.88252 0.1606 -3.88252 -0.1282 -3.88252 0.197 -3.88252 -0.4737 -3.88252 0.2109 -3.88252 -0.1268 -3.88252 0.1884 -3.88252 -0.0954 
-3.80242 22.7306 -3.80242 -24.5713 -3.80242 0.2879 -3.80242 -0.2013 -3.80242 0.1508 -3.80242 -0.1226 -3.80242 0.206 -3.80242 -0.4242 -3.80242 0.2019 -3.80242 -0.1153 -3.80242 0.1848 -3.80242 -0.0929 
-3.72222 22.1428 -3.72222 -23.9701 -3.72222 0.2557 -3.72222 -0.2488 -3.72222 0.1386 -3.72222 -0.1232 -3.72222 0.2127 -3.72222 -0.3651 -3.72222 0.2034 -3.72222 -0.1104 -3.72222 0.1841 -3.72222 -0.0955 
-3.64212 21.4456 -3.64212 -23.1568 -3.64212 0.2247 -3.64212 -0.3223 -3.64212 0.1284 -3.64212 -0.1289 -3.64212 0.2177 -3.64212 -0.3089 -3.64212 0.2109 -3.64212 -0.1119 -3.64212 0.1787 -3.64212 -0.1017 
-3.56192 20.6066 -3.56192 -22.4391 -3.56192 0.1991 -3.56192 -0.4039 -3.56192 0.1251 -3.56192 -0.1385 -3.56192 0.2148 -3.56192 -0.2678 -3.56192 0.2155 -3.56192 -0.1196 -3.56192 0.1641 -3.56192 -0.1131 
-3.48172 19.7081 -3.48172 -22.3456 -3.48172 0.1851 -3.48172 -0.4612 -3.48172 0.1312 -3.48172 -0.1514 -3.48172 0.1986 -3.48172 -0.2468 -3.48172 0.2179 -3.48172 -0.1342 -3.48172 0.1437 -3.48172 -0.1332 
-3.40162 19.043 -3.40162 -23.0148 -3.40162 0.1857 -3.40162 -0.469 -3.40162 0.144 -3.40162 -0.1652 -3.40162 0.1718 -3.40162 -0.2399 -3.40162 0.234 -3.40162 -0.1544 -3.40162 0.1276 -3.40162 -0.1611 
-3.32142 18.9704 -3.32142 -23.9762 -3.32142 0.1964 -3.32142 -0.4332 -3.32142 0.1597 -3.32142 -0.1721 -3.32142 0.1445 -3.32142 -0.235 -3.32142 0.2795 -3.32142 -0.1736 -3.32142 0.1246 -3.32142 -0.1903 
-3.24132 19.6743 -3.24132 -24.6978 -3.24132 0.208 -3.24132 -0.3836 -3.24132 0.1783 -3.24132 -0.1648 -3.24132 0.1251 -3.24132 -0.2214 -3.24132 0.3459 -3.24132 -0.1856 -3.24132 0.1359 -3.24132 -0.2143 
-3.16112 21.0108 -3.16112 -25.111 -3.16112 0.2143 -3.16112 -0.3419 -3.16112 0.2016 -3.16112 -0.1444 -3.16112 0.1147 -3.16112 -0.1958 -3.16112 0.3966 -3.16112 -0.1885 -3.16112 0.1538 -3.16112 -0.2389 
-3.08092 22.5897 -3.08092 -25.4369 -3.08092 0.2142 -3.08092 -0.3039 -3.08092 0.2284 -3.08092 -0.1207 -3.08092 0.1097 -3.08092 -0.1643 -3.08092 0.398 -3.08092 -0.1849 -3.08092 0.1662 -3.08092 -0.2758 
-3.00082 23.96 -3.00082 -25.7365 -3.00082 0.2069 -3.00082 -0.2588 -3.00082 0.2523 -3.00082 -0.1047 -3.00082 0.1056 -3.00082 -0.1375 -3.00082 0.3498 -3.00082 -0.177 -3.00082 0.1652 -3.00082 -0.3232 
-2.92062 24.6646 -2.92062 -25.7982 -2.92062 0.1921 -2.92062 -0.2065 -2.92062 0.265 -2.92062 -0.1019 -2.92062 0.1005 -2.92062 -0.1201 -2.92062 0.2807 -2.92062 -0.1656 -2.92062 0.1514 -2.92062 -0.3562 
-2.84052 24.4115 -2.84052 -25.4262 -2.84052 0.1715 -2.84052 -0.1583 -2.84052 0.2598 -2.84052 -0.1122 -2.84052 0.0936 -2.84052 -0.1086 -2.84052 0.2184 -2.84052 -0.154 -2.84052 0.1307 -2.84052 -0.35 
-2.76032 23.5155 -2.76032 -24.7678 -2.76032 0.1525 -2.76032 -0.1239 -2.76032 0.2401 -2.76032 -0.1343 -2.76032 0.0866 -2.76032 -0.0975 -2.76032 0.1757 -2.76032 -0.1475 -2.76032 0.1109 -2.76032 -0.3119 
-2.68012 22.8762 -2.68012 -24.2104 -2.68012 0.1417 -2.68012 -0.1056 -2.68012 0.2162 -2.68012 -0.1668 -2.68012 0.0838 -2.68012 -0.0853 -2.68012 0.1542 -2.68012 -0.1491 -2.68012 0.0977 -2.68012 -0.2773 
-2.60002 23.1197 -2.60002 -23.9199 -2.60002 0.139 -2.60002 -0.0996 -2.60002 0.1976 -2.60002 -0.2066 -2.60002 0.0878 -2.60002 -0.0725 -2.60002 0.1469 -2.60002 -0.1551 -2.60002 0.0928 -2.60002 -0.2705 
-2.51982 23.9482 -2.51982 -23.6415 -2.51982 0.1385 -2.51982 -0.1011 -2.51982 0.1857 -2.51982 -0.2481 -2.51982 0.0957 -2.51982 -0.0592 -2.51982 0.1429 -2.51982 -0.1593 -2.51982 0.0942 -2.51982 -0.2856 
-2.43972 24.5498 -2.43972 -23.0364 -2.43972 0.1358 -2.43972 -0.1054 -2.43972 0.178 -2.43972 -0.2807 -2.43972 0.1028 -2.43972 -0.0458 -2.43972 0.1349 -2.43972 -0.1582 -2.43972 0.0981 -2.43972 -0.2993 
-2.35952 24.4385 -2.35952 -22.112 -2.35952 0.1314 -2.35952 -0.11 -2.35952 0.1744 -2.35952 -0.2938 -2.35952 0.1055 -2.35952 -0.0334 -2.35952 0.1241 -2.35952 -0.157 -2.35952 0.1038 -2.35952 -0.2986 
-2.27932 23.7912 -2.27932 -21.2465 -2.27932 0.1287 -2.27932 -0.1142 -2.27932 0.1796 -2.27932 -0.2855 -2.27932 0.1028 -2.27932 -0.0236 -2.27932 0.1151 -2.27932 -0.1713 -2.27932 0.112 -2.27932 -0.2881 
-2.19922 23.1098 -2.19922 -20.8795 -2.19922 0.128 -2.19922 -0.1182 -2.19922 0.1977 -2.19922 -0.2693 -2.19922 0.0973 -2.19922 -0.0173 -2.19922 0.1096 -2.19922 -0.2217 -2.19922 0.1219 -2.19922 -0.2795 
-2.11902 22.6251 -2.11902 -21.1826 -2.11902 0.1256 -2.11902 -0.1235 -2.11902 0.2253 -2.11902 -0.2669 -2.11902 0.0928 -2.11902 -0.0143 -2.11902 0.1051 -2.11902 -0.3182 -2.11902 0.1291 -2.11902 -0.278 
-2.03892 22.1328 -2.03892 -21.8393 -2.03892 0.1192 -2.03892 -0.1295 -2.03892 0.2489 -2.03892 -0.2877 -2.03892 0.0916 -2.03892 -0.0131 -2.03892 0.0979 -2.03892 -0.4408 -2.03892 0.1288 -2.03892 -0.2761 
-1.95872 21.4992 -1.95872 -22.1351 -1.95872 0.1113 -1.95872 -0.1317 -1.95872 0.2548 -1.95872 -0.317 -1.95872 0.0926 -1.95872 -0.0122 -1.95872 0.0867 -1.95872 -0.5345 -1.95872 0.1223 -1.95872 -0.2629 
-1.87852 21.0468 -1.87852 -21.5263 -1.87852 0.1074 -1.87852 -0.1279 -1.87852 0.2431 -1.87852 -0.3315 -1.87852 0.0924 -1.87852 -0.0106 -1.87852 0.0752 -1.87852 -0.5429 -1.87852 0.1168 -1.87852 -0.2384 
-1.79842 21.1096 -1.79842 -20.2201 -1.79842 0.1074 -1.79842 -0.1219 -1.79842 0.2257 -1.79842 -0.3222 -1.79842 0.0879 -1.79842 -0.0083 -1.79842 0.0685 -1.79842 -0.461 -1.79842 0.1189 -1.79842 -0.213 
-1.71822 21.433 -1.71822 -18.9778 -1.71822 0.1069 -1.71822 -0.1184 -1.71822 0.211 -1.71822 -0.2966 -1.71822 0.0785 -1.71822 -0.0062 -1.71822 0.0694 -1.71822 -0.3452 -1.71822 0.1291 -1.71822 -0.1955 
-1.63802 21.4464 -1.63802 -18.2549 -1.63802 0.1043 -1.63802 -0.1166 -1.63802 0.1998 -1.63802 -0.2633 -1.63802 0.0654 -1.63802 -0.0047 -1.63802 0.0745 -1.63802 -0.2549 -1.63802 0.1433 -1.63802 -0.1836 
-1.55792 20.9517 -1.55792 -17.7813 -1.55792 0.1035 -1.55792 -0.1111 -1.55792 0.1885 -1.55792 -0.2252 -1.55792 0.0513 -1.55792 -0.0039 -1.55792 0.0787 -1.55792 -0.2025 -1.55792 0.1573 -1.55792 -0.1684 
-1.47772 20.1582 -1.47772 -17.0612 -1.47772 0.1086 -1.47772 -0.099 -1.47772 0.1763 -1.47772 -0.1885 -1.47772 0.039 -1.47772 -0.0033 -1.47772 0.0785 -1.47772 -0.1643 -1.47772 0.1672 -1.47772 -0.1448 
-1.39762 19.2667 -1.39762 -15.9866 -1.39762 0.1205 -1.39762 -0.0834 -1.39762 0.1663 -1.39762 -0.1649 -1.39762 0.0293 -1.39762 -0.0027 -1.39762 0.0737 -1.39762 -0.123 -1.39762 0.1698 -1.39762 -0.1156 
-1.31742 18.3591 -1.31742 -14.8152 -1.31742 0.1369 -1.31742 -0.0683 -1.31742 0.1648 -1.31742 -0.1608 -1.31742 0.0225 -1.31742 -0.0023 -1.31742 0.0657 -1.31742 -0.082 -1.31742 0.1694 -1.31742 -0.0887 
-1.23722 17.5338 -1.23722 -13.7441 -1.23722 0.1544 -1.23722 -0.0552 -1.23722 0.1744 -1.23722 -0.1694 -1.23722 0.0182 -1.23722 -0.002 -1.23722 0.0564 -1.23722 -0.0512 -1.23722 0.1819 -1.23722 -0.0699 
-1.15712 16.9119 -1.15712 -12.7253 -1.15712 0.17 -1.15712 -0.0442 -1.15712 0.1909 -1.15712 -0.1771 -1.15712 0.0155 -1.15712 -0.0018 -1.15712 0.0482 -1.15712 -0.0342 -1.15712 0.2264 -1.15712 -0.0592 
-1.07692 16.5114 -1.07692 -11.7055 -1.07692 0.1807 -1.07692 -0.036 -1.07692 0.2074 -1.07692 -0.1774 -1.07692 0.0139 -1.07692 -0.0016 -1.07692 0.0425 -1.07692 -0.0281 -1.07692 0.3065 -1.07692 -0.0533 
-0.996821 16.194 -0.996821 -10.8077 -0.996821 0.1847 -0.996821 -0.0297 -0.996821 0.2223 -0.996821 -0.1715 -0.996821 0.0126 -0.996821 -0.0013 -0.996821 0.0394 -0.996821 -0.0265 -0.996821 0.3981 -0.996821 -0.0497 
-0.916621 15.8078 -0.916621 -10.1183 -0.916621 0.1837 -0.916621 -0.0243 -0.916621 0.2385 -0.916621 -0.1647 -0.916621 0.0113 -0.916621 -0.0011 -0.916621 0.0371 -0.916621 -0.024 -0.916621 0.4623 -0.916621 -0.0474 
-0.836421 15.3612 -0.836421 -9.4925 -0.836421 0.1862 -0.836421 -0.0187 -0.836421 0.2612 -0.836421 -0.1593 -0.836421 0.0099 -0.836421 -0.0007 -0.836421 0.0338 -0.836421 -0.0186 -0.836421 0.474 -0.836421 -0.0448 
-0.756321 14.9445 -0.756321 -8.7575 -0.756321 0.2014 -0.756321 -0.0136 -0.756321 0.2984 -0.756321 -0.1563 -0.756321 0.0087 -0.756321 -0.0005 -0.756321 0.0288 -0.756321 -0.0116 -0.756321 0.4371 -0.756321 -0.0411 
-0.676121 14.5191 -0.676121 -7.989 -0.676121 0.2273 -0.676121 -0.0104 -0.676121 0.3613 -0.676121 -0.1583 -0.676121 0.0084 -0.676121 -0.0005 -0.676121 0.0222 -0.676121 -0.006 -0.676121 0.3728 -0.676121 -0.0348 
-0.596021 13.9258 -0.596021 -7.3885 -0.596021 0.2527 -0.596021 -0.0089 -0.596021 0.4483 -0.596021 -0.164 -0.596021 0.0087 -0.596021 -0.0005 -0.596021 0.0157 -0.596021 -0.0028 -0.596021 0.3027 -0.596021 -0.0267 
-0.515821 13.072 -0.515821 -6.8827 -0.515821 0.2669 -0.515821 -0.0084 -0.515821 0.5294 -0.515821 -0.1635 -0.515821 0.0092 -0.515821 -0.0007 -0.515821 0.0102 -0.515821 -0.0013 -0.515821 0.2421 -0.515821 -0.018 
-0.435621 12.022 -0.435621 -6.045 -0.435621 0.271 -0.435621 -0.0073 -0.435621 0.5556 -0.435621 -0.1453 -0.435621 0.0098 -0.435621 -0.0008 -0.435621 0.0063 -0.435621 -0.0008 -0.435621 0.1984 -0.435621 -0.0108 
-0.355521 11.0048 -0.355521 -4.5912 -0.355521 0.2826 -0.355521 -0.0053 -0.355521 0.4982 -0.355521 -0.1081 -0.355521 0.013 -0.355521 -0.0007 -0.355521 0.0043 -0.355521 -0.0005 -0.355521 0.1706 -0.355521 -0.0056 
-0.275321 10.4807 -0.275321 -2.8231 -0.275321 0.3329 -0.275321 -0.0031 -0.275321 0.3795 -0.275321 -0.0648 -0.275321 0.0295 -0.275321 -0.0005 -0.275321 0.0033 -0.275321 -0.0002 -0.275321 0.1536 -0.275321 -0.0025 
-0.195221 11.007 -0.195221 -1.3512 -0.195221 0.442 -0.195221 -0.0014 -0.195221 0.2568 -0.195221 -0.0303 -0.195221 0.0906 -0.195221 -0.0002 -0.195221 0.0034 -0.195221 -0 -0.195221 0.1437 -0.195221 -0.0009 
-0.115021 12.6914 -0.115021 -0.4959 -0.115021 0.5842 -0.115021 -0.0005 -0.115021 0.1729 -0.115021 -0.011 -0.115021 0.2571 -0.115021 -0.0001 -0.115021 0.0042 -0.115021 -0 -0.115021 0.1355 -0.115021 -0.0003 
-0.0348214 14.7595 -0.0348214 -0.1589 -0.0348214 0.6813 -0.0348214 -0 -0.0348214 0.1289 -0.0348214 -0.003 -0.0348214 0.6028 -0.0348214 -0 -0.0348214 0.005 -0.0348214 -0 -0.0348214 0.1204 -0.0348214 -0 
0.0452786 15.8925 0.0452786 -0.1389 0.0452786 0.6576 0.0452786 -0 0.0452786 0.1029 0.0452786 -0.0005 0.0452786 1.1543 0.0452786 -0 0.0452786 0.0054 0.0452786 -0.0002 0.0452786 0.0941 0.0452786 -0 
0.125479 15.1829 0.125479 -0.4023 0.125479 0.5088 0.125479 -0 0.125479 0.0769 0.125479 -0.0003 0.125479 1.8297 0.125479 -0.0003 0.125479 0.0052 0.125479 -0.0007 0.125479 0.0616 0.125479 -0 
0.205579 12.8332 0.205579 -1.1216 0.205579 0.3099 0.205579 -0 0.205579 0.049 0.205579 -0.0004 0.205579 2.4537 0.205579 -0.0011 0.205579 0.0047 0.205579 -0.0017 0.205579 0.0331 0.205579 -0 
0.285779 9.8655 0.285779 -2.5211 0.285779 0.1471 0.285779 -0 0.285779 0.0259 0.285779 -0.0008 0.285779 2.8205 0.285779 -0.0027 0.285779 0.0042 0.285779 -0.0032 0.285779 0.0142 0.285779 -0 
0.365979 7.2053 0.365979 -4.5799 0.365979 0.0539 0.365979 -0 0.365979 0.0118 0.365979 -0.0015 0.365979 2.7488 0.365979 -0.0052 0.365979 0.0041 0.365979 -0.0051 0.365979 0.005 0.365979 -0.0001 
0.446079 5.2463 0.446079 -6.7971 0.446079 0.0153 0.446079 -0 0.446079 0.0054 0.446079 -0.002 0.446079 2.2024 0.446079 -0.0081 0.446079 0.0053 0.446079 -0.0067 0.446079 0.0013 0.446079 -0.0002 
0.526279 4.0816 0.526279 -8.3738 0.526279 0.0033 0.526279 -0 0.526279 0.0034 0.526279 -0.0024 0.526279 1.4109 0.526279 -0.0107 0.526279 0.0081 0.526279 -0.0073 0.526279 0.0003 0.526279 -0.0002 
0.606379 3.5809 0.606379 -8.8398 0.606379 0.0006 0.606379 -0 0.606379 0.003 0.606379 -0.0027 0.606379 0.7271 0.606379 -0.0119 0.606379 0.0117 0.606379 -0.0072 0.606379 0 0.606379 -0.0003 
0.686579 3.3239 0.686579 -8.5121 0.686579 0 0.686579 -0 0.686579 0.0027 0.686579 -0.0035 0.686579 0.3407 0.686579 -0.0121 0.686579 0.0137 0.686579 -0.0074 0.686579 0 0.686579 -0.0005 
0.766779 3.0215 0.766779 -8.262 0.766779 0 0.766779 -0 0.766779 0.0022 0.766779 -0.0058 0.766779 0.2413 0.766779 -0.0119 0.766779 0.0122 0.766779 -0.0083 0.766779 0 0.766779 -0.0006 
0.846879 2.9378 0.846879 -8.8828 0.846879 0 0.846879 -0 0.846879 0.0018 0.846879 -0.0105 0.846879 0.4091 0.846879 -0.0121 0.846879 0.0086 0.846879 -0.0097 0.846879 0 0.846879 -0.0009 
0.927079 3.5521 0.927079 -10.5914 0.927079 0 0.927079 -0 0.927079 0.0015 0.927079 -0.0171 0.927079 0.9296 0.927079 -0.0131 0.927079 0.006 0.927079 -0.0114 0.927079 0 0.927079 -0.0011 
1.00718 4.9558 1.00718 -12.9174 1.00718 0 1.00718 -0.0001 1.00718 0.0015 1.00718 -0.0231 1.00718 1.8952 1.00718 -0.0153 1.00718 0.0061 1.00718 -0.0133 1.00718 0 1.00718 -0.0012 
1.08738 6.7315 1.08738 -15.1505 1.08738 0 1.08738 -0.0001 1.08738 0.0014 1.08738 -0.0255 1.08738 3.1722 1.08738 -0.0182 1.08738 0.0099 1.08738 -0.0149 1.08738 0 1.08738 -0.0011 
1.16758 8.23 1.16758 -16.9964 1.16758 0 1.16758 -0.0001 1.16758 0.0011 1.16758 -0.0242 1.16758 4.3099 1.16758 -0.0211 1.16758 0.0188 1.16758 -0.0162 1.16758 0 1.16758 -0.0009 
1.24768 8.9397 1.24768 -18.63 1.24768 0 1.24768 -0.0001 1.24768 0.0008 1.24768 -0.0213 1.24768 4.8362 1.24768 -0.0234 1.24768 0.0348 1.24768 -0.0165 1.24768 0 1.24768 -0.001 
1.32788 8.7031 1.32788 -20.1514 1.32788 0 1.32788 -0.0001 1.32788 0.0005 1.32788 -0.0192 1.32788 4.6403 1.32788 -0.025 1.32788 0.0586 1.32788 -0.0156 1.32788 0 1.32788 -0.0012 
1.40798 7.6009 1.40798 -21.2585 1.40798 0 1.40798 -0.0002 1.40798 0.0004 1.40798 -0.0202 1.40798 3.9295 1.40798 -0.025 1.40798 0.0897 1.40798 -0.0139 1.40798 0 1.40798 -0.0024 
1.48818 5.8516 1.48818 -21.5509 1.48818 0 1.48818 -0.0004 1.48818 0.0002 1.48818 -0.0272 1.48818 2.9387 1.48818 -0.0237 1.48818 0.1475 1.48818 -0.0131 1.48818 0 1.48818 -0.0038 
1.56838 3.9843 1.56838 -21.2113 1.56838 0 1.56838 -0.0008 1.56838 0.0001 1.56838 -0.0459 1.56838 1.8778 1.56838 -0.0219 1.56838 0.3102 1.56838 -0.0146 1.56838 0.0001 1.56838 -0.0061 
1.64848 2.7778 1.64848 -21.1658 1.64848 0 1.64848 -0.0019 1.64848 0 1.64848 -0.0818 1.64848 0.9906 1.64848 -0.0213 1.64848 0.7287 1.64848 -0.0183 1.64848 0.0005 1.64848 -0.009 
1.72868 2.7581 1.72868 -22.1084 1.72868 0 1.72868 -0.0045 1.72868 0 1.72868 -0.1305 1.72868 0.4385 1.72868 -0.023 1.72868 1.5553 1.72868 -0.0234 1.72868 0.0009 1.72868 -0.0126 
1.80878 3.8425 1.80878 -23.6354 1.80878 0 1.80878 -0.0107 1.80878 0 1.80878 -0.1739 1.80878 0.1914 1.80878 -0.0268 1.80878 2.8063 1.80878 -0.0297 1.80878 0.0013 1.80878 -0.0182 
1.88898 5.4647 1.88898 -24.9138 1.88898 0 1.88898 -0.0247 1.88898 0 1.88898 -0.1947 1.88898 0.1082 1.88898 -0.0307 1.88898 4.2653 1.88898 -0.037 1.88898 0.0017 1.88898 -0.0306 
1.96918 6.8894 1.96918 -25.8149 1.96918 0 1.96918 -0.0527 1.96918 0 1.96918 -0.1936 1.96918 0.0742 1.96918 -0.0345 1.96918 5.4946 1.96918 -0.0451 1.96918 0.0018 1.96918 -0.0595 
2.04928 7.4916 2.04928 -26.7702 2.04928 0 2.04928 -0.1019 2.04928 0 2.04928 -0.1842 2.04928 0.0466 2.04928 -0.0381 2.04928 6.0081 2.04928 -0.0534 2.04928 0.0019 2.04928 -0.1178 
2.12948 7.0751 2.12948 -27.909 2.12948 0 2.12948 -0.1807 2.12948 0 2.12948 -0.1724 2.12948 0.024 2.12948 -0.041 2.12948 5.6167 2.12948 -0.061 2.12948 0.0022 2.12948 -0.2159 
2.20958 6.0562 2.20958 -28.986 2.20958 0.0001 2.20958 -0.3028 2.20958 0.0001 2.20958 -0.1539 2.20958 0.0108 2.20958 -0.0412 2.20958 4.6481 2.20958 -0.0679 2.20958 0.0023 2.20958 -0.3552 
2.28978 5.2112 2.28978 -29.9047 2.28978 0.0006 2.28978 -0.4852 2.28978 0.0002 2.28978 -0.1273 2.28978 0.0052 2.28978 -0.0379 2.28978 3.6906 2.28978 -0.0732 2.28978 0.0025 2.28978 -0.5332 
2.36998 5.2218 2.36998 -30.6975 2.36998 0.0024 2.36998 -0.7386 2.36998 0.0008 2.36998 -0.1005 2.36998 0.0035 2.36998 -0.032 2.36998 3.1042 2.36998 -0.0743 2.36998 0.0029 2.36998 -0.754 
2.45008 6.4234 2.45008 -30.9969 2.45008 0.007 2.45008 -1.058 2.45008 0.0024 2.45008 -0.0823 2.45008 0.0029 2.45008 -0.0253 2.45008 2.8061 2.45008 -0.0692 2.45008 0.0042 2.45008 -1.0327 
2.53028 8.7469 2.53028 -30.0818 2.53028 0.0152 2.53028 -1.4271 2.53028 0.0055 2.53028 -0.0761 2.53028 0.0031 2.53028 -0.0189 2.53028 2.4652 2.53028 -0.058 2.53028 0.0078 2.53028 -1.3889 
2.61038 11.7831 2.61038 -27.7259 2.61038 0.026 2.61038 -1.8155 2.61038 0.01 2.61038 -0.084 2.61038 0.0032 2.61038 -0.0136 2.61038 1.8924 2.61038 -0.0429 2.61038 0.0131 2.61038 -1.8136 
2.69058 15.0052 2.69058 -24.7418 2.69058 0.0356 2.69058 -2.1756 2.69058 0.0153 2.69058 -0.1186 2.69058 0.0039 2.69058 -0.009 2.69058 1.225 2.69058 -0.0276 2.69058 0.0196 2.69058 -2.2475 
2.77078 17.9855 2.77078 -22.49 2.77078 0.0412 2.77078 -2.4895 2.77078 0.0203 2.77078 -0.2172 2.77078 0.0043 2.77078 -0.0053 2.77078 0.709 2.77078 -0.015 2.77078 0.0261 2.77078 -2.6026 
2.85088 20.3493 2.85088 -21.8663 2.85088 0.0436 2.85088 -2.7963 2.85088 0.0236 2.85088 -0.4668 2.85088 0.0047 2.85088 -0.0026 2.85088 0.4237 2.85088 -0.007 2.85088 0.0317 2.85088 -2.8074 
2.93108 21.5699 2.93108 -22.7917 2.93108 0.0449 2.93108 -3.1106 2.93108 0.0244 2.93108 -1.0153 2.93108 0.0054 2.93108 -0.0011 2.93108 0.2903 2.93108 -0.003 2.93108 0.0354 2.93108 -2.8468 
3.01118 21.0381 3.01118 -24.6468 3.01118 0.0446 3.01118 -3.3459 3.01118 0.0233 3.01118 -1.9979 3.01118 0.0064 3.01118 -0.0005 3.01118 0.2188 3.01118 -0.0013 3.01118 0.0359 3.01118 -2.8023 
3.09138 18.6015 3.09138 -26.7828 3.09138 0.0388 3.09138 -3.3682 3.09138 0.0219 3.09138 -3.3384 3.09138 0.0072 3.09138 -0.0005 3.09138 0.1674 3.09138 -0.0009 3.09138 0.0321 3.09138 -2.8081 
3.17158 15.1062 3.17158 -28.3552 3.17158 0.0278 3.17158 -3.1144 3.17158 0.0216 3.17158 -4.6218 3.17158 0.0073 3.17158 -0.0005 3.17158 0.1234 3.17158 -0.0009 3.17158 0.0255 3.17158 -2.9019 
3.25168 12.089 3.25168 -28.3804 3.25168 0.0154 3.25168 -2.6521 3.25168 0.0233 3.25168 -5.3223 3.25168 0.0067 3.25168 -0.0006 3.25168 0.0866 3.25168 -0.0009 3.25168 0.0202 3.25168 -2.9638 
3.33188 10.5903 3.33188 -26.6578 3.33188 0.0069 3.33188 -2.1481 3.33188 0.0262 3.33188 -5.2418 3.33188 0.0054 3.33188 -0.0007 3.33188 0.0619 3.33188 -0.0009 3.33188 0.0188 3.33188 -2.8785 
3.41208 10.3704 3.41208 -24.2381 3.41208 0.0026 3.41208 -1.7728 3.41208 0.029 3.41208 -4.6097 3.41208 0.0042 3.41208 -0.0007 3.41208 0.0485 3.41208 -0.001 3.41208 0.0204 3.41208 -2.7041 
3.49218 10.4569 3.49218 -22.4178 3.49218 0.001 3.49218 -1.6067 3.49218 0.0301 3.49218 -3.7415 3.49218 0.0031 3.49218 -0.0006 3.49218 0.0392 3.49218 -0.0011 3.49218 0.0206 3.49218 -2.5843 
3.57238 10.2255 3.57238 -21.5579 3.57238 0.0007 3.57238 -1.6081 3.57238 0.0299 3.57238 -2.8019 3.57238 0.0025 3.57238 -0.0003 3.57238 0.0285 3.57238 -0.0014 3.57238 0.0167 3.57238 -2.5314 
3.65248 9.6569 3.65248 -21.1803 3.65248 0.0007 3.65248 -1.6606 3.65248 0.0294 3.65248 -1.9197 3.65248 0.0027 3.65248 -0.0003 3.65248 0.0172 3.65248 -0.0014 3.65248 0.0107 3.65248 -2.4112 
3.73268 8.7979 3.73268 -20.7635 3.73268 0.0006 3.73268 -1.6749 3.73268 0.0278 3.73268 -1.267 3.73268 0.003 3.73268 -0.0004 3.73268 0.0087 3.73268 -0.0013 3.73268 0.005 3.73268 -2.1353 
3.81288 7.5649 3.81288 -20.0486 3.81288 0.0004 3.81288 -1.6613 3.81288 0.0243 3.81288 -0.9141 3.81288 0.0034 3.81288 -0.0005 3.81288 0.0043 3.81288 -0.0013 3.81288 0.0019 3.81288 -1.759 
3.89298 6.1045 3.89298 -18.8037 3.89298 0.0004 3.89298 -1.6852 3.89298 0.0196 3.89298 -0.7622 3.89298 0.0032 3.89298 -0.0006 3.89298 0.0024 3.89298 -0.001 3.89298 0.0006 3.89298 -1.3867 
3.97318 4.865 3.97318 -16.7383 3.97318 0.0004 3.97318 -1.727 3.97318 0.0163 3.97318 -0.6922 3.97318 0.0028 3.97318 -0.0007 3.97318 0.0016 3.97318 -0.0007 3.97318 0.0003 3.97318 -1.0648 
4.05328 4.1972 4.05328 -13.8408 4.05328 0.0002 4.05328 -1.6448 4.05328 0.016 4.05328 -0.706 4.05328 0.0021 4.05328 -0.0006 4.05328 0.0012 4.05328 -0.0005 4.05328 0.0001 4.05328 -0.7865 
4.13348 4.0376 4.13348 -10.5995 4.13348 0.0002 4.13348 -1.3319 4.13348 0.0183 4.13348 -0.8586 4.13348 0.0016 4.13348 -0.0005 4.13348 0.0007 4.13348 -0.0003 4.13348 0.0001 4.13348 -0.5383 
4.21368 3.9611 4.21368 -7.6492 4.21368 0 4.21368 -0.8673 4.21368 0.02 4.21368 -1.0753 4.21368 0.0015 4.21368 -0.0007 4.21368 0.0007 4.21368 -0.0002 4.21368 0 4.21368 -0.3261 
4.29378 3.5716 4.29378 -5.2903 4.29378 0.0001 4.29378 -0.4427 4.29378 0.0181 4.29378 -1.1445 4.29378 0.0021 4.29378 -0.0008 4.29378 0.0008 4.29378 -0 4.29378 0 4.29378 -0.1679 
4.37398 2.8718 4.37398 -3.5148 4.37398 0.0001 4.37398 -0.1765 4.37398 0.0132 4.37398 -0.9494 4.37398 0.0034 4.37398 -0.0012 4.37398 0.0015 4.37398 -0.0001 4.37398 0 4.37398 -0.0715 
4.45408 2.1482 4.45408 -2.2913 4.45408 0.0001 4.45408 -0.0561 4.45408 0.0076 4.45408 -0.6035 4.45408 0.0045 4.45408 -0.0016 4.45408 0.002 4.45408 -0.0002 4.45408 0 4.45408 -0.025 
4.53428 1.5859 4.53428 -1.5773 4.53428 0.0001 4.53428 -0.0154 4.53428 0.0037 4.53428 -0.3021 4.53428 0.005 4.53428 -0.0019 4.53428 0.002 4.53428 -0.0003 4.53428 0 4.53428 -0.0075 
4.61448 1.1919 4.61448 -1.2271 4.61448 0.0001 4.61448 -0.005 4.61448 0.0017 4.61448 -0.1287 4.61448 0.0048 4.61448 -0.0022 4.61448 0.002 4.61448 -0.0003 4.61448 0 4.61448 -0.0026 
4.69458 0.9533 4.69458 -1.0616 4.69458 0.0001 4.69458 -0.0034 4.69458 0.0008 4.69458 -0.0532 4.69458 0.0042 4.69458 -0.0023 4.69458 0.0017 4.69458 -0.0003 4.69458 0 4.69458 -0.0016 
4.77478 0.8745 4.77478 -0.9577 4.77478 0.0002 4.77478 -0.0033 4.77478 0.0005 4.77478 -0.0242 4.77478 0.0036 4.77478 -0.0022 4.77478 0.0015 4.77478 -0.0003 4.77478 0 4.77478 -0.0016 
4.85488 0.9372 4.85488 -0.8867 4.85488 0.0003 4.85488 -0.0032 4.85488 0.0005 4.85488 -0.0123 4.85488 0.003 4.85488 -0.0022 4.85488 0.0015 4.85488 -0.0002 4.85488 0.0003 4.85488 -0.0016 
4.93508 1.1122 4.93508 -0.9128 4.93508 0.0005 4.93508 -0.0026 4.93508 0.0007 4.93508 -0.0068 4.93508 0.003 4.93508 -0.0031 4.93508 0.0016 4.93508 -0.0004 4.93508 0.0003 4.93508 -0.0015 
5.01528 1.3786 5.01528 -1.0889 5.01528 0.0005 5.01528 -0.0025 5.01528 0.001 5.01528 -0.0048 5.01528 0.0046 5.01528 -0.0043 5.01528 0.002 5.01528 -0.0005 5.01528 0.0006 5.01528 -0.0016 
5.09538 1.7282 5.09538 -1.3702 5.09538 0.0006 5.09538 -0.0031 5.09538 0.0018 5.09538 -0.0054 5.09538 0.0073 5.09538 -0.0052 5.09538 0.0023 5.09538 -0.0005 5.09538 0.0006 5.09538 -0.0023 
5.17558 2.1839 5.17558 -1.7093 5.17558 0.0006 5.17558 -0.0044 5.17558 0.0043 5.17558 -0.0084 5.17558 0.0095 5.17558 -0.0056 5.17558 0.0025 5.17558 -0.0007 5.17558 0.0007 5.17558 -0.0032 
5.25568 2.828 5.25568 -2.1831 5.25568 0.0007 5.25568 -0.0056 5.25568 0.0092 5.25568 -0.0152 5.25568 0.0101 5.25568 -0.0061 5.25568 0.0026 5.25568 -0.0008 5.25568 0.0007 5.25568 -0.0041 
5.33588 3.741 5.33588 -2.9216 5.33588 0.0009 5.33588 -0.0061 5.33588 0.0164 5.33588 -0.0279 5.33588 0.009 5.33588 -0.0073 5.33588 0.0028 5.33588 -0.0008 5.33588 0.0007 5.33588 -0.0043 
5.41608 4.8378 5.41608 -3.9264 5.41608 0.0012 5.41608 -0.006 5.41608 0.0237 5.41608 -0.0492 5.41608 0.0079 5.41608 -0.0097 5.41608 0.0029 5.41608 -0.001 5.41608 0.0008 5.41608 -0.0043 
5.49618 5.8847 5.49618 -5.0547 5.49618 0.0017 5.49618 -0.006 5.49618 0.028 5.49618 -0.0797 5.49618 0.0069 5.49618 -0.0118 5.49618 0.0032 5.49618 -0.0011 5.49618 0.0012 5.49618 -0.0042 
5.57638 6.8235 5.57638 -6.2026 5.57638 0.0023 5.57638 -0.0068 5.57638 0.0283 5.57638 -0.1155 5.57638 0.0065 5.57638 -0.014 5.57638 0.0039 5.57638 -0.0013 5.57638 0.0015 5.57638 -0.0044 
5.65648 7.9155 5.65648 -7.432 5.65648 0.0027 5.65648 -0.0085 5.65648 0.0272 5.65648 -0.1468 5.65648 0.0065 5.65648 -0.0161 5.65648 0.0049 5.65648 -0.0015 5.65648 0.0017 5.65648 -0.0051 
5.73668 9.3043 5.73668 -8.8241 5.73668 0.0029 5.73668 -0.0111 5.73668 0.0265 5.73668 -0.1648 5.73668 0.0071 5.73668 -0.0179 5.73668 0.0068 5.73668 -0.0017 5.73668 0.002 5.73668 -0.0058 
5.81688 10.5983 5.81688 -10.1794 5.81688 0.003 5.81688 -0.013 5.81688 0.026 5.81688 -0.1659 5.81688 0.0091 5.81688 -0.0203 5.81688 0.0098 5.81688 -0.0017 5.81688 0.0025 5.81688 -0.0069 
5.89698 11.1891 5.89698 -10.9891 5.89698 0.0029 5.89698 -0.0132 5.89698 0.0238 5.89698 -0.1519 5.89698 0.0124 5.89698 -0.0234 5.89698 0.0134 5.89698 -0.0023 5.89698 0.003 5.89698 -0.0084 
5.97718 10.8247 5.97718 -10.8531 5.97718 0.0028 5.97718 -0.0116 5.97718 0.0196 5.97718 -0.1264 5.97718 0.0167 5.97718 -0.0279 5.97718 0.0167 5.97718 -0.0032 5.97718 0.0035 5.97718 -0.0101 
6.05728 9.6669 6.05728 -9.8393 6.05728 0.0026 6.05728 -0.0096 6.05728 0.0148 6.05728 -0.0944 6.05728 0.0209 6.05728 -0.0343 6.05728 0.018 6.05728 -0.0043 6.05728 0.0039 6.05728 -0.0124 
6.13748 8.071 6.13748 -8.3707 6.13748 0.0025 6.13748 -0.0083 6.13748 0.01 6.13748 -0.0628 6.13748 0.0233 6.13748 -0.0421 6.13748 0.0177 6.13748 -0.0056 6.13748 0.0038 6.13748 -0.0139 
6.21768 6.5144 6.21768 -6.9664 6.21768 0.0022 6.21768 -0.008 6.21768 0.0061 6.21768 -0.037 6.21768 0.0238 6.21768 -0.0509 6.21768 0.0163 6.21768 -0.0067 6.21768 0.0033 6.21768 -0.0143 
6.29778 5.4625 6.29778 -6.0911 6.29778 0.0018 6.29778 -0.0086 6.29778 0.0036 6.29778 -0.0198 6.29778 0.0238 6.29778 -0.0613 6.29778 0.0149 6.29778 -0.0074 6.29778 0.0028 6.29778 -0.0138 
6.37798 5.1023 6.37798 -5.9424 6.37798 0.0017 6.37798 -0.0102 6.37798 0.0022 6.37798 -0.0111 6.37798 0.0239 6.37798 -0.0758 6.37798 0.0141 6.37798 -0.0083 6.37798 0.0023 6.37798 -0.0131 
6.45808 5.3115 6.45808 -6.3199 6.45808 0.0021 6.45808 -0.0114 6.45808 0.0016 6.45808 -0.0078 6.45808 0.0239 6.45808 -0.0949 6.45808 0.0135 6.45808 -0.009 6.45808 0.0021 6.45808 -0.0121 
6.53828 5.8709 6.53828 -6.8686 6.53828 0.0026 6.53828 -0.0121 6.53828 0.0016 6.53828 -0.0064 6.53828 0.0242 6.53828 -0.1129 6.53828 0.0137 6.53828 -0.0093 6.53828 0.0024 6.53828 -0.0109 
6.61848 6.5728 6.61848 -7.403 6.61848 0.0032 6.61848 -0.0125 6.61848 0.0019 6.61848 -0.0058 6.61848 0.0269 6.61848 -0.1202 6.61848 0.014 6.61848 -0.0092 6.61848 0.0027 6.61848 -0.0094 
6.69858 7.1886 6.69858 -7.8623 6.69858 0.0039 6.69858 -0.0131 6.69858 0.0022 6.69858 -0.0052 6.69858 0.0321 6.69858 -0.1127 6.69858 0.015 6.69858 -0.0089 6.69858 0.0032 6.69858 -0.0088 
6.77878 7.4855 6.77878 -8.0884 6.77878 0.0043 6.77878 -0.0139 6.77878 0.0025 6.77878 -0.0049 6.77878 0.0384 6.77878 -0.0937 6.77878 0.0158 6.77878 -0.009 6.77878 0.0037 6.77878 -0.0091 
6.85888 7.3557 6.85888 -7.8531 6.85888 0.0046 6.85888 -0.0145 6.85888 0.003 6.85888 -0.0044 6.85888 0.042 6.85888 -0.0711 6.85888 0.0155 6.85888 -0.0092 6.85888 0.0043 6.85888 -0.0103 
6.93908 6.9191 6.93908 -7.1377 6.93908 0.0047 6.93908 -0.015 6.93908 0.0033 6.93908 -0.0043 6.93908 0.0411 6.93908 -0.0509 6.93908 0.0144 6.93908 -0.0091 6.93908 0.0048 6.93908 -0.0119 
7.01928 6.4054 7.01928 -6.2684 7.01928 0.0048 7.01928 -0.0158 7.01928 0.0037 7.01928 -0.0045 7.01928 0.0368 7.01928 -0.0363 7.01928 0.0127 7.01928 -0.0088 7.01928 0.0051 7.01928 -0.0134 
7.09938 5.9411 7.09938 -5.6515 7.09938 0.0048 7.09938 -0.0165 7.09938 0.004 7.09938 -0.0051 7.09938 0.0332 7.09938 -0.0284 7.09938 0.0108 7.09938 -0.0081 7.09938 0.005 7.09938 -0.0147 
7.17958 5.565 7.17958 -5.3868 7.17958 0.0048 7.17958 -0.0163 7.17958 0.0044 7.17958 -0.0058 7.17958 0.0329 7.17958 -0.0254 7.17958 0.009 7.17958 -0.0076 7.17958 0.0049 7.17958 -0.0148 
7.25968 5.3906 7.25968 -5.2596 7.25968 0.0054 7.25968 -0.0153 7.25968 0.0046 7.25968 -0.0063 7.25968 0.0383 7.25968 -0.0244 7.25968 0.0075 7.25968 -0.0067 7.25968 0.0051 7.25968 -0.0141 
7.33988 5.5279 7.33988 -5.1066 7.33988 0.0063 7.33988 -0.015 7.33988 0.005 7.33988 -0.0066 7.33988 0.0483 7.33988 -0.0238 7.33988 0.0063 7.33988 -0.0057 7.33988 0.0055 7.33988 -0.0138 
7.42008 5.8065 7.42008 -5.0026 7.42008 0.007 7.42008 -0.016 7.42008 0.0053 7.42008 -0.0071 7.42008 0.0585 7.42008 -0.0237 7.42008 0.0057 7.42008 -0.0047 7.42008 0.006 7.42008 -0.0146 
7.50018 5.8171 7.50018 -5.0153 7.50018 0.0069 7.50018 -0.0171 7.50018 0.0054 7.50018 -0.0082 7.50018 0.0625 7.50018 -0.0248 7.50018 0.0051 7.50018 -0.0041 7.50018 0.0057 7.50018 -0.0156 
7.58038 5.3645 7.58038 -5.0114 7.58038 0.0057 7.58038 -0.0168 7.58038 0.0055 7.58038 -0.0089 7.58038 0.0584 7.58038 -0.0282 7.58038 0.0045 7.58038 -0.0039 7.58038 0.0045 7.58038 -0.0154 
7.66048 4.7105 7.66048 -4.8442 7.66048 0.0042 7.66048 -0.0143 7.66048 0.0055 7.66048 -0.0094 7.66048 0.0497 7.66048 -0.0332 7.66048 0.0038 7.66048 -0.0039 7.66048 0.0034 7.66048 -0.0132 
7.74068 4.2669 7.74068 -4.539 7.74068 0.0035 7.74068 -0.0108 7.74068 0.0057 7.74068 -0.0093 7.74068 0.0426 7.74068 -0.0384 7.74068 0.0033 7.74068 -0.004 7.74068 0.0025 7.74068 -0.0098 
7.82088 4.1885 7.82088 -4.2103 7.82088 0.0034 7.82088 -0.0075 7.82088 0.0064 7.82088 -0.0087 7.82088 0.039 7.82088 -0.0416 7.82088 0.003 7.82088 -0.0039 7.82088 0.0023 7.82088 -0.0067 
7.90098 4.3077 7.90098 -3.9748 7.90098 0.0037 7.90098 -0.0057 7.90098 0.0071 7.90098 -0.0086 7.90098 0.0382 7.90098 -0.0423 7.90098 0.003 7.90098 -0.0035 7.90098 0.0024 7.90098 -0.0048 
7.98118 4.3596 7.98118 -3.9408 7.98118 0.0042 7.98118 -0.0051 7.98118 0.0072 7.98118 -0.0089 7.98118 0.0372 7.98118 -0.0432 7.98118 0.0031 7.98118 -0.0034 7.98118 0.0023 7.98118 -0.0038 
8.06128 4.2341 8.06128 -4.1055 8.06128 0.0046 8.06128 -0.0051 8.06128 0.007 8.06128 -0.0098 8.06128 0.0348 8.06128 -0.0467 8.06128 0.0031 8.06128 -0.0034 8.06128 0.0023 8.06128 -0.0035 
8.14148 4.0341 8.14148 -4.305 8.14148 0.0048 8.14148 -0.0053 8.14148 0.0065 8.14148 -0.0107 8.14148 0.0323 8.14148 -0.0518 8.14148 0.0032 8.14148 -0.0036 8.14148 0.0023 8.14148 -0.0033 
8.22168 3.9129 8.22168 -4.3703 8.22168 0.0052 8.22168 -0.0052 8.22168 0.0061 8.22168 -0.0109 8.22168 0.0313 8.22168 -0.0545 8.22168 0.0034 8.22168 -0.0037 8.22168 0.0024 8.22168 -0.0031 
8.30178 3.91 8.30178 -4.2722 8.30178 0.0057 8.30178 -0.0052 8.30178 0.0063 8.30178 -0.0102 8.30178 0.032 8.30178 -0.0524 8.30178 0.0037 8.30178 -0.0038 8.30178 0.0027 8.30178 -0.0033 
8.38198 3.9713 8.38198 -4.096 8.38198 0.0058 8.38198 -0.0053 8.38198 0.0067 8.38198 -0.0091 8.38198 0.0339 8.38198 -0.0463 8.38198 0.0041 8.38198 -0.0038 8.38198 0.0027 8.38198 -0.0033 
8.46218 4.054 8.46218 -3.9644 8.46218 0.0057 8.46218 -0.0058 8.46218 0.0071 8.46218 -0.0078 8.46218 0.0372 8.46218 -0.0392 8.46218 0.0046 8.46218 -0.0037 8.46218 0.0028 8.46218 -0.0033 
8.54228 4.118 8.54228 -3.9749 8.54228 0.0053 8.54228 -0.0069 8.54228 0.0075 8.54228 -0.0068 8.54228 0.0411 8.54228 -0.0337 8.54228 0.0049 8.54228 -0.0038 8.54228 0.0029 8.54228 -0.0034 
8.62248 4.0698 8.62248 -4.1145 8.62248 0.0047 8.62248 -0.0083 8.62248 0.0079 8.62248 -0.0062 8.62248 0.0444 8.62248 -0.0305 8.62248 0.0051 8.62248 -0.0039 8.62248 0.0028 8.62248 -0.0034 
8.70258 3.8266 8.70258 -4.225 8.70258 0.0043 8.70258 -0.0095 8.70258 0.008 8.70258 -0.0061 8.70258 0.0441 8.70258 -0.0288 8.70258 0.0051 8.70258 -0.004 8.70258 0.0029 8.70258 -0.0034 
8.78278 3.4134 8.78278 -4.126 8.78278 0.0039 8.78278 -0.0094 8.78278 0.0076 8.78278 -0.006 8.78278 0.0396 8.78278 -0.0271 8.78278 0.0046 8.78278 -0.0041 8.78278 0.0029 8.78278 -0.0033 
8.86298 2.9566 8.86298 -3.7758 8.86298 0.004 8.86298 -0.0085 8.86298 0.0071 8.86298 -0.006 8.86298 0.0325 8.86298 -0.0238 8.86298 0.0039 8.86298 -0.0038 8.86298 0.0027 8.86298 -0.0031 
8.94308 2.6168 8.94308 -3.2744 8.94308 0.0041 8.94308 -0.0072 8.94308 0.007 8.94308 -0.0057 8.94308 0.0262 8.94308 -0.0197 8.94308 0.0031 8.94308 -0.0034 8.94308 0.0027 8.94308 -0.0027 
9.02328 2.4842 9.02328 -2.7622 9.02328 0.0042 9.02328 -0.0061 9.02328 0.0071 9.02328 -0.0056 9.02328 0.0227 9.02328 -0.0159 9.02328 0.0029 9.02328 -0.003 9.02328 0.0027 9.02328 -0.0025 
9.10338 2.4678 9.10338 -2.3499 9.10338 0.0043 9.10338 -0.0055 9.10338 0.0071 9.10338 -0.0058 9.10338 0.0215 9.10338 -0.0131 9.10338 0.003 9.10338 -0.0027 9.10338 0.0029 9.10338 -0.0021 
9.18358 2.3407 9.18358 -2.0637 9.18358 0.0039 9.18358 -0.0051 9.18358 0.0069 9.18358 -0.0063 9.18358 0.0198 9.18358 -0.0118 9.18358 0.0031 9.18358 -0.0025 9.18358 0.0029 9.18358 -0.002 
9.26378 1.9638 9.26378 -1.8154 9.26378 0.0033 9.26378 -0.0046 9.26378 0.0059 9.26378 -0.0066 9.26378 0.0161 9.26378 -0.0108 9.26378 0.0028 9.26378 -0.0021 9.26378 0.0027 9.26378 -0.0017 
9.34388 1.4201 9.34388 -1.4901 9.34388 0.0024 9.34388 -0.0036 9.34388 0.0045 9.34388 -0.0059 9.34388 0.0111 9.34388 -0.0093 9.34388 0.002 9.34388 -0.0017 9.34388 0.0019 9.34388 -0.0014 
9.42408 0.8997 9.42408 -1.0877 9.42408 0.0015 9.42408 -0.0025 9.42408 0.0032 9.42408 -0.0043 9.42408 0.0066 9.42408 -0.0071 9.42408 0.0012 9.42408 -0.0012 9.42408 0.0013 9.42408 -0.0009 
9.50418 0.5195 9.50418 -0.7154 9.50418 0.0008 9.50418 -0.0017 9.50418 0.0025 9.50418 -0.0027 9.50418 0.0037 9.50418 -0.005 9.50418 0.0006 9.50418 -0.0008 9.50418 0.0007 9.50418 -0.0006 
9.58438 0.2814 9.58438 -0.4479 9.58438 0.0005 9.58438 -0.0011 9.58438 0.0019 9.58438 -0.0015 9.58438 0.002 9.58438 -0.0034 9.58438 0.0003 9.58438 -0.0005 9.58438 0.0005 9.58438 -0.0003 
9.66458 0.1404 9.66458 -0.2703 9.66458 0.0001 9.66458 -0.0007 9.66458 0.0011 9.66458 -0.0009 9.66458 0.0009 9.66458 -0.0021 9.66458 0 9.66458 -0.0003 9.66458 0 9.66458 -0.0001 
9.74468 0.0608 9.74468 -0.146 9.74468 0 9.74468 -0.0004 9.74468 0.0005 9.74468 -0.0004 9.74468 0.0004 9.74468 -0.0012 9.74468 0 9.74468 -0.0001 9.74468 0 9.74468 -0 
9.82488 0.0214 9.82488 -0.0642 9.82488 0 9.82488 -0.0001 9.82488 0.0002 9.82488 -0.0001 9.82488 0.0001 9.82488 -0.0005 9.82488 0 9.82488 -0 9.82488 0 9.82488 -0 
9.90498 0.0059 9.90498 -0.0217 9.90498 0 9.90498 -0 9.90498 0 9.90498 -0 9.90498 0 9.90498 -0 9.90498 0 9.90498 -0 9.90498 0 9.90498 -0 
9.98518 0.0012 9.98518 -0.0055 9.98518 0 9.98518 -0 9.98518 0 9.98518 -0 9.98518 0 9.98518 -0 9.98518 0 9.98518 -0 9.98518 0 9.98518 -0 
10.0654 0.0002 10.0654 -0.001 10.0654 0 10.0654 -0 10.0654 0 10.0654 -0 10.0654 0 10.0654 -0 10.0654 0 10.0654 -0 10.0654 0 10.0654 -0 
10.1455 0.0 10.1455 -0.0001 10.1455 0 10.1455 -0 10.1455 0 10.1455 -0 10.1455 0 10.1455 -0 10.1455 0 10.1455 -0 10.1455 0 10.1455 -0 
10.2257 0.0 10.2257 -0 10.2257 0 10.2257 -0 10.2257 0 10.2257 -0 10.2257 0 10.2257 -0 10.2257 0 10.2257 -0 10.2257 0 10.2257 -0 
10.3058 0.0 10.3058 -0 10.3058 0 10.3058 -0 10.3058 0 10.3058 -0 10.3058 0 10.3058 -0 10.3058 0 10.3058 -0 10.3058 0 10.3058 -0 
10.386 0.0 10.386 -0 10.386 0 10.386 -0 10.386 0 10.386 -0 10.386 0 10.386 -0 10.386 0 10.386 -0 10.386 0 10.386 -0 
10.4662 0.0 10.4662 -0 10.4662 0 10.4662 -0 10.4662 0 10.4662 -0 10.4662 0 10.4662 -0 10.4662 0 10.4662 -0 10.4662 0 10.4662 -0 
10.5463 0.0 10.5463 -0 10.5463 0 10.5463 -0 10.5463 0 10.5463 -0 10.5463 0 10.5463 -0 10.5463 0 10.5463 -0 10.5463 0 10.5463 -0 
10.6265 0.0 10.6265 -0 10.6265 0 10.6265 -0 10.6265 0 10.6265 -0 10.6265 0 10.6265 -0 10.6265 0 10.6265 -0 10.6265 0 10.6265 -0 
10.7066 0.0 10.7066 -0 10.7066 0 10.7066 -0 10.7066 0 10.7066 -0 10.7066 0 10.7066 -0 10.7066 0 10.7066 -0 10.7066 0 10.7066 -0 
10.7868 0.0 10.7868 -0 10.7868 0 10.7868 -0 10.7868 0 10.7868 -0 10.7868 0 10.7868 -0 10.7868 0 10.7868 -0 10.7868 0 10.7868 -0 
10.867 0.0 10.867 -0 10.867 0 10.867 -0 10.867 0 10.867 -0 10.867 0 10.867 -0 10.867 0 10.867 -0 10.867 0 10.867 -0 
10.9471 0.0 10.9471 -0 10.9471 0 10.9471 -0 10.9471 0 10.9471 -0 10.9471 0 10.9471 -0 10.9471 0 10.9471 -0 10.9471 0 10.9471 -0 
11.0273 0.0 11.0273 -0 11.0273 0 11.0273 -0 11.0273 0 11.0273 -0 11.0273 0 11.0273 -0 11.0273 0 11.0273 -0 11.0273 0 11.0273 -0 
11.1074 0.0 11.1074 -0 11.1074 0 11.1074 -0 11.1074 0 11.1074 -0 11.1074 0 11.1074 -0 11.1074 0 11.1074 -0 11.1074 0 11.1074 -0 
11.1876 0.0 11.1876 -0 11.1876 0 11.1876 -0 11.1876 0 11.1876 -0 11.1876 0 11.1876 -0 11.1876 0 11.1876 -0 11.1876 0 11.1876 -0 
11.2678 0.0 11.2678 -0 11.2678 0 11.2678 -0 11.2678 0 11.2678 -0 11.2678 0 11.2678 -0 11.2678 0 11.2678 -0 11.2678 0 11.2678 -0 
11.3479 0.0 11.3479 -0 11.3479 0 11.3479 -0 11.3479 0 11.3479 -0 11.3479 0 11.3479 -0 11.3479 0 11.3479 -0 11.3479 0 11.3479 -0 
11.4281 0.0 11.4281 -0 11.4281 0 11.4281 -0 11.4281 0 11.4281 -0 11.4281 0 11.4281 -0 11.4281 0 11.4281 -0 11.4281 0 11.4281 -0 
11.5082 0.0 11.5082 -0 11.5082 0 11.5082 -0 11.5082 0 11.5082 -0 11.5082 0 11.5082 -0 11.5082 0 11.5082 -0 11.5082 0 11.5082 -0 
11.5884 0.0 11.5884 -0 11.5884 0 11.5884 -0 11.5884 0 11.5884 -0 11.5884 0 11.5884 -0 11.5884 0 11.5884 -0 11.5884 0 11.5884 -0 
11.6686 0.0 11.6686 -0 11.6686 0 11.6686 -0 11.6686 0 11.6686 -0 11.6686 0 11.6686 -0 11.6686 0 11.6686 -0 11.6686 0 11.6686 -0 
11.7487 0.0 11.7487 -0 11.7487 0 11.7487 -0 11.7487 0 11.7487 -0 11.7487 0 11.7487 -0 11.7487 0 11.7487 -0 11.7487 0 11.7487 -0 
11.8289 0.0 11.8289 -0 11.8289 0 11.8289 -0 11.8289 0 11.8289 -0 11.8289 0 11.8289 -0 11.8289 0 11.8289 -0 11.8289 0 11.8289 -0 
11.909 0.0 11.909 -0 11.909 0 11.909 -0 11.909 0 11.909 -0 11.909 0 11.909 -0 11.909 0 11.909 -0 11.909 0 11.909 -0 
11.9892 0.0 11.9892 -0 11.9892 0 11.9892 -0 11.9892 0 11.9892 -0 11.9892 0 11.9892 -0 11.9892 0 11.9892 -0 11.9892 0 11.9892 -0 
12.0694 0.0 12.0694 -0 12.0694 0 12.0694 -0 12.0694 0 12.0694 -0 12.0694 0 12.0694 -0 12.0694 0 12.0694 -0 12.0694 0 12.0694 -0 
12.1495 0.0 12.1495 -0 12.1495 0 12.1495 -0 12.1495 0 12.1495 -0 12.1495 0 12.1495 -0 12.1495 0 12.1495 -0 12.1495 0 12.1495 -0 
12.2297 0.0 12.2297 -0 12.2297 0 12.2297 -0 12.2297 0 12.2297 -0 12.2297 0 12.2297 -0 12.2297 0 12.2297 -0 12.2297 0 12.2297 -0 
12.3098 0.0 12.3098 -0 12.3098 0 12.3098 -0 12.3098 0 12.3098 -0 12.3098 0 12.3098 -0 12.3098 0 12.3098 -0 12.3098 0 12.3098 -0 
12.39 0.0 12.39 -0 12.39 0 12.39 -0 12.39 0 12.39 -0 12.39 0 12.39 -0 12.39 0 12.39 -0 12.39 0 12.39 -0 
12.4702 0.0 12.4702 -0 12.4702 0 12.4702 -0 12.4702 0 12.4702 -0 12.4702 0 12.4702 -0 12.4702 0 12.4702 -0 12.4702 0 12.4702 -0 
12.5503 0.0 12.5503 -0 12.5503 0 12.5503 -0 12.5503 0 12.5503 -0 12.5503 0 12.5503 -0 12.5503 0 12.5503 -0 12.5503 0 12.5503 -0 
12.6305 0.0 12.6305 -0 12.6305 0 12.6305 -0 12.6305 0 12.6305 -0 12.6305 0 12.6305 -0 12.6305 0 12.6305 -0 12.6305 0 12.6305 -0 
12.7106 0.0 12.7106 -0 12.7106 0 12.7106 -0 12.7106 0 12.7106 -0 12.7106 0 12.7106 -0 12.7106 0 12.7106 -0 12.7106 0 12.7106 -0 
12.7908 0.0 12.7908 -0 12.7908 0 12.7908 -0 12.7908 0 12.7908 -0 12.7908 0 12.7908 -0 12.7908 0 12.7908 -0 12.7908 0 12.7908 -0 
12.871 0.0 12.871 -0 12.871 0 12.871 -0 12.871 0 12.871 -0 12.871 0 12.871 -0 12.871 0 12.871 -0 12.871 0 12.871 -0 
12.9511 0.0 12.9511 -0 12.9511 0 12.9511 -0 12.9511 0 12.9511 -0 12.9511 0 12.9511 -0 12.9511 0 12.9511 -0 12.9511 0 12.9511 -0 
13.0313 0.0 13.0313 -0 13.0313 0 13.0313 -0 13.0313 0 13.0313 -0 13.0313 0 13.0313 -0 13.0313 0 13.0313 -0 13.0313 0 13.0313 -0 
13.1114 0.0 13.1114 -0 13.1114 0 13.1114 -0 13.1114 0 13.1114 -0 13.1114 0 13.1114 -0 13.1114 0 13.1114 -0 13.1114 0 13.1114 -0 
13.1916 0.0 13.1916 -0 13.1916 0 13.1916 -0 13.1916 0 13.1916 -0 13.1916 0 13.1916 -0 13.1916 0 13.1916 -0 13.1916 0 13.1916 -0 
13.2718 0.0 13.2718 -0 13.2718 0 13.2718 -0 13.2718 0 13.2718 -0 13.2718 0 13.2718 -0 13.2718 0 13.2718 -0 13.2718 0 13.2718 -0 
13.3519 0.0 13.3519 -0 13.3519 0 13.3519 -0 13.3519 0 13.3519 -0 13.3519 0 13.3519 -0 13.3519 0 13.3519 -0 13.3519 0 13.3519 -0 
13.4321 0.0 13.4321 -0 13.4321 0 13.4321 -0 13.4321 0 13.4321 -0 13.4321 0 13.4321 -0 13.4321 0 13.4321 -0 13.4321 0 13.4321 -0 
13.5123 0.0 13.5123 -0 13.5123 0 13.5123 -0 13.5123 0 13.5123 -0 13.5123 0 13.5123 -0 13.5123 0 13.5123 -0 13.5123 0 13.5123 -0 
13.5924 0.0 13.5924 -0 13.5924 0 13.5924 -0 13.5924 0 13.5924 -0 13.5924 0 13.5924 -0 13.5924 0 13.5924 -0 13.5924 0 13.5924 -0 
13.6726 0.0 13.6726 -0 13.6726 0 13.6726 -0 13.6726 0 13.6726 -0 13.6726 0 13.6726 -0 13.6726 0 13.6726 -0 13.6726 0 13.6726 -0 
13.7527 0.0 13.7527 -0 13.7527 0 13.7527 -0 13.7527 0 13.7527 -0 13.7527 0 13.7527 -0 13.7527 0 13.7527 -0 13.7527 0 13.7527 -0 
13.8329 0.0 13.8329 -0 13.8329 0 13.8329 -0 13.8329 0 13.8329 -0 13.8329 0 13.8329 -0 13.8329 0 13.8329 -0 13.8329 0 13.8329 -0 
13.9131 0.0 13.9131 -0 13.9131 0 13.9131 -0 13.9131 0 13.9131 -0 13.9131 0 13.9131 -0 13.9131 0 13.9131 -0 13.9131 0 13.9131 -0 
13.9932 0.0 13.9932 -0 13.9932 0 13.9932 -0 13.9932 0 13.9932 -0 13.9932 0 13.9932 -0 13.9932 0 13.9932 -0 13.9932 0 13.9932 -0 
14.0734 0.0 14.0734 -0 14.0734 0 14.0734 -0 14.0734 0 14.0734 -0 14.0734 0 14.0734 -0 14.0734 0 14.0734 -0 14.0734 0 14.0734 -0 
14.1535 0.0 14.1535 -0 14.1535 0 14.1535 -0 14.1535 0 14.1535 -0 14.1535 0 14.1535 -0 14.1535 0 14.1535 -0 14.1535 0 14.1535 -0 
14.2337 0.0 14.2337 -0 14.2337 0 14.2337 -0 14.2337 0 14.2337 -0 14.2337 0 14.2337 -0 14.2337 0 14.2337 -0 14.2337 0 14.2337 -0 
14.3139 0.0 14.3139 -0 14.3139 0 14.3139 -0 14.3139 0 14.3139 -0 14.3139 0 14.3139 -0 14.3139 0 14.3139 -0 14.3139 0 14.3139 -0 
14.394 0.0 14.394 -0 14.394 0 14.394 -0 14.394 0 14.394 -0 14.394 0 14.394 -0 14.394 0 14.394 -0 14.394 0 14.394 -0 
14.4742 0.0 14.4742 -0 14.4742 0 14.4742 -0 14.4742 0 14.4742 -0 14.4742 0 14.4742 -0 14.4742 0 14.4742 -0 14.4742 0 14.4742 -0 
14.5543 0.0 14.5543 -0 14.5543 0 14.5543 -0 14.5543 0 14.5543 -0 14.5543 0 14.5543 -0 14.5543 0 14.5543 -0 14.5543 0 14.5543 -0 
14.6345 0.0 14.6345 -0 14.6345 0 14.6345 -0 14.6345 0 14.6345 -0 14.6345 0 14.6345 -0 14.6345 0 14.6345 -0 14.6345 0 14.6345 -0 
14.7147 0.0 14.7147 -0 14.7147 0 14.7147 -0 14.7147 0 14.7147 -0 14.7147 0 14.7147 -0 14.7147 0 14.7147 -0 14.7147 0 14.7147 -0 
14.7948 0.0 14.7948 -0 14.7948 0 14.7948 -0 14.7948 0 14.7948 -0 14.7948 0 14.7948 -0 14.7948 0 14.7948 -0 14.7948 0 14.7948 -0 
14.875 0.0 14.875 -0 14.875 0 14.875 -0 14.875 0 14.875 -0 14.875 0 14.875 -0 14.875 0 14.875 -0 14.875 0 14.875 -0 
14.9551 0.0 14.9551 -0 14.9551 0 14.9551 -0 14.9551 0 14.9551 -0 14.9551 0 14.9551 -0 14.9551 0 14.9551 -0 14.9551 0 14.9551 -0 
15.0353 0.0 15.0353 -0 15.0353 0 15.0353 -0 15.0353 0 15.0353 -0 15.0353 0 15.0353 -0 15.0353 0 15.0353 -0 15.0353 0 15.0353 -0 
15.1155 0.0 15.1155 -0 15.1155 0 15.1155 -0 15.1155 0 15.1155 -0 15.1155 0 15.1155 -0 15.1155 0 15.1155 -0 15.1155 0 15.1155 -0 
15.1956 0.0 15.1956 -0 15.1956 0 15.1956 -0 15.1956 0 15.1956 -0 15.1956 0 15.1956 -0 15.1956 0 15.1956 -0 15.1956 0 15.1956 -0 
15.2758 0.0 15.2758 -0 15.2758 0 15.2758 -0 15.2758 0 15.2758 -0 15.2758 0 15.2758 -0 15.2758 0 15.2758 -0 15.2758 0 15.2758 -0 
15.3559 0.0 15.3559 -0 15.3559 0 15.3559 -0 15.3559 0 15.3559 -0 15.3559 0 15.3559 -0 15.3559 0 15.3559 -0 15.3559 0 15.3559 -0 
15.4361 0.0 15.4361 -0 15.4361 0 15.4361 -0 15.4361 0 15.4361 -0 15.4361 0 15.4361 -0 15.4361 0 15.4361 -0 15.4361 0 15.4361 -0 
15.5163 0.0 15.5163 -0 15.5163 0 15.5163 -0 15.5163 0 15.5163 -0 15.5163 0 15.5163 -0 15.5163 0 15.5163 -0 15.5163 0 15.5163 -0 
15.5964 0.0 15.5964 -0 15.5964 0 15.5964 -0 15.5964 0 15.5964 -0 15.5964 0 15.5964 -0 15.5964 0 15.5964 -0 15.5964 0 15.5964 -0 
15.6766 0.0 15.6766 -0 15.6766 0 15.6766 -0 15.6766 0 15.6766 -0 15.6766 0 15.6766 -0 15.6766 0 15.6766 -0 15.6766 0 15.6766 -0 
15.7567 0.0 15.7567 -0 15.7567 0 15.7567 -0 15.7567 0 15.7567 -0 15.7567 0 15.7567 -0 15.7567 0 15.7567 -0 15.7567 0 15.7567 -0 
15.8369 0.0 15.8369 -0 15.8369 0 15.8369 -0 15.8369 0 15.8369 -0 15.8369 0 15.8369 -0 15.8369 0 15.8369 -0 15.8369 0 15.8369 -0 
