-24.8397 24.95 -24.8397 -24.95 -24.8397 0 -24.8397 -0 -24.8397 0 -24.8397 -0 -24.8397 0 -24.8397 -0 -24.8397 0 -24.8397 -0 -24.8397 0 -24.8397 -0 
-24.7595 0.0 -24.7595 -0 -24.7595 0 -24.7595 -0 -24.7595 0 -24.7595 -0 -24.7595 0 -24.7595 -0 -24.7595 0 -24.7595 -0 -24.7595 0 -24.7595 -0 
-24.6794 0.0 -24.6794 -0 -24.6794 0 -24.6794 -0 -24.6794 0 -24.6794 -0 -24.6794 0 -24.6794 -0 -24.6794 0 -24.6794 -0 -24.6794 0 -24.6794 -0 
-24.5992 0.0 -24.5992 -0 -24.5992 0 -24.5992 -0 -24.5992 0 -24.5992 -0 -24.5992 0 -24.5992 -0 -24.5992 0 -24.5992 -0 -24.5992 0 -24.5992 -0 
-24.5191 0.0 -24.5191 -0 -24.5191 0 -24.5191 -0 -24.5191 0 -24.5191 -0 -24.5191 0 -24.5191 -0 -24.5191 0 -24.5191 -0 -24.5191 0 -24.5191 -0 
-24.4389 0.0 -24.4389 -0 -24.4389 0 -24.4389 -0 -24.4389 0 -24.4389 -0 -24.4389 0 -24.4389 -0 -24.4389 0 -24.4389 -0 -24.4389 0 -24.4389 -0 
-24.3587 0.0 -24.3587 -0 -24.3587 0 -24.3587 -0 -24.3587 0 -24.3587 -0 -24.3587 0 -24.3587 -0 -24.3587 0 -24.3587 -0 -24.3587 0 -24.3587 -0 
-24.2786 0.0 -24.2786 -0 -24.2786 0 -24.2786 -0 -24.2786 0 -24.2786 -0 -24.2786 0 -24.2786 -0 -24.2786 0 -24.2786 -0 -24.2786 0 -24.2786 -0 
-24.1984 0.0 -24.1984 -0 -24.1984 0 -24.1984 -0 -24.1984 0 -24.1984 -0 -24.1984 0 -24.1984 -0 -24.1984 0 -24.1984 -0 -24.1984 0 -24.1984 -0 
-24.1183 0.0 -24.1183 -0 -24.1183 0 -24.1183 -0 -24.1183 0 -24.1183 -0 -24.1183 0 -24.1183 -0 -24.1183 0 -24.1183 -0 -24.1183 0 -24.1183 -0 
-24.0381 0.0 -24.0381 -0 -24.0381 0 -24.0381 -0 -24.0381 0 -24.0381 -0 -24.0381 0 -24.0381 -0 -24.0381 0 -24.0381 -0 -24.0381 0 -24.0381 -0 
-23.9579 0.0 -23.9579 -0 -23.9579 0 -23.9579 -0 -23.9579 0 -23.9579 -0 -23.9579 0 -23.9579 -0 -23.9579 0 -23.9579 -0 -23.9579 0 -23.9579 -0 
-23.8778 0.0 -23.8778 -0 -23.8778 0 -23.8778 -0 -23.8778 0 -23.8778 -0 -23.8778 0 -23.8778 -0 -23.8778 0 -23.8778 -0 -23.8778 0 -23.8778 -0 
-23.7976 0.0 -23.7976 -0 -23.7976 0 -23.7976 -0 -23.7976 0 -23.7976 -0 -23.7976 0 -23.7976 -0 -23.7976 0 -23.7976 -0 -23.7976 0 -23.7976 -0 
-23.7175 0.0 -23.7175 -0 -23.7175 0 -23.7175 -0 -23.7175 0 -23.7175 -0 -23.7175 0 -23.7175 -0 -23.7175 0 -23.7175 -0 -23.7175 0 -23.7175 -0 
-23.6373 0.0 -23.6373 -0 -23.6373 0 -23.6373 -0 -23.6373 0 -23.6373 -0 -23.6373 0 -23.6373 -0 -23.6373 0 -23.6373 -0 -23.6373 0 -23.6373 -0 
-23.5571 0.0 -23.5571 -0 -23.5571 0 -23.5571 -0 -23.5571 0 -23.5571 -0 -23.5571 0 -23.5571 -0 -23.5571 0 -23.5571 -0 -23.5571 0 -23.5571 -0 
-23.477 0.0 -23.477 -0 -23.477 0 -23.477 -0 -23.477 0 -23.477 -0 -23.477 0 -23.477 -0 -23.477 0 -23.477 -0 -23.477 0 -23.477 -0 
-23.3968 0.0 -23.3968 -0 -23.3968 0 -23.3968 -0 -23.3968 0 -23.3968 -0 -23.3968 0 -23.3968 -0 -23.3968 0 -23.3968 -0 -23.3968 0 -23.3968 -0 
-23.3167 0.0 -23.3167 -0 -23.3167 0 -23.3167 -0 -23.3167 0 -23.3167 -0 -23.3167 0 -23.3167 -0 -23.3167 0 -23.3167 -0 -23.3167 0 -23.3167 -0 
-23.2365 0.0 -23.2365 -0 -23.2365 0 -23.2365 -0 -23.2365 0 -23.2365 -0 -23.2365 0 -23.2365 -0 -23.2365 0 -23.2365 -0 -23.2365 0 -23.2365 -0 
-23.1563 0.0 -23.1563 -0 -23.1563 0 -23.1563 -0 -23.1563 0 -23.1563 -0 -23.1563 0 -23.1563 -0 -23.1563 0 -23.1563 -0 -23.1563 0 -23.1563 -0 
-23.0762 0.0 -23.0762 -0 -23.0762 0 -23.0762 -0 -23.0762 0 -23.0762 -0 -23.0762 0 -23.0762 -0 -23.0762 0 -23.0762 -0 -23.0762 0 -23.0762 -0 
-22.996 0.0 -22.996 -0 -22.996 0 -22.996 -0 -22.996 0 -22.996 -0 -22.996 0 -22.996 -0 -22.996 0 -22.996 -0 -22.996 0 -22.996 -0 
-22.9159 0.0 -22.9159 -0 -22.9159 0 -22.9159 -0 -22.9159 0 -22.9159 -0 -22.9159 0 -22.9159 -0 -22.9159 0 -22.9159 -0 -22.9159 0 -22.9159 -0 
-22.8357 0.0 -22.8357 -0 -22.8357 0 -22.8357 -0 -22.8357 0 -22.8357 -0 -22.8357 0 -22.8357 -0 -22.8357 0 -22.8357 -0 -22.8357 0 -22.8357 -0 
-22.7555 0.0 -22.7555 -0 -22.7555 0 -22.7555 -0 -22.7555 0 -22.7555 -0 -22.7555 0 -22.7555 -0 -22.7555 0 -22.7555 -0 -22.7555 0 -22.7555 -0 
-22.6754 0.0 -22.6754 -0 -22.6754 0 -22.6754 -0 -22.6754 0 -22.6754 -0 -22.6754 0 -22.6754 -0 -22.6754 0 -22.6754 -0 -22.6754 0 -22.6754 -0 
-22.5952 0.0 -22.5952 -0 -22.5952 0 -22.5952 -0 -22.5952 0 -22.5952 -0 -22.5952 0 -22.5952 -0 -22.5952 0 -22.5952 -0 -22.5952 0 -22.5952 -0 
-22.5151 0.0 -22.5151 -0 -22.5151 0 -22.5151 -0 -22.5151 0 -22.5151 -0 -22.5151 0 -22.5151 -0 -22.5151 0 -22.5151 -0 -22.5151 0 -22.5151 -0 
-22.4349 0.0 -22.4349 -0 -22.4349 0 -22.4349 -0 -22.4349 0 -22.4349 -0 -22.4349 0 -22.4349 -0 -22.4349 0 -22.4349 -0 -22.4349 0 -22.4349 -0 
-22.3547 0.0 -22.3547 -0 -22.3547 0 -22.3547 -0 -22.3547 0 -22.3547 -0 -22.3547 0 -22.3547 -0 -22.3547 0 -22.3547 -0 -22.3547 0 -22.3547 -0 
-22.2746 0.0 -22.2746 -0 -22.2746 0 -22.2746 -0 -22.2746 0 -22.2746 -0 -22.2746 0 -22.2746 -0 -22.2746 0 -22.2746 -0 -22.2746 0 -22.2746 -0 
-22.1944 0.0 -22.1944 -0 -22.1944 0 -22.1944 -0 -22.1944 0 -22.1944 -0 -22.1944 0 -22.1944 -0 -22.1944 0 -22.1944 -0 -22.1944 0 -22.1944 -0 
-22.1142 0.0 -22.1142 -0 -22.1142 0 -22.1142 -0 -22.1142 0 -22.1142 -0 -22.1142 0 -22.1142 -0 -22.1142 0 -22.1142 -0 -22.1142 0 -22.1142 -0 
-22.0341 0.0 -22.0341 -0 -22.0341 0 -22.0341 -0 -22.0341 0 -22.0341 -0 -22.0341 0 -22.0341 -0 -22.0341 0 -22.0341 -0 -22.0341 0 -22.0341 -0 
-21.9539 0.0 -21.9539 -0 -21.9539 0 -21.9539 -0 -21.9539 0 -21.9539 -0 -21.9539 0 -21.9539 -0 -21.9539 0 -21.9539 -0 -21.9539 0 -21.9539 -0 
-21.8738 0.0 -21.8738 -0 -21.8738 0 -21.8738 -0 -21.8738 0 -21.8738 -0 -21.8738 0 -21.8738 -0 -21.8738 0 -21.8738 -0 -21.8738 0 -21.8738 -0 
-21.7936 0.0 -21.7936 -0 -21.7936 0 -21.7936 -0 -21.7936 0 -21.7936 -0 -21.7936 0 -21.7936 -0 -21.7936 0 -21.7936 -0 -21.7936 0 -21.7936 -0 
-21.7134 0.0 -21.7134 -0 -21.7134 0 -21.7134 -0 -21.7134 0 -21.7134 -0 -21.7134 0 -21.7134 -0 -21.7134 0 -21.7134 -0 -21.7134 0 -21.7134 -0 
-21.6333 0.0 -21.6333 -0 -21.6333 0 -21.6333 -0 -21.6333 0 -21.6333 -0 -21.6333 0 -21.6333 -0 -21.6333 0 -21.6333 -0 -21.6333 0 -21.6333 -0 
-21.5531 0.0 -21.5531 -0 -21.5531 0 -21.5531 -0 -21.5531 0 -21.5531 -0 -21.5531 0 -21.5531 -0 -21.5531 0 -21.5531 -0 -21.5531 0 -21.5531 -0 
-21.473 0.0 -21.473 -0 -21.473 0 -21.473 -0 -21.473 0 -21.473 -0 -21.473 0 -21.473 -0 -21.473 0 -21.473 -0 -21.473 0 -21.473 -0 
-21.3928 0.0 -21.3928 -0 -21.3928 0 -21.3928 -0 -21.3928 0 -21.3928 -0 -21.3928 0 -21.3928 -0 -21.3928 0 -21.3928 -0 -21.3928 0 -21.3928 -0 
-21.3126 0.0 -21.3126 -0 -21.3126 0 -21.3126 -0 -21.3126 0 -21.3126 -0 -21.3126 0 -21.3126 -0 -21.3126 0 -21.3126 -0 -21.3126 0 -21.3126 -0 
-21.2325 0.0 -21.2325 -0 -21.2325 0 -21.2325 -0 -21.2325 0 -21.2325 -0 -21.2325 0 -21.2325 -0 -21.2325 0 -21.2325 -0 -21.2325 0 -21.2325 -0 
-21.1523 0.0 -21.1523 -0 -21.1523 0 -21.1523 -0 -21.1523 0 -21.1523 -0 -21.1523 0 -21.1523 -0 -21.1523 0 -21.1523 -0 -21.1523 0 -21.1523 -0 
-21.0722 0.0 -21.0722 -0 -21.0722 0 -21.0722 -0 -21.0722 0 -21.0722 -0 -21.0722 0 -21.0722 -0 -21.0722 0 -21.0722 -0 -21.0722 0 -21.0722 -0 
-20.992 0.0003 -20.992 -0 -20.992 0 -20.992 -0 -20.992 0 -20.992 -0 -20.992 0 -20.992 -0 -20.992 0 -20.992 -0 -20.992 0 -20.992 -0 
-20.9118 0.0022 -20.9118 -0 -20.9118 0 -20.9118 -0 -20.9118 0 -20.9118 -0 -20.9118 0 -20.9118 -0 -20.9118 0 -20.9118 -0 -20.9118 0 -20.9118 -0 
-20.8317 0.0124 -20.8317 -0 -20.8317 0 -20.8317 -0 -20.8317 0 -20.8317 -0 -20.8317 0 -20.8317 -0 -20.8317 0 -20.8317 -0 -20.8317 0 -20.8317 -0 
-20.7515 0.0517 -20.7515 -0.0002 -20.7515 0 -20.7515 -0 -20.7515 0 -20.7515 -0 -20.7515 0 -20.7515 -0 -20.7515 0 -20.7515 -0 -20.7515 0 -20.7515 -0 
-20.6714 0.1645 -20.6714 -0.0014 -20.6714 0 -20.6714 -0 -20.6714 0 -20.6714 -0 -20.6714 0 -20.6714 -0 -20.6714 0 -20.6714 -0 -20.6714 0 -20.6714 -0 
-20.5912 0.4065 -20.5912 -0.0082 -20.5912 0 -20.5912 -0 -20.5912 0 -20.5912 -0 -20.5912 0 -20.5912 -0 -20.5912 0 -20.5912 -0 -20.5912 0 -20.5912 -0 
-20.511 0.7984 -20.511 -0.0373 -20.511 0 -20.511 -0 -20.511 0 -20.511 -0 -20.511 0 -20.511 -0 -20.511 0 -20.511 -0 -20.511 0 -20.511 -0 
-20.4309 1.2864 -20.4309 -0.1285 -20.4309 0 -20.4309 -0 -20.4309 0 -20.4309 -0 -20.4309 0 -20.4309 -0 -20.4309 0 -20.4309 -0 -20.4309 0 -20.4309 -0 
-20.3507 1.7585 -20.3507 -0.3421 -20.3507 0 -20.3507 -0 -20.3507 0 -20.3507 -0 -20.3507 0 -20.3507 -0 -20.3507 0 -20.3507 -0 -20.3507 0 -20.3507 -0 
-20.2706 2.0914 -20.2706 -0.7189 -20.2706 0 -20.2706 -0 -20.2706 0 -20.2706 -0 -20.2706 0 -20.2706 -0 -20.2706 0 -20.2706 -0 -20.2706 0 -20.2706 -0 
-20.1904 2.2058 -20.1904 -1.2286 -20.1904 0 -20.1904 -0 -20.1904 0 -20.1904 -0 -20.1904 0 -20.1904 -0 -20.1904 0 -20.1904 -0 -20.1904 0 -20.1904 -0 
-20.1102 2.177 -20.1102 -1.7699 -20.1102 0.0001 -20.1102 -0 -20.1102 0 -20.1102 -0 -20.1102 0 -20.1102 -0 -20.1102 0 -20.1102 -0 -20.1102 0.0002 -20.1102 -0 
-20.0301 2.3307 -20.0301 -2.2335 -20.0301 0.0002 -20.0301 -0 -20.0301 0 -20.0301 -0 -20.0301 0 -20.0301 -0 -20.0301 0 -20.0301 -0 -20.0301 0.0007 -20.0301 -0 
-19.9499 3.1091 -19.9499 -2.5936 -19.9499 0.0004 -19.9499 -0 -19.9499 0 -19.9499 -0 -19.9499 0.0003 -19.9499 -0 -19.9499 0 -19.9499 -0.0002 -19.9499 0.0012 -19.9499 -0.0002 
-19.8698 4.7399 -19.8698 -3.0148 -19.8698 0.0006 -19.8698 -0.0001 -19.8698 0 -19.8698 -0 -19.8698 0.0006 -19.8698 -0.0001 -19.8698 0.0004 -19.8698 -0.0006 -19.8698 0.0019 -19.8698 -0.0007 
-19.7896 7.0883 -19.7896 -3.87 -19.7896 0.001 -19.7896 -0.0001 -19.7896 0.0001 -19.7896 -0 -19.7896 0.0011 -19.7896 -0.0004 -19.7896 0.0005 -19.7896 -0.0014 -19.7896 0.0028 -19.7896 -0.0014 
-19.7094 9.8519 -19.7094 -5.4727 -19.7094 0.0014 -19.7094 -0.0002 -19.7094 0.0001 -19.7094 -0 -19.7094 0.0015 -19.7094 -0.0007 -19.7094 0.001 -19.7094 -0.0024 -19.7094 0.0043 -19.7094 -0.0026 
-19.6293 12.719 -19.6293 -7.6668 -19.6293 0.0018 -19.6293 -0.0004 -19.6293 0.0001 -19.6293 -0 -19.6293 0.0017 -19.6293 -0.0011 -19.6293 0.0012 -19.6293 -0.0035 -19.6293 0.0061 -19.6293 -0.0035 
-19.5491 15.1902 -19.5491 -9.7871 -19.5491 0.0021 -19.5491 -0.0006 -19.5491 0.0001 -19.5491 -0 -19.5491 0.0019 -19.5491 -0.0014 -19.5491 0.0016 -19.5491 -0.004 -19.5491 0.008 -19.5491 -0.0039 
-19.469 16.5692 -19.469 -11.1384 -19.469 0.0037 -19.469 -0.0006 -19.469 0.0001 -19.469 -0 -19.469 0.0018 -19.469 -0.0014 -19.469 0.0017 -19.469 -0.0038 -19.469 0.0098 -19.469 -0.0039 
-19.3888 16.7181 -19.3888 -11.5356 -19.3888 0.0079 -19.3888 -0.0008 -19.3888 0.0003 -19.3888 -0 -19.3888 0.0022 -19.3888 -0.0012 -19.3888 0.0016 -19.3888 -0.0032 -19.3888 0.0113 -19.3888 -0.0034 
-19.3086 16.774 -19.3086 -11.4531 -19.3086 0.0179 -19.3086 -0.001 -19.3086 0.0007 -19.3086 -0 -19.3086 0.0031 -19.3086 -0.0007 -19.3086 0.0016 -19.3086 -0.0025 -19.3086 0.0142 -19.3086 -0.0025 
-19.2285 18.3972 -19.2285 -11.6532 -19.2285 0.037 -19.2285 -0.0028 -19.2285 0.0015 -19.2285 -0 -19.2285 0.0043 -19.2285 -0.0006 -19.2285 0.0021 -19.2285 -0.0025 -19.2285 0.0201 -19.2285 -0.002 
-19.1483 22.0223 -19.1483 -12.6444 -19.1483 0.0667 -19.1483 -0.0073 -19.1483 0.0031 -19.1483 -0 -19.1483 0.0055 -19.1483 -0.0009 -19.1483 0.0036 -19.1483 -0.0042 -19.1483 0.0287 -19.1483 -0.0019 
-19.0682 26.1378 -19.0682 -14.6125 -19.0682 0.1019 -19.0682 -0.0152 -19.0682 0.0052 -19.0682 -0.0001 -19.0682 0.0064 -19.0682 -0.0017 -19.0682 0.0065 -19.0682 -0.0085 -19.0682 0.0398 -19.0682 -0.0028 
-18.988 28.5229 -18.988 -17.6347 -18.988 0.127 -18.988 -0.0258 -18.988 0.0071 -18.988 -0.0003 -18.988 0.0082 -18.988 -0.0027 -18.988 0.0122 -18.988 -0.0169 -18.988 0.0545 -18.988 -0.0048 
-18.9078 28.2871 -18.9078 -21.4488 -18.9078 0.1275 -18.9078 -0.0359 -18.9078 0.0083 -18.9078 -0.0008 -18.9078 0.0117 -18.9078 -0.0038 -18.9078 0.021 -18.9078 -0.0319 -18.9078 0.0736 -18.9078 -0.0073 
-18.8277 26.4661 -18.8277 -25.1504 -18.8277 0.1062 -18.8277 -0.0407 -18.8277 0.0088 -18.8277 -0.0016 -18.8277 0.0171 -18.8277 -0.0051 -18.8277 0.0332 -18.8277 -0.0589 -18.8277 0.0931 -18.8277 -0.0104 
-18.7475 24.5304 -18.7475 -27.5925 -18.7475 0.0814 -18.7475 -0.0371 -18.7475 0.0091 -18.7475 -0.0026 -18.7475 0.0227 -18.7475 -0.0062 -18.7475 0.0484 -18.7475 -0.1018 -18.7475 0.105 -18.7475 -0.0146 
-18.6674 23.0241 -18.6674 -28.0325 -18.6674 0.0703 -18.6674 -0.0271 -18.6674 0.0094 -18.6674 -0.0035 -18.6674 0.0287 -18.6674 -0.0075 -18.6674 0.064 -18.6674 -0.1542 -18.6674 0.1043 -18.6674 -0.0197 
-18.5872 21.7859 -18.5872 -26.2928 -18.5872 0.0791 -18.5872 -0.016 -18.5872 0.0094 -18.5872 -0.0037 -18.5872 0.0372 -18.5872 -0.0092 -18.5872 0.0748 -18.5872 -0.1966 -18.5872 0.0951 -18.5872 -0.0251 
-18.507 20.5289 -18.507 -22.7067 -18.507 0.1018 -18.507 -0.0083 -18.507 0.0088 -18.507 -0.0032 -18.507 0.0468 -18.507 -0.0117 -18.507 0.0737 -18.507 -0.2062 -18.507 0.0841 -18.507 -0.0287 
-18.4269 18.9002 -18.4269 -18.1465 -18.4269 0.1206 -18.4269 -0.0046 -18.4269 0.0075 -18.4269 -0.0024 -18.4269 0.0521 -18.4269 -0.0159 -18.4269 0.0587 -18.4269 -0.1771 -18.4269 0.0723 -18.4269 -0.0274 
-18.3467 16.5273 -18.3467 -13.7546 -18.3467 0.1162 -18.3467 -0.0038 -18.3467 0.0059 -18.3467 -0.0015 -18.3467 0.0473 -18.3467 -0.0215 -18.3467 0.0375 -18.3467 -0.1247 -18.3467 0.0568 -18.3467 -0.0221 
-18.2666 13.3163 -18.2666 -10.4035 -18.2666 0.0862 -18.2666 -0.0048 -18.2666 0.0042 -18.2666 -0.0009 -18.2666 0.0336 -18.2666 -0.0265 -18.2666 0.0192 -18.2666 -0.0726 -18.2666 0.0375 -18.2666 -0.016 
-18.1864 9.7041 -18.1864 -8.5691 -18.1864 0.0484 -18.1864 -0.0082 -18.1864 0.0032 -18.1864 -0.0006 -18.1864 0.0184 -18.1864 -0.0302 -18.1864 0.0079 -18.1864 -0.0353 -18.1864 0.0196 -18.1864 -0.0138 
-18.1062 6.5818 -18.1062 -8.6638 -18.1062 0.0203 -18.1062 -0.0165 -18.1062 0.0033 -18.1062 -0.0009 -18.1062 0.0077 -18.1062 -0.0367 -18.1062 0.0026 -18.1062 -0.0147 -18.1062 0.0077 -18.1062 -0.0179 
-18.0261 4.826 -18.0261 -10.8914 -18.0261 0.0064 -18.0261 -0.033 -18.0261 0.005 -18.0261 -0.0015 -18.0261 0.0024 -18.0261 -0.0525 -18.0261 0.0006 -18.0261 -0.0059 -18.0261 0.0023 -18.0261 -0.0262 
-17.9459 4.6782 -17.9459 -14.3793 -17.9459 0.0015 -17.9459 -0.0558 -17.9459 0.0085 -17.9459 -0.0023 -17.9459 0.0005 -17.9459 -0.0782 -17.9459 0 -17.9459 -0.0031 -17.9459 0.0004 -17.9459 -0.034 
-17.8658 5.6037 -17.8658 -16.9174 -17.8658 0.0002 -17.8658 -0.0741 -17.8658 0.0136 -17.8658 -0.0029 -17.8658 0.0002 -17.8658 -0.1004 -17.8658 0 -17.8658 -0.0026 -17.8658 0 -17.8658 -0.0359 
-17.7856 6.8369 -17.7856 -16.3729 -17.7856 0 -17.7856 -0.0749 -17.7856 0.021 -17.7856 -0.0031 -17.7856 0.0002 -17.7856 -0.1011 -17.7856 0 -17.7856 -0.0023 -17.7856 0 -17.7856 -0.0303 
-17.7054 7.8726 -17.7054 -12.6261 -17.7054 0 -17.7054 -0.0566 -17.7054 0.0317 -17.7054 -0.0027 -17.7054 0.0002 -17.7054 -0.0774 -17.7054 0 -17.7054 -0.0018 -17.7054 0 -17.7054 -0.0202 
-17.6253 8.4592 -17.6253 -7.7338 -17.6253 0 -17.6253 -0.032 -17.6253 0.0461 -17.6253 -0.0022 -17.6253 0.0002 -17.6253 -0.0443 -17.6253 0 -17.6253 -0.0009 -17.6253 0 -17.6253 -0.0106 
-17.5451 8.5295 -17.5451 -4.0467 -17.5451 0 -17.5451 -0.0134 -17.5451 0.0633 -17.5451 -0.0024 -17.5451 0.0002 -17.5451 -0.0192 -17.5451 0 -17.5451 -0.0004 -17.5451 0 -17.5451 -0.0041 
-17.465 8.2664 -17.465 -2.5495 -17.465 0 -17.465 -0.0042 -17.465 0.0846 -17.465 -0.0038 -17.465 0.0002 -17.465 -0.0064 -17.465 0 -17.465 -0 -17.465 0 -17.465 -0.0012 
-17.3848 8.0952 -17.3848 -2.9521 -17.3848 0 -17.3848 -0.0009 -17.3848 0.1139 -17.3848 -0.0069 -17.3848 0.0001 -17.3848 -0.002 -17.3848 0 -17.3848 -0.0002 -17.3848 0.0001 -17.3848 -0.0003 
-17.3046 8.4705 -17.3046 -4.7249 -17.3046 0 -17.3046 -0.0002 -17.3046 0.1491 -17.3046 -0.0117 -17.3046 0.0001 -17.3046 -0.001 -17.3046 0.0002 -17.3046 -0.0004 -17.3046 0.0005 -17.3046 -0.0002 
-17.2245 9.4315 -17.2245 -7.7325 -17.2245 0 -17.2245 -0 -17.2245 0.1721 -17.2245 -0.0182 -17.2245 0 -17.2245 -0.0006 -17.2245 0.0002 -17.2245 -0.001 -17.2245 0.0008 -17.2245 -0.0005 
-17.1443 10.386 -17.1443 -11.9118 -17.1443 0 -17.1443 -0 -17.1443 0.1607 -17.1443 -0.0277 -17.1443 0 -17.1443 -0.0004 -17.1443 0.0007 -17.1443 -0.0021 -17.1443 0.0017 -17.1443 -0.0008 
-17.0641 10.5527 -17.0641 -16.4205 -17.0641 0 -17.0641 -0 -17.0641 0.1161 -17.0641 -0.0409 -17.0641 0 -17.0641 -0.0003 -17.0641 0.0012 -17.0641 -0.0035 -17.0641 0.0023 -17.0641 -0.0012 
-16.984 9.5319 -16.984 -19.4959 -16.984 0 -16.984 -0 -16.984 0.0636 -16.984 -0.0566 -16.984 0 -16.984 -0.0002 -16.984 0.0017 -16.984 -0.005 -16.984 0.0027 -16.984 -0.0014 
-16.9038 7.4616 -16.9038 -19.5835 -16.9038 0 -16.9038 -0 -16.9038 0.0261 -16.9038 -0.0705 -16.9038 0 -16.9038 -0.0002 -16.9038 0.0018 -16.9038 -0.0056 -16.9038 0.0023 -16.9038 -0.0012 
-16.8237 4.9125 -16.8237 -16.5523 -16.8237 0 -16.8237 -0 -16.8237 0.008 -16.8237 -0.0756 -16.8237 0 -16.8237 -0.0001 -16.8237 0.0015 -16.8237 -0.0051 -16.8237 0.0017 -16.8237 -0.0009 
-16.7435 2.6301 -16.7435 -11.7215 -16.7435 0 -16.7435 -0 -16.7435 0.0019 -16.7435 -0.0668 -16.7435 0 -16.7435 -0.0001 -16.7435 0.0009 -16.7435 -0.0036 -16.7435 0.001 -16.7435 -0.0006 
-16.6633 1.1101 -16.6633 -6.8898 -16.6633 0 -16.6633 -0 -16.6633 0.0003 -16.6633 -0.047 -16.6633 0 -16.6633 -0 -16.6633 0.0005 -16.6633 -0.0018 -16.6633 0.0004 -16.6633 -0.0001 
-16.5832 0.3605 -16.5832 -3.3117 -16.5832 0 -16.5832 -0 -16.5832 0 -16.5832 -0.0258 -16.5832 0 -16.5832 -0 -16.5832 0.0001 -16.5832 -0.0008 -16.5832 0.0001 -16.5832 -0 
-16.503 0.0885 -16.503 -1.2788 -16.503 0 -16.503 -0 -16.503 0 -16.503 -0.0109 -16.503 0 -16.503 -0 -16.503 0 -16.503 -0.0001 -16.503 0 -16.503 -0 
-16.4229 0.0162 -16.4229 -0.3897 -16.4229 0 -16.4229 -0 -16.4229 0 -16.4229 -0.0035 -16.4229 0 -16.4229 -0 -16.4229 0 -16.4229 -0 -16.4229 0 -16.4229 -0 
-16.3427 0.0022 -16.3427 -0.0922 -16.3427 0 -16.3427 -0 -16.3427 0 -16.3427 -0.0008 -16.3427 0 -16.3427 -0 -16.3427 0 -16.3427 -0 -16.3427 0 -16.3427 -0 
-16.2625 0.0002 -16.2625 -0.0167 -16.2625 0 -16.2625 -0 -16.2625 0 -16.2625 -0.0001 -16.2625 0 -16.2625 -0 -16.2625 0 -16.2625 -0 -16.2625 0 -16.2625 -0 
-16.1824 0.0 -16.1824 -0.0023 -16.1824 0 -16.1824 -0 -16.1824 0 -16.1824 -0 -16.1824 0 -16.1824 -0 -16.1824 0 -16.1824 -0 -16.1824 0 -16.1824 -0 
-16.1022 0.0 -16.1022 -0.0002 -16.1022 0 -16.1022 -0 -16.1022 0 -16.1022 -0 -16.1022 0 -16.1022 -0 -16.1022 0 -16.1022 -0 -16.1022 0 -16.1022 -0 
-16.0221 0.0 -16.0221 -0 -16.0221 0 -16.0221 -0 -16.0221 0 -16.0221 -0 -16.0221 0 -16.0221 -0 -16.0221 0 -16.0221 -0 -16.0221 0 -16.0221 -0 
-15.9419 0.0 -15.9419 -0 -15.9419 0 -15.9419 -0 -15.9419 0 -15.9419 -0 -15.9419 0 -15.9419 -0 -15.9419 0 -15.9419 -0 -15.9419 0 -15.9419 -0 
-15.8617 0.0 -15.8617 -0 -15.8617 0 -15.8617 -0 -15.8617 0 -15.8617 -0 -15.8617 0 -15.8617 -0 -15.8617 0 -15.8617 -0 -15.8617 0 -15.8617 -0 
-15.7816 0.0 -15.7816 -0 -15.7816 0 -15.7816 -0 -15.7816 0 -15.7816 -0 -15.7816 0 -15.7816 -0 -15.7816 0 -15.7816 -0 -15.7816 0 -15.7816 -0 
-15.7014 0.0 -15.7014 -0 -15.7014 0 -15.7014 -0 -15.7014 0 -15.7014 -0 -15.7014 0 -15.7014 -0 -15.7014 0 -15.7014 -0 -15.7014 0 -15.7014 -0 
-15.6213 0.0 -15.6213 -0 -15.6213 0 -15.6213 -0 -15.6213 0 -15.6213 -0 -15.6213 0 -15.6213 -0 -15.6213 0 -15.6213 -0 -15.6213 0 -15.6213 -0 
-15.5411 0.0 -15.5411 -0 -15.5411 0 -15.5411 -0 -15.5411 0 -15.5411 -0 -15.5411 0 -15.5411 -0 -15.5411 0 -15.5411 -0 -15.5411 0 -15.5411 -0 
-15.4609 0.0 -15.4609 -0 -15.4609 0 -15.4609 -0 -15.4609 0 -15.4609 -0 -15.4609 0 -15.4609 -0 -15.4609 0 -15.4609 -0 -15.4609 0 -15.4609 -0 
-15.3808 0.0 -15.3808 -0 -15.3808 0 -15.3808 -0 -15.3808 0 -15.3808 -0 -15.3808 0 -15.3808 -0 -15.3808 0 -15.3808 -0 -15.3808 0 -15.3808 -0 
-15.3006 0.0 -15.3006 -0 -15.3006 0 -15.3006 -0 -15.3006 0 -15.3006 -0 -15.3006 0 -15.3006 -0 -15.3006 0 -15.3006 -0 -15.3006 0 -15.3006 -0 
-15.2205 0.0 -15.2205 -0 -15.2205 0 -15.2205 -0 -15.2205 0 -15.2205 -0 -15.2205 0 -15.2205 -0 -15.2205 0 -15.2205 -0 -15.2205 0 -15.2205 -0 
-15.1403 0.0 -15.1403 -0 -15.1403 0 -15.1403 -0 -15.1403 0 -15.1403 -0 -15.1403 0 -15.1403 -0 -15.1403 0 -15.1403 -0 -15.1403 0 -15.1403 -0 
-15.0601 0.0 -15.0601 -0 -15.0601 0 -15.0601 -0 -15.0601 0 -15.0601 -0 -15.0601 0 -15.0601 -0 -15.0601 0 -15.0601 -0 -15.0601 0 -15.0601 -0 
-14.98 0.0 -14.98 -0 -14.98 0 -14.98 -0 -14.98 0 -14.98 -0 -14.98 0 -14.98 -0 -14.98 0 -14.98 -0 -14.98 0 -14.98 -0 
-14.8998 0.0 -14.8998 -0 -14.8998 0 -14.8998 -0 -14.8998 0 -14.8998 -0 -14.8998 0 -14.8998 -0 -14.8998 0 -14.8998 -0 -14.8998 0 -14.8998 -0 
-14.8197 0.0 -14.8197 -0 -14.8197 0 -14.8197 -0 -14.8197 0 -14.8197 -0 -14.8197 0 -14.8197 -0 -14.8197 0 -14.8197 -0 -14.8197 0 -14.8197 -0 
-14.7395 0.0 -14.7395 -0 -14.7395 0 -14.7395 -0 -14.7395 0 -14.7395 -0 -14.7395 0 -14.7395 -0 -14.7395 0 -14.7395 -0 -14.7395 0 -14.7395 -0 
-14.6593 0.0 -14.6593 -0 -14.6593 0 -14.6593 -0 -14.6593 0 -14.6593 -0 -14.6593 0 -14.6593 -0 -14.6593 0 -14.6593 -0 -14.6593 0 -14.6593 -0 
-14.5792 0.0 -14.5792 -0 -14.5792 0 -14.5792 -0 -14.5792 0 -14.5792 -0 -14.5792 0 -14.5792 -0 -14.5792 0 -14.5792 -0 -14.5792 0 -14.5792 -0 
-14.499 0.0 -14.499 -0 -14.499 0 -14.499 -0 -14.499 0 -14.499 -0 -14.499 0 -14.499 -0 -14.499 0 -14.499 -0 -14.499 0 -14.499 -0 
-14.4189 0.0 -14.4189 -0 -14.4189 0 -14.4189 -0 -14.4189 0 -14.4189 -0 -14.4189 0 -14.4189 -0 -14.4189 0 -14.4189 -0 -14.4189 0 -14.4189 -0 
-14.3387 0.0 -14.3387 -0 -14.3387 0 -14.3387 -0 -14.3387 0 -14.3387 -0 -14.3387 0 -14.3387 -0 -14.3387 0 -14.3387 -0 -14.3387 0 -14.3387 -0 
-14.2585 0.0 -14.2585 -0 -14.2585 0 -14.2585 -0 -14.2585 0 -14.2585 -0 -14.2585 0 -14.2585 -0 -14.2585 0 -14.2585 -0 -14.2585 0 -14.2585 -0 
-14.1784 0.0 -14.1784 -0 -14.1784 0 -14.1784 -0 -14.1784 0 -14.1784 -0 -14.1784 0 -14.1784 -0 -14.1784 0 -14.1784 -0 -14.1784 0 -14.1784 -0 
-14.0982 0.0 -14.0982 -0 -14.0982 0 -14.0982 -0 -14.0982 0 -14.0982 -0 -14.0982 0 -14.0982 -0 -14.0982 0 -14.0982 -0 -14.0982 0 -14.0982 -0 
-14.0181 0.0 -14.0181 -0 -14.0181 0 -14.0181 -0 -14.0181 0 -14.0181 -0 -14.0181 0 -14.0181 -0 -14.0181 0 -14.0181 -0 -14.0181 0 -14.0181 -0 
-13.9379 0.0 -13.9379 -0 -13.9379 0 -13.9379 -0 -13.9379 0 -13.9379 -0 -13.9379 0 -13.9379 -0 -13.9379 0 -13.9379 -0 -13.9379 0 -13.9379 -0 
-13.8577 0.0 -13.8577 -0 -13.8577 0 -13.8577 -0 -13.8577 0 -13.8577 -0 -13.8577 0 -13.8577 -0 -13.8577 0 -13.8577 -0 -13.8577 0 -13.8577 -0 
-13.7776 0.0 -13.7776 -0 -13.7776 0 -13.7776 -0 -13.7776 0 -13.7776 -0 -13.7776 0 -13.7776 -0 -13.7776 0 -13.7776 -0 -13.7776 0 -13.7776 -0 
-13.6974 0.0 -13.6974 -0 -13.6974 0 -13.6974 -0 -13.6974 0 -13.6974 -0 -13.6974 0 -13.6974 -0 -13.6974 0 -13.6974 -0 -13.6974 0 -13.6974 -0 
-13.6173 0.0 -13.6173 -0 -13.6173 0 -13.6173 -0 -13.6173 0 -13.6173 -0 -13.6173 0 -13.6173 -0 -13.6173 0 -13.6173 -0 -13.6173 0 -13.6173 -0 
-13.5371 0.0 -13.5371 -0 -13.5371 0 -13.5371 -0 -13.5371 0 -13.5371 -0 -13.5371 0 -13.5371 -0 -13.5371 0 -13.5371 -0 -13.5371 0 -13.5371 -0 
-13.4569 0.0 -13.4569 -0 -13.4569 0 -13.4569 -0 -13.4569 0 -13.4569 -0 -13.4569 0 -13.4569 -0 -13.4569 0 -13.4569 -0 -13.4569 0 -13.4569 -0 
-13.3768 0.0 -13.3768 -0 -13.3768 0 -13.3768 -0 -13.3768 0 -13.3768 -0 -13.3768 0 -13.3768 -0 -13.3768 0 -13.3768 -0 -13.3768 0 -13.3768 -0 
-13.2966 0.0 -13.2966 -0 -13.2966 0 -13.2966 -0 -13.2966 0 -13.2966 -0 -13.2966 0 -13.2966 -0 -13.2966 0 -13.2966 -0 -13.2966 0 -13.2966 -0 
-13.2165 0.0 -13.2165 -0 -13.2165 0 -13.2165 -0 -13.2165 0 -13.2165 -0 -13.2165 0 -13.2165 -0 -13.2165 0 -13.2165 -0 -13.2165 0 -13.2165 -0 
-13.1363 0.0 -13.1363 -0 -13.1363 0 -13.1363 -0 -13.1363 0 -13.1363 -0 -13.1363 0 -13.1363 -0 -13.1363 0 -13.1363 -0 -13.1363 0 -13.1363 -0 
-13.0561 0.0 -13.0561 -0 -13.0561 0 -13.0561 -0 -13.0561 0 -13.0561 -0 -13.0561 0 -13.0561 -0 -13.0561 0 -13.0561 -0 -13.0561 0 -13.0561 -0 
-12.976 0.0 -12.976 -0 -12.976 0 -12.976 -0 -12.976 0 -12.976 -0 -12.976 0 -12.976 -0 -12.976 0 -12.976 -0 -12.976 0 -12.976 -0 
-12.8958 0.0 -12.8958 -0 -12.8958 0 -12.8958 -0 -12.8958 0 -12.8958 -0 -12.8958 0 -12.8958 -0 -12.8958 0 -12.8958 -0 -12.8958 0 -12.8958 -0 
-12.8157 0.0 -12.8157 -0 -12.8157 0 -12.8157 -0 -12.8157 0 -12.8157 -0 -12.8157 0 -12.8157 -0 -12.8157 0 -12.8157 -0 -12.8157 0 -12.8157 -0 
-12.7355 0.0 -12.7355 -0 -12.7355 0 -12.7355 -0 -12.7355 0 -12.7355 -0 -12.7355 0 -12.7355 -0 -12.7355 0 -12.7355 -0 -12.7355 0 -12.7355 -0 
-12.6553 0.0 -12.6553 -0 -12.6553 0 -12.6553 -0 -12.6553 0 -12.6553 -0 -12.6553 0 -12.6553 -0 -12.6553 0 -12.6553 -0 -12.6553 0 -12.6553 -0 
-12.5752 0.0 -12.5752 -0 -12.5752 0 -12.5752 -0 -12.5752 0 -12.5752 -0 -12.5752 0 -12.5752 -0 -12.5752 0 -12.5752 -0 -12.5752 0 -12.5752 -0 
-12.495 0.0 -12.495 -0 -12.495 0 -12.495 -0 -12.495 0 -12.495 -0 -12.495 0 -12.495 -0 -12.495 0 -12.495 -0 -12.495 0 -12.495 -0 
-12.4149 0.0 -12.4149 -0 -12.4149 0 -12.4149 -0 -12.4149 0 -12.4149 -0 -12.4149 0 -12.4149 -0 -12.4149 0 -12.4149 -0 -12.4149 0 -12.4149 -0 
-12.3347 0.0 -12.3347 -0 -12.3347 0 -12.3347 -0 -12.3347 0 -12.3347 -0 -12.3347 0 -12.3347 -0 -12.3347 0 -12.3347 -0 -12.3347 0 -12.3347 -0 
-12.2545 0.0 -12.2545 -0 -12.2545 0 -12.2545 -0 -12.2545 0 -12.2545 -0 -12.2545 0 -12.2545 -0 -12.2545 0 -12.2545 -0 -12.2545 0 -12.2545 -0 
-12.1744 0.0 -12.1744 -0 -12.1744 0 -12.1744 -0 -12.1744 0 -12.1744 -0 -12.1744 0 -12.1744 -0 -12.1744 0 -12.1744 -0 -12.1744 0 -12.1744 -0 
-12.0942 0.0 -12.0942 -0 -12.0942 0 -12.0942 -0 -12.0942 0 -12.0942 -0 -12.0942 0 -12.0942 -0 -12.0942 0 -12.0942 -0 -12.0942 0 -12.0942 -0 
-12.014 0.0 -12.014 -0 -12.014 0 -12.014 -0 -12.014 0 -12.014 -0 -12.014 0 -12.014 -0 -12.014 0 -12.014 -0 -12.014 0 -12.014 -0 
-11.9339 0.0 -11.9339 -0 -11.9339 0 -11.9339 -0 -11.9339 0 -11.9339 -0 -11.9339 0 -11.9339 -0 -11.9339 0 -11.9339 -0 -11.9339 0 -11.9339 -0 
-11.8537 0.0 -11.8537 -0 -11.8537 0 -11.8537 -0 -11.8537 0 -11.8537 -0 -11.8537 0 -11.8537 -0 -11.8537 0 -11.8537 -0 -11.8537 0 -11.8537 -0 
-11.7736 0.0 -11.7736 -0 -11.7736 0 -11.7736 -0 -11.7736 0 -11.7736 -0 -11.7736 0 -11.7736 -0 -11.7736 0 -11.7736 -0 -11.7736 0 -11.7736 -0 
-11.6934 0.0 -11.6934 -0 -11.6934 0 -11.6934 -0 -11.6934 0 -11.6934 -0 -11.6934 0 -11.6934 -0 -11.6934 0 -11.6934 -0 -11.6934 0 -11.6934 -0 
-11.6132 0.0 -11.6132 -0 -11.6132 0 -11.6132 -0 -11.6132 0 -11.6132 -0 -11.6132 0 -11.6132 -0 -11.6132 0 -11.6132 -0 -11.6132 0 -11.6132 -0 
-11.5331 0.0 -11.5331 -0 -11.5331 0 -11.5331 -0 -11.5331 0 -11.5331 -0 -11.5331 0 -11.5331 -0 -11.5331 0 -11.5331 -0 -11.5331 0 -11.5331 -0 
-11.4529 0.0 -11.4529 -0 -11.4529 0 -11.4529 -0 -11.4529 0 -11.4529 -0 -11.4529 0 -11.4529 -0 -11.4529 0 -11.4529 -0 -11.4529 0 -11.4529 -0 
-11.3728 0.0 -11.3728 -0 -11.3728 0 -11.3728 -0 -11.3728 0 -11.3728 -0 -11.3728 0 -11.3728 -0 -11.3728 0 -11.3728 -0 -11.3728 0 -11.3728 -0 
-11.2926 0.0 -11.2926 -0 -11.2926 0 -11.2926 -0 -11.2926 0 -11.2926 -0 -11.2926 0 -11.2926 -0 -11.2926 0 -11.2926 -0 -11.2926 0 -11.2926 -0 
-11.2124 0.0 -11.2124 -0.0003 -11.2124 0 -11.2124 -0 -11.2124 0 -11.2124 -0 -11.2124 0 -11.2124 -0 -11.2124 0 -11.2124 -0 -11.2124 0 -11.2124 -0 
-11.1323 0.0 -11.1323 -0.0031 -11.1323 0 -11.1323 -0 -11.1323 0 -11.1323 -0 -11.1323 0 -11.1323 -0 -11.1323 0 -11.1323 -0 -11.1323 0 -11.1323 -0 
-11.0521 0.0 -11.0521 -0.021 -11.0521 0 -11.0521 -0 -11.0521 0 -11.0521 -0 -11.0521 0 -11.0521 -0 -11.0521 0 -11.0521 -0 -11.0521 0 -11.0521 -0 
-10.972 0.0 -10.972 -0.103 -10.972 0 -10.972 -0 -10.972 0 -10.972 -0 -10.972 0 -10.972 -0 -10.972 0 -10.972 -0.0006 -10.972 0 -10.972 -0.0001 
-10.8918 0.0 -10.8918 -0.3701 -10.8918 0 -10.8918 -0 -10.8918 0 -10.8918 -0 -10.8918 0 -10.8918 -0 -10.8918 0 -10.8918 -0.0021 -10.8918 0 -10.8918 -0.0006 
-10.8116 0.0004 -10.8116 -0.9724 -10.8116 0 -10.8116 -0.0002 -10.8116 0 -10.8116 -0 -10.8116 0 -10.8116 -0 -10.8116 0 -10.8116 -0.0054 -10.8116 0 -10.8116 -0.0016 
-10.7315 0.0027 -10.7315 -1.8698 -10.7315 0 -10.7315 -0.0004 -10.7315 0 -10.7315 -0 -10.7315 0 -10.7315 -0.0002 -10.7315 0 -10.7315 -0.0105 -10.7315 0 -10.7315 -0.0029 
-10.6513 0.0143 -10.6513 -2.6313 -10.6513 0 -10.6513 -0.0006 -10.6513 0 -10.6513 -0 -10.6513 0 -10.6513 -0.0002 -10.6513 0 -10.6513 -0.015 -10.6513 0 -10.6513 -0.0041 
-10.5712 0.0584 -10.5712 -2.7102 -10.5712 0 -10.5712 -0.0006 -10.5712 0 -10.5712 -0 -10.5712 0 -10.5712 -0.0002 -10.5712 0 -10.5712 -0.0157 -10.5712 0 -10.5712 -0.0042 
-10.491 0.1871 -10.491 -2.043 -10.491 0 -10.491 -0.0005 -10.491 0 -10.491 -0 -10.491 0 -10.491 -0.0002 -10.491 0 -10.491 -0.0119 -10.491 0.0001 -10.491 -0.0033 
-10.4108 0.4896 -10.4108 -1.1271 -10.4108 0 -10.4108 -0.0003 -10.4108 0 -10.4108 -0 -10.4108 0 -10.4108 -0.0001 -10.4108 0 -10.4108 -0.0066 -10.4108 0.0004 -10.4108 -0.0018 
-10.3307 1.0914 -10.3307 -0.4551 -10.3307 0.0001 -10.3307 -0 -10.3307 0.0001 -10.3307 -0 -10.3307 0 -10.3307 -0 -10.3307 0 -10.3307 -0.0027 -10.3307 0.0005 -10.3307 -0.0008 
-10.2505 2.1435 -10.2505 -0.1353 -10.2505 0.0003 -10.2505 -0 -10.2505 0.0001 -10.2505 -0 -10.2505 0 -10.2505 -0 -10.2505 0 -10.2505 -0.0014 -10.2505 0.0013 -10.2505 -0.0002 
-10.1704 3.7468 -10.1704 -0.037 -10.1704 0.0012 -10.1704 -0 -10.1704 0.0001 -10.1704 -0 -10.1704 0 -10.1704 -0 -10.1704 0.0001 -10.1704 -0.0049 -10.1704 0.003 -10.1704 -0 
-10.0902 5.8065 -10.0902 -0.0563 -10.0902 0.0049 -10.0902 -0 -10.0902 0.0002 -10.0902 -0 -10.0902 0 -10.0902 -0 -10.0902 0.0001 -10.0902 -0.0299 -10.0902 0.0086 -10.0902 -0 
-10.01 8.0199 -10.01 -0.2502 -10.01 0.0166 -10.01 -0 -10.01 0.0003 -10.01 -0 -10.01 0.0001 -10.01 -0 -10.01 0.0001 -10.01 -0.1431 -10.01 0.0265 -10.01 -0.0001 
-9.92991 10.1492 -9.92991 -0.908 -9.92991 0.0452 -9.92991 -0 -9.92991 0.0007 -9.92991 -0 -9.92991 0.0001 -9.92991 -0 -9.92991 0.0006 -9.92991 -0.5141 -9.92991 0.0768 -9.92991 -0.0007 
-9.84971 12.3072 -9.84971 -2.5117 -9.84971 0.1028 -9.84971 -0 -9.84971 0.0013 -9.84971 -0 -9.84971 0.0005 -9.84971 -0.0001 -9.84971 0.001 -9.84971 -1.3914 -9.84971 0.1924 -9.84971 -0.002 
-9.76961 14.8711 -9.76961 -5.3609 -9.76961 0.2027 -9.76961 -0 -9.76961 0.0024 -9.76961 -0 -9.76961 0.001 -9.76961 -0.0002 -9.76961 0.0019 -9.76961 -2.8561 -9.76961 0.4075 -9.76961 -0.0051 
-9.68941 18.0404 -9.68941 -9.0468 -9.68941 0.37 -9.68941 -0 -9.68941 0.0044 -9.68941 -0 -9.68941 0.0018 -9.68941 -0.0004 -9.68941 0.0034 -9.68941 -4.4812 -9.68941 0.7314 -9.68941 -0.0095 
-9.60921 21.5658 -9.60921 -12.6159 -9.60921 0.6542 -9.60921 -0.0005 -9.60921 0.0078 -9.60921 -0 -9.60921 0.0027 -9.60921 -0.0004 -9.60921 0.0053 -9.60921 -5.4432 -9.60921 1.1402 -9.60921 -0.0133 
-9.52911 25.1266 -9.52911 -15.6053 -9.52911 1.1057 -9.52911 -0.0011 -9.52911 0.0125 -9.52911 -0 -9.52911 0.0041 -9.52911 -0.0008 -9.52911 0.0081 -9.52911 -5.2616 -9.52911 1.601 -9.52911 -0.0143 
-9.44891 28.7856 -9.44891 -18.5172 -9.44891 1.6794 -9.44891 -0.0026 -9.44891 0.0177 -9.44891 -0.0001 -9.44891 0.006 -9.44891 -0.0011 -9.44891 0.0122 -9.44891 -4.3233 -9.44891 2.0827 -9.44891 -0.0121 
-9.36881 32.6594 -9.36881 -21.8346 -9.36881 2.1695 -9.36881 -0.006 -9.36881 0.0222 -9.36881 -0.0001 -9.36881 0.0085 -9.36881 -0.002 -9.36881 0.0189 -9.36881 -3.4284 -9.36881 2.5311 -9.36881 -0.009 
-9.28861 36.4049 -9.28861 -25.035 -9.28861 2.3418 -9.28861 -0.0102 -9.28861 0.0271 -9.28861 -0.0001 -9.28861 0.0112 -9.28861 -0.0028 -9.28861 0.0288 -9.28861 -2.9933 -9.28861 2.8754 -9.28861 -0.007 
-9.20841 39.4395 -9.20841 -26.9256 -9.20841 2.162 -9.20841 -0.0132 -9.20841 0.0343 -9.20841 -0.0001 -9.20841 0.0141 -9.20841 -0.0034 -9.20841 0.0412 -9.20841 -2.9097 -9.20841 3.0868 -9.20841 -0.006 
-9.12831 41.4613 -9.12831 -26.5993 -9.12831 1.8312 -9.12831 -0.0126 -9.12831 0.0466 -9.12831 -0.0001 -9.12831 0.0174 -9.12831 -0.0032 -9.12831 0.0532 -9.12831 -2.9242 -9.12831 3.1939 -9.12831 -0.0057 
-9.04811 42.622 -9.04811 -24.2682 -9.04811 1.5928 -9.04811 -0.009 -9.04811 0.064 -9.04811 -0 -9.04811 0.0215 -9.04811 -0.0022 -9.04811 0.0609 -9.04811 -2.9007 -9.04811 3.2363 -9.04811 -0.0052 
-8.96801 43.3904 -8.96801 -21.4333 -8.96801 1.5533 -8.96801 -0.0048 -8.96801 0.0822 -8.96801 -0 -8.96801 0.0265 -8.96801 -0.0014 -8.96801 0.062 -8.96801 -2.8469 -8.96801 3.2382 -8.96801 -0.0045 
-8.88781 44.2603 -8.88781 -19.3267 -8.88781 1.6729 -8.88781 -0.002 -8.88781 0.0975 -8.88781 -0 -8.88781 0.0311 -8.88781 -0.0009 -8.88781 0.0574 -8.88781 -2.7771 -8.88781 3.2305 -8.88781 -0.0036 
-8.80761 45.4119 -8.80761 -17.1599 -8.80761 1.8599 -8.80761 -0.0007 -8.80761 0.1091 -8.80761 -0 -8.80761 0.0337 -8.80761 -0.0007 -8.80761 0.0498 -8.80761 -2.546 -8.80761 3.2529 -8.80761 -0.0028 
-8.72751 46.4809 -8.72751 -13.4677 -8.72751 2.0405 -8.72751 -0.0008 -8.72751 0.1204 -8.72751 -0 -8.72751 0.0331 -8.72751 -0.0007 -8.72751 0.0407 -8.72751 -1.9909 -8.72751 3.2835 -8.72751 -0.002 
-8.64731 46.5962 -8.64731 -8.8018 -8.64731 2.1587 -8.64731 -0.002 -8.64731 0.1316 -8.64731 -0 -8.64731 0.0296 -8.64731 -0.0008 -8.64731 0.0312 -8.64731 -1.2298 -8.64731 3.2117 -8.64731 -0.0011 
-8.56721 44.9276 -8.56721 -5.2804 -8.56721 2.1753 -8.56721 -0.0043 -8.56721 0.1406 -8.56721 -0.0001 -8.56721 0.0243 -8.56721 -0.0018 -8.56721 0.0227 -8.56721 -0.5757 -8.56721 2.9391 -8.56721 -0.0006 
-8.48701 41.5093 -8.48701 -4.0516 -8.48701 2.1066 -8.48701 -0.0079 -8.48701 0.1477 -8.48701 -0.0004 -8.48701 0.0188 -8.48701 -0.0033 -8.48701 0.0154 -8.48701 -0.2009 -8.48701 2.4989 -8.48701 -0.0004 
-8.40681 37.4076 -8.40681 -4.5842 -8.40681 2.0385 -8.40681 -0.012 -8.40681 0.1569 -8.40681 -0.0013 -8.40681 0.0145 -8.40681 -0.0055 -8.40681 0.0098 -8.40681 -0.052 -8.40681 2.0303 -8.40681 -0.0003 
-8.32671 33.9141 -8.32671 -5.8012 -8.32671 2.0791 -8.32671 -0.0149 -8.32671 0.1706 -8.32671 -0.0034 -8.32671 0.0118 -8.32671 -0.0079 -8.32671 0.0062 -8.32671 -0.0102 -8.32671 1.6586 -8.32671 -0.0003 
-8.24651 31.6727 -8.24651 -6.8984 -8.24651 2.3087 -8.24651 -0.0153 -8.24651 0.1873 -8.24651 -0.0067 -8.24651 0.011 -8.24651 -0.0093 -8.24651 0.0043 -8.24651 -0.0018 -8.24651 1.42 -8.24651 -0.0003 
-8.16641 30.4554 -8.16641 -7.4295 -8.16641 2.7086 -8.16641 -0.0129 -8.16641 0.2118 -8.16641 -0.0107 -8.16641 0.012 -8.16641 -0.0094 -8.16641 0.0037 -8.16641 -0.0006 -8.16641 1.2635 -8.16641 -0.0001 
-8.08621 29.3748 -8.08621 -7.3328 -8.08621 3.0683 -8.08621 -0.0085 -8.08621 0.2778 -8.08621 -0.0144 -8.08621 0.0134 -8.08621 -0.0075 -8.08621 0.0038 -8.08621 -0.0004 -8.08621 1.0928 -8.08621 -0 
-8.00601 27.4658 -8.00601 -6.9572 -8.00601 3.0712 -8.00601 -0.0047 -8.00601 0.4657 -8.00601 -0.016 -8.00601 0.0135 -8.00601 -0.005 -8.00601 0.0034 -8.00601 -0.0003 -8.00601 0.8449 -8.00601 -0 
-7.92591 24.5012 -7.92591 -6.8851 -7.92591 2.5871 -7.92591 -0.0025 -7.92591 0.8652 -7.92591 -0.0157 -7.92591 0.0112 -7.92591 -0.0031 -7.92591 0.0026 -7.92591 -0.0007 -7.92591 0.5487 -7.92591 -0 
-7.84571 21.0546 -7.84571 -7.5061 -7.84571 1.8054 -7.84571 -0.0019 -7.84571 1.4379 -7.84571 -0.0144 -7.84571 0.0075 -7.84571 -0.0018 -7.84571 0.0015 -7.84571 -0.0012 -7.84571 0.2894 -7.84571 -0.0001 
-7.76561 17.6589 -7.76561 -8.4614 -7.76561 1.0423 -7.76561 -0.0019 -7.76561 1.9558 -7.76561 -0.0129 -7.76561 0.0042 -7.76561 -0.0015 -7.76561 0.0007 -7.76561 -0.0017 -7.76561 0.1229 -7.76561 -0.0004 
-7.68541 14.4651 -7.68541 -8.6954 -7.68541 0.4973 -7.68541 -0.0025 -7.68541 2.2519 -7.68541 -0.0109 -7.68541 0.002 -7.68541 -0.0016 -7.68541 0.0003 -7.68541 -0.0022 -7.68541 0.0425 -7.68541 -0.0008 
-7.60521 11.736 -7.60521 -7.5147 -7.60521 0.1954 -7.60521 -0.0033 -7.60521 2.5266 -7.60521 -0.0081 -7.60521 0.0008 -7.60521 -0.0017 -7.60521 0 -7.60521 -0.003 -7.60521 0.0122 -7.60521 -0.0016 
-7.52511 9.8787 -7.52511 -5.4229 -7.52511 0.0645 -7.52511 -0.0043 -7.52511 3.1046 -7.52511 -0.0048 -7.52511 0.0005 -7.52511 -0.0028 -7.52511 0 -7.52511 -0.0044 -7.52511 0.0033 -7.52511 -0.0028 
-7.44491 8.7921 -7.44491 -3.5687 -7.44491 0.0208 -7.44491 -0.0055 -7.44491 3.8618 -7.44491 -0.0026 -7.44491 0.0006 -7.44491 -0.0056 -7.44491 0.0001 -7.44491 -0.0076 -7.44491 0.0013 -7.44491 -0.0041 
-7.36481 7.8672 -7.36481 -2.6846 -7.36481 0.0095 -7.36481 -0.007 -7.36481 4.3069 -7.36481 -0.001 -7.36481 0.0006 -7.36481 -0.017 -7.36481 0.0003 -7.36481 -0.0135 -7.36481 0.0015 -7.36481 -0.0055 
-7.28461 6.931 -7.28461 -2.816 -7.28461 0.0064 -7.28461 -0.0094 -7.28461 4.3554 -7.28461 -0.0005 -7.28461 0.0006 -7.28461 -0.0561 -7.28461 0.0007 -7.28461 -0.0222 -7.28461 0.0023 -7.28461 -0.0075 
-7.20441 6.5005 -7.20441 -3.6974 -7.20441 0.0048 -7.20441 -0.0132 -7.20441 4.4887 -7.20441 -0.0004 -7.20441 0.0006 -7.20441 -0.1654 -7.20441 0.0012 -7.20441 -0.0334 -7.20441 0.0036 -7.20441 -0.0109 
-7.12431 6.6784 -7.12431 -5.0901 -7.12431 0.0035 -7.12431 -0.0193 -7.12431 4.8558 -7.12431 -0.0004 -7.12431 0.0006 -7.12431 -0.3867 -7.12431 0.0019 -7.12431 -0.0459 -7.12431 0.0049 -7.12431 -0.0159 
-7.04411 6.5937 -7.04411 -6.801 -7.04411 0.0029 -7.04411 -0.0279 -7.04411 4.8204 -7.04411 -0.0004 -7.04411 0.0006 -7.04411 -0.6962 -7.04411 0.0025 -7.04411 -0.0583 -7.04411 0.0064 -7.04411 -0.0229 
-6.96391 5.5375 -6.96391 -8.5017 -6.96391 0.0026 -6.96391 -0.0369 -6.96391 3.8534 -6.96391 -0.0005 -6.96391 0.0006 -6.96391 -0.9675 -6.96391 0.0036 -6.96391 -0.0696 -6.96391 0.0079 -6.96391 -0.0299 
-6.88381 3.9608 -6.88381 -9.7632 -6.88381 0.0024 -6.88381 -0.0436 -6.88381 2.3364 -6.88381 -0.0007 -6.88381 0.0005 -6.88381 -1.0659 -6.88381 0.0048 -6.88381 -0.0782 -6.88381 0.01 -6.88381 -0.0338 
-6.80361 2.8566 -6.80361 -10.3821 -6.80361 0.0024 -6.80361 -0.047 -6.80361 1.0531 -6.80361 -0.001 -6.80361 0.0006 -6.80361 -1.0043 -6.80361 0.0067 -6.80361 -0.0823 -6.80361 0.0133 -6.80361 -0.034 
-6.72351 2.7437 -6.72351 -10.5501 -6.72351 0.0033 -6.72351 -0.0497 -6.72351 0.3525 -6.72351 -0.0013 -6.72351 0.0008 -6.72351 -0.9542 -6.72351 0.01 -6.72351 -0.0812 -6.72351 0.0186 -6.72351 -0.0325 
-6.64331 3.5734 -6.64331 -10.6551 -6.64331 0.0056 -6.64331 -0.0554 -6.64331 0.0913 -6.64331 -0.0019 -6.64331 0.0012 -6.64331 -1.0705 -6.64331 0.015 -6.64331 -0.0774 -6.64331 0.0278 -6.64331 -0.0318 
-6.56311 5.1818 -6.56311 -10.94 -6.56311 0.0103 -6.56311 -0.0631 -6.56311 0.0254 -6.56311 -0.0032 -6.56311 0.002 -6.56311 -1.3245 -6.56311 0.0231 -6.56311 -0.0737 -6.56311 0.0428 -6.56311 -0.0334 
-6.48301 7.4939 -6.48301 -11.4381 -6.48301 0.0183 -6.48301 -0.0695 -6.48301 0.0179 -6.48301 -0.0052 -6.48301 0.0032 -6.48301 -1.5598 -6.48301 0.0367 -6.48301 -0.0718 -6.48301 0.0654 -6.48301 -0.0359 
-6.40281 10.3343 -6.40281 -12.2916 -6.40281 0.0299 -6.40281 -0.0742 -6.40281 0.0234 -6.40281 -0.0075 -6.40281 0.0051 -6.40281 -1.719 -6.40281 0.059 -6.40281 -0.0724 -6.40281 0.096 -6.40281 -0.0396 
-6.32271 13.1817 -6.32271 -13.7999 -6.32271 0.0441 -6.32271 -0.0814 -6.32271 0.0309 -6.32271 -0.0099 -6.32271 0.0077 -6.32271 -1.9202 -6.32271 0.0883 -6.32271 -0.0761 -6.32271 0.1285 -6.32271 -0.0449 
-6.24251 15.2911 -6.24251 -15.8796 -6.24251 0.0586 -6.24251 -0.0933 -6.24251 0.0388 -6.24251 -0.0121 -6.24251 0.0117 -6.24251 -2.2418 -6.24251 0.1149 -6.24251 -0.0812 -6.24251 0.1498 -6.24251 -0.0519 
-6.16231 16.2705 -6.16231 -17.7734 -6.16231 0.0728 -6.16231 -0.1073 -6.16231 0.0471 -6.16231 -0.0131 -6.16231 0.0189 -6.16231 -2.5446 -6.16231 0.1271 -6.16231 -0.0851 -6.16231 0.1488 -6.16231 -0.0581 
-6.08221 16.5767 -6.08221 -18.5793 -6.08221 0.0901 -6.08221 -0.1174 -6.08221 0.0578 -6.08221 -0.0132 -6.08221 0.034 -6.08221 -2.5901 -6.08221 0.1242 -6.08221 -0.0861 -6.08221 0.1311 -6.08221 -0.0624 
-6.00201 17.2865 -6.00201 -18.0529 -6.00201 0.119 -6.00201 -0.121 -6.00201 0.0725 -6.00201 -0.0133 -6.00201 0.0622 -6.00201 -2.2906 -6.00201 0.1184 -6.00201 -0.0841 -6.00201 0.1185 -6.00201 -0.0649 
-5.92191 19.2003 -5.92191 -16.9241 -5.92191 0.1646 -5.92191 -0.1215 -5.92191 0.091 -5.92191 -0.015 -5.92191 0.1029 -5.92191 -1.794 -5.92191 0.1231 -5.92191 -0.0802 -5.92191 0.1282 -5.92191 -0.0676 
-5.84171 22.026 -5.84171 -16.3835 -5.84171 0.2211 -5.84171 -0.1257 -5.84171 0.1122 -5.84171 -0.0202 -5.84171 0.1446 -5.84171 -1.3415 -5.84171 0.1393 -5.84171 -0.0766 -5.84171 0.157 -5.84171 -0.0719 
-5.76151 24.5037 -5.76151 -17.0561 -5.76151 0.2759 -5.76151 -0.1367 -5.76151 0.1337 -5.76151 -0.0287 -5.76151 0.1692 -5.76151 -1.0694 -5.76151 0.156 -5.76151 -0.0757 -5.76151 0.1843 -5.76151 -0.0789 
-5.68141 25.4094 -5.68141 -18.4469 -5.68141 0.3167 -5.68141 -0.1492 -5.68141 0.1544 -5.68141 -0.0366 -5.68141 0.167 -5.68141 -0.9403 -5.68141 0.1615 -5.68141 -0.0771 -5.68141 0.1929 -5.68141 -0.0873 
-5.60121 24.3937 -5.60121 -19.5075 -5.60121 0.3346 -5.60121 -0.1583 -5.60121 0.1724 -5.60121 -0.0397 -5.60121 0.1416 -5.60121 -0.8432 -5.60121 0.1545 -5.60121 -0.0797 -5.60121 0.1826 -5.60121 -0.0962 
-5.52111 22.0715 -5.52111 -19.7095 -5.52111 0.3259 -5.52111 -0.1657 -5.52111 0.1844 -5.52111 -0.0378 -5.52111 0.1071 -5.52111 -0.7249 -5.52111 0.1423 -5.52111 -0.0842 -5.52111 0.1666 -5.52111 -0.1059 
-5.44091 19.5578 -5.44091 -19.4704 -5.44091 0.3006 -5.44091 -0.1762 -5.44091 0.1874 -5.44091 -0.036 -5.44091 0.0798 -5.44091 -0.6135 -5.44091 0.1353 -5.44091 -0.094 -5.44091 0.1573 -5.44091 -0.1167 
-5.36071 17.7826 -5.36071 -19.6334 -5.36071 0.2759 -5.36071 -0.1874 -5.36071 0.183 -5.36071 -0.0376 -5.36071 0.0681 -5.36071 -0.5508 -5.36071 0.1383 -5.36071 -0.1115 -5.36071 0.1547 -5.36071 -0.1273 
-5.28061 17.0518 -5.28061 -20.681 -5.28061 0.2596 -5.28061 -0.1916 -5.28061 0.1758 -5.28061 -0.0428 -5.28061 0.0687 -5.28061 -0.5457 -5.28061 0.1474 -5.28061 -0.1337 -5.28061 0.1507 -5.28061 -0.1338 
-5.20041 17.1313 -5.20041 -22.4603 -5.20041 0.2455 -5.20041 -0.1881 -5.20041 0.1686 -5.20041 -0.0479 -5.20041 0.0735 -5.20041 -0.5893 -5.20041 0.1558 -5.20041 -0.1533 -5.20041 0.1395 -5.20041 -0.1342 
-5.12031 17.6357 -5.12031 -24.4863 -5.12031 0.2249 -5.12031 -0.1853 -5.12031 0.1608 -5.12031 -0.0509 -5.12031 0.0765 -5.12031 -0.6713 -5.12031 0.1599 -5.12031 -0.165 -5.12031 0.1222 -5.12031 -0.1325 
-5.04011 18.3303 -5.04011 -26.2526 -5.04011 0.1987 -5.04011 -0.1911 -5.04011 0.1499 -5.04011 -0.0519 -5.04011 0.078 -5.04011 -0.7726 -5.04011 0.1633 -5.04011 -0.1677 -5.04011 0.1051 -5.04011 -0.1351 
-4.95991 19.1471 -4.95991 -27.3225 -4.95991 0.1764 -4.95991 -0.2022 -4.95991 0.1358 -4.95991 -0.0537 -4.95991 0.0811 -4.95991 -0.8559 -4.95991 0.1737 -4.95991 -0.1637 -4.95991 0.0943 -4.95991 -0.1448 
-4.87981 20.0683 -4.87981 -27.5156 -4.87981 0.1684 -4.87981 -0.2106 -4.87981 0.1193 -4.87981 -0.0588 -4.87981 0.0882 -4.87981 -0.8882 -4.87981 0.1957 -4.87981 -0.1564 -4.87981 0.092 -4.87981 -0.1585 
-4.79961 21.0968 -4.79961 -27.1365 -4.79961 0.1785 -4.79961 -0.2136 -4.79961 0.1039 -4.79961 -0.0677 -4.79961 0.0983 -4.79961 -0.861 -4.79961 0.2289 -4.79961 -0.1504 -4.79961 0.0968 -4.79961 -0.1698 
-4.71951 22.26 -4.71951 -26.7947 -4.71951 0.2015 -4.71951 -0.2125 -4.71951 0.0938 -4.71951 -0.079 -4.71951 0.1096 -4.71951 -0.7885 -4.71951 0.2696 -4.71951 -0.1487 -4.71951 0.106 -4.71951 -0.1761 
-4.63931 23.5552 -4.63931 -26.8607 -4.63931 0.2249 -4.63931 -0.2109 -4.63931 0.0908 -4.63931 -0.0908 -4.63931 0.121 -4.63931 -0.6912 -4.63931 0.3169 -4.63931 -0.1505 -4.63931 0.1185 -4.63931 -0.1812 
-4.55911 24.9159 -4.55911 -27.2258 -4.55911 0.2384 -4.55911 -0.2142 -4.55911 0.0927 -4.55911 -0.1022 -4.55911 0.133 -4.55911 -0.589 -4.55911 0.3768 -4.55911 -0.1508 -4.55911 0.1364 -4.55911 -0.19 
-4.47901 26.1919 -4.47901 -27.695 -4.47901 0.2387 -4.47901 -0.2294 -4.47901 0.096 -4.47901 -0.1141 -4.47901 0.1437 -4.47901 -0.4982 -4.47901 0.4518 -4.47901 -0.146 -4.47901 0.1596 -4.47901 -0.2061 
-4.39881 27.0855 -4.39881 -28.4003 -4.39881 0.2264 -4.39881 -0.2599 -4.39881 0.0981 -4.39881 -0.1286 -4.39881 0.1484 -4.39881 -0.4313 -4.39881 0.5205 -4.39881 -0.1377 -4.39881 0.1804 -4.39881 -0.2343 
-4.31871 27.2394 -4.31871 -29.6102 -4.31871 0.2025 -4.31871 -0.3005 -4.31871 0.0981 -4.31871 -0.1465 -4.31871 0.1478 -4.31871 -0.3953 -4.31871 0.542 -4.31871 -0.132 -4.31871 0.1873 -4.31871 -0.2789 
-4.23851 26.5664 -4.23851 -31.2721 -4.23851 0.1701 -4.23851 -0.3339 -4.23851 0.0975 -4.23851 -0.1648 -4.23851 0.1497 -4.23851 -0.3898 -4.23851 0.493 -4.23851 -0.1331 -4.23851 0.1761 -4.23851 -0.335 
-4.15831 25.4433 -4.15831 -32.8887 -4.15831 0.1376 -4.15831 -0.3387 -4.15831 0.0992 -4.15831 -0.176 -4.15831 0.1621 -4.15831 -0.4078 -4.15831 0.3929 -4.15831 -0.1401 -4.15831 0.1542 -4.15831 -0.3804 
-4.07821 24.439 -4.07821 -33.7959 -4.07821 0.1136 -4.07821 -0.3064 -4.07821 0.1063 -4.07821 -0.1747 -4.07821 0.1832 -4.07821 -0.4409 -4.07821 0.2882 -4.07821 -0.147 -4.07821 0.1323 -4.07821 -0.3917 
-3.99801 23.8654 -3.99801 -33.5709 -3.99801 0.1016 -3.99801 -0.2504 -3.99801 0.1179 -3.99801 -0.1615 -3.99801 0.2005 -3.99801 -0.4824 -3.99801 0.2139 -3.99801 -0.1486 -3.99801 0.1164 -3.99801 -0.3621 
-3.91791 23.6481 -3.91791 -32.2667 -3.91791 0.0992 -3.91791 -0.1981 -3.91791 0.1276 -3.91791 -0.1429 -3.91791 0.2027 -3.91791 -0.5219 -3.91791 0.1754 -3.91791 -0.1455 -3.91791 0.1059 -3.91791 -0.3087 
-3.83771 23.5675 -3.83771 -30.3321 -3.83771 0.102 -3.83771 -0.1694 -3.83771 0.1292 -3.83771 -0.1265 -3.83771 0.1881 -3.83771 -0.5426 -3.83771 0.159 -3.83771 -0.1434 -3.83771 0.0987 -3.83771 -0.2569 
-3.75751 23.5441 -3.75751 -28.3539 -3.75751 0.1054 -3.75751 -0.1646 -3.75751 0.1235 -3.75751 -0.1169 -3.75751 0.1628 -3.75751 -0.5351 -3.75751 0.1497 -3.75751 -0.1461 -3.75751 0.0941 -3.75751 -0.2218 
-3.67741 23.6537 -3.67741 -26.827 -3.67741 0.108 -3.67741 -0.1699 -3.67741 0.1188 -3.67741 -0.1155 -3.67741 0.1356 -3.67741 -0.5095 -3.67741 0.1424 -3.67741 -0.1523 -3.67741 0.0917 -3.67741 -0.2048 
-3.59721 23.9046 -3.59721 -26.0156 -3.59721 0.1096 -3.59721 -0.1713 -3.59721 0.1221 -3.59721 -0.1225 -3.59721 0.1129 -3.59721 -0.4861 -3.59721 0.1389 -3.59721 -0.1587 -3.59721 0.0905 -3.59721 -0.2003 
-3.51711 24.1668 -3.51711 -25.8947 -3.51711 0.1109 -3.51711 -0.1653 -3.51711 0.1343 -3.51711 -0.1345 -3.51711 0.0987 -3.51711 -0.4748 -3.51711 0.1405 -3.51711 -0.1658 -3.51711 0.0889 -3.51711 -0.2005 
-3.43691 24.3623 -3.43691 -26.217 -3.43691 0.1117 -3.43691 -0.1573 -3.43691 0.1528 -3.43691 -0.1468 -3.43691 0.095 -3.43691 -0.4693 -3.43691 0.1452 -3.43691 -0.1804 -3.43691 0.0864 -3.43691 -0.1995 
-3.35671 24.568 -3.35671 -26.6837 -3.35671 0.1103 -3.35671 -0.1534 -3.35671 0.1744 -3.35671 -0.1536 -3.35671 0.1007 -3.35671 -0.4622 -3.35671 0.1486 -3.35671 -0.2078 -3.35671 0.0837 -3.35671 -0.1945 
-3.27661 24.8866 -3.27661 -27.0376 -3.27661 0.1058 -3.27661 -0.1546 -3.27661 0.1936 -3.27661 -0.1523 -3.27661 0.1117 -3.27661 -0.4583 -3.27661 0.1502 -3.27661 -0.2411 -3.27661 0.0846 -3.27661 -0.1864 
-3.19641 25.3124 -3.19641 -27.0861 -3.19641 0.1004 -3.19641 -0.1575 -3.19641 0.2038 -3.19641 -0.1439 -3.19641 0.1227 -3.19641 -0.464 -3.19641 0.1528 -3.19641 -0.2637 -3.19641 0.0927 -3.19641 -0.1761 
-3.11631 25.7507 -3.11631 -26.7811 -3.11631 0.0982 -3.11631 -0.1562 -3.11631 0.2005 -3.11631 -0.134 -3.11631 0.1307 -3.11631 -0.4749 -3.11631 0.1591 -3.11631 -0.2652 -3.11631 0.1094 -3.11631 -0.1632 
-3.03611 26.1245 -3.03611 -26.2008 -3.03611 0.1043 -3.03611 -0.1476 -3.03611 0.1852 -3.03611 -0.1277 -3.03611 0.1376 -3.03611 -0.4812 -3.03611 0.1653 -3.03611 -0.2528 -3.03611 0.1316 -3.03611 -0.1511 
-2.95591 26.468 -2.95591 -25.4161 -2.95591 0.1191 -2.95591 -0.1348 -2.95591 0.1641 -2.95591 -0.1287 -2.95591 0.1469 -2.95591 -0.4848 -2.95591 0.1639 -2.95591 -0.2437 -2.95591 0.1557 -2.95591 -0.1462 
-2.87581 26.9412 -2.87581 -24.5094 -2.87581 0.1379 -2.87581 -0.1245 -2.87581 0.1437 -2.87581 -0.1409 -2.87581 0.1613 -2.87581 -0.499 -2.87581 0.1524 -2.87581 -0.2506 -2.87581 0.18 -2.87581 -0.151 
-2.79561 27.6697 -2.79561 -23.6735 -2.79561 0.1532 -2.79561 -0.12 -2.79561 0.1278 -2.79561 -0.1729 -2.79561 0.1805 -2.79561 -0.5326 -2.79561 0.1361 -2.79561 -0.272 -2.79561 0.2049 -2.79561 -0.1579 
-2.71551 28.4613 -2.71551 -23.0956 -2.71551 0.1602 -2.71551 -0.1166 -2.71551 0.119 -2.71551 -0.2295 -2.71551 0.1992 -2.71551 -0.5773 -2.71551 0.1221 -2.71551 -0.2948 -2.71551 0.2271 -2.71551 -0.1569 
-2.63531 28.7608 -2.63531 -22.6889 -2.63531 0.1609 -2.63531 -0.1093 -2.63531 0.1177 -2.63531 -0.2977 -2.63531 0.2084 -2.63531 -0.6121 -2.63531 0.1121 -2.63531 -0.3053 -2.63531 0.2418 -2.63531 -0.1428 
-2.55511 28.1027 -2.55511 -22.0672 -2.55511 0.1615 -2.55511 -0.0979 -2.55511 0.1211 -2.55511 -0.3484 -2.55511 0.2017 -2.55511 -0.6171 -2.55511 0.1023 -2.55511 -0.2987 -2.55511 0.248 -2.55511 -0.1195 
-2.47501 26.6184 -2.47501 -20.9553 -2.47501 0.1663 -2.47501 -0.0876 -2.47501 0.123 -2.47501 -0.3611 -2.47501 0.1812 -2.47501 -0.5893 -2.47501 0.0907 -2.47501 -0.2811 -2.47501 0.2537 -2.47501 -0.0944 
-2.39481 24.9387 -2.39481 -19.5564 -2.39481 0.1746 -2.39481 -0.0824 -2.39481 0.1199 -2.39481 -0.3398 -2.39481 0.156 -2.39481 -0.5469 -2.39481 0.0787 -2.39481 -0.2634 -2.39481 0.268 -2.39481 -0.0737 
-2.31461 23.6784 -2.31461 -18.2126 -2.31461 0.1832 -2.31461 -0.0821 -2.31461 0.1154 -2.31461 -0.3042 -2.31461 0.1346 -2.31461 -0.5146 -2.31461 0.0702 -2.31461 -0.249 -2.31461 0.2897 -2.31461 -0.0604 
-2.23451 23.1118 -2.23451 -16.7632 -2.23451 0.1915 -2.23451 -0.0824 -2.23451 0.1214 -2.23451 -0.2655 -2.23451 0.1181 -2.23451 -0.4979 -2.23451 0.0658 -2.23451 -0.2255 -2.23451 0.3061 -2.23451 -0.0529 
-2.15431 23.1111 -2.15431 -14.7606 -2.15431 0.202 -2.15431 -0.0792 -2.15431 0.1484 -2.15431 -0.2244 -2.15431 0.1046 -2.15431 -0.4829 -2.15431 0.0648 -2.15431 -0.181 -2.15431 0.3044 -2.15431 -0.0486 
-2.07421 23.2039 -2.07421 -12.3716 -2.07421 0.2205 -2.07421 -0.0731 -2.07421 0.193 -2.07421 -0.1844 -2.07421 0.0926 -2.07421 -0.463 -2.07421 0.0655 -2.07421 -0.1227 -2.07421 0.2809 -2.07421 -0.0459 
-1.99401 22.8666 -1.99401 -10.4931 -1.99401 0.2559 -1.99401 -0.0678 -1.99401 0.2393 -1.99401 -0.1569 -1.99401 0.0838 -1.99401 -0.4558 -1.99401 0.0666 -1.99401 -0.0708 -1.99401 0.2442 -1.99401 -0.0448 
-1.91381 21.9009 -1.91381 -9.8109 -1.91381 0.3212 -1.91381 -0.0653 -1.91381 0.2741 -1.91381 -0.15 -1.91381 0.0791 -1.91381 -0.4874 -1.91381 0.0664 -1.91381 -0.0389 -1.91381 0.2042 -1.91381 -0.0452 
-1.83371 20.4333 -1.83371 -10.0815 -1.83371 0.419 -1.83371 -0.0638 -1.83371 0.2979 -1.83371 -0.1591 -1.83371 0.0771 -1.83371 -0.5597 -1.83371 0.0628 -1.83371 -0.0252 -1.83371 0.1671 -1.83371 -0.0453 
-1.75351 18.6665 -1.75351 -10.38 -1.75351 0.5213 -1.75351 -0.0606 -1.75351 0.3203 -1.75351 -0.1692 -1.75351 0.0736 -1.75351 -0.6349 -1.75351 0.0554 -1.75351 -0.0211 -1.75351 0.1363 -1.75351 -0.0434 
-1.67341 16.846 -1.67341 -9.8783 -1.67341 0.5757 -1.67341 -0.0535 -1.67341 0.3525 -1.67341 -0.1684 -1.67341 0.0654 -1.67341 -0.6544 -1.67341 0.0457 -1.67341 -0.0197 -1.67341 0.1107 -1.67341 -0.0384 
-1.59321 15.2424 -1.59321 -8.5252 -1.59321 0.5453 -1.59321 -0.0432 -1.59321 0.4046 -1.59321 -0.1586 -1.59321 0.0534 -1.59321 -0.5947 -1.59321 0.0349 -1.59321 -0.0173 -1.59321 0.0876 -1.59321 -0.0314 
-1.51301 13.8972 -1.51301 -7.1028 -1.51301 0.439 -1.51301 -0.0325 -1.51301 0.4698 -1.51301 -0.1527 -1.51301 0.0404 -1.51301 -0.511 -1.51301 0.0245 -1.51301 -0.0138 -1.51301 0.0641 -1.51301 -0.026 
-1.43291 12.6279 -1.43291 -6.4134 -1.43291 0.299 -1.43291 -0.0248 -1.43291 0.5187 -1.43291 -0.1586 -1.43291 0.0289 -1.43291 -0.4965 -1.43291 0.0154 -1.43291 -0.0097 -1.43291 0.0414 -1.43291 -0.0264 
-1.35271 11.3949 -1.35271 -6.3566 -1.35271 0.1711 -1.35271 -0.021 -1.35271 0.522 -1.35271 -0.1642 -1.35271 0.0196 -1.35271 -0.5771 -1.35271 0.0084 -1.35271 -0.0071 -1.35271 0.0226 -1.35271 -0.0328 
-1.27261 10.2853 -1.27261 -6.0525 -1.27261 0.0823 -1.27261 -0.0194 -1.27261 0.4793 -1.27261 -0.1479 -1.27261 0.0136 -1.27261 -0.6616 -1.27261 0.0038 -1.27261 -0.0059 -1.27261 0.0103 -1.27261 -0.0388 
-1.19241 9.1682 -1.19241 -4.8915 -1.19241 0.0344 -1.19241 -0.0163 -1.19241 0.4101 -1.19241 -0.1065 -1.19241 0.0093 -1.19241 -0.6293 -1.19241 0.0016 -1.19241 -0.005 -1.19241 0.0039 -1.19241 -0.0373 
-1.11221 7.8064 -1.11221 -3.1638 -1.11221 0.0134 -1.11221 -0.0111 -1.11221 0.3322 -1.11221 -0.0591 -1.11221 0.006 -1.11221 -0.4637 -1.11221 0.0006 -1.11221 -0.0038 -1.11221 0.0012 -1.11221 -0.0274 
-1.03211 6.2019 -1.03211 -1.6009 -1.03211 0.0057 -1.03211 -0.0058 -1.03211 0.2571 -1.03211 -0.025 -1.03211 0.0036 -1.03211 -0.2591 -1.03211 0.0002 -1.03211 -0.0023 -1.03211 0.0004 -1.03211 -0.0152 
-0.951912 4.5616 -0.951912 -0.6272 -0.951912 0.0028 -0.951912 -0.0024 -0.951912 0.19 -0.951912 -0.0081 -0.951912 0.0021 -0.951912 -0.1092 -0.951912 0 -0.951912 -0.0011 -0.951912 0.0002 -0.951912 -0.0064 
-0.871812 3.1286 -0.871812 -0.1888 -0.871812 0.0025 -0.871812 -0.0007 -0.871812 0.1314 -0.871812 -0.0019 -0.871812 0.0018 -0.871812 -0.0346 -0.871812 0.0003 -0.871812 -0.0003 -0.871812 0.0005 -0.871812 -0.002 
-0.791612 2.161 -0.791612 -0.0434 -0.791612 0.0044 -0.791612 -0.0001 -0.791612 0.0819 -0.791612 -0.0004 -0.791612 0.0031 -0.791612 -0.0082 -0.791612 0.0005 -0.791612 -0 -0.791612 0.0014 -0.791612 -0.0004 
-0.711412 1.84 -0.711412 -0.0082 -0.711412 0.0089 -0.711412 -0 -0.711412 0.045 -0.711412 -0 -0.711412 0.0062 -0.711412 -0.0014 -0.711412 0.0011 -0.711412 -0 -0.711412 0.0029 -0.711412 -0 
-0.631312 2.0737 -0.631312 -0.0067 -0.631312 0.0154 -0.631312 -0 -0.631312 0.023 -0.631312 -0.0001 -0.631312 0.0103 -0.631312 -0.0002 -0.631312 0.002 -0.631312 -0 -0.631312 0.0047 -0.631312 -0 
-0.551112 2.5218 -0.551112 -0.0368 -0.551112 0.0224 -0.551112 -0 -0.551112 0.0128 -0.551112 -0.0011 -0.551112 0.0142 -0.551112 -0 -0.551112 0.0027 -0.551112 -0 -0.551112 0.0059 -0.551112 -0 
-0.471012 2.9149 -0.471012 -0.174 -0.471012 0.0293 -0.471012 -0 -0.471012 0.0084 -0.471012 -0.0055 -0.471012 0.0164 -0.471012 -0 -0.471012 0.0029 -0.471012 -0 -0.471012 0.006 -0.471012 -0 
-0.390812 3.2359 -0.390812 -0.6147 -0.390812 0.0364 -0.390812 -0 -0.390812 0.0055 -0.390812 -0.0195 -0.390812 0.0169 -0.390812 -0.0001 -0.390812 0.0031 -0.390812 -0 -0.390812 0.005 -0.390812 -0.0006 
-0.310612 3.478 -0.310612 -1.6364 -0.310612 0.0425 -0.310612 -0.0002 -0.310612 0.0033 -0.310612 -0.0526 -0.310612 0.0161 -0.310612 -0.0003 -0.310612 0.0034 -0.310612 -0 -0.310612 0.0038 -0.310612 -0.0027 
-0.230512 3.4069 -0.230512 -3.3414 -0.230512 0.0435 -0.230512 -0.0003 -0.230512 0.0019 -0.230512 -0.1093 -0.230512 0.0136 -0.230512 -0.0009 -0.230512 0.0031 -0.230512 -0.0001 -0.230512 0.0027 -0.230512 -0.0113 
-0.150312 2.805 -0.150312 -5.382 -0.150312 0.0365 -0.150312 -0.0007 -0.150312 0.0009 -0.150312 -0.1809 -0.150312 0.0111 -0.150312 -0.002 -0.150312 0.0026 -0.150312 -0.0006 -0.150312 0.0019 -0.150312 -0.0371 
-0.0702118 1.8574 -0.0702118 -7.107 -0.0702118 0.024 -0.0702118 -0.0012 -0.0702118 0.0005 -0.0702118 -0.2451 -0.0702118 0.0145 -0.0702118 -0.0041 -0.0702118 0.0017 -0.0702118 -0.0022 -0.0702118 0.001 -0.0702118 -0.0981 
0.00998818 1.0945 0.00998818 -8.0431 0.00998818 0.0124 0.00998818 -0.0022 0.00998818 0.0003 0.00998818 -0.2755 0.00998818 0.0459 0.00998818 -0.0068 0.00998818 0.0014 0.00998818 -0.0053 0.00998818 0.0006 0.00998818 -0.2103 
0.0901882 1.1091 0.0901882 -8.1811 0.0901882 0.0057 0.0901882 -0.0036 0.0901882 0.0001 0.0901882 -0.2555 0.0901882 0.1608 0.0901882 -0.0095 0.0901882 0.0025 0.0901882 -0.0097 0.0901882 0.0008 0.0901882 -0.3813 
0.170288 2.5437 0.170288 -8.0234 0.170288 0.0043 0.170288 -0.0058 0.170288 0.0005 0.170288 -0.192 0.170288 0.4413 0.170288 -0.0115 0.170288 0.0069 0.170288 -0.014 0.170288 0.0017 0.170288 -0.6191 
0.250488 6.0139 0.250488 -8.4596 0.250488 0.0065 0.250488 -0.0089 0.250488 0.0013 0.250488 -0.1172 0.250488 0.9126 0.250488 -0.0128 0.250488 0.0163 0.250488 -0.016 0.250488 0.0034 0.250488 -0.9332 
0.330588 11.4276 0.330588 -10.1292 0.330588 0.0098 0.330588 -0.0125 0.330588 0.0025 0.330588 -0.0629 0.330588 1.4133 0.330588 -0.0145 0.330588 0.0317 0.330588 -0.0151 0.330588 0.0053 0.330588 -1.2784 
0.410788 17.4408 0.410788 -12.7277 0.410788 0.0115 0.410788 -0.0161 0.410788 0.0041 0.410788 -0.0364 0.410788 1.6364 0.410788 -0.0162 0.410788 0.0565 0.410788 -0.0134 0.410788 0.0063 0.410788 -1.5058 
0.490988 22.2187 0.490988 -15.5027 0.490988 0.0101 0.490988 -0.0199 0.490988 0.0059 0.490988 -0.0259 0.490988 1.414 0.490988 -0.0165 0.490988 0.1074 0.490988 -0.0121 0.490988 0.0059 0.490988 -1.4713 
0.571088 24.7529 0.571088 -18.5935 0.571088 0.0068 0.571088 -0.028 0.571088 0.0071 0.571088 -0.0206 0.571088 0.9113 0.571088 -0.0147 0.571088 0.2206 0.571088 -0.0138 0.571088 0.0044 0.571088 -1.209 
0.651288 25.2293 0.651288 -23.127 0.651288 0.0036 0.651288 -0.0493 0.651288 0.0072 0.651288 -0.0189 0.651288 0.4395 0.651288 -0.012 0.651288 0.4485 0.651288 -0.0197 0.651288 0.0035 0.651288 -0.9169 
0.731388 24.7236 0.731388 -29.5795 0.731388 0.0017 0.731388 -0.0978 0.731388 0.0068 0.731388 -0.0223 0.731388 0.1625 0.731388 -0.0094 0.731388 0.8539 0.731388 -0.0293 0.731388 0.0039 0.731388 -0.7757 
0.811588 24.6389 0.811588 -36.5968 0.811588 0.0007 0.811588 -0.1882 0.811588 0.0064 0.811588 -0.0288 0.811588 0.0518 0.811588 -0.0083 0.811588 1.4996 0.811588 -0.0398 0.811588 0.0057 0.811588 -0.8476 
0.891788 25.4961 0.891788 -41.906 0.891788 0.0004 0.891788 -0.3211 0.891788 0.0061 0.891788 -0.0356 0.891788 0.0201 0.891788 -0.0088 0.891788 2.3897 0.891788 -0.0465 0.891788 0.0086 0.891788 -1.1022 
0.971888 26.1918 0.971888 -44.1188 0.971888 0.0004 0.971888 -0.4655 0.971888 0.0055 0.971888 -0.0411 0.971888 0.012 0.971888 -0.011 0.971888 3.3695 0.971888 -0.0462 0.971888 0.0121 0.971888 -1.4551 
1.05209 25.1691 1.05209 -43.4697 1.05209 0.0007 1.05209 -0.5659 1.05209 0.0042 1.05209 -0.0491 1.05209 0.009 1.05209 -0.0145 1.05209 4.1392 1.05209 -0.0403 1.05209 0.0151 1.05209 -1.7838 
1.13219 22.2674 1.13219 -41.3435 1.13219 0.0017 1.13219 -0.589 1.13219 0.0025 1.13219 -0.0668 1.13219 0.0077 1.13219 -0.0188 1.13219 4.4833 1.13219 -0.0318 1.13219 0.0171 1.13219 -1.9713 
1.21239 19.0283 1.21239 -39.3882 1.21239 0.0044 1.21239 -0.5626 1.21239 0.0014 1.21239 -0.1015 1.21239 0.0084 1.21239 -0.0226 1.21239 4.5161 1.21239 -0.0238 1.21239 0.0182 1.21239 -1.9858 
1.29259 17.1607 1.29259 -38.6868 1.29259 0.0097 1.29259 -0.5622 1.29259 0.0007 1.29259 -0.1534 1.29259 0.0116 1.29259 -0.0251 1.29259 4.5564 1.29259 -0.0188 1.29259 0.0191 1.29259 -1.9169 
1.37269 16.7485 1.37269 -39.4428 1.37269 0.0164 1.37269 -0.6638 1.37269 0.0011 1.37269 -0.2142 1.37269 0.0148 1.37269 -0.0271 1.37269 4.693 1.37269 -0.0179 1.37269 0.0214 1.37269 -1.908 
1.45289 16.2562 1.45289 -41.1766 1.45289 0.021 1.45289 -0.9071 1.45289 0.0023 1.45289 -0.2702 1.45289 0.0158 1.45289 -0.0299 1.45289 4.6542 1.45289 -0.0208 1.45289 0.0237 1.45289 -2.0357 
1.53299 14.4418 1.53299 -42.9786 1.53299 0.0205 1.53299 -1.2784 1.53299 0.005 1.53299 -0.3096 1.53299 0.0133 1.53299 -0.0345 1.53299 4.186 1.53299 -0.0256 1.53299 0.0251 1.53299 -2.2443 
1.61319 11.5923 1.61319 -44.0098 1.61319 0.015 1.61319 -1.7271 1.61319 0.009 1.61319 -0.3279 1.61319 0.0086 1.61319 -0.0405 1.61319 3.3354 1.61319 -0.0301 1.61319 0.0236 1.61319 -2.4081 
1.69339 8.739 1.69339 -44.2682 1.69339 0.0084 1.69339 -2.1965 1.69339 0.0135 1.69339 -0.3353 1.69339 0.0045 1.69339 -0.0492 1.69339 2.3217 1.69339 -0.0333 1.69339 0.0189 1.69339 -2.4759 
1.77349 6.5809 1.77349 -44.5196 1.77349 0.0038 1.77349 -2.611 1.77349 0.0178 1.77349 -0.3498 1.77349 0.0019 1.77349 -0.0611 1.77349 1.3687 1.77349 -0.036 1.77349 0.0123 1.77349 -2.5291 
1.85369 5.3077 1.85369 -45.0429 1.85369 0.0013 1.85369 -2.854 1.85369 0.0215 1.85369 -0.3813 1.85369 0.0008 1.85369 -0.0741 1.85369 0.6544 1.85369 -0.0392 1.85369 0.0064 1.85369 -2.637 
1.93379 4.7465 1.93379 -44.9495 1.93379 0.0004 1.93379 -2.852 1.93379 0.0237 1.93379 -0.4252 1.93379 0.0006 1.93379 -0.082 1.93379 0.2444 1.93379 -0.0414 1.93379 0.0026 1.93379 -2.6964 
2.01399 4.6515 2.01399 -43.3194 2.01399 0.0002 2.01399 -2.6854 2.01399 0.0235 2.01399 -0.4748 2.01399 0.0007 2.01399 -0.0807 2.01399 0.0695 2.01399 -0.0393 2.01399 0.0008 2.01399 -2.5313 
2.09419 5.0818 2.09419 -40.4223 2.09419 0.0001 2.09419 -2.5416 2.09419 0.0222 2.09419 -0.5297 2.09419 0.0013 2.09419 -0.0728 2.09419 0.0148 2.09419 -0.0323 2.09419 0.0001 2.09419 -2.1292 
2.17429 6.1795 2.17429 -37.1884 2.17429 0.0002 2.17429 -2.5434 2.17429 0.0223 2.17429 -0.5981 2.17429 0.0027 2.17429 -0.0641 2.17429 0.0025 2.17429 -0.0232 2.17429 0 2.17429 -1.6543 
2.25449 7.5885 2.25449 -34.077 2.25449 0.0002 2.25449 -2.6693 2.25449 0.025 2.25449 -0.6956 2.25449 0.0044 2.25449 -0.0582 2.25449 0.0005 2.25449 -0.0153 2.25449 0 2.25449 -1.2488 
2.33459 8.6016 2.33459 -30.9967 2.33459 0.0003 2.33459 -2.8539 2.33459 0.029 2.33459 -0.8369 2.33459 0.006 2.33459 -0.0539 2.33459 0.0001 2.33459 -0.0096 2.33459 0 2.33459 -0.9321 
2.41479 8.8269 2.41479 -27.8062 2.41479 0.0003 2.41479 -3.1074 2.41479 0.0325 2.41479 -1.024 2.41479 0.0069 2.41479 -0.0501 2.41479 0.0001 2.41479 -0.006 2.41479 0 2.41479 -0.6724 
2.49499 8.3156 2.49499 -24.4603 2.49499 0.0001 2.49499 -3.411 2.49499 0.0343 2.49499 -1.2742 2.49499 0.0069 2.49499 -0.0461 2.49499 0.0001 2.49499 -0.0039 2.49499 0 2.49499 -0.4567 
2.57509 7.2183 2.57509 -20.9743 2.57509 0 2.57509 -3.5145 2.57509 0.0332 2.57509 -1.6593 2.57509 0.0061 2.57509 -0.0408 2.57509 0.0001 2.57509 -0.0026 2.57509 0 2.57509 -0.2876 
2.65529 5.6614 2.65529 -17.5746 2.65529 0 2.65529 -3.0855 2.65529 0.0283 2.65529 -2.2692 2.65529 0.0052 2.65529 -0.0321 2.65529 0.0001 2.65529 -0.0017 2.65529 0 2.65529 -0.1648 
2.73549 3.8808 2.73549 -14.7378 2.73549 0 2.73549 -2.1535 2.73549 0.0206 2.73549 -3.0992 2.73549 0.0063 2.73549 -0.021 2.73549 0.0001 2.73549 -0.0008 2.73549 0 2.73549 -0.0828 
2.81559 2.2727 2.81559 -12.7465 2.81559 0 2.81559 -1.1527 2.81559 0.0125 2.81559 -3.956 2.81559 0.0201 2.81559 -0.0109 2.81559 0.0002 2.81559 -0.0003 2.81559 0 2.81559 -0.0351 
2.89579 1.2296 2.89579 -11.2288 2.89579 0.0003 2.89579 -0.467 2.89579 0.0061 2.89579 -4.4817 2.89579 0.0846 2.89579 -0.0045 2.89579 0.0002 2.89579 -0.0002 2.89579 0 2.89579 -0.0122 
2.97589 0.9606 2.97589 -9.4643 2.97589 0.0008 2.97589 -0.1443 2.97589 0.0033 2.97589 -4.3479 2.97589 0.2914 2.97589 -0.0016 2.97589 0.0003 2.97589 -0 2.97589 0.0006 2.97589 -0.0035 
3.05609 1.5011 3.05609 -7.1854 3.05609 0.0026 3.05609 -0.0359 3.05609 0.0033 3.05609 -3.5461 3.05609 0.7691 3.05609 -0.0008 3.05609 0.0005 3.05609 -0 3.05609 0.0014 3.05609 -0.0011 
3.13629 2.7493 3.13629 -4.8552 3.13629 0.0048 3.13629 -0.0088 3.13629 0.0063 3.13629 -2.4654 3.13629 1.5676 3.13629 -0.0004 3.13629 0.0005 3.13629 -0 3.13629 0.0031 3.13629 -0.0004 
3.21639 4.375 3.21639 -3.1573 3.21639 0.0071 3.21639 -0.0036 3.21639 0.0109 3.21639 -1.6039 3.21639 2.5216 3.21639 -0.0005 3.21639 0.0008 3.21639 -0 3.21639 0.0051 3.21639 -0.0004 
3.29659 5.7974 3.29659 -2.3847 3.29659 0.0082 3.29659 -0.0028 3.29659 0.0158 3.29659 -1.2055 3.29659 3.2765 3.29659 -0.0006 3.29659 0.0009 3.29659 -0 3.29659 0.0072 3.29659 -0.0005 
3.37669 6.4076 3.37669 -2.287 3.37669 0.0078 3.37669 -0.0031 3.37669 0.0187 3.37669 -1.1671 3.37669 3.4825 3.37669 -0.0006 3.37669 0.0008 3.37669 -0 3.37669 0.0082 3.37669 -0.0005 
3.45689 5.919 3.45689 -2.3301 3.45689 0.006 3.45689 -0.0032 3.45689 0.0186 3.45689 -1.1983 3.45689 3.0089 3.45689 -0.0005 3.45689 0.0007 3.45689 -0 3.45689 0.0076 3.45689 -0.0005 
3.53709 4.6049 3.53709 -2.1074 3.53709 0.0038 3.53709 -0.0029 3.53709 0.0154 3.53709 -1.0668 3.53709 2.0714 3.53709 -0.0004 3.53709 0.0005 3.53709 -0 3.53709 0.0054 3.53709 -0.0005 
3.61719 3.1485 3.61719 -1.6172 3.61719 0.002 3.61719 -0.0023 3.61719 0.0113 3.61719 -0.7633 3.61719 1.1137 3.61719 -0.0002 3.61719 0.0003 3.61719 -0 3.61719 0.003 3.61719 -0.0004 
3.69739 2.1563 3.69739 -1.1566 3.69739 0.001 3.69739 -0.0014 3.69739 0.0078 3.69739 -0.4459 3.69739 0.47 3.69739 -0.0001 3.69739 0.0003 3.69739 -0 3.69739 0.0014 3.69739 -0.0003 
3.77749 1.8155 3.77749 -0.9704 3.77749 0.0009 3.77749 -0.001 3.77749 0.006 3.77749 -0.2459 3.77749 0.1802 3.77749 -0 3.77749 0.0003 3.77749 -0 3.77749 0.0006 3.77749 -0.0003 
3.85769 1.9666 3.85769 -1.0715 3.85769 0.0011 3.85769 -0.0014 3.85769 0.0055 3.85769 -0.1688 3.85769 0.1176 3.85769 -0 3.85769 0.0004 3.85769 -0.0001 3.85769 0.0007 3.85769 -0.0004 
3.93789 2.3721 3.93789 -1.326 3.93789 0.0015 3.93789 -0.0021 3.93789 0.0057 3.93789 -0.1533 3.93789 0.1699 3.93789 -0 3.93789 0.0005 3.93789 -0.0002 3.93789 0.0008 3.93789 -0.0005 
4.01799 2.843 4.01799 -1.5716 4.01799 0.002 4.01799 -0.0031 4.01799 0.0057 4.01799 -0.1482 4.01799 0.2829 4.01799 -0 4.01799 0.0009 4.01799 -0.0002 4.01799 0.0011 4.01799 -0.0006 
4.09819 3.1883 4.09819 -1.6645 4.09819 0.0026 4.09819 -0.0038 4.09819 0.0053 4.09819 -0.134 4.09819 0.432 4.09819 -0.0001 4.09819 0.0009 4.09819 -0.0002 4.09819 0.0016 4.09819 -0.0006 
4.17829 3.2733 4.17829 -1.5289 4.17829 0.0031 4.17829 -0.0041 4.17829 0.0045 4.17829 -0.1091 4.17829 0.6269 4.17829 -0.0001 4.17829 0.001 4.17829 -0.0002 4.17829 0.0016 4.17829 -0.0006 
4.25849 3.2244 4.25849 -1.2116 4.25849 0.0039 4.25849 -0.0035 4.25849 0.0036 4.25849 -0.0797 4.25849 0.9365 4.25849 -0 4.25849 0.001 4.25849 -0.0002 4.25849 0.0017 4.25849 -0.0006 
4.33869 3.3461 4.33869 -0.8645 4.33869 0.0053 4.33869 -0.0025 4.33869 0.0028 4.33869 -0.0558 4.33869 1.422 4.33869 -0 4.33869 0.0011 4.33869 -0.0001 4.33869 0.0018 4.33869 -0.0004 
4.41879 3.672 4.41879 -0.6363 4.41879 0.0075 4.41879 -0.0016 4.41879 0.0024 4.41879 -0.0452 4.41879 1.9723 4.41879 -0 4.41879 0.0012 4.41879 -0.0001 4.41879 0.002 4.41879 -0.0002 
4.49899 3.7961 4.49899 -0.5567 4.49899 0.0088 4.49899 -0.0009 4.49899 0.002 4.49899 -0.046 4.49899 2.2804 4.49899 -0 4.49899 0.0012 4.49899 -0.0001 4.49899 0.0021 4.49899 -0.0002 
4.57909 3.3233 4.57909 -0.5278 4.57909 0.0086 4.57909 -0.0006 4.57909 0.0015 4.57909 -0.0472 4.57909 2.1045 4.57909 -0 4.57909 0.001 4.57909 -0.0002 4.57909 0.002 4.57909 -0.0003 
4.65929 2.3389 4.65929 -0.4511 4.65929 0.0065 4.65929 -0.0004 4.65929 0.0008 4.65929 -0.0401 4.65929 1.5236 4.65929 -0 4.65929 0.0008 4.65929 -0.0001 4.65929 0.0014 4.65929 -0.0003 
4.73949 1.2944 4.73949 -0.3448 4.73949 0.004 4.73949 -0.0004 4.73949 0.0003 4.73949 -0.0267 4.73949 0.8576 4.73949 -0 4.73949 0.0005 4.73949 -0.0002 4.73949 0.0007 4.73949 -0.0002 
4.81959 0.5563 4.81959 -0.3039 4.81959 0.0018 4.81959 -0.0003 4.81959 0.0001 4.81959 -0.0155 4.81959 0.3724 4.81959 -0.0001 4.81959 0.0001 4.81959 -0.0002 4.81959 0.0003 4.81959 -0.0005 
4.89979 0.1837 4.89979 -0.3745 4.89979 0.0005 4.89979 -0.0004 4.89979 0 4.89979 -0.0107 4.89979 0.1238 4.89979 -0.0001 4.89979 0 4.89979 -0.0003 4.89979 0.0001 4.89979 -0.0004 
4.97989 0.0462 4.97989 -0.4959 4.97989 0.0002 4.97989 -0.0005 4.97989 0 4.97989 -0.0102 4.97989 0.0312 4.97989 -0.0001 4.97989 0 4.97989 -0.0004 4.97989 0 4.97989 -0.0008 
5.06009 0.0087 5.06009 -0.5549 5.06009 0 5.06009 -0.0006 5.06009 0 5.06009 -0.0105 5.06009 0.0059 5.06009 -0.0001 5.06009 0 5.06009 -0.0005 5.06009 0 5.06009 -0.0011 
5.14029 0.0012 5.14029 -0.4875 5.14029 0 5.14029 -0.0005 5.14029 0 5.14029 -0.0091 5.14029 0.0008 5.14029 -0.0001 5.14029 0 5.14029 -0.0004 5.14029 0 5.14029 -0.0009 
5.22039 0.0001 5.22039 -0.3299 5.22039 0 5.22039 -0.0002 5.22039 0 5.22039 -0.0059 5.22039 0 5.22039 -0.0001 5.22039 0 5.22039 -0.0003 5.22039 0 5.22039 -0.0006 
5.30059 0.0 5.30059 -0.1704 5.30059 0 5.30059 -0.0001 5.30059 0 5.30059 -0.0031 5.30059 0 5.30059 -0 5.30059 0 5.30059 -0.0002 5.30059 0 5.30059 -0.0003 
5.38069 0.0 5.38069 -0.0667 5.38069 0 5.38069 -0 5.38069 0 5.38069 -0.0011 5.38069 0 5.38069 -0 5.38069 0 5.38069 -0 5.38069 0 5.38069 -0 
5.46089 0.0 5.46089 -0.0196 5.46089 0 5.46089 -0 5.46089 0 5.46089 -0.0004 5.46089 0 5.46089 -0 5.46089 0 5.46089 -0 5.46089 0 5.46089 -0 
5.54109 0.0 5.54109 -0.0043 5.54109 0 5.54109 -0 5.54109 0 5.54109 -0 5.54109 0 5.54109 -0 5.54109 0 5.54109 -0 5.54109 0 5.54109 -0 
5.62119 0.0 5.62119 -0.0007 5.62119 0 5.62119 -0 5.62119 0 5.62119 -0 5.62119 0 5.62119 -0 5.62119 0 5.62119 -0 5.62119 0 5.62119 -0 
5.70139 0.0 5.70139 -0.0001 5.70139 0 5.70139 -0 5.70139 0 5.70139 -0 5.70139 0 5.70139 -0 5.70139 0 5.70139 -0 5.70139 0 5.70139 -0 
5.78149 0.0 5.78149 -0 5.78149 0 5.78149 -0 5.78149 0 5.78149 -0 5.78149 0 5.78149 -0 5.78149 0 5.78149 -0 5.78149 0 5.78149 -0 
5.86169 0.0 5.86169 -0 5.86169 0 5.86169 -0 5.86169 0 5.86169 -0 5.86169 0 5.86169 -0 5.86169 0 5.86169 -0 5.86169 0 5.86169 -0 
5.94189 0.0 5.94189 -0 5.94189 0 5.94189 -0 5.94189 0 5.94189 -0 5.94189 0 5.94189 -0 5.94189 0 5.94189 -0 5.94189 0 5.94189 -0 
6.02199 0.0 6.02199 -0 6.02199 0 6.02199 -0 6.02199 0 6.02199 -0 6.02199 0 6.02199 -0 6.02199 0 6.02199 -0 6.02199 0 6.02199 -0 
6.10219 0.0 6.10219 -0 6.10219 0 6.10219 -0 6.10219 0 6.10219 -0 6.10219 0 6.10219 -0 6.10219 0 6.10219 -0 6.10219 0 6.10219 -0 
6.18229 0.0 6.18229 -0 6.18229 0 6.18229 -0 6.18229 0 6.18229 -0 6.18229 0 6.18229 -0 6.18229 0 6.18229 -0 6.18229 0 6.18229 -0 
6.26249 0.0 6.26249 -0 6.26249 0 6.26249 -0 6.26249 0 6.26249 -0 6.26249 0 6.26249 -0 6.26249 0 6.26249 -0 6.26249 0 6.26249 -0 
6.34269 0.0 6.34269 -0 6.34269 0 6.34269 -0 6.34269 0 6.34269 -0 6.34269 0 6.34269 -0 6.34269 0 6.34269 -0 6.34269 0 6.34269 -0 
6.42279 0.0 6.42279 -0 6.42279 0 6.42279 -0 6.42279 0 6.42279 -0 6.42279 0 6.42279 -0 6.42279 0 6.42279 -0 6.42279 0 6.42279 -0 
6.50299 0.0 6.50299 -0 6.50299 0 6.50299 -0 6.50299 0 6.50299 -0 6.50299 0 6.50299 -0 6.50299 0 6.50299 -0 6.50299 0 6.50299 -0 
6.58309 0.0 6.58309 -0 6.58309 0 6.58309 -0 6.58309 0 6.58309 -0 6.58309 0 6.58309 -0 6.58309 0 6.58309 -0 6.58309 0 6.58309 -0 
6.66329 0.0 6.66329 -0 6.66329 0 6.66329 -0 6.66329 0 6.66329 -0 6.66329 0 6.66329 -0 6.66329 0 6.66329 -0 6.66329 0 6.66329 -0 
6.74349 0.0 6.74349 -0 6.74349 0 6.74349 -0 6.74349 0 6.74349 -0 6.74349 0 6.74349 -0 6.74349 0 6.74349 -0 6.74349 0 6.74349 -0 
6.82359 0.0 6.82359 -0 6.82359 0 6.82359 -0 6.82359 0 6.82359 -0 6.82359 0 6.82359 -0 6.82359 0 6.82359 -0 6.82359 0 6.82359 -0 
6.90379 0.0 6.90379 -0 6.90379 0 6.90379 -0 6.90379 0 6.90379 -0 6.90379 0 6.90379 -0 6.90379 0 6.90379 -0 6.90379 0 6.90379 -0 
6.98389 0.0 6.98389 -0 6.98389 0 6.98389 -0 6.98389 0 6.98389 -0 6.98389 0 6.98389 -0 6.98389 0 6.98389 -0 6.98389 0 6.98389 -0 
7.06409 0.0 7.06409 -0 7.06409 0 7.06409 -0 7.06409 0 7.06409 -0 7.06409 0 7.06409 -0 7.06409 0 7.06409 -0 7.06409 0 7.06409 -0 
7.14429 0.0 7.14429 -0 7.14429 0 7.14429 -0 7.14429 0 7.14429 -0 7.14429 0 7.14429 -0 7.14429 0 7.14429 -0 7.14429 0 7.14429 -0 
7.22439 0.0 7.22439 -0 7.22439 0 7.22439 -0 7.22439 0 7.22439 -0 7.22439 0 7.22439 -0 7.22439 0 7.22439 -0 7.22439 0 7.22439 -0 
7.30459 0.0 7.30459 -0 7.30459 0 7.30459 -0 7.30459 0 7.30459 -0 7.30459 0 7.30459 -0 7.30459 0 7.30459 -0 7.30459 0 7.30459 -0 
7.38469 0.0 7.38469 -0 7.38469 0 7.38469 -0 7.38469 0 7.38469 -0 7.38469 0 7.38469 -0 7.38469 0 7.38469 -0 7.38469 0 7.38469 -0 
7.46489 0.0 7.46489 -0 7.46489 0 7.46489 -0 7.46489 0 7.46489 -0 7.46489 0 7.46489 -0 7.46489 0 7.46489 -0 7.46489 0 7.46489 -0 
7.54509 0.0 7.54509 -0 7.54509 0 7.54509 -0 7.54509 0 7.54509 -0 7.54509 0 7.54509 -0 7.54509 0 7.54509 -0 7.54509 0 7.54509 -0 
7.62519 0.0 7.62519 -0 7.62519 0 7.62519 -0 7.62519 0 7.62519 -0 7.62519 0 7.62519 -0 7.62519 0 7.62519 -0 7.62519 0 7.62519 -0 
7.70539 0.0 7.70539 -0 7.70539 0 7.70539 -0 7.70539 0 7.70539 -0 7.70539 0 7.70539 -0 7.70539 0 7.70539 -0 7.70539 0 7.70539 -0 
7.78559 0.0 7.78559 -0 7.78559 0 7.78559 -0 7.78559 0 7.78559 -0 7.78559 0 7.78559 -0 7.78559 0 7.78559 -0 7.78559 0 7.78559 -0 
7.86569 0.0 7.86569 -0 7.86569 0 7.86569 -0 7.86569 0 7.86569 -0 7.86569 0 7.86569 -0 7.86569 0 7.86569 -0 7.86569 0 7.86569 -0 
7.94589 0.0 7.94589 -0 7.94589 0 7.94589 -0 7.94589 0 7.94589 -0 7.94589 0 7.94589 -0 7.94589 0 7.94589 -0 7.94589 0 7.94589 -0 
8.02599 0.0 8.02599 -0 8.02599 0 8.02599 -0 8.02599 0 8.02599 -0 8.02599 0 8.02599 -0 8.02599 0 8.02599 -0 8.02599 0 8.02599 -0 
8.10619 0.0 8.10619 -0 8.10619 0 8.10619 -0 8.10619 0 8.10619 -0 8.10619 0 8.10619 -0 8.10619 0 8.10619 -0 8.10619 0 8.10619 -0 
8.18639 0.0 8.18639 -0 8.18639 0 8.18639 -0 8.18639 0 8.18639 -0 8.18639 0 8.18639 -0 8.18639 0 8.18639 -0 8.18639 0 8.18639 -0 
8.26649 0.0 8.26649 -0 8.26649 0 8.26649 -0 8.26649 0 8.26649 -0 8.26649 0 8.26649 -0 8.26649 0 8.26649 -0 8.26649 0 8.26649 -0 
8.34669 0.0 8.34669 -0 8.34669 0 8.34669 -0 8.34669 0 8.34669 -0 8.34669 0 8.34669 -0 8.34669 0 8.34669 -0 8.34669 0 8.34669 -0 
8.42679 0.0 8.42679 -0 8.42679 0 8.42679 -0 8.42679 0 8.42679 -0 8.42679 0 8.42679 -0 8.42679 0 8.42679 -0 8.42679 0 8.42679 -0 
8.50699 0.0 8.50699 -0 8.50699 0 8.50699 -0 8.50699 0 8.50699 -0 8.50699 0 8.50699 -0 8.50699 0 8.50699 -0 8.50699 0 8.50699 -0 
8.58719 0.0 8.58719 -0 8.58719 0 8.58719 -0 8.58719 0 8.58719 -0 8.58719 0 8.58719 -0 8.58719 0 8.58719 -0 8.58719 0 8.58719 -0 
8.66729 0.0 8.66729 -0 8.66729 0 8.66729 -0 8.66729 0 8.66729 -0 8.66729 0 8.66729 -0 8.66729 0 8.66729 -0 8.66729 0 8.66729 -0 
8.74749 0.0 8.74749 -0 8.74749 0 8.74749 -0 8.74749 0 8.74749 -0 8.74749 0 8.74749 -0 8.74749 0 8.74749 -0 8.74749 0 8.74749 -0 
8.82759 0.0 8.82759 -0 8.82759 0 8.82759 -0 8.82759 0 8.82759 -0 8.82759 0 8.82759 -0 8.82759 0 8.82759 -0 8.82759 0 8.82759 -0 
8.90779 0.0 8.90779 -0 8.90779 0 8.90779 -0 8.90779 0 8.90779 -0 8.90779 0 8.90779 -0 8.90779 0 8.90779 -0 8.90779 0 8.90779 -0 
8.98799 0.0 8.98799 -0 8.98799 0 8.98799 -0 8.98799 0 8.98799 -0 8.98799 0 8.98799 -0 8.98799 0 8.98799 -0 8.98799 0 8.98799 -0 
9.06809 0.0 9.06809 -0 9.06809 0 9.06809 -0 9.06809 0 9.06809 -0 9.06809 0 9.06809 -0 9.06809 0 9.06809 -0 9.06809 0 9.06809 -0 
9.14829 0.0 9.14829 -0 9.14829 0 9.14829 -0 9.14829 0 9.14829 -0 9.14829 0 9.14829 -0 9.14829 0 9.14829 -0 9.14829 0 9.14829 -0 
9.22839 0.0 9.22839 -0 9.22839 0 9.22839 -0 9.22839 0 9.22839 -0 9.22839 0 9.22839 -0 9.22839 0 9.22839 -0 9.22839 0 9.22839 -0 
9.30859 0.0 9.30859 -0 9.30859 0 9.30859 -0 9.30859 0 9.30859 -0 9.30859 0 9.30859 -0 9.30859 0 9.30859 -0 9.30859 0 9.30859 -0 
9.38879 0.0 9.38879 -0 9.38879 0 9.38879 -0 9.38879 0 9.38879 -0 9.38879 0 9.38879 -0 9.38879 0 9.38879 -0 9.38879 0 9.38879 -0 
9.46889 0.0 9.46889 -0 9.46889 0 9.46889 -0 9.46889 0 9.46889 -0 9.46889 0 9.46889 -0 9.46889 0 9.46889 -0 9.46889 0 9.46889 -0 
9.54909 0.0 9.54909 -0 9.54909 0 9.54909 -0 9.54909 0 9.54909 -0 9.54909 0 9.54909 -0 9.54909 0 9.54909 -0 9.54909 0 9.54909 -0 
9.62919 0.0 9.62919 -0 9.62919 0 9.62919 -0 9.62919 0 9.62919 -0 9.62919 0 9.62919 -0 9.62919 0 9.62919 -0 9.62919 0 9.62919 -0 
9.70939 0.0 9.70939 -0 9.70939 0 9.70939 -0 9.70939 0 9.70939 -0 9.70939 0 9.70939 -0 9.70939 0 9.70939 -0 9.70939 0 9.70939 -0 
9.78959 0.0 9.78959 -0 9.78959 0 9.78959 -0 9.78959 0 9.78959 -0 9.78959 0 9.78959 -0 9.78959 0 9.78959 -0 9.78959 0 9.78959 -0 
9.86969 0.0 9.86969 -0 9.86969 0 9.86969 -0 9.86969 0 9.86969 -0 9.86969 0 9.86969 -0 9.86969 0 9.86969 -0 9.86969 0 9.86969 -0 
9.94989 0.0 9.94989 -0 9.94989 0 9.94989 -0 9.94989 0 9.94989 -0 9.94989 0 9.94989 -0 9.94989 0 9.94989 -0 9.94989 0 9.94989 -0 
10.03 0.0 10.03 -0 10.03 0 10.03 -0 10.03 0 10.03 -0 10.03 0 10.03 -0 10.03 0 10.03 -0 10.03 0 10.03 -0 
10.1102 0.0 10.1102 -0 10.1102 0 10.1102 -0 10.1102 0 10.1102 -0 10.1102 0 10.1102 -0 10.1102 0 10.1102 -0 10.1102 0 10.1102 -0 
10.1904 0.0 10.1904 -0 10.1904 0 10.1904 -0 10.1904 0 10.1904 -0 10.1904 0 10.1904 -0 10.1904 0 10.1904 -0 10.1904 0 10.1904 -0 
10.2705 0.0 10.2705 -0 10.2705 0 10.2705 -0 10.2705 0 10.2705 -0 10.2705 0 10.2705 -0 10.2705 0 10.2705 -0 10.2705 0 10.2705 -0 
10.3507 0.0 10.3507 -0 10.3507 0 10.3507 -0 10.3507 0 10.3507 -0 10.3507 0 10.3507 -0 10.3507 0 10.3507 -0 10.3507 0 10.3507 -0 
10.4308 0.0 10.4308 -0 10.4308 0 10.4308 -0 10.4308 0 10.4308 -0 10.4308 0 10.4308 -0 10.4308 0 10.4308 -0 10.4308 0 10.4308 -0 
10.511 0.0 10.511 -0 10.511 0 10.511 -0 10.511 0 10.511 -0 10.511 0 10.511 -0 10.511 0 10.511 -0 10.511 0 10.511 -0 
10.5912 0.0 10.5912 -0 10.5912 0 10.5912 -0 10.5912 0 10.5912 -0 10.5912 0 10.5912 -0 10.5912 0 10.5912 -0 10.5912 0 10.5912 -0 
10.6713 0.0 10.6713 -0 10.6713 0 10.6713 -0 10.6713 0 10.6713 -0 10.6713 0 10.6713 -0 10.6713 0 10.6713 -0 10.6713 0 10.6713 -0 
10.7515 0.0 10.7515 -0 10.7515 0 10.7515 -0 10.7515 0 10.7515 -0 10.7515 0 10.7515 -0 10.7515 0 10.7515 -0 10.7515 0 10.7515 -0 
10.8316 0.0 10.8316 -0 10.8316 0 10.8316 -0 10.8316 0 10.8316 -0 10.8316 0 10.8316 -0 10.8316 0 10.8316 -0 10.8316 0 10.8316 -0 
10.9118 0.0 10.9118 -0 10.9118 0 10.9118 -0 10.9118 0 10.9118 -0 10.9118 0 10.9118 -0 10.9118 0 10.9118 -0 10.9118 0 10.9118 -0 
10.992 0.0 10.992 -0 10.992 0 10.992 -0 10.992 0 10.992 -0 10.992 0 10.992 -0 10.992 0 10.992 -0 10.992 0 10.992 -0 
11.0721 0.0 11.0721 -0 11.0721 0 11.0721 -0 11.0721 0 11.0721 -0 11.0721 0 11.0721 -0 11.0721 0 11.0721 -0 11.0721 0 11.0721 -0 
11.1523 0.0 11.1523 -0 11.1523 0 11.1523 -0 11.1523 0 11.1523 -0 11.1523 0 11.1523 -0 11.1523 0 11.1523 -0 11.1523 0 11.1523 -0 
11.2324 0.0 11.2324 -0 11.2324 0 11.2324 -0 11.2324 0 11.2324 -0 11.2324 0 11.2324 -0 11.2324 0 11.2324 -0 11.2324 0 11.2324 -0 
11.3126 0.0 11.3126 -0 11.3126 0 11.3126 -0 11.3126 0 11.3126 -0 11.3126 0 11.3126 -0 11.3126 0 11.3126 -0 11.3126 0 11.3126 -0 
11.3928 0.0 11.3928 -0 11.3928 0 11.3928 -0 11.3928 0 11.3928 -0 11.3928 0 11.3928 -0 11.3928 0 11.3928 -0 11.3928 0 11.3928 -0 
11.4729 0.0 11.4729 -0 11.4729 0 11.4729 -0 11.4729 0 11.4729 -0 11.4729 0 11.4729 -0 11.4729 0 11.4729 -0 11.4729 0 11.4729 -0 
11.5531 0.0 11.5531 -0 11.5531 0 11.5531 -0 11.5531 0 11.5531 -0 11.5531 0 11.5531 -0 11.5531 0 11.5531 -0 11.5531 0 11.5531 -0 
11.6332 0.0 11.6332 -0 11.6332 0 11.6332 -0 11.6332 0 11.6332 -0 11.6332 0 11.6332 -0 11.6332 0 11.6332 -0 11.6332 0 11.6332 -0 
11.7134 0.0 11.7134 -0 11.7134 0 11.7134 -0 11.7134 0 11.7134 -0 11.7134 0 11.7134 -0 11.7134 0 11.7134 -0 11.7134 0 11.7134 -0 
11.7936 0.0 11.7936 -0 11.7936 0 11.7936 -0 11.7936 0 11.7936 -0 11.7936 0 11.7936 -0 11.7936 0 11.7936 -0 11.7936 0 11.7936 -0 
11.8737 0.0 11.8737 -0 11.8737 0 11.8737 -0 11.8737 0 11.8737 -0 11.8737 0 11.8737 -0 11.8737 0 11.8737 -0 11.8737 0 11.8737 -0 
11.9539 0.0 11.9539 -0 11.9539 0 11.9539 -0 11.9539 0 11.9539 -0 11.9539 0 11.9539 -0 11.9539 0 11.9539 -0 11.9539 0 11.9539 -0 
12.034 0.0 12.034 -0 12.034 0 12.034 -0 12.034 0 12.034 -0 12.034 0 12.034 -0 12.034 0 12.034 -0 12.034 0 12.034 -0 
12.1142 0.0 12.1142 -0 12.1142 0 12.1142 -0 12.1142 0 12.1142 -0 12.1142 0 12.1142 -0 12.1142 0 12.1142 -0 12.1142 0 12.1142 -0 
12.1944 0.0 12.1944 -0 12.1944 0 12.1944 -0 12.1944 0 12.1944 -0 12.1944 0 12.1944 -0 12.1944 0 12.1944 -0 12.1944 0 12.1944 -0 
12.2745 0.0 12.2745 -0 12.2745 0 12.2745 -0 12.2745 0 12.2745 -0 12.2745 0 12.2745 -0 12.2745 0 12.2745 -0 12.2745 0 12.2745 -0 
12.3547 0.0 12.3547 -0 12.3547 0 12.3547 -0 12.3547 0 12.3547 -0 12.3547 0 12.3547 -0 12.3547 0 12.3547 -0 12.3547 0 12.3547 -0 
12.4348 0.0 12.4348 -0 12.4348 0 12.4348 -0 12.4348 0 12.4348 -0 12.4348 0 12.4348 -0 12.4348 0 12.4348 -0 12.4348 0 12.4348 -0 
12.515 0.0 12.515 -0 12.515 0 12.515 -0 12.515 0 12.515 -0 12.515 0 12.515 -0 12.515 0 12.515 -0 12.515 0 12.515 -0 
12.5952 0.0 12.5952 -0 12.5952 0 12.5952 -0 12.5952 0 12.5952 -0 12.5952 0 12.5952 -0 12.5952 0 12.5952 -0 12.5952 0 12.5952 -0 
12.6753 0.0 12.6753 -0 12.6753 0 12.6753 -0 12.6753 0 12.6753 -0 12.6753 0 12.6753 -0 12.6753 0 12.6753 -0 12.6753 0 12.6753 -0 
12.7555 0.0 12.7555 -0 12.7555 0 12.7555 -0 12.7555 0 12.7555 -0 12.7555 0 12.7555 -0 12.7555 0 12.7555 -0 12.7555 0 12.7555 -0 
12.8357 0.0 12.8357 -0 12.8357 0 12.8357 -0 12.8357 0 12.8357 -0 12.8357 0 12.8357 -0 12.8357 0 12.8357 -0 12.8357 0 12.8357 -0 
12.9158 0.0 12.9158 -0 12.9158 0 12.9158 -0 12.9158 0 12.9158 -0 12.9158 0 12.9158 -0 12.9158 0 12.9158 -0 12.9158 0 12.9158 -0 
12.996 0.0 12.996 -0 12.996 0 12.996 -0 12.996 0 12.996 -0 12.996 0 12.996 -0 12.996 0 12.996 -0 12.996 0 12.996 -0 
13.0761 0.0 13.0761 -0 13.0761 0 13.0761 -0 13.0761 0 13.0761 -0 13.0761 0 13.0761 -0 13.0761 0 13.0761 -0 13.0761 0 13.0761 -0 
13.1563 0.0 13.1563 -0 13.1563 0 13.1563 -0 13.1563 0 13.1563 -0 13.1563 0 13.1563 -0 13.1563 0 13.1563 -0 13.1563 0 13.1563 -0 
13.2365 0.0 13.2365 -0 13.2365 0 13.2365 -0 13.2365 0 13.2365 -0 13.2365 0 13.2365 -0 13.2365 0 13.2365 -0 13.2365 0 13.2365 -0 
13.3166 0.0 13.3166 -0 13.3166 0 13.3166 -0 13.3166 0 13.3166 -0 13.3166 0 13.3166 -0 13.3166 0 13.3166 -0 13.3166 0 13.3166 -0 
13.3968 0.0 13.3968 -0 13.3968 0 13.3968 -0 13.3968 0 13.3968 -0 13.3968 0 13.3968 -0 13.3968 0 13.3968 -0 13.3968 0 13.3968 -0 
13.4769 0.0 13.4769 -0 13.4769 0 13.4769 -0 13.4769 0 13.4769 -0 13.4769 0 13.4769 -0 13.4769 0 13.4769 -0 13.4769 0 13.4769 -0 
13.5571 0.0 13.5571 -0 13.5571 0 13.5571 -0 13.5571 0 13.5571 -0 13.5571 0 13.5571 -0 13.5571 0 13.5571 -0 13.5571 0 13.5571 -0 
13.6373 0.0 13.6373 -0 13.6373 0 13.6373 -0 13.6373 0 13.6373 -0 13.6373 0 13.6373 -0 13.6373 0 13.6373 -0 13.6373 0 13.6373 -0 
13.7174 0.0 13.7174 -0 13.7174 0 13.7174 -0 13.7174 0 13.7174 -0 13.7174 0 13.7174 -0 13.7174 0 13.7174 -0 13.7174 0 13.7174 -0 
13.7976 0.0 13.7976 -0 13.7976 0 13.7976 -0 13.7976 0 13.7976 -0 13.7976 0 13.7976 -0 13.7976 0 13.7976 -0 13.7976 0 13.7976 -0 
13.8777 0.0 13.8777 -0 13.8777 0 13.8777 -0 13.8777 0 13.8777 -0 13.8777 0 13.8777 -0 13.8777 0 13.8777 -0 13.8777 0 13.8777 -0 
13.9579 0.0 13.9579 -0 13.9579 0 13.9579 -0 13.9579 0 13.9579 -0 13.9579 0 13.9579 -0 13.9579 0 13.9579 -0 13.9579 0 13.9579 -0 
14.0381 0.0 14.0381 -0 14.0381 0 14.0381 -0 14.0381 0 14.0381 -0 14.0381 0 14.0381 -0 14.0381 0 14.0381 -0 14.0381 0 14.0381 -0 
14.1182 0.0 14.1182 -0 14.1182 0 14.1182 -0 14.1182 0 14.1182 -0 14.1182 0 14.1182 -0 14.1182 0 14.1182 -0 14.1182 0 14.1182 -0 
14.1984 0.0 14.1984 -0 14.1984 0 14.1984 -0 14.1984 0 14.1984 -0 14.1984 0 14.1984 -0 14.1984 0 14.1984 -0 14.1984 0 14.1984 -0 
14.2785 0.0 14.2785 -0 14.2785 0 14.2785 -0 14.2785 0 14.2785 -0 14.2785 0 14.2785 -0 14.2785 0 14.2785 -0 14.2785 0 14.2785 -0 
14.3587 0.0 14.3587 -0 14.3587 0 14.3587 -0 14.3587 0 14.3587 -0 14.3587 0 14.3587 -0 14.3587 0 14.3587 -0 14.3587 0 14.3587 -0 
14.4389 0.0 14.4389 -0 14.4389 0 14.4389 -0 14.4389 0 14.4389 -0 14.4389 0 14.4389 -0 14.4389 0 14.4389 -0 14.4389 0 14.4389 -0 
14.519 0.0 14.519 -0 14.519 0 14.519 -0 14.519 0 14.519 -0 14.519 0 14.519 -0 14.519 0 14.519 -0 14.519 0 14.519 -0 
14.5992 0.0 14.5992 -0 14.5992 0 14.5992 -0 14.5992 0 14.5992 -0 14.5992 0 14.5992 -0 14.5992 0 14.5992 -0 14.5992 0 14.5992 -0 
14.6793 0.0 14.6793 -0 14.6793 0 14.6793 -0 14.6793 0 14.6793 -0 14.6793 0 14.6793 -0 14.6793 0 14.6793 -0 14.6793 0 14.6793 -0 
14.7595 0.0 14.7595 -0 14.7595 0 14.7595 -0 14.7595 0 14.7595 -0 14.7595 0 14.7595 -0 14.7595 0 14.7595 -0 14.7595 0 14.7595 -0 
14.8397 0.0 14.8397 -0 14.8397 0 14.8397 -0 14.8397 0 14.8397 -0 14.8397 0 14.8397 -0 14.8397 0 14.8397 -0 14.8397 0 14.8397 -0 
14.9198 0.0 14.9198 -0 14.9198 0 14.9198 -0 14.9198 0 14.9198 -0 14.9198 0 14.9198 -0 14.9198 0 14.9198 -0 14.9198 0 14.9198 -0 
15 0.0 15 -0 15 0 15 -0 15 0 15 -0 15 0 15 -0 15 0 15 -0 15 0 15 -0 
15.0801 0.0 15.0801 -0 15.0801 0 15.0801 -0 15.0801 0 15.0801 -0 15.0801 0 15.0801 -0 15.0801 0 15.0801 -0 15.0801 0 15.0801 -0 
15.1603 0.0 15.1603 -0 15.1603 0 15.1603 -0 15.1603 0 15.1603 -0 15.1603 0 15.1603 -0 15.1603 0 15.1603 -0 15.1603 0 15.1603 -0 
