-24.5598 24.95 -24.5598 -24.95 -24.5598 0 -24.5598 -0 -24.5598 0 -24.5598 -0 -24.5598 0 -24.5598 -0 -24.5598 0 -24.5598 -0 -24.5598 0 -24.5598 -0 
-24.4796 0.0 -24.4796 -0 -24.4796 0 -24.4796 -0 -24.4796 0 -24.4796 -0 -24.4796 0 -24.4796 -0 -24.4796 0 -24.4796 -0 -24.4796 0 -24.4796 -0 
-24.3995 0.0 -24.3995 -0 -24.3995 0 -24.3995 -0 -24.3995 0 -24.3995 -0 -24.3995 0 -24.3995 -0 -24.3995 0 -24.3995 -0 -24.3995 0 -24.3995 -0 
-24.3193 0.0 -24.3193 -0 -24.3193 0 -24.3193 -0 -24.3193 0 -24.3193 -0 -24.3193 0 -24.3193 -0 -24.3193 0 -24.3193 -0 -24.3193 0 -24.3193 -0 
-24.2392 0.0 -24.2392 -0 -24.2392 0 -24.2392 -0 -24.2392 0 -24.2392 -0 -24.2392 0 -24.2392 -0 -24.2392 0 -24.2392 -0 -24.2392 0 -24.2392 -0 
-24.159 0.0 -24.159 -0 -24.159 0 -24.159 -0 -24.159 0 -24.159 -0 -24.159 0 -24.159 -0 -24.159 0 -24.159 -0 -24.159 0 -24.159 -0 
-24.0788 0.0 -24.0788 -0 -24.0788 0 -24.0788 -0 -24.0788 0 -24.0788 -0 -24.0788 0 -24.0788 -0 -24.0788 0 -24.0788 -0 -24.0788 0 -24.0788 -0 
-23.9987 0.0 -23.9987 -0 -23.9987 0 -23.9987 -0 -23.9987 0 -23.9987 -0 -23.9987 0 -23.9987 -0 -23.9987 0 -23.9987 -0 -23.9987 0 -23.9987 -0 
-23.9185 0.0 -23.9185 -0 -23.9185 0 -23.9185 -0 -23.9185 0 -23.9185 -0 -23.9185 0 -23.9185 -0 -23.9185 0 -23.9185 -0 -23.9185 0 -23.9185 -0 
-23.8384 0.0 -23.8384 -0 -23.8384 0 -23.8384 -0 -23.8384 0 -23.8384 -0 -23.8384 0 -23.8384 -0 -23.8384 0 -23.8384 -0 -23.8384 0 -23.8384 -0 
-23.7582 0.0 -23.7582 -0 -23.7582 0 -23.7582 -0 -23.7582 0 -23.7582 -0 -23.7582 0 -23.7582 -0 -23.7582 0 -23.7582 -0 -23.7582 0 -23.7582 -0 
-23.678 0.0 -23.678 -0 -23.678 0 -23.678 -0 -23.678 0 -23.678 -0 -23.678 0 -23.678 -0 -23.678 0 -23.678 -0 -23.678 0 -23.678 -0 
-23.5979 0.0 -23.5979 -0 -23.5979 0 -23.5979 -0 -23.5979 0 -23.5979 -0 -23.5979 0 -23.5979 -0 -23.5979 0 -23.5979 -0 -23.5979 0 -23.5979 -0 
-23.5177 0.0 -23.5177 -0 -23.5177 0 -23.5177 -0 -23.5177 0 -23.5177 -0 -23.5177 0 -23.5177 -0 -23.5177 0 -23.5177 -0 -23.5177 0 -23.5177 -0 
-23.4376 0.0 -23.4376 -0 -23.4376 0 -23.4376 -0 -23.4376 0 -23.4376 -0 -23.4376 0 -23.4376 -0 -23.4376 0 -23.4376 -0 -23.4376 0 -23.4376 -0 
-23.3574 0.0 -23.3574 -0 -23.3574 0 -23.3574 -0 -23.3574 0 -23.3574 -0 -23.3574 0 -23.3574 -0 -23.3574 0 -23.3574 -0 -23.3574 0 -23.3574 -0 
-23.2772 0.0 -23.2772 -0 -23.2772 0 -23.2772 -0 -23.2772 0 -23.2772 -0 -23.2772 0 -23.2772 -0 -23.2772 0 -23.2772 -0 -23.2772 0 -23.2772 -0 
-23.1971 0.0 -23.1971 -0 -23.1971 0 -23.1971 -0 -23.1971 0 -23.1971 -0 -23.1971 0 -23.1971 -0 -23.1971 0 -23.1971 -0 -23.1971 0 -23.1971 -0 
-23.1169 0.0 -23.1169 -0 -23.1169 0 -23.1169 -0 -23.1169 0 -23.1169 -0 -23.1169 0 -23.1169 -0 -23.1169 0 -23.1169 -0 -23.1169 0 -23.1169 -0 
-23.0368 0.0 -23.0368 -0 -23.0368 0 -23.0368 -0 -23.0368 0 -23.0368 -0 -23.0368 0 -23.0368 -0 -23.0368 0 -23.0368 -0 -23.0368 0 -23.0368 -0 
-22.9566 0.0 -22.9566 -0 -22.9566 0 -22.9566 -0 -22.9566 0 -22.9566 -0 -22.9566 0 -22.9566 -0 -22.9566 0 -22.9566 -0 -22.9566 0 -22.9566 -0 
-22.8764 0.0 -22.8764 -0 -22.8764 0 -22.8764 -0 -22.8764 0 -22.8764 -0 -22.8764 0 -22.8764 -0 -22.8764 0 -22.8764 -0 -22.8764 0 -22.8764 -0 
-22.7963 0.0 -22.7963 -0 -22.7963 0 -22.7963 -0 -22.7963 0 -22.7963 -0 -22.7963 0 -22.7963 -0 -22.7963 0 -22.7963 -0 -22.7963 0 -22.7963 -0 
-22.7161 0.0 -22.7161 -0 -22.7161 0 -22.7161 -0 -22.7161 0 -22.7161 -0 -22.7161 0 -22.7161 -0 -22.7161 0 -22.7161 -0 -22.7161 0 -22.7161 -0 
-22.636 0.0 -22.636 -0 -22.636 0 -22.636 -0 -22.636 0 -22.636 -0 -22.636 0 -22.636 -0 -22.636 0 -22.636 -0 -22.636 0 -22.636 -0 
-22.5558 0.0 -22.5558 -0 -22.5558 0 -22.5558 -0 -22.5558 0 -22.5558 -0 -22.5558 0 -22.5558 -0 -22.5558 0 -22.5558 -0 -22.5558 0 -22.5558 -0 
-22.4756 0.0 -22.4756 -0 -22.4756 0 -22.4756 -0 -22.4756 0 -22.4756 -0 -22.4756 0 -22.4756 -0 -22.4756 0 -22.4756 -0 -22.4756 0 -22.4756 -0 
-22.3955 0.0 -22.3955 -0 -22.3955 0 -22.3955 -0 -22.3955 0 -22.3955 -0 -22.3955 0 -22.3955 -0 -22.3955 0 -22.3955 -0 -22.3955 0 -22.3955 -0 
-22.3153 0.0 -22.3153 -0 -22.3153 0 -22.3153 -0 -22.3153 0 -22.3153 -0 -22.3153 0 -22.3153 -0 -22.3153 0 -22.3153 -0 -22.3153 0 -22.3153 -0 
-22.2352 0.0 -22.2352 -0 -22.2352 0 -22.2352 -0 -22.2352 0 -22.2352 -0 -22.2352 0 -22.2352 -0 -22.2352 0 -22.2352 -0 -22.2352 0 -22.2352 -0 
-22.155 0.0 -22.155 -0 -22.155 0 -22.155 -0 -22.155 0 -22.155 -0 -22.155 0 -22.155 -0 -22.155 0 -22.155 -0 -22.155 0 -22.155 -0 
-22.0748 0.0 -22.0748 -0 -22.0748 0 -22.0748 -0 -22.0748 0 -22.0748 -0 -22.0748 0 -22.0748 -0 -22.0748 0 -22.0748 -0 -22.0748 0 -22.0748 -0 
-21.9947 0.0 -21.9947 -0 -21.9947 0 -21.9947 -0 -21.9947 0 -21.9947 -0 -21.9947 0 -21.9947 -0 -21.9947 0 -21.9947 -0 -21.9947 0 -21.9947 -0 
-21.9145 0.0 -21.9145 -0 -21.9145 0 -21.9145 -0 -21.9145 0 -21.9145 -0 -21.9145 0 -21.9145 -0 -21.9145 0 -21.9145 -0 -21.9145 0 -21.9145 -0 
-21.8343 0.0 -21.8343 -0 -21.8343 0 -21.8343 -0 -21.8343 0 -21.8343 -0 -21.8343 0 -21.8343 -0 -21.8343 0 -21.8343 -0 -21.8343 0 -21.8343 -0 
-21.7542 0.0 -21.7542 -0 -21.7542 0 -21.7542 -0 -21.7542 0 -21.7542 -0 -21.7542 0 -21.7542 -0 -21.7542 0 -21.7542 -0 -21.7542 0 -21.7542 -0 
-21.674 0.0 -21.674 -0 -21.674 0 -21.674 -0 -21.674 0 -21.674 -0 -21.674 0 -21.674 -0 -21.674 0 -21.674 -0 -21.674 0 -21.674 -0 
-21.5939 0.0 -21.5939 -0 -21.5939 0 -21.5939 -0 -21.5939 0 -21.5939 -0 -21.5939 0 -21.5939 -0 -21.5939 0 -21.5939 -0 -21.5939 0 -21.5939 -0 
-21.5137 0.0 -21.5137 -0 -21.5137 0 -21.5137 -0 -21.5137 0 -21.5137 -0 -21.5137 0 -21.5137 -0 -21.5137 0 -21.5137 -0 -21.5137 0 -21.5137 -0 
-21.4335 0.0 -21.4335 -0 -21.4335 0 -21.4335 -0 -21.4335 0 -21.4335 -0 -21.4335 0 -21.4335 -0 -21.4335 0 -21.4335 -0 -21.4335 0 -21.4335 -0 
-21.3534 0.0003 -21.3534 -0 -21.3534 0 -21.3534 -0 -21.3534 0 -21.3534 -0 -21.3534 0 -21.3534 -0 -21.3534 0 -21.3534 -0 -21.3534 0 -21.3534 -0 
-21.2732 0.0025 -21.2732 -0 -21.2732 0 -21.2732 -0 -21.2732 0 -21.2732 -0 -21.2732 0 -21.2732 -0 -21.2732 0 -21.2732 -0 -21.2732 0 -21.2732 -0 
-21.1931 0.0136 -21.1931 -0.0002 -21.1931 0 -21.1931 -0 -21.1931 0 -21.1931 -0 -21.1931 0 -21.1931 -0 -21.1931 0 -21.1931 -0 -21.1931 0 -21.1931 -0 
-21.1129 0.0556 -21.1129 -0.0017 -21.1129 0 -21.1129 -0 -21.1129 0 -21.1129 -0 -21.1129 0 -21.1129 -0 -21.1129 0 -21.1129 -0 -21.1129 0 -21.1129 -0 
-21.0327 0.1741 -21.0327 -0.0097 -21.0327 0 -21.0327 -0 -21.0327 0 -21.0327 -0 -21.0327 0 -21.0327 -0 -21.0327 0 -21.0327 -0 -21.0327 0 -21.0327 -0 
-20.9526 0.4232 -20.9526 -0.0429 -20.9526 0 -20.9526 -0 -20.9526 0 -20.9526 -0 -20.9526 0 -20.9526 -0 -20.9526 0 -20.9526 -0 -20.9526 0 -20.9526 -0 
-20.8724 0.8191 -20.8724 -0.1441 -20.8724 0 -20.8724 -0 -20.8724 0 -20.8724 -0 -20.8724 0 -20.8724 -0 -20.8724 0 -20.8724 -0 -20.8724 0 -20.8724 -0 
-20.7923 1.3026 -20.7923 -0.3743 -20.7923 0 -20.7923 -0 -20.7923 0 -20.7923 -0 -20.7923 0 -20.7923 -0 -20.7923 0 -20.7923 -0 -20.7923 0 -20.7923 -0 
-20.7121 1.7597 -20.7121 -0.7689 -20.7121 0 -20.7121 -0 -20.7121 0.0001 -20.7121 -0 -20.7121 0 -20.7121 -0 -20.7121 0 -20.7121 -0 -20.7121 0 -20.7121 -0 
-20.6319 2.0669 -20.6319 -1.2846 -20.6319 0 -20.6319 -0 -20.6319 0.0001 -20.6319 -0 -20.6319 0 -20.6319 -0 -20.6319 0 -20.6319 -0 -20.6319 0 -20.6319 -0 
-20.5518 2.1385 -20.5518 -1.797 -20.5518 0 -20.5518 -0 -20.5518 0.0001 -20.5518 -0 -20.5518 0 -20.5518 -0 -20.5518 0 -20.5518 -0 -20.5518 0 -20.5518 -0 
-20.4716 2.0325 -20.4716 -2.1525 -20.4716 0 -20.4716 -0 -20.4716 0.0001 -20.4716 -0 -20.4716 0 -20.4716 -0 -20.4716 0 -20.4716 -0 -20.4716 0 -20.4716 -0 
-20.3915 2.0307 -20.3915 -2.2565 -20.3915 0 -20.3915 -0 -20.3915 0 -20.3915 -0 -20.3915 0 -20.3915 -0 -20.3915 0 -20.3915 -0 -20.3915 0 -20.3915 -0 
-20.3113 2.4682 -20.3113 -2.202 -20.3113 0 -20.3113 -0 -20.3113 0 -20.3113 -0 -20.3113 0 -20.3113 -0 -20.3113 0 -20.3113 -0 -20.3113 0 -20.3113 -0 
-20.2311 3.4227 -20.2311 -2.299 -20.2311 0 -20.2311 -0 -20.2311 0 -20.2311 -0 -20.2311 0 -20.2311 -0 -20.2311 0 -20.2311 -0 -20.2311 0 -20.2311 -0 
-20.151 4.7318 -20.151 -2.8082 -20.151 0 -20.151 -0 -20.151 0 -20.151 -0.0001 -20.151 0 -20.151 -0 -20.151 0 -20.151 -0 -20.151 0 -20.151 -0 
-20.0708 6.2987 -20.0708 -3.6321 -20.0708 0 -20.0708 -0 -20.0708 0.0001 -20.0708 -0.0002 -20.0708 0 -20.0708 -0 -20.0708 0.0001 -20.0708 -0.0003 -20.0708 0 -20.0708 -0 
-19.9907 8.0564 -19.9907 -4.4663 -19.9907 0 -19.9907 -0 -19.9907 0.0003 -19.9907 -0.0003 -19.9907 0 -19.9907 -0 -19.9907 0.0003 -19.9907 -0.0004 -19.9907 0 -19.9907 -0 
-19.9105 9.6107 -19.9105 -5.2625 -19.9105 0 -19.9105 -0 -19.9105 0.0005 -19.9105 -0.0009 -19.9105 0 -19.9105 -0 -19.9105 0.0003 -19.9105 -0.0005 -19.9105 0 -19.9105 -0 
-19.8303 10.3768 -19.8303 -6.3538 -19.8303 0 -19.8303 -0 -19.8303 0.0011 -19.8303 -0.0025 -19.8303 0 -19.8303 -0 -19.8303 0.0003 -19.8303 -0.0005 -19.8303 0 -19.8303 -0 
-19.7502 10.2156 -19.7502 -8.0577 -19.7502 0 -19.7502 -0 -19.7502 0.0017 -19.7502 -0.0055 -19.7502 0 -19.7502 -0 -19.7502 0.0003 -19.7502 -0.0005 -19.7502 0 -19.7502 -0 
-19.67 9.6335 -19.67 -10.0916 -19.67 0 -19.67 -0 -19.67 0.0026 -19.67 -0.0099 -19.67 0.0001 -19.67 -0 -19.67 0.0003 -19.67 -0.0004 -19.67 0 -19.67 -0 
-19.5899 9.3307 -19.5899 -11.4658 -19.5899 0 -19.5899 -0 -19.5899 0.0035 -19.5899 -0.014 -19.5899 0.0001 -19.5899 -0.0001 -19.5899 0.0001 -19.5899 -0.0003 -19.5899 0 -19.5899 -0 
-19.5097 9.7299 -19.5097 -11.3278 -19.5097 0 -19.5097 -0 -19.5097 0.0046 -19.5097 -0.0156 -19.5097 0.0002 -19.5097 -0.0002 -19.5097 0.0001 -19.5097 -0.0002 -19.5097 0 -19.5097 -0 
-19.4295 10.7293 -19.4295 -9.9233 -19.4295 0.0001 -19.4295 -0 -19.4295 0.0063 -19.4295 -0.014 -19.4295 0.0003 -19.4295 -0.0003 -19.4295 0.0003 -19.4295 -0.0001 -19.4295 0 -19.4295 -0 
-19.3494 11.6515 -19.3494 -8.4056 -19.3494 0.0001 -19.3494 -0 -19.3494 0.0086 -19.3494 -0.0109 -19.3494 0.0005 -19.3494 -0.0004 -19.3494 0.0004 -19.3494 -0 -19.3494 0 -19.3494 -0 
-19.2692 11.6514 -19.2692 -7.7627 -19.2692 0.0002 -19.2692 -0 -19.2692 0.0108 -19.2692 -0.0079 -19.2692 0.0008 -19.2692 -0.0005 -19.2692 0.0004 -19.2692 -0.0002 -19.2692 0 -19.2692 -0 
-19.1891 10.4661 -19.1891 -8.0307 -19.1891 0.0003 -19.1891 -0 -19.1891 0.0115 -19.1891 -0.0061 -19.1891 0.0015 -19.1891 -0.0005 -19.1891 0.0002 -19.1891 -0.0002 -19.1891 0 -19.1891 -0 
-19.1089 8.7316 -19.1089 -8.3976 -19.1089 0.0006 -19.1089 -0 -19.1089 0.0099 -19.1089 -0.0057 -19.1089 0.0024 -19.1089 -0.0009 -19.1089 0 -19.1089 -0.0003 -19.1089 0 -19.1089 -0 
-19.0287 7.4176 -19.0287 -8.0828 -19.0287 0.0007 -19.0287 -0 -19.0287 0.0072 -19.0287 -0.0064 -19.0287 0.0034 -19.0287 -0.002 -19.0287 0 -19.0287 -0.0002 -19.0287 0.0001 -19.0287 -0 
-18.9486 6.9375 -18.9486 -7.1271 -18.9486 0.0009 -18.9486 -0 -18.9486 0.0058 -18.9486 -0.0077 -18.9486 0.0044 -18.9486 -0.0043 -18.9486 0.0002 -18.9486 -0.0002 -18.9486 0.0002 -18.9486 -0 
-18.8684 6.9931 -18.8684 -6.2765 -18.8684 0.001 -18.8684 -0.0001 -18.8684 0.0069 -18.8684 -0.0104 -18.8684 0.0056 -18.8684 -0.0078 -18.8684 0.0004 -18.8684 -0 -18.8684 0.0006 -18.8684 -0 
-18.7883 7.2973 -18.7883 -6.2669 -18.7883 0.0015 -18.7883 -0.0001 -18.7883 0.0098 -18.7883 -0.0171 -18.7883 0.0071 -18.7883 -0.0125 -18.7883 0.0008 -18.7883 -0 -18.7883 0.0008 -18.7883 -0 
-18.7081 8.0165 -18.7081 -7.2836 -18.7081 0.0021 -18.7081 -0.0002 -18.7081 0.0127 -18.7081 -0.0309 -18.7081 0.0102 -18.7081 -0.0168 -18.7081 0.0021 -18.7081 -0.0001 -18.7081 0.0013 -18.7081 -0 
-18.6279 9.3352 -18.6279 -8.9404 -18.6279 0.0029 -18.6279 -0.0003 -18.6279 0.0144 -18.6279 -0.0525 -18.6279 0.0147 -18.6279 -0.0202 -18.6279 0.0048 -18.6279 -0.0005 -18.6279 0.0018 -18.6279 -0.0001 
-18.5478 11.0244 -18.5478 -10.6935 -18.5478 0.004 -18.5478 -0.0003 -18.5478 0.0154 -18.5478 -0.0791 -18.5478 0.0196 -18.5478 -0.0234 -18.5478 0.0107 -18.5478 -0.0015 -18.5478 0.0024 -18.5478 -0.0001 
-18.4676 12.7011 -18.4676 -12.1446 -18.4676 0.0047 -18.4676 -0.0005 -18.4676 0.0174 -18.4676 -0.101 -18.4676 0.0223 -18.4676 -0.0285 -18.4676 0.0213 -18.4676 -0.0031 -18.4676 0.0031 -18.4676 -0.0004 
-18.3875 14.1583 -18.3875 -12.9081 -18.3875 0.0062 -18.3875 -0.0007 -18.3875 0.0212 -18.3875 -0.1059 -18.3875 0.0219 -18.3875 -0.0378 -18.3875 0.0358 -18.3875 -0.0058 -18.3875 0.004 -18.3875 -0.0006 
-18.3073 15.163 -18.3073 -12.7095 -18.3073 0.0113 -18.3073 -0.0008 -18.3073 0.0268 -18.3073 -0.089 -18.3073 0.0182 -18.3073 -0.0495 -18.3073 0.0492 -18.3073 -0.0105 -18.3073 0.0054 -18.3073 -0.0007 
-18.2271 15.3777 -18.2271 -11.9301 -18.2271 0.0264 -18.2271 -0.0008 -18.2271 0.0333 -18.2271 -0.0603 -18.2271 0.014 -18.2271 -0.0588 -18.2271 0.0539 -18.2271 -0.0187 -18.2271 0.0074 -18.2271 -0.0007 
-18.147 14.9199 -18.147 -11.5478 -18.147 0.0615 -18.147 -0.0008 -18.147 0.0405 -18.147 -0.0359 -18.147 0.0113 -18.147 -0.0602 -18.147 0.0457 -18.147 -0.0323 -18.147 0.0102 -18.147 -0.0005 
-18.0668 14.6203 -18.0668 -12.2078 -18.0668 0.1218 -18.0668 -0.001 -18.0668 0.0493 -18.0668 -0.0243 -18.0668 0.0117 -18.0668 -0.052 -18.0668 0.0296 -18.0668 -0.0524 -18.0668 0.0138 -18.0668 -0.0005 
-17.9867 15.1948 -17.9867 -13.5624 -17.9867 0.1946 -17.9867 -0.002 -17.9867 0.0593 -17.9867 -0.0223 -17.9867 0.0153 -17.9867 -0.0394 -17.9867 0.0145 -17.9867 -0.0787 -17.9867 0.019 -17.9867 -0.0005 
-17.9065 16.3373 -17.9065 -14.6007 -17.9065 0.2488 -17.9065 -0.0039 -17.9065 0.0675 -17.9065 -0.0218 -17.9065 0.0221 -17.9065 -0.0306 -17.9065 0.0053 -17.9065 -0.1067 -17.9065 0.0272 -17.9065 -0.0009 
-17.8263 17.0545 -17.8263 -14.5152 -17.8263 0.2566 -17.8263 -0.0074 -17.8263 0.0687 -17.8263 -0.018 -17.8263 0.0321 -17.8263 -0.0317 -17.8263 0.0017 -17.8263 -0.1245 -17.8263 0.039 -17.8263 -0.0016 
-17.7462 16.7781 -17.7462 -13.2653 -17.7462 0.2179 -17.7462 -0.0133 -17.7462 0.0601 -17.7462 -0.0123 -17.7462 0.043 -17.7462 -0.0446 -17.7462 0.0008 -17.7462 -0.1188 -17.7462 0.0541 -17.7462 -0.0032 
-17.666 15.7766 -17.666 -11.5814 -17.666 0.1572 -17.666 -0.0225 -17.666 0.0452 -17.666 -0.0076 -17.666 0.05 -17.666 -0.0671 -17.666 0.001 -17.666 -0.0895 -17.666 0.0709 -17.666 -0.006 
-17.5859 14.5705 -17.5859 -10.5895 -17.5859 0.0997 -17.5859 -0.0352 -17.5859 0.0332 -17.5859 -0.0058 -17.5859 0.0476 -17.5859 -0.0925 -17.5859 0.0012 -17.5859 -0.0524 -17.5859 0.0848 -17.5859 -0.0097 
-17.5057 13.3449 -17.5057 -11.129 -17.5057 0.0566 -17.5057 -0.0506 -17.5057 0.0294 -17.5057 -0.0073 -17.5057 0.0359 -17.5057 -0.1097 -17.5057 0.0013 -17.5057 -0.0247 -17.5057 0.0903 -17.5057 -0.0135 
-17.4255 12.0198 -17.4255 -13.13 -17.4255 0.0283 -17.4255 -0.0673 -17.4255 0.0319 -17.4255 -0.0115 -17.4255 0.0214 -17.4255 -0.1083 -17.4255 0.0014 -17.4255 -0.0111 -17.4255 0.0835 -17.4255 -0.0156 
-17.3454 10.7222 -17.3454 -15.5389 -17.3454 0.0129 -17.3454 -0.0843 -17.3454 0.0333 -17.3454 -0.0164 -17.3454 0.0103 -17.3454 -0.089 -17.3454 0.0012 -17.3454 -0.007 -17.3454 0.0687 -17.3454 -0.0159 
-17.2652 9.9947 -17.2652 -16.8889 -17.2652 0.0065 -17.2652 -0.0977 -17.2652 0.0291 -17.2652 -0.0197 -17.2652 0.0045 -17.2652 -0.0614 -17.2652 0.002 -17.2652 -0.0064 -17.2652 0.0571 -17.2652 -0.0146 
-17.1851 10.2584 -17.1851 -16.312 -17.1851 0.0048 -17.1851 -0.1004 -17.1851 0.0204 -17.1851 -0.0195 -17.1851 0.0022 -17.1851 -0.0359 -17.1851 0.0037 -17.1851 -0.0071 -17.1851 0.0586 -17.1851 -0.0135 
-17.1049 11.0575 -17.1049 -14.3308 -17.1049 0.0044 -17.1049 -0.0863 -17.1049 0.0111 -17.1049 -0.0161 -17.1049 0.0018 -17.1049 -0.0185 -17.1049 0.0065 -17.1049 -0.0101 -17.1049 0.0707 -17.1049 -0.0157 
-17.0247 11.2738 -17.0247 -12.5421 -17.0247 0.0038 -17.0247 -0.0598 -17.0247 0.0048 -17.0247 -0.0111 -17.0247 0.0017 -17.0247 -0.0095 -17.0247 0.0102 -17.0247 -0.0164 -17.0247 0.0801 -17.0247 -0.0232 
-16.9446 10.3079 -16.9446 -12.232 -16.9446 0.0028 -16.9446 -0.0327 -16.9446 0.0016 -16.9446 -0.0064 -16.9446 0.0014 -16.9446 -0.006 -16.9446 0.0154 -16.9446 -0.0274 -16.9446 0.0755 -16.9446 -0.0348 
-16.8644 8.6913 -16.8644 -13.2816 -16.8644 0.0018 -16.8644 -0.0144 -16.8644 0.0004 -16.8644 -0.0029 -16.8644 0.001 -16.8644 -0.0051 -16.8644 0.023 -16.8644 -0.0432 -16.8644 0.0584 -16.8644 -0.047 
-16.7842 7.2749 -16.7842 -14.478 -16.7842 0.0008 -16.7842 -0.0058 -16.7842 0.0001 -16.7842 -0.0011 -16.7842 0.0007 -16.7842 -0.0051 -16.7842 0.0313 -16.7842 -0.0624 -16.7842 0.0384 -16.7842 -0.0569 
-16.7041 6.1689 -16.7041 -14.5435 -16.7041 0.0004 -16.7041 -0.0027 -16.7041 0 -16.7041 -0.0003 -16.7041 0.0002 -16.7041 -0.0044 -16.7041 0.0361 -16.7041 -0.0788 -16.7041 0.0233 -16.7041 -0.0608 
-16.6239 4.8821 -16.6239 -12.7757 -16.6239 0.0002 -16.6239 -0.0014 -16.6239 0 -16.6239 -0.0001 -16.6239 0 -16.6239 -0.0034 -16.6239 0.0333 -16.6239 -0.0826 -16.6239 0.0135 -16.6239 -0.0558 
-16.5438 3.2491 -16.5438 -9.3953 -16.5438 0 -16.5438 -0.0008 -16.5438 0 -16.5438 -0 -16.5438 0 -16.5438 -0.0022 -16.5438 0.0237 -16.5438 -0.0687 -16.5438 0.0071 -16.5438 -0.0416 
-16.4636 1.7007 -16.4636 -5.5627 -16.4636 0 -16.4636 -0.0005 -16.4636 0 -16.4636 -0 -16.4636 0 -16.4636 -0.0011 -16.4636 0.0128 -16.4636 -0.044 -16.4636 0.0031 -16.4636 -0.0246 
-16.3834 0.6769 -16.3834 -2.5725 -16.3834 0 -16.3834 -0.0002 -16.3834 0 -16.3834 -0 -16.3834 0 -16.3834 -0.0004 -16.3834 0.0051 -16.3834 -0.0213 -16.3834 0.0012 -16.3834 -0.0113 
-16.3033 0.2015 -16.3033 -0.91 -16.3033 0 -16.3033 -0 -16.3033 0 -16.3033 -0 -16.3033 0 -16.3033 -0 -16.3033 0.0015 -16.3033 -0.0076 -16.3033 0.0003 -16.3033 -0.0039 
-16.2231 0.0444 -16.2231 -0.2429 -16.2231 0 -16.2231 -0 -16.2231 0 -16.2231 -0 -16.2231 0 -16.2231 -0 -16.2231 0.0002 -16.2231 -0.0019 -16.2231 0 -16.2231 -0.0011 
-16.143 0.0072 -16.143 -0.0485 -16.143 0 -16.143 -0 -16.143 0 -16.143 -0 -16.143 0 -16.143 -0 -16.143 0 -16.143 -0.0004 -16.143 0 -16.143 -0.0002 
-16.0628 0.0009 -16.0628 -0.0072 -16.0628 0 -16.0628 -0 -16.0628 0 -16.0628 -0 -16.0628 0 -16.0628 -0 -16.0628 0 -16.0628 -0 -16.0628 0 -16.0628 -0 
-15.9826 0.0004 -15.9826 -0.001 -15.9826 0 -15.9826 -0 -15.9826 0 -15.9826 -0 -15.9826 0 -15.9826 -0 -15.9826 0 -15.9826 -0 -15.9826 0 -15.9826 -0 
-15.9025 0.0029 -15.9025 -0.002 -15.9025 0 -15.9025 -0 -15.9025 0 -15.9025 -0 -15.9025 0 -15.9025 -0 -15.9025 0 -15.9025 -0 -15.9025 0 -15.9025 -0 
-15.8223 0.0205 -15.8223 -0.0145 -15.8223 0 -15.8223 -0 -15.8223 0 -15.8223 -0 -15.8223 0 -15.8223 -0 -15.8223 0 -15.8223 -0 -15.8223 0 -15.8223 -0 
-15.7422 0.1106 -15.7422 -0.0817 -15.7422 0 -15.7422 -0 -15.7422 0 -15.7422 -0 -15.7422 0 -15.7422 -0 -15.7422 0 -15.7422 -0 -15.7422 0 -15.7422 -0 
-15.662 0.4504 -15.662 -0.349 -15.662 0 -15.662 -0 -15.662 0 -15.662 -0 -15.662 0 -15.662 -0 -15.662 0 -15.662 -0.0002 -15.662 0.0002 -15.662 -0 
-15.5818 1.3869 -15.5818 -1.1311 -15.5818 0 -15.5818 -0 -15.5818 0 -15.5818 -0 -15.5818 0 -15.5818 -0 -15.5818 0.0002 -15.5818 -0.0006 -15.5818 0.0006 -15.5818 -0.0004 
-15.5017 3.2323 -15.5017 -2.7843 -15.5017 0 -15.5017 -0 -15.5017 0 -15.5017 -0 -15.5017 0 -15.5017 -0 -15.5017 0.0006 -15.5017 -0.0015 -15.5017 0.0016 -15.5017 -0.0006 
-15.4215 5.7031 -15.4215 -5.2014 -15.4215 0 -15.4215 -0 -15.4215 0 -15.4215 -0 -15.4215 0 -15.4215 -0 -15.4215 0.0011 -15.4215 -0.0029 -15.4215 0.0026 -15.4215 -0.0014 
-15.3414 7.6134 -15.3414 -7.3588 -15.3414 0 -15.3414 -0 -15.3414 0 -15.3414 -0 -15.3414 0 -15.3414 -0 -15.3414 0.0014 -15.3414 -0.0044 -15.3414 0.0034 -15.3414 -0.0018 
-15.2612 7.6793 -15.2612 -7.8633 -15.2612 0 -15.2612 -0 -15.2612 0 -15.2612 -0 -15.2612 0 -15.2612 -0 -15.2612 0.0015 -15.2612 -0.0048 -15.2612 0.0032 -15.2612 -0.0018 
-15.181 5.8423 -15.181 -6.3269 -15.181 0 -15.181 -0 -15.181 0 -15.181 -0 -15.181 0 -15.181 -0 -15.181 0.0013 -15.181 -0.004 -15.181 0.0022 -15.181 -0.0015 
-15.1009 3.3455 -15.1009 -3.8217 -15.1009 0 -15.1009 -0 -15.1009 0 -15.1009 -0 -15.1009 0 -15.1009 -0 -15.1009 0.0008 -15.1009 -0.0026 -15.1009 0.0011 -15.1009 -0.0009 
-15.0207 1.4389 -15.0207 -1.7282 -15.0207 0 -15.0207 -0 -15.0207 0 -15.0207 -0 -15.0207 0 -15.0207 -0 -15.0207 0.0003 -15.0207 -0.0012 -15.0207 0.0005 -15.0207 -0.0004 
-14.9406 0.4638 -14.9406 -0.5836 -14.9406 0 -14.9406 -0 -14.9406 0 -14.9406 -0 -14.9406 0 -14.9406 -0 -14.9406 0 -14.9406 -0.0004 -14.9406 0 -14.9406 -0 
-14.8604 0.1118 -14.8604 -0.1468 -14.8604 0 -14.8604 -0 -14.8604 0 -14.8604 -0 -14.8604 0 -14.8604 -0 -14.8604 0 -14.8604 -0 -14.8604 0 -14.8604 -0 
-14.7802 0.0201 -14.7802 -0.0275 -14.7802 0 -14.7802 -0 -14.7802 0 -14.7802 -0 -14.7802 0 -14.7802 -0 -14.7802 0 -14.7802 -0 -14.7802 0 -14.7802 -0 
-14.7001 0.0027 -14.7001 -0.0038 -14.7001 0 -14.7001 -0 -14.7001 0 -14.7001 -0 -14.7001 0 -14.7001 -0 -14.7001 0 -14.7001 -0 -14.7001 0 -14.7001 -0 
-14.6199 0.0003 -14.6199 -0.0004 -14.6199 0 -14.6199 -0 -14.6199 0 -14.6199 -0 -14.6199 0 -14.6199 -0 -14.6199 0 -14.6199 -0 -14.6199 0 -14.6199 -0 
-14.5398 0.0 -14.5398 -0 -14.5398 0 -14.5398 -0 -14.5398 0 -14.5398 -0 -14.5398 0 -14.5398 -0 -14.5398 0 -14.5398 -0 -14.5398 0 -14.5398 -0 
-14.4596 0.0 -14.4596 -0 -14.4596 0 -14.4596 -0 -14.4596 0 -14.4596 -0 -14.4596 0 -14.4596 -0 -14.4596 0 -14.4596 -0 -14.4596 0 -14.4596 -0 
-14.3794 0.0 -14.3794 -0 -14.3794 0 -14.3794 -0 -14.3794 0 -14.3794 -0 -14.3794 0 -14.3794 -0 -14.3794 0 -14.3794 -0 -14.3794 0 -14.3794 -0 
-14.2993 0.0 -14.2993 -0 -14.2993 0 -14.2993 -0 -14.2993 0 -14.2993 -0 -14.2993 0 -14.2993 -0 -14.2993 0 -14.2993 -0 -14.2993 0 -14.2993 -0 
-14.2191 0.0 -14.2191 -0 -14.2191 0 -14.2191 -0 -14.2191 0 -14.2191 -0 -14.2191 0 -14.2191 -0 -14.2191 0 -14.2191 -0 -14.2191 0 -14.2191 -0 
-14.139 0.0 -14.139 -0 -14.139 0 -14.139 -0 -14.139 0 -14.139 -0 -14.139 0 -14.139 -0 -14.139 0 -14.139 -0 -14.139 0 -14.139 -0 
-14.0588 0.0 -14.0588 -0 -14.0588 0 -14.0588 -0 -14.0588 0 -14.0588 -0 -14.0588 0 -14.0588 -0 -14.0588 0 -14.0588 -0 -14.0588 0 -14.0588 -0 
-13.9786 0.0 -13.9786 -0 -13.9786 0 -13.9786 -0 -13.9786 0 -13.9786 -0 -13.9786 0 -13.9786 -0 -13.9786 0 -13.9786 -0 -13.9786 0 -13.9786 -0 
-13.8985 0.0 -13.8985 -0 -13.8985 0 -13.8985 -0 -13.8985 0 -13.8985 -0 -13.8985 0 -13.8985 -0 -13.8985 0 -13.8985 -0 -13.8985 0 -13.8985 -0 
-13.8183 0.0 -13.8183 -0 -13.8183 0 -13.8183 -0 -13.8183 0 -13.8183 -0 -13.8183 0 -13.8183 -0 -13.8183 0 -13.8183 -0 -13.8183 0 -13.8183 -0 
-13.7382 0.0 -13.7382 -0 -13.7382 0 -13.7382 -0 -13.7382 0 -13.7382 -0 -13.7382 0 -13.7382 -0 -13.7382 0 -13.7382 -0 -13.7382 0 -13.7382 -0 
-13.658 0.0 -13.658 -0 -13.658 0 -13.658 -0 -13.658 0 -13.658 -0 -13.658 0 -13.658 -0 -13.658 0 -13.658 -0 -13.658 0 -13.658 -0 
-13.5778 0.0 -13.5778 -0 -13.5778 0 -13.5778 -0 -13.5778 0 -13.5778 -0 -13.5778 0 -13.5778 -0 -13.5778 0 -13.5778 -0 -13.5778 0 -13.5778 -0 
-13.4977 0.0 -13.4977 -0 -13.4977 0 -13.4977 -0 -13.4977 0 -13.4977 -0 -13.4977 0 -13.4977 -0 -13.4977 0 -13.4977 -0 -13.4977 0 -13.4977 -0 
-13.4175 0.0 -13.4175 -0 -13.4175 0 -13.4175 -0 -13.4175 0 -13.4175 -0 -13.4175 0 -13.4175 -0 -13.4175 0 -13.4175 -0 -13.4175 0 -13.4175 -0 
-13.3374 0.0 -13.3374 -0 -13.3374 0 -13.3374 -0 -13.3374 0 -13.3374 -0 -13.3374 0 -13.3374 -0 -13.3374 0 -13.3374 -0 -13.3374 0 -13.3374 -0 
-13.2572 0.0 -13.2572 -0 -13.2572 0 -13.2572 -0 -13.2572 0 -13.2572 -0 -13.2572 0 -13.2572 -0 -13.2572 0 -13.2572 -0 -13.2572 0 -13.2572 -0 
-13.177 0.0 -13.177 -0 -13.177 0 -13.177 -0 -13.177 0 -13.177 -0 -13.177 0 -13.177 -0 -13.177 0 -13.177 -0 -13.177 0 -13.177 -0 
-13.0969 0.0 -13.0969 -0 -13.0969 0 -13.0969 -0 -13.0969 0 -13.0969 -0 -13.0969 0 -13.0969 -0 -13.0969 0 -13.0969 -0 -13.0969 0 -13.0969 -0 
-13.0167 0.0 -13.0167 -0 -13.0167 0 -13.0167 -0 -13.0167 0 -13.0167 -0 -13.0167 0 -13.0167 -0 -13.0167 0 -13.0167 -0 -13.0167 0 -13.0167 -0 
-12.9366 0.0 -12.9366 -0 -12.9366 0 -12.9366 -0 -12.9366 0 -12.9366 -0 -12.9366 0 -12.9366 -0 -12.9366 0 -12.9366 -0 -12.9366 0 -12.9366 -0 
-12.8564 0.0 -12.8564 -0 -12.8564 0 -12.8564 -0 -12.8564 0 -12.8564 -0 -12.8564 0 -12.8564 -0 -12.8564 0 -12.8564 -0 -12.8564 0 -12.8564 -0 
-12.7762 0.0 -12.7762 -0 -12.7762 0 -12.7762 -0 -12.7762 0 -12.7762 -0 -12.7762 0 -12.7762 -0 -12.7762 0 -12.7762 -0 -12.7762 0 -12.7762 -0 
-12.6961 0.0 -12.6961 -0 -12.6961 0 -12.6961 -0 -12.6961 0 -12.6961 -0 -12.6961 0 -12.6961 -0 -12.6961 0 -12.6961 -0 -12.6961 0 -12.6961 -0 
-12.6159 0.0 -12.6159 -0 -12.6159 0 -12.6159 -0 -12.6159 0 -12.6159 -0 -12.6159 0 -12.6159 -0 -12.6159 0 -12.6159 -0 -12.6159 0 -12.6159 -0 
-12.5358 0.0 -12.5358 -0 -12.5358 0 -12.5358 -0 -12.5358 0 -12.5358 -0 -12.5358 0 -12.5358 -0 -12.5358 0 -12.5358 -0 -12.5358 0 -12.5358 -0 
-12.4556 0.0 -12.4556 -0 -12.4556 0 -12.4556 -0 -12.4556 0 -12.4556 -0 -12.4556 0 -12.4556 -0 -12.4556 0 -12.4556 -0 -12.4556 0 -12.4556 -0 
-12.3754 0.0 -12.3754 -0 -12.3754 0 -12.3754 -0 -12.3754 0 -12.3754 -0 -12.3754 0 -12.3754 -0 -12.3754 0 -12.3754 -0 -12.3754 0 -12.3754 -0 
-12.2953 0.0 -12.2953 -0 -12.2953 0 -12.2953 -0 -12.2953 0 -12.2953 -0 -12.2953 0 -12.2953 -0 -12.2953 0 -12.2953 -0 -12.2953 0 -12.2953 -0 
-12.2151 0.0 -12.2151 -0 -12.2151 0 -12.2151 -0 -12.2151 0 -12.2151 -0 -12.2151 0 -12.2151 -0 -12.2151 0 -12.2151 -0 -12.2151 0 -12.2151 -0 
-12.135 0.0 -12.135 -0 -12.135 0 -12.135 -0 -12.135 0 -12.135 -0 -12.135 0 -12.135 -0 -12.135 0 -12.135 -0 -12.135 0 -12.135 -0 
-12.0548 0.0 -12.0548 -0 -12.0548 0 -12.0548 -0 -12.0548 0 -12.0548 -0 -12.0548 0 -12.0548 -0 -12.0548 0 -12.0548 -0 -12.0548 0 -12.0548 -0 
-11.9746 0.0 -11.9746 -0 -11.9746 0 -11.9746 -0 -11.9746 0 -11.9746 -0 -11.9746 0 -11.9746 -0 -11.9746 0 -11.9746 -0 -11.9746 0 -11.9746 -0 
-11.8945 0.0 -11.8945 -0 -11.8945 0 -11.8945 -0 -11.8945 0 -11.8945 -0 -11.8945 0 -11.8945 -0 -11.8945 0 -11.8945 -0 -11.8945 0 -11.8945 -0 
-11.8143 0.0 -11.8143 -0 -11.8143 0 -11.8143 -0 -11.8143 0 -11.8143 -0 -11.8143 0 -11.8143 -0 -11.8143 0 -11.8143 -0 -11.8143 0 -11.8143 -0 
-11.7341 0.0 -11.7341 -0 -11.7341 0 -11.7341 -0 -11.7341 0 -11.7341 -0 -11.7341 0 -11.7341 -0 -11.7341 0 -11.7341 -0 -11.7341 0 -11.7341 -0 
-11.654 0.0 -11.654 -0 -11.654 0 -11.654 -0 -11.654 0 -11.654 -0 -11.654 0 -11.654 -0 -11.654 0 -11.654 -0 -11.654 0 -11.654 -0 
-11.5738 0.0 -11.5738 -0 -11.5738 0 -11.5738 -0 -11.5738 0 -11.5738 -0 -11.5738 0 -11.5738 -0 -11.5738 0 -11.5738 -0 -11.5738 0 -11.5738 -0 
-11.4937 0.0 -11.4937 -0 -11.4937 0 -11.4937 -0 -11.4937 0 -11.4937 -0 -11.4937 0 -11.4937 -0 -11.4937 0 -11.4937 -0 -11.4937 0 -11.4937 -0 
-11.4135 0.0 -11.4135 -0 -11.4135 0 -11.4135 -0 -11.4135 0 -11.4135 -0 -11.4135 0 -11.4135 -0 -11.4135 0 -11.4135 -0 -11.4135 0 -11.4135 -0 
-11.3333 0.0 -11.3333 -0 -11.3333 0 -11.3333 -0 -11.3333 0 -11.3333 -0 -11.3333 0 -11.3333 -0 -11.3333 0 -11.3333 -0 -11.3333 0 -11.3333 -0 
-11.2532 0.0 -11.2532 -0 -11.2532 0 -11.2532 -0 -11.2532 0 -11.2532 -0 -11.2532 0 -11.2532 -0 -11.2532 0 -11.2532 -0 -11.2532 0 -11.2532 -0 
-11.173 0.0 -11.173 -0 -11.173 0 -11.173 -0 -11.173 0 -11.173 -0 -11.173 0 -11.173 -0 -11.173 0 -11.173 -0 -11.173 0 -11.173 -0 
-11.0929 0.0 -11.0929 -0 -11.0929 0 -11.0929 -0 -11.0929 0 -11.0929 -0 -11.0929 0 -11.0929 -0 -11.0929 0 -11.0929 -0 -11.0929 0 -11.0929 -0 
-11.0127 0.0 -11.0127 -0 -11.0127 0 -11.0127 -0 -11.0127 0 -11.0127 -0 -11.0127 0 -11.0127 -0 -11.0127 0 -11.0127 -0 -11.0127 0 -11.0127 -0 
-10.9325 0.0003 -10.9325 -0 -10.9325 0 -10.9325 -0 -10.9325 0 -10.9325 -0 -10.9325 0 -10.9325 -0 -10.9325 0 -10.9325 -0 -10.9325 0 -10.9325 -0 
-10.8524 0.0018 -10.8524 -0 -10.8524 0 -10.8524 -0 -10.8524 0 -10.8524 -0 -10.8524 0 -10.8524 -0 -10.8524 0 -10.8524 -0 -10.8524 0 -10.8524 -0 
-10.7722 0.0102 -10.7722 -0 -10.7722 0 -10.7722 -0 -10.7722 0 -10.7722 -0 -10.7722 0 -10.7722 -0 -10.7722 0 -10.7722 -0 -10.7722 0 -10.7722 -0 
-10.6921 0.0423 -10.6921 -0 -10.6921 0 -10.6921 -0 -10.6921 0.0001 -10.6921 -0 -10.6921 0 -10.6921 -0 -10.6921 0 -10.6921 -0 -10.6921 0 -10.6921 -0 
-10.6119 0.1355 -10.6119 -0 -10.6119 0 -10.6119 -0 -10.6119 0.0004 -10.6119 -0 -10.6119 0 -10.6119 -0 -10.6119 0 -10.6119 -0 -10.6119 0 -10.6119 -0 
-10.5317 0.3413 -10.5317 -0.0001 -10.5317 0 -10.5317 -0 -10.5317 0.0011 -10.5317 -0 -10.5317 0 -10.5317 -0 -10.5317 0 -10.5317 -0 -10.5317 0 -10.5317 -0 
-10.4516 0.7014 -10.4516 -0.0007 -10.4516 0 -10.4516 -0 -10.4516 0.002 -10.4516 -0 -10.4516 0 -10.4516 -0 -10.4516 0 -10.4516 -0 -10.4516 0 -10.4516 -0 
-10.3714 1.2372 -10.3714 -0.0057 -10.3714 0 -10.3714 -0 -10.3714 0.0031 -10.3714 -0 -10.3714 0 -10.3714 -0 -10.3714 0 -10.3714 -0 -10.3714 0 -10.3714 -0 
-10.2913 1.9918 -10.2913 -0.033 -10.2913 0 -10.2913 -0 -10.2913 0.0041 -10.2913 -0 -10.2913 0 -10.2913 -0 -10.2913 0 -10.2913 -0 -10.2913 0 -10.2913 -0 
-10.2111 3.0771 -10.2111 -0.1445 -10.2111 0 -10.2111 -0 -10.2111 0.0048 -10.2111 -0 -10.2111 0 -10.2111 -0 -10.2111 0 -10.2111 -0 -10.2111 0 -10.2111 -0 
-10.1309 4.6163 -10.1309 -0.4796 -10.1309 0 -10.1309 -0 -10.1309 0.0051 -10.1309 -0 -10.1309 0 -10.1309 -0 -10.1309 0 -10.1309 -0.0001 -10.1309 0 -10.1309 -0 
-10.0508 6.551 -10.0508 -1.2332 -10.0508 0 -10.0508 -0 -10.0508 0.0057 -10.0508 -0 -10.0508 0 -10.0508 -0 -10.0508 0.0001 -10.0508 -0.0007 -10.0508 0 -10.0508 -0 
-9.97065 8.5246 -9.97065 -2.5399 -9.97065 0 -9.97065 -0 -9.97065 0.0073 -9.97065 -0.0001 -9.97065 0 -9.97065 -0 -9.97065 0.0002 -9.97065 -0.0018 -9.97065 0 -9.97065 -0 
-9.89055 10.1254 -9.89055 -4.3716 -9.89055 0 -9.89055 -0 -9.89055 0.01 -9.89055 -0.0003 -9.89055 0 -9.89055 -0 -9.89055 0.0004 -9.89055 -0.004 -9.89055 0 -9.89055 -0 
-9.81035 11.2961 -9.81035 -6.534 -9.81035 0 -9.81035 -0 -9.81035 0.0132 -9.81035 -0.0004 -9.81035 0 -9.81035 -0 -9.81035 0.0005 -9.81035 -0.007 -9.81035 0 -9.81035 -0 
-9.73015 12.3219 -9.73015 -8.6499 -9.73015 0 -9.73015 -0 -9.73015 0.0161 -9.73015 -0.0006 -9.73015 0 -9.73015 -0 -9.73015 0.0007 -9.73015 -0.0096 -9.73015 0 -9.73015 -0 
-9.65005 13.3998 -9.65005 -10.2144 -9.65005 0 -9.65005 -0 -9.65005 0.0188 -9.65005 -0.0008 -9.65005 0 -9.65005 -0 -9.65005 0.0011 -9.65005 -0.01 -9.65005 0 -9.65005 -0 
-9.56985 14.4268 -9.56985 -10.9807 -9.56985 0 -9.56985 -0 -9.56985 0.0213 -9.56985 -0.0009 -9.56985 0 -9.56985 -0 -9.56985 0.0018 -9.56985 -0.0084 -9.56985 0 -9.56985 -0 
-9.48975 15.2442 -9.48975 -11.2743 -9.48975 0.0001 -9.48975 -0 -9.48975 0.0229 -9.48975 -0.0016 -9.48975 0 -9.48975 -0 -9.48975 0.0026 -9.48975 -0.0061 -9.48975 0 -9.48975 -0 
-9.40955 15.9192 -9.40955 -11.6089 -9.40955 0.0006 -9.40955 -0 -9.40955 0.0233 -9.40955 -0.005 -9.40955 0 -9.40955 -0 -9.40955 0.0034 -9.40955 -0.0042 -9.40955 0 -9.40955 -0 
-9.32935 16.6635 -9.32935 -12.1133 -9.32935 0.0021 -9.32935 -0 -9.32935 0.0238 -9.32935 -0.0171 -9.32935 0.0001 -9.32935 -0 -9.32935 0.004 -9.32935 -0.0035 -9.32935 0.0002 -9.32935 -0 
-9.24925 17.5271 -9.24925 -12.755 -9.24925 0.0069 -9.24925 -0 -9.24925 0.0264 -9.24925 -0.0475 -9.24925 0.0002 -9.24925 -0.0001 -9.24925 0.0045 -9.24925 -0.0033 -9.24925 0.0007 -9.24925 -0 
-9.16905 18.3551 -9.16905 -13.764 -9.16905 0.017 -9.16905 -0 -9.16905 0.0316 -9.16905 -0.1037 -9.16905 0.0004 -9.16905 -0.0002 -9.16905 0.005 -9.16905 -0.0039 -9.16905 0.0015 -9.16905 -0 
-9.08895 19.0893 -9.08895 -14.9905 -9.08895 0.0353 -9.08895 -0 -9.08895 0.0371 -9.08895 -0.1742 -9.08895 0.0008 -9.08895 -0.0006 -9.08895 0.0063 -9.08895 -0.0045 -9.08895 0.0029 -9.08895 -0 
-9.00875 19.916 -9.00875 -15.3041 -9.00875 0.0636 -9.00875 -0 -9.00875 0.0411 -9.00875 -0.2276 -9.00875 0.0016 -9.00875 -0.0018 -9.00875 0.0093 -9.00875 -0.0043 -9.00875 0.0046 -9.00875 -0 
-8.92855 20.9906 -8.92855 -13.8304 -8.92855 0.1056 -8.92855 -0 -8.92855 0.0432 -8.92855 -0.2372 -8.92855 0.0027 -8.92855 -0.0044 -8.92855 0.0144 -8.92855 -0.0034 -8.92855 0.0067 -8.92855 -0 
-8.84845 22.1957 -8.84845 -11.3097 -8.84845 0.1681 -8.84845 -0 -8.84845 0.0444 -8.84845 -0.2084 -8.84845 0.0038 -8.84845 -0.0101 -8.84845 0.0205 -8.84845 -0.002 -8.84845 0.0091 -8.84845 -0 
-8.76825 23.39 -8.76825 -9.1257 -8.76825 0.2595 -8.76825 -0 -8.76825 0.0448 -8.76825 -0.1665 -8.76825 0.005 -8.76825 -0.0225 -8.76825 0.0256 -8.76825 -0.001 -8.76825 0.0126 -8.76825 -0 
-8.68815 24.7617 -8.68815 -7.6817 -8.68815 0.3871 -8.68815 -0 -8.68815 0.0446 -8.68815 -0.1277 -8.68815 0.006 -8.68815 -0.0479 -8.68815 0.0279 -8.68815 -0.0004 -8.68815 0.0199 -8.68815 -0 
-8.60795 26.5942 -8.60795 -6.6559 -8.60795 0.5563 -8.60795 -0 -8.60795 0.0464 -8.60795 -0.0963 -8.60795 0.0074 -8.60795 -0.089 -8.60795 0.0275 -8.60795 -0.0005 -8.60795 0.0369 -8.60795 -0 
-8.52775 28.6471 -8.52775 -6.0024 -8.52775 0.7702 -8.52775 -0 -8.52775 0.0524 -8.52775 -0.0786 -8.52775 0.0096 -8.52775 -0.1367 -8.52775 0.0259 -8.52775 -0.0021 -8.52775 0.0705 -8.52775 -0 
-8.44765 30.101 -8.44765 -5.8495 -8.44765 1.0254 -8.44765 -0 -8.44765 0.0619 -8.44765 -0.0787 -8.44765 0.0133 -8.44765 -0.1824 -8.44765 0.0232 -8.44765 -0.0099 -8.44765 0.1292 -8.44765 -0 
-8.36745 30.2656 -8.36745 -6.0343 -8.36745 1.3027 -8.36745 -0.0001 -8.36745 0.0693 -8.36745 -0.0894 -8.36745 0.0176 -8.36745 -0.2597 -8.36745 0.0196 -8.36745 -0.0428 -8.36745 0.2211 -8.36745 -0.0001 
-8.28735 29.1987 -8.28735 -6.3969 -8.28735 1.5471 -8.28735 -0.0007 -8.28735 0.0706 -8.28735 -0.0979 -8.28735 0.0209 -8.28735 -0.4712 -8.28735 0.015 -8.28735 -0.1524 -8.28735 0.3589 -8.28735 -0.0003 
-8.20715 27.6673 -8.20715 -7.2727 -8.20715 1.6809 -8.20715 -0.0015 -8.20715 0.069 -8.20715 -0.1003 -8.20715 0.0224 -8.20715 -0.9421 -8.20715 0.0114 -8.20715 -0.4254 -8.20715 0.5515 -8.20715 -0.0009 
-8.12695 26.6542 -8.12695 -9.1902 -8.12695 1.6881 -8.12695 -0.0032 -8.12695 0.0712 -8.12695 -0.1004 -8.12695 0.0223 -8.12695 -1.6938 -8.12695 0.0092 -8.12695 -0.9305 -8.12695 0.7859 -8.12695 -0.0017 
-8.04685 26.6383 -8.04685 -12.0577 -8.04685 1.6615 -8.04685 -0.0058 -8.04685 0.0805 -8.04685 -0.0971 -8.04685 0.0227 -8.04685 -2.5456 -8.04685 0.0088 -8.04685 -1.6331 -8.04685 1.0224 -8.04685 -0.0026 
-7.96665 27.0191 -7.96665 -14.979 -7.96665 1.696 -7.96665 -0.0098 -7.96665 0.092 -7.96665 -0.0847 -7.96665 0.0246 -7.96665 -3.222 -7.96665 0.009 -7.96665 -2.3949 -7.96665 1.2243 -7.96665 -0.0037 
-7.88655 26.5704 -7.88655 -16.8729 -7.88655 1.7767 -7.88655 -0.0157 -7.88655 0.0994 -7.88655 -0.064 -7.88655 0.0279 -7.88655 -3.6357 -7.88655 0.0089 -7.88655 -3.0498 -7.88655 1.3937 -7.88655 -0.0044 
-7.80635 24.9033 -7.80635 -17.2006 -7.80635 1.8361 -7.80635 -0.0231 -7.80635 0.1085 -7.80635 -0.0419 -7.80635 0.0309 -7.80635 -3.9831 -7.80635 0.0078 -7.80635 -3.4523 -7.80635 1.5676 -7.80635 -0.0055 
-7.72615 23.037 -7.72615 -16.4616 -7.72615 1.86 -7.72615 -0.0297 -7.72615 0.1369 -7.72615 -0.0254 -7.72615 0.0325 -7.72615 -4.4983 -7.72615 0.0063 -7.72615 -3.5848 -7.72615 1.7701 -7.72615 -0.0064 
-7.64605 22.0705 -7.64605 -15.946 -7.64605 1.853 -7.64605 -0.0317 -7.64605 0.1975 -7.64605 -0.0182 -7.64605 0.0332 -7.64605 -5.1952 -7.64605 0.0051 -7.64605 -3.6659 -7.64605 1.9856 -7.64605 -0.0075 
-7.56585 21.9623 -7.56585 -16.4356 -7.56585 1.7865 -7.56585 -0.0273 -7.56585 0.2859 -7.56585 -0.0275 -7.56585 0.0342 -7.56585 -5.7981 -7.56585 0.0053 -7.56585 -3.946 -7.56585 2.1933 -7.56585 -0.0084 
-7.48575 22.0948 -7.48575 -17.243 -7.48575 1.6696 -7.48575 -0.0195 -7.48575 0.3876 -7.48575 -0.0723 -7.48575 0.0353 -7.48575 -5.7899 -7.48575 0.0072 -7.48575 -4.3456 -7.48575 2.4095 -7.48575 -0.009 
-7.40555 22.2916 -7.40555 -17.1119 -7.40555 1.5966 -7.40555 -0.012 -7.40555 0.4982 -7.40555 -0.1813 -7.40555 0.0363 -7.40555 -4.7998 -7.40555 0.0096 -7.40555 -4.4628 -7.40555 2.6489 -7.40555 -0.0094 
-7.32535 22.8027 -7.32535 -15.8911 -7.32535 1.6629 -7.32535 -0.0063 -7.32535 0.621 -7.32535 -0.362 -7.32535 0.036 -7.32535 -3.1342 -7.32535 0.0129 -7.32535 -4.0024 -7.32535 2.8687 -7.32535 -0.0107 
-7.24525 23.6964 -7.24525 -14.5645 -7.24525 1.857 -7.24525 -0.0029 -7.24525 0.7425 -7.24525 -0.5553 -7.24525 0.0343 -7.24525 -1.5777 -7.24525 0.0181 -7.24525 -3.1064 -7.24525 3.0067 -7.24525 -0.014 
-7.16505 24.5428 -7.16505 -13.6797 -7.16505 2.0537 -7.16505 -0.0014 -7.16505 0.8166 -7.16505 -0.6533 -7.16505 0.0314 -7.16505 -0.6259 -7.16505 0.0254 -7.16505 -2.1708 -7.16505 3.0502 -7.16505 -0.0191 
-7.08495 24.7288 -7.08495 -12.6212 -7.08495 2.1221 -7.08495 -0.0007 -7.08495 0.7962 -7.08495 -0.5953 -7.08495 0.0273 -7.08495 -0.2172 -7.08495 0.0326 -7.08495 -1.4374 -7.08495 3.0153 -7.08495 -0.0225 
-7.00475 24.1957 -7.00475 -10.7167 -7.00475 2.0458 -7.00475 -0.0006 -7.00475 0.7061 -7.00475 -0.4278 -7.00475 0.0227 -7.00475 -0.0808 -7.00475 0.0357 -7.00475 -0.9101 -7.00475 2.903 -7.00475 -0.0208 
-6.92455 23.6911 -6.92455 -8.476 -6.92455 1.9299 -6.92455 -0.0007 -6.92455 0.6666 -6.92455 -0.2585 -6.92455 0.0187 -6.92455 -0.0356 -6.92455 0.0327 -6.92455 -0.548 -6.92455 2.7399 -6.92455 -0.0149 
-6.84445 23.953 -6.84445 -7.2952 -6.84445 1.8664 -6.84445 -0.0012 -6.84445 0.8279 -6.84445 -0.1748 -6.84445 0.0157 -6.84445 -0.0176 -6.84445 0.0258 -6.84445 -0.3616 -6.84445 2.5969 -6.84445 -0.0091 
-6.76425 24.8231 -6.76425 -8.1544 -6.76425 1.8088 -6.76425 -0.0024 -6.76425 1.2709 -6.76425 -0.2204 -6.76425 0.0134 -6.76425 -0.0129 -6.76425 0.0183 -6.76425 -0.3533 -6.76425 2.4977 -6.76425 -0.0066 
-6.68405 25.4377 -6.68405 -10.7581 -6.68405 1.6385 -6.68405 -0.0045 -6.68405 1.9199 -6.68405 -0.4068 -6.68405 0.0116 -6.68405 -0.017 -6.68405 0.0127 -6.68405 -0.46 -6.68405 2.358 -6.68405 -0.0074 
-6.60395 24.9221 -6.60395 -13.5927 -6.60395 1.319 -6.60395 -0.0073 -6.60395 2.5063 -6.60395 -0.7034 -6.60395 0.0099 -6.60395 -0.0247 -6.60395 0.0098 -6.60395 -0.5644 -6.60395 2.0754 -6.60395 -0.0093 
-6.52375 22.7779 -6.52375 -14.8559 -6.52375 0.9312 -6.52375 -0.0107 -6.52375 2.6855 -6.52375 -1.0176 -6.52375 0.008 -6.52375 -0.0303 -6.52375 0.0102 -6.52375 -0.5659 -6.52375 1.6498 -6.52375 -0.0099 
-6.44365 19.1995 -6.44365 -13.9116 -6.44365 0.5803 -6.44365 -0.0145 -6.44365 2.3168 -6.44365 -1.22 -6.44365 0.0061 -6.44365 -0.0313 -6.44365 0.014 -6.44365 -0.4515 -6.44365 1.1821 -6.44365 -0.0085 
-6.36345 15.1985 -6.36345 -11.8662 -6.36345 0.3237 -6.36345 -0.0187 -6.36345 1.6197 -6.36345 -1.2249 -6.36345 0.0047 -6.36345 -0.0292 -6.36345 0.0206 -6.36345 -0.2923 -6.36345 0.7741 -6.36345 -0.0059 
-6.28325 12.0342 -6.28325 -10.3983 -6.28325 0.1672 -6.28325 -0.0235 -6.28325 0.976 -6.28325 -1.0579 -6.28325 0.0035 -6.28325 -0.0272 -6.28325 0.0274 -6.28325 -0.167 -6.28325 0.4683 -6.28325 -0.0036 
-6.20315 10.4044 -6.20315 -10.2454 -6.20315 0.0895 -6.20315 -0.0276 -6.20315 0.6103 -6.20315 -0.8287 -6.20315 0.0032 -6.20315 -0.0265 -6.20315 0.0303 -6.20315 -0.1019 -6.20315 0.26 -6.20315 -0.0024 
-6.12295 10.2125 -6.12295 -11.0435 -6.12295 0.0608 -6.12295 -0.0294 -6.12295 0.5008 -6.12295 -0.6327 -6.12295 0.0036 -6.12295 -0.0275 -6.12295 0.0284 -6.12295 -0.0807 -6.12295 0.1309 -6.12295 -0.0024 
-6.04285 10.8758 -6.04285 -12.2184 -6.04285 0.0565 -6.04285 -0.0278 -6.04285 0.5159 -6.04285 -0.4955 -6.04285 0.0045 -6.04285 -0.0309 -6.04285 0.0245 -6.04285 -0.0812 -6.04285 0.0612 -6.04285 -0.0038 
-5.96265 11.7187 -5.96265 -13.5278 -5.96265 0.0626 -5.96265 -0.0261 -5.96265 0.5476 -5.96265 -0.4033 -5.96265 0.0058 -5.96265 -0.0379 -5.96265 0.0223 -5.96265 -0.0906 -5.96265 0.0306 -5.96265 -0.0071 
-5.88245 12.2548 -5.88245 -14.858 -5.88245 0.0766 -5.88245 -0.0306 -5.88245 0.5458 -5.88245 -0.3424 -5.88245 0.0076 -5.88245 -0.0478 -5.88245 0.0221 -5.88245 -0.1026 -5.88245 0.0212 -5.88245 -0.0131 
-5.80235 12.3556 -5.80235 -16.0926 -5.80235 0.1006 -5.80235 -0.0456 -5.80235 0.5013 -5.80235 -0.3055 -5.80235 0.0105 -5.80235 -0.0597 -5.80235 0.0229 -5.80235 -0.1147 -5.80235 0.0221 -5.80235 -0.0217 
-5.72215 12.3201 -5.72215 -17.2762 -5.72215 0.1377 -5.72215 -0.0682 -5.72215 0.4292 -5.72215 -0.2832 -5.72215 0.0161 -5.72215 -0.0732 -5.72215 0.0235 -5.72215 -0.1295 -5.72215 0.0287 -5.72215 -0.0313 
-5.64205 12.7622 -5.64205 -18.4988 -5.64205 0.1852 -5.64205 -0.0891 -5.64205 0.3591 -5.64205 -0.2653 -5.64205 0.0259 -5.64205 -0.0874 -5.64205 0.0251 -5.64205 -0.1507 -5.64205 0.041 -5.64205 -0.038 
-5.56185 14.2322 -5.56185 -19.7366 -5.56185 0.236 -5.56185 -0.1021 -5.56185 0.3162 -5.56185 -0.245 -5.56185 0.0404 -5.56185 -0.1034 -5.56185 0.0294 -5.56185 -0.1775 -5.56185 0.0608 -5.56185 -0.0395 
-5.48165 16.7884 -5.48165 -21.0394 -5.48165 0.281 -5.48165 -0.1079 -5.48165 0.3089 -5.48165 -0.2221 -5.48165 0.0554 -5.48165 -0.1219 -5.48165 0.0357 -5.48165 -0.2028 -5.48165 0.0904 -5.48165 -0.0371 
-5.40155 19.8481 -5.40155 -22.4588 -5.40155 0.3085 -5.40155 -0.1113 -5.40155 0.3305 -5.40155 -0.2004 -5.40155 0.0656 -5.40155 -0.1403 -5.40155 0.0413 -5.40155 -0.2176 -5.40155 0.1265 -5.40155 -0.0347 
-5.32135 22.4303 -5.32135 -23.5731 -5.32135 0.3065 -5.32135 -0.1115 -5.32135 0.3705 -5.32135 -0.1823 -5.32135 0.0679 -5.32135 -0.1507 -5.32135 0.0434 -5.32135 -0.2151 -5.32135 0.1589 -5.32135 -0.0337 
-5.24125 23.6592 -5.24125 -23.6502 -5.24125 0.274 -5.24125 -0.1048 -5.24125 0.4194 -5.24125 -0.1662 -5.24125 0.0632 -5.24125 -0.1457 -5.24125 0.0418 -5.24125 -0.1977 -5.24125 0.175 -5.24125 -0.0334 
-5.16105 23.2456 -5.16105 -22.618 -5.16105 0.2281 -5.16105 -0.0916 -5.16105 0.4714 -5.16105 -0.1514 -5.16105 0.0546 -5.16105 -0.1274 -5.16105 0.0383 -5.16105 -0.1765 -5.16105 0.1694 -5.16105 -0.0324 
-5.08085 21.6632 -5.08085 -21.4243 -5.08085 0.1875 -5.08085 -0.0786 -5.08085 0.5242 -5.08085 -0.1416 -5.08085 0.0458 -5.08085 -0.1068 -5.08085 0.0367 -5.08085 -0.1656 -5.08085 0.1474 -5.08085 -0.0318 
-5.00075 19.8815 -5.00075 -21.1234 -5.00075 0.1585 -5.00075 -0.072 -5.00075 0.5757 -5.00075 -0.1426 -5.00075 0.0406 -5.00075 -0.0936 -5.00075 0.04 -5.00075 -0.1736 -5.00075 0.1213 -5.00075 -0.0337 
-4.92055 18.7849 -4.92055 -21.8369 -4.92055 0.1402 -4.92055 -0.0723 -4.92055 0.6182 -4.92055 -0.158 -4.92055 0.0428 -4.92055 -0.0901 -4.92055 0.05 -4.92055 -0.1966 -4.92055 0.1028 -4.92055 -0.0385 
-4.84045 18.6832 -4.84045 -22.7657 -4.84045 0.1339 -4.84045 -0.0774 -4.84045 0.6387 -4.84045 -0.1835 -4.84045 0.0537 -4.84045 -0.0922 -4.84045 0.0659 -4.84045 -0.22 -4.84045 0.0987 -4.84045 -0.0436 
-4.76025 19.2525 -4.76025 -23.0879 -4.76025 0.1421 -4.76025 -0.0856 -4.76025 0.6253 -4.76025 -0.2065 -4.76025 0.0726 -4.76025 -0.0938 -4.76025 0.0851 -4.76025 -0.2267 -4.76025 0.108 -4.76025 -0.0462 
-4.68005 19.9291 -4.68005 -22.6632 -4.68005 0.1679 -4.68005 -0.0973 -4.68005 0.5719 -4.68005 -0.216 -4.68005 0.0963 -4.68005 -0.0925 -4.68005 0.1041 -4.68005 -0.2107 -4.68005 0.1237 -4.68005 -0.0455 
-4.59995 20.4833 -4.59995 -21.8892 -4.59995 0.2122 -4.59995 -0.11 -4.59995 0.4867 -4.59995 -0.2094 -4.59995 0.1197 -4.59995 -0.0898 -4.59995 0.1222 -4.59995 -0.182 -4.59995 0.1383 -4.59995 -0.0433 
-4.51975 21.1723 -4.51975 -21.1931 -4.51975 0.2704 -4.51975 -0.1187 -4.51975 0.3952 -4.51975 -0.1934 -4.51975 0.1391 -4.51975 -0.0897 -4.51975 0.1392 -4.51975 -0.1563 -4.51975 0.1498 -4.51975 -0.0433 
-4.43965 22.2072 -4.43965 -20.8856 -4.43965 0.3275 -4.43965 -0.1207 -4.43965 0.3244 -4.43965 -0.1773 -4.43965 0.1525 -4.43965 -0.0967 -4.43965 0.1528 -4.43965 -0.1411 -4.43965 0.1607 -4.43965 -0.0476 
-4.35945 23.2674 -4.35945 -21.2751 -4.35945 0.3643 -4.35945 -0.1195 -4.35945 0.2855 -4.35945 -0.1681 -4.35945 0.1612 -4.35945 -0.1128 -4.35945 0.1583 -4.35945 -0.1356 -4.35945 0.1712 -4.35945 -0.0558 
-4.27925 23.7628 -4.27925 -22.4945 -4.27925 0.3709 -4.27925 -0.1203 -4.27925 0.2775 -4.27925 -0.1693 -4.27925 0.1637 -4.27925 -0.1369 -4.27925 0.1549 -4.27925 -0.1352 -4.27925 0.1781 -4.27925 -0.0672 
-4.19915 23.4924 -4.19915 -24.1719 -4.19915 0.3517 -4.19915 -0.1237 -4.19915 0.2966 -4.19915 -0.1816 -4.19915 0.158 -4.19915 -0.1653 -4.19915 0.1481 -4.19915 -0.1359 -4.19915 0.1772 -4.19915 -0.0804 
-4.11895 22.8916 -4.11895 -25.5857 -4.11895 0.319 -4.11895 -0.1298 -4.11895 0.3363 -4.11895 -0.1998 -4.11895 0.1458 -4.11895 -0.1984 -4.11895 0.1437 -4.11895 -0.1358 -4.11895 0.1696 -4.11895 -0.0974 
-4.03885 22.5538 -4.03885 -26.2944 -4.03885 0.2882 -4.03885 -0.141 -4.03885 0.3801 -4.03885 -0.2114 -4.03885 0.1357 -4.03885 -0.2425 -4.03885 0.1436 -4.03885 -0.1346 -4.03885 0.1616 -4.03885 -0.1219 
-3.95865 22.6695 -3.95865 -26.4625 -3.95865 0.2713 -3.95865 -0.163 -3.95865 0.4039 -3.95865 -0.2063 -3.95865 0.1361 -3.95865 -0.3011 -3.95865 0.1458 -3.95865 -0.1343 -3.95865 0.1593 -3.95865 -0.1528 
-3.87845 23.1143 -3.87845 -26.5092 -3.87845 0.269 -3.87845 -0.1979 -3.87845 0.3983 -3.87845 -0.1875 -3.87845 0.1491 -3.87845 -0.358 -3.87845 0.1479 -3.87845 -0.1391 -3.87845 0.1636 -3.87845 -0.1777 
-3.79835 23.7822 -3.79835 -26.6372 -3.79835 0.272 -3.79835 -0.2421 -3.79835 0.3783 -3.79835 -0.169 -3.79835 0.1703 -3.79835 -0.3853 -3.79835 0.1507 -3.79835 -0.1538 -3.79835 0.1714 -3.79835 -0.1825 
-3.71815 24.5245 -3.71815 -26.7994 -3.71815 0.2686 -3.71815 -0.2895 -3.71815 0.3624 -3.71815 -0.1599 -3.71815 0.192 -3.71815 -0.3701 -3.71815 0.1566 -3.71815 -0.1777 -3.71815 0.1786 -3.71815 -0.1664 
-3.63805 25.0176 -3.63805 -26.9071 -3.63805 0.2535 -3.63805 -0.3386 -3.63805 0.3527 -3.63805 -0.1589 -3.63805 0.2047 -3.63805 -0.3295 -3.63805 0.1681 -3.63805 -0.2028 -3.63805 0.1809 -3.63805 -0.1452 
-3.55785 24.9949 -3.55785 -26.9078 -3.55785 0.2293 -3.55785 -0.3933 -3.55785 0.341 -3.55785 -0.1596 -3.55785 0.2015 -3.55785 -0.2878 -3.55785 0.1863 -3.55785 -0.2213 -3.55785 0.1763 -3.55785 -0.1367 
-3.47765 24.5781 -3.47765 -26.7558 -3.47765 0.2044 -3.47765 -0.4515 -3.47765 0.3274 -3.47765 -0.1586 -3.47765 0.185 -3.47765 -0.2562 -3.47765 0.209 -3.47765 -0.2341 -3.47765 0.1663 -3.47765 -0.1475 
-3.39755 24.1938 -3.39755 -26.42 -3.39755 0.1869 -3.39755 -0.493 -3.39755 0.3195 -3.39755 -0.1556 -3.39755 0.1708 -3.39755 -0.2354 -3.39755 0.2322 -3.39755 -0.2477 -3.39755 0.1561 -3.39755 -0.1728 
-3.31735 24.0935 -3.31735 -25.9526 -3.31735 0.1801 -3.31735 -0.4896 -3.31735 0.3188 -3.31735 -0.1543 -3.31735 0.175 -3.31735 -0.2246 -3.31735 0.2506 -3.31735 -0.2634 -3.31735 0.15 -3.31735 -0.2024 
-3.23725 24.1361 -3.23725 -25.5144 -3.23725 0.1815 -3.23725 -0.4336 -3.23725 0.3162 -3.23725 -0.1596 -3.23725 0.2001 -3.23725 -0.2219 -3.23725 0.2593 -3.23725 -0.2744 -3.23725 0.1472 -3.23725 -0.2301 
-3.15705 24.077 -3.15705 -25.2282 -3.15705 0.1859 -3.15705 -0.3484 -3.15705 0.3045 -3.15705 -0.172 -3.15705 0.2317 -3.15705 -0.2234 -3.15705 0.2597 -3.15705 -0.2729 -3.15705 0.1443 -3.15705 -0.2541 
-3.07685 23.816 -3.07685 -24.976 -3.07685 0.186 -3.07685 -0.2674 -3.07685 0.2826 -3.07685 -0.1837 -3.07685 0.2494 -3.07685 -0.2223 -3.07685 0.2628 -3.07685 -0.2597 -3.07685 0.1402 -3.07685 -0.2724 
-2.99675 23.3745 -2.99675 -24.5087 -2.99675 0.1777 -2.99675 -0.2082 -2.99675 0.2523 -2.99675 -0.1859 -2.99675 0.2421 -2.99675 -0.2165 -2.99675 0.2822 -2.99675 -0.2427 -2.99675 0.1344 -2.99675 -0.2818 
-2.91655 22.8517 -2.91655 -23.839 -2.91655 0.1605 -2.91655 -0.1713 -2.91655 0.2182 -2.91655 -0.1781 -2.91655 0.2141 -2.91655 -0.2123 -2.91655 0.3194 -2.91655 -0.2304 -2.91655 0.1263 -2.91655 -0.2855 
-2.83645 22.3673 -2.83645 -23.2671 -2.83645 0.1401 -2.83645 -0.1525 -2.83645 0.1886 -2.83645 -0.1688 -2.83645 0.1806 -2.83645 -0.2206 -2.83645 0.3582 -2.83645 -0.2259 -2.83645 0.1161 -2.83645 -0.2918 
-2.75625 21.9304 -2.75625 -22.9008 -2.75625 0.1217 -2.75625 -0.1472 -2.75625 0.1705 -2.75625 -0.1644 -2.75625 0.1544 -2.75625 -0.2459 -2.75625 0.3768 -2.75625 -0.223 -2.75625 0.1056 -2.75625 -0.3033 
-2.67605 21.474 -2.67605 -22.4589 -2.67605 0.1092 -2.67605 -0.1496 -2.67605 0.1653 -2.67605 -0.1646 -2.67605 0.1412 -2.67605 -0.2802 -2.67605 0.3632 -2.67605 -0.2128 -2.67605 0.0969 -2.67605 -0.3134 
-2.59595 21.1165 -2.59595 -21.6831 -2.59595 0.104 -2.59595 -0.1529 -2.59595 0.1705 -2.59595 -0.1657 -2.59595 0.1396 -2.59595 -0.3104 -2.59595 0.3217 -2.59595 -0.1935 -2.59595 0.0907 -2.59595 -0.3159 
-2.51575 21.2296 -2.51575 -20.6903 -2.51575 0.1063 -2.51575 -0.1537 -2.51575 0.1827 -2.51575 -0.1673 -2.51575 0.1462 -2.51575 -0.3284 -2.51575 0.2705 -2.51575 -0.1706 -2.51575 0.0886 -2.51575 -0.3108 
-2.43565 22.0325 -2.43565 -19.8289 -2.43565 0.1142 -2.43565 -0.1527 -2.43565 0.1997 -2.43565 -0.1725 -2.43565 0.1588 -2.43565 -0.3331 -2.43565 0.2277 -2.43565 -0.1519 -2.43565 0.0918 -2.43565 -0.2983 
-2.35545 23.1983 -2.35545 -19.4256 -2.35545 0.1246 -2.35545 -0.1527 -2.35545 0.2202 -2.35545 -0.1854 -2.35545 0.1748 -2.35545 -0.329 -2.35545 0.1972 -2.35545 -0.1413 -2.35545 0.1002 -2.35545 -0.2796 
-2.27525 24.0794 -2.27525 -19.7146 -2.27525 0.1349 -2.27525 -0.1553 -2.27525 0.2422 -2.27525 -0.2114 -2.27525 0.1919 -2.27525 -0.3232 -2.27525 0.1726 -2.27525 -0.1371 -2.27525 0.1099 -2.27525 -0.2612 
-2.19515 24.2502 -2.19515 -20.6578 -2.19515 0.1432 -2.19515 -0.1574 -2.19515 0.2609 -2.19515 -0.2521 -2.19515 0.2076 -2.19515 -0.3203 -2.19515 0.1487 -2.19515 -0.1347 -2.19515 0.1186 -2.19515 -0.2526 
-2.11495 23.7033 -2.11495 -21.7082 -2.11495 0.1473 -2.11495 -0.1543 -2.11495 0.2703 -2.11495 -0.3022 -2.11495 0.2205 -2.11495 -0.3164 -2.11495 0.1275 -2.11495 -0.1305 -2.11495 0.1269 -2.11495 -0.254 
-2.03475 22.6865 -2.03475 -22.0663 -2.03475 0.1444 -2.03475 -0.1441 -2.03475 0.2639 -2.03475 -0.3541 -2.03475 0.2289 -2.03475 -0.3019 -2.03475 0.111 -2.03475 -0.1231 -2.03475 0.1377 -2.03475 -0.2539 
-1.95465 21.4713 -1.95465 -21.3214 -1.95465 0.1348 -1.95465 -0.1283 -1.95465 0.2403 -1.95465 -0.4053 -1.95465 0.2325 -1.95465 -0.271 -1.95465 0.0996 -1.95465 -0.1131 -1.95465 0.153 -1.95465 -0.2415 
-1.87445 20.1591 -1.87445 -19.7162 -1.87445 0.1225 -1.87445 -0.1101 -1.87445 0.2034 -1.87445 -0.4547 -1.87445 0.2279 -1.87445 -0.2279 -1.87445 0.091 -1.87445 -0.1024 -1.87445 0.1698 -1.87445 -0.2155 
-1.79435 18.7365 -1.79435 -17.7787 -1.79435 0.1141 -1.79435 -0.0916 -1.79435 0.1626 -1.79435 -0.4935 -1.79435 0.21 -1.79435 -0.1849 -1.79435 0.0842 -1.79435 -0.0961 -1.79435 0.1809 -1.79435 -0.182 
-1.71415 17.3829 -1.71415 -15.8787 -1.71415 0.1148 -1.71415 -0.0753 -1.71415 0.1315 -1.71415 -0.5044 -1.71415 0.1805 -1.71415 -0.1527 -1.71415 0.0797 -1.71415 -0.1027 -1.71415 0.1795 -1.71415 -0.1491 
-1.63395 16.4306 -1.63395 -14.2381 -1.63395 0.1243 -1.63395 -0.062 -1.63395 0.1222 -1.63395 -0.4794 -1.63395 0.1507 -1.63395 -0.1345 -1.63395 0.0787 -1.63395 -0.1356 -1.63395 0.1663 -1.63395 -0.123 
-1.55385 15.8739 -1.55385 -13.1649 -1.55385 0.135 -1.55385 -0.0519 -1.55385 0.1361 -1.55385 -0.4296 -1.55385 0.1304 -1.55385 -0.1259 -1.55385 0.0802 -1.55385 -0.2071 -1.55385 0.148 -1.55385 -0.1077 
-1.47365 15.3187 -1.47365 -12.9271 -1.47365 0.1374 -1.47365 -0.045 -1.47365 0.1667 -1.47365 -0.3723 -1.47365 0.1188 -1.47365 -0.1228 -1.47365 0.08 -1.47365 -0.3141 -1.47365 0.1339 -1.47365 -0.1033 
-1.39355 14.6125 -1.39355 -13.3367 -1.39355 0.1304 -1.39355 -0.0405 -1.39355 0.2123 -1.39355 -0.3214 -1.39355 0.1104 -1.39355 -0.1241 -1.39355 0.0751 -1.39355 -0.4247 -1.39355 0.1331 -1.39355 -0.1055 
-1.31335 14.1211 -1.31335 -13.7245 -1.31335 0.1229 -1.31335 -0.0379 -1.31335 0.2742 -1.31335 -0.2909 -1.31335 0.1037 -1.31335 -0.1263 -1.31335 0.0675 -1.31335 -0.4885 -1.31335 0.1496 -1.31335 -0.1073 
-1.23315 14.1651 -1.23315 -13.508 -1.23315 0.1238 -1.23315 -0.0358 -1.23315 0.3376 -1.23315 -0.2972 -1.23315 0.1009 -1.23315 -0.1238 -1.23315 0.0613 -1.23315 -0.4737 -1.23315 0.1765 -1.23315 -0.1048 
-1.15305 14.5508 -1.15305 -12.7013 -1.15305 0.1356 -1.15305 -0.0328 -1.15305 0.3665 -1.15305 -0.3495 -1.15305 0.1028 -1.15305 -0.1139 -1.15305 0.0587 -1.15305 -0.3993 -1.15305 0.2029 -1.15305 -0.0969 
-1.07285 14.9255 -1.07285 -11.7493 -1.07285 0.1576 -1.07285 -0.028 -1.07285 0.3333 -1.07285 -0.4375 -1.07285 0.1107 -1.07285 -0.0988 -1.07285 0.0596 -1.07285 -0.3201 -1.07285 0.2299 -1.07285 -0.086 
-0.992746 15.2618 -0.992746 -10.9316 -0.992746 0.1897 -0.992746 -0.0222 -0.992746 0.2521 -0.992746 -0.5212 -0.992746 0.1255 -0.992746 -0.0826 -0.992746 0.0632 -0.992746 -0.2758 -0.992746 0.267 -0.992746 -0.0744 
-0.912546 15.6141 -0.912546 -10.0614 -0.912546 0.2279 -0.912546 -0.0168 -0.912546 0.164 -0.912546 -0.5408 -0.912546 0.1431 -0.912546 -0.0665 -0.912546 0.0681 -0.912546 -0.2616 -0.912546 0.3152 -0.912546 -0.0631 
-0.832346 15.6244 -0.832346 -8.8097 -0.832346 0.2641 -0.832346 -0.0123 -0.832346 0.098 -0.832346 -0.4625 -0.832346 0.1526 -0.832346 -0.05 -0.832346 0.0712 -0.832346 -0.2465 -0.832346 0.3577 -0.832346 -0.0531 
-0.752246 14.753 -0.752246 -7.2853 -0.752246 0.2973 -0.752246 -0.0096 -0.752246 0.0574 -0.752246 -0.3154 -0.752246 0.1453 -0.752246 -0.0345 -0.752246 0.0695 -0.752246 -0.2133 -0.752246 0.3711 -0.752246 -0.0466 
-0.672046 13.0509 -0.672046 -6.1 -0.672046 0.3446 -0.672046 -0.0084 -0.672046 0.0337 -0.672046 -0.1682 -0.672046 0.125 -0.672046 -0.0236 -0.672046 0.0638 -0.672046 -0.1737 -0.672046 0.3488 -0.672046 -0.0476 
-0.591946 11.328 -0.591946 -5.667 -0.591946 0.4326 -0.591946 -0.0082 -0.591946 0.0193 -0.591946 -0.0697 -0.591946 0.1065 -0.591946 -0.0196 -0.591946 0.0579 -0.591946 -0.1444 -0.591946 0.3074 -0.591946 -0.0579 
-0.511746 10.3529 -0.511746 -5.602 -0.511746 0.566 -0.511746 -0.0079 -0.511746 0.0113 -0.511746 -0.0228 -0.511746 0.1003 -0.511746 -0.0199 -0.511746 0.0539 -0.511746 -0.1235 -0.511746 0.2745 -0.511746 -0.0709 
-0.431546 10.0833 -0.431546 -5.106 -0.431546 0.6982 -0.431546 -0.0069 -0.431546 0.0072 -0.431546 -0.0066 -0.431546 0.1048 -0.431546 -0.02 -0.431546 0.0508 -0.431546 -0.0977 -0.431546 0.2647 -0.431546 -0.0742 
-0.351446 9.8152 -0.351446 -3.8774 -0.351446 0.7463 -0.351446 -0.0048 -0.351446 0.0054 -0.351446 -0.0019 -0.351446 0.108 -0.351446 -0.0169 -0.351446 0.046 -0.351446 -0.0643 -0.351446 0.2696 -0.351446 -0.0614 
-0.271246 8.9472 -0.271246 -2.3981 -0.271246 0.6578 -0.271246 -0.0025 -0.271246 0.0043 -0.271246 -0.0009 -0.271246 0.0997 -0.271246 -0.0114 -0.271246 0.0379 -0.271246 -0.0334 -0.271246 0.267 -0.271246 -0.039 
-0.191146 7.4737 -0.191146 -1.3681 -0.191146 0.4663 -0.191146 -0.001 -0.191146 0.0065 -0.191146 -0.0011 -0.191146 0.0803 -0.191146 -0.0058 -0.191146 0.0275 -0.191146 -0.0134 -0.191146 0.2409 -0.191146 -0.0189 
-0.110946 5.8099 -0.110946 -1.1182 -0.110946 0.2636 -0.110946 -0.0002 -0.110946 0.0226 -0.110946 -0.0025 -0.110946 0.0576 -0.110946 -0.0023 -0.110946 0.017 -0.110946 -0.0041 -0.110946 0.1918 -0.110946 -0.007 
-0.0307457 4.3849 -0.0307457 -1.5415 -0.0307457 0.1199 -0.0307457 -0 -0.0307457 0.0799 -0.0307457 -0.0047 -0.0307457 0.0384 -0.0307457 -0.0005 -0.0307457 0.009 -0.0307457 -0.0011 -0.0307457 0.1339 -0.0307457 -0.0019 
0.0493543 3.5675 0.0493543 -2.3096 0.0493543 0.0451 0.0493543 -0 0.0493543 0.2212 0.0493543 -0.0086 0.0493543 0.0236 0.0493543 -0.0002 0.0493543 0.0046 0.0493543 -0.0004 0.0493543 0.0813 0.0493543 -0.0004 
0.129554 3.7565 0.129554 -3.0719 0.129554 0.015 0.129554 -0 0.129554 0.4646 0.129554 -0.0137 0.129554 0.013 0.129554 -0 0.129554 0.0029 0.129554 -0.0004 0.129554 0.0424 0.129554 -0 
0.209654 5.1802 0.209654 -3.6092 0.209654 0.0046 0.209654 -0 0.209654 0.749 0.209654 -0.0206 0.209654 0.006 0.209654 -0 0.209654 0.0031 0.209654 -0.0004 0.209654 0.0187 0.209654 -0 
0.289854 7.5973 0.289854 -3.9178 0.289854 0.0015 0.289854 -0 0.289854 0.9478 0.289854 -0.0295 0.289854 0.0025 0.289854 -0.0001 0.289854 0.0046 0.289854 -0.0004 0.289854 0.0068 0.289854 -0 
0.370054 10.3964 0.370054 -4.1518 0.370054 0.0006 0.370054 -0 0.370054 0.9849 0.370054 -0.0404 0.370054 0.0012 0.370054 -0.0001 0.370054 0.0074 0.370054 -0.0004 0.370054 0.0021 0.370054 -0 
0.450154 12.9751 0.450154 -4.5078 0.450154 0.0002 0.450154 -0 0.450154 0.9194 0.450154 -0.0518 0.450154 0.0006 0.450154 -0.0001 0.450154 0.0102 0.450154 -0.0008 0.450154 0.0006 0.450154 -0 
0.530354 14.9919 0.530354 -5.233 0.530354 0.0002 0.530354 -0 0.530354 0.9003 0.530354 -0.0627 0.530354 0.0004 0.530354 -0.0001 0.530354 0.0122 0.530354 -0.0015 0.530354 0.0003 0.530354 -0 
0.610454 16.4359 0.610454 -6.6566 0.610454 0.0001 0.610454 -0 0.610454 1.0404 0.610454 -0.0734 0.610454 0.0005 0.610454 -0.0001 0.610454 0.0129 0.610454 -0.0028 0.610454 0 0.610454 -0.0001 
0.690654 17.41 0.690654 -8.98 0.690654 0.0001 0.690654 -0.0001 0.690654 1.3077 0.690654 -0.089 0.690654 0.0006 0.690654 -0.0001 0.690654 0.0121 0.690654 -0.0055 0.690654 0 0.690654 -0.0003 
0.770854 17.6713 0.770854 -11.9923 0.770854 0.0001 0.770854 -0.0001 0.770854 1.5143 0.770854 -0.1249 0.770854 0.0006 0.770854 -0.0001 0.770854 0.0106 0.770854 -0.0101 0.770854 0 0.770854 -0.0004 
0.850954 16.6825 0.850954 -15.1836 0.850954 0 0.850954 -0.0001 0.850954 1.4646 0.850954 -0.2185 0.850954 0.0006 0.850954 -0.0001 0.850954 0.0085 0.850954 -0.0161 0.850954 0 0.850954 -0.0009 
0.931154 14.3032 0.931154 -18.1614 0.931154 0 0.931154 -0.0003 0.931154 1.1486 0.931154 -0.436 0.931154 0.0006 0.931154 -0.0004 0.931154 0.006 0.931154 -0.0219 0.931154 0 0.931154 -0.0013 
1.01125 11.026 1.01125 -20.7955 1.01125 0 1.01125 -0.0006 1.01125 0.7403 1.01125 -0.8479 1.01125 0.0004 1.01125 -0.0007 1.01125 0.0036 1.01125 -0.0251 1.01125 0 1.01125 -0.0015 
1.09145 7.5302 1.09145 -23.0573 1.09145 0 1.09145 -0.001 1.09145 0.4091 1.09145 -1.4716 1.09145 0.0003 1.09145 -0.001 1.09145 0.0019 1.09145 -0.0244 1.09145 0 1.09145 -0.0017 
1.17165 4.4519 1.17165 -24.9787 1.17165 0 1.17165 -0.0019 1.17165 0.2021 1.17165 -2.2117 1.17165 0.0003 1.17165 -0.0013 1.17165 0.0009 1.17165 -0.0218 1.17165 0 1.17165 -0.0016 
1.25175 2.4126 1.25175 -26.6687 1.25175 0 1.25175 -0.0038 1.25175 0.0915 1.25175 -2.8452 1.25175 0.0006 1.25175 -0.0016 1.25175 0.0003 1.25175 -0.02 1.25175 0 1.25175 -0.0016 
1.33195 1.8871 1.33195 -28.1036 1.33195 0 1.33195 -0.0079 1.33195 0.0444 1.33195 -3.1054 1.33195 0.0015 1.33195 -0.0018 1.33195 0.0001 1.33195 -0.0201 1.33195 0 1.33195 -0.0019 
1.41205 3.1172 1.41205 -29.0016 1.41205 0 1.41205 -0.0149 1.41205 0.0417 1.41205 -2.8672 1.41205 0.0029 1.41205 -0.0021 1.41205 0.0001 1.41205 -0.0214 1.41205 0 1.41205 -0.0022 
1.49225 6.0356 1.49225 -29.1657 1.49225 0 1.49225 -0.024 1.49225 0.0707 1.49225 -2.2824 1.49225 0.0055 1.49225 -0.0025 1.49225 0.0001 1.49225 -0.0224 1.49225 0 1.49225 -0.0029 
1.57245 9.8877 1.57245 -28.8784 1.57245 0 1.57245 -0.0339 1.57245 0.1198 1.57245 -1.6698 1.57245 0.0084 1.57245 -0.0031 1.57245 0.0004 1.57245 -0.0234 1.57245 0 1.57245 -0.0045 
1.65255 13.1176 1.65255 -28.729 1.65255 0.0001 1.65255 -0.0434 1.65255 0.173 1.65255 -1.2542 1.65255 0.0121 1.65255 -0.004 1.65255 0.0004 1.65255 -0.0263 1.65255 0 1.65255 -0.0075 
1.73275 14.3086 1.73275 -29.0856 1.73275 0.0003 1.73275 -0.0536 1.73275 0.212 1.73275 -1.0444 1.73275 0.022 1.73275 -0.005 1.73275 0.0004 1.73275 -0.0323 1.73275 0 1.73275 -0.0124 
1.81285 13.3942 1.81285 -29.9078 1.81285 0.0007 1.81285 -0.0688 1.81285 0.2237 1.81285 -0.9351 1.81285 0.0621 1.81285 -0.0063 1.81285 0.0005 1.81285 -0.0405 1.81285 0.0001 1.81285 -0.0206 
1.89305 11.6087 1.89305 -31.0522 1.89305 0.0013 1.89305 -0.0941 1.89305 0.2093 1.89305 -0.8557 1.89305 0.2044 1.89305 -0.0081 1.89305 0.0007 1.89305 -0.0491 1.89305 0.0004 1.89305 -0.0344 
1.97325 10.4047 1.97325 -32.5478 1.97325 0.0041 1.97325 -0.1327 1.97325 0.1825 1.97325 -0.8031 1.97325 0.5908 1.97325 -0.0101 1.97325 0.0011 1.97325 -0.0578 1.97325 0.0012 1.97325 -0.0616 
2.05335 10.6558 2.05335 -34.3045 2.05335 0.0099 2.05335 -0.1828 2.05335 0.161 2.05335 -0.7784 2.05335 1.4024 2.05335 -0.0131 2.05335 0.0023 2.05335 -0.0666 2.05335 0.003 2.05335 -0.1173 
2.13355 12.3927 2.13355 -35.5817 2.13355 0.0204 2.13355 -0.2388 2.13355 0.1548 2.13355 -0.7413 2.13355 2.7551 2.13355 -0.0158 2.13355 0.0053 2.13355 -0.0744 2.13355 0.0065 2.13355 -0.2209 
2.21365 14.8833 2.21365 -35.2969 2.21365 0.0356 2.21365 -0.2965 2.21365 0.1596 2.21365 -0.6434 2.21365 4.587 2.21365 -0.0176 2.21365 0.0157 2.21365 -0.0767 2.21365 0.012 2.21365 -0.3834 
2.29385 17.106 2.29385 -33.1462 2.29385 0.0532 2.29385 -0.357 2.29385 0.1631 2.29385 -0.4868 2.29385 6.553 2.29385 -0.0175 2.29385 0.0569 2.29385 -0.0701 2.29385 0.019 2.29385 -0.6023 
2.37405 18.2199 2.37405 -29.9353 2.37405 0.0677 2.37405 -0.4286 2.37405 0.1578 2.37405 -0.3246 2.37405 7.9649 2.37405 -0.0167 2.37405 0.2001 2.37405 -0.0548 2.37405 0.0251 2.37405 -0.8739 
2.45415 17.8331 2.45415 -26.6713 2.45415 0.0713 2.45415 -0.5249 2.45415 0.1448 2.45415 -0.2104 2.45415 8.0618 2.45415 -0.0158 2.45415 0.5913 2.45415 -0.0361 2.45415 0.0271 2.45415 -1.2062 
2.53435 16.2903 2.53435 -23.9378 2.53435 0.0608 2.53435 -0.6616 2.53435 0.1291 2.53435 -0.1643 2.53435 6.6553 2.53435 -0.0161 2.53435 1.4177 2.53435 -0.0202 2.53435 0.0235 2.53435 -1.6165 
2.61445 14.5883 2.61445 -22.289 2.61445 0.0413 2.61445 -0.848 2.61445 0.1134 2.61445 -0.1846 2.61445 4.4335 2.61445 -0.018 2.61445 2.7601 2.61445 -0.0109 2.61445 0.0166 2.61445 -2.1117 
2.69465 13.604 2.69465 -22.4975 2.69465 0.0224 2.69465 -1.0641 2.69465 0.0985 2.69465 -0.2639 2.69465 2.3919 2.69465 -0.022 2.69465 4.3966 2.69465 -0.0093 2.69465 0.0098 2.69465 -2.6366 
2.77485 13.3633 2.77485 -24.7619 2.77485 0.0101 2.77485 -1.2446 2.77485 0.0852 2.77485 -0.3804 2.77485 1.068 2.77485 -0.0271 2.77485 5.7635 2.77485 -0.0148 2.77485 0.0052 2.77485 -3.0456 
2.85495 13.2005 2.85495 -27.8954 2.85495 0.0039 2.85495 -1.3329 2.85495 0.0723 2.85495 -0.4795 2.85495 0.4141 2.85495 -0.0306 2.85495 6.2555 2.85495 -0.0255 2.85495 0.0031 2.85495 -3.1947 
2.93515 12.6629 2.93515 -29.9831 2.93515 0.0017 2.93515 -1.3847 2.93515 0.0568 2.93515 -0.4979 2.93515 0.1513 2.93515 -0.031 2.93515 5.708 2.93515 -0.0374 2.93515 0.0027 2.93515 -3.0943 
3.01535 11.973 3.01535 -30.0855 3.01535 0.0007 3.01535 -1.5885 3.01535 0.0395 3.01535 -0.4212 3.01535 0.0574 3.01535 -0.0287 3.01535 4.5584 3.01535 -0.0446 3.01535 0.0026 3.01535 -2.9155 
3.09545 11.3727 3.09545 -28.9891 3.09545 0.0006 3.09545 -2.1349 3.09545 0.0249 3.09545 -0.2984 3.09545 0.0236 3.09545 -0.0268 3.09545 3.4638 3.09545 -0.0443 3.09545 0.0028 3.09545 -2.8309 
3.17565 10.6001 3.17565 -27.9846 3.17565 0.0004 3.17565 -3.019 3.17565 0.0152 3.17565 -0.1904 3.17565 0.011 3.17565 -0.0272 3.17565 2.8053 3.17565 -0.0386 3.17565 0.0032 3.17565 -2.8608 
3.25575 9.5134 3.25575 -27.1227 3.25575 0.0004 3.25575 -3.9245 3.25575 0.0099 3.25575 -0.1216 3.25575 0.0073 3.25575 -0.0296 3.25575 2.5228 3.25575 -0.0305 3.25575 0.0045 3.25575 -2.8753 
3.33595 8.6523 3.33595 -25.2594 3.33595 0.0004 3.33595 -4.3469 3.33595 0.0082 3.33595 -0.0836 3.33595 0.0083 3.33595 -0.0317 3.33595 2.3019 3.33595 -0.0218 3.33595 0.0066 3.33595 -2.7607 
3.41615 8.6796 3.41615 -21.9052 3.41615 0.0004 3.41615 -3.9996 3.41615 0.0125 3.41615 -0.0626 3.41615 0.0113 3.41615 -0.0321 3.41615 1.9176 3.41615 -0.0135 3.41615 0.0099 3.41615 -2.5562 
3.49625 9.5567 3.49625 -18.2717 3.49625 0.0004 3.49625 -3.1393 3.49625 0.0269 3.49625 -0.0525 3.49625 0.0139 3.49625 -0.0308 3.49625 1.4216 3.49625 -0.0076 3.49625 0.013 3.49625 -2.3803 
3.57645 10.5382 3.57645 -15.9976 3.57645 0.0005 3.57645 -2.3351 3.57645 0.0532 3.57645 -0.0506 3.57645 0.0138 3.57645 -0.0287 3.57645 0.988 3.57645 -0.0042 3.57645 0.015 3.57645 -2.2681 
3.65655 10.8638 3.65655 -15.4356 3.65655 0.0006 3.65655 -1.9279 3.65655 0.0869 3.65655 -0.0528 3.65655 0.0113 3.65655 -0.0264 3.65655 0.6864 3.65655 -0.003 3.65655 0.0151 3.65655 -2.1511 
3.73675 10.267 3.73675 -15.6012 3.73675 0.0005 3.73675 -1.8603 3.73675 0.1151 3.73675 -0.0535 3.73675 0.0078 3.73675 -0.0244 3.73675 0.4743 3.73675 -0.0026 3.73675 0.0133 3.73675 -1.9553 
3.81695 8.9676 3.81695 -15.2346 3.81695 0.0005 3.81695 -1.9402 3.81695 0.1239 3.81695 -0.0494 3.81695 0.0053 3.81695 -0.0232 3.81695 0.3084 3.81695 -0.0024 3.81695 0.0117 3.81695 -1.6551 
3.89705 7.5158 3.89705 -13.6758 3.89705 0.0005 3.89705 -2.0633 3.89705 0.1093 3.89705 -0.0408 3.89705 0.0038 3.89705 -0.0228 3.89705 0.1859 3.89705 -0.0019 3.89705 0.0115 3.89705 -1.2695 
3.97725 6.5242 3.97725 -11.1551 3.97725 0.0005 3.97725 -2.1542 3.97725 0.0836 3.97725 -0.0313 3.97725 0.0029 3.97725 -0.0223 3.97725 0.1129 3.97725 -0.0013 3.97725 0.0133 3.97725 -0.8591 
4.05735 6.2023 4.05735 -8.4464 4.05735 0.0005 4.05735 -2.0571 4.05735 0.0647 4.05735 -0.0249 4.05735 0.0025 4.05735 -0.0201 4.05735 0.0781 4.05735 -0.0006 4.05735 0.0156 4.05735 -0.504 
4.13755 6.1925 4.13755 -6.2491 4.13755 0.0006 4.13755 -1.6556 4.13755 0.06 4.13755 -0.0233 4.13755 0.0025 4.13755 -0.0154 4.13755 0.06 4.13755 -0.0004 4.13755 0.0159 4.13755 -0.2538 
4.21775 5.9958 4.21775 -4.8786 4.21775 0.0009 4.21775 -1.0625 4.21775 0.0617 4.21775 -0.0258 4.21775 0.0026 4.21775 -0.0096 4.21775 0.0442 4.21775 -0.0003 4.21775 0.0127 4.21775 -0.1087 
4.29785 5.4985 4.29785 -4.2823 4.29785 0.0011 4.29785 -0.5354 4.29785 0.0594 4.29785 -0.0287 4.29785 0.0023 4.29785 -0.0049 4.29785 0.0285 4.29785 -0.0002 4.29785 0.0077 4.29785 -0.0395 
4.37805 5.0404 4.37805 -4.1915 4.37805 0.0014 4.37805 -0.2255 4.37805 0.0516 4.37805 -0.0309 4.37805 0.002 4.37805 -0.002 4.37805 0.016 4.37805 -0.0002 4.37805 0.0037 4.37805 -0.0127 
4.45815 5.0085 4.45815 -4.3685 4.45815 0.0018 4.45815 -0.1053 4.45815 0.0431 4.45815 -0.0331 4.45815 0.0015 4.45815 -0.0009 4.45815 0.0087 4.45815 -0.0002 4.45815 0.0014 4.45815 -0.0049 
4.53835 5.4291 4.53835 -4.7276 4.53835 0.0021 4.53835 -0.0801 4.53835 0.0372 4.53835 -0.0369 4.53835 0.0014 4.53835 -0.0006 4.53835 0.0054 4.53835 -0.0002 4.53835 0.0005 4.53835 -0.0038 
4.61855 5.9787 4.61855 -5.1973 4.61855 0.0024 4.61855 -0.08 4.61855 0.0335 4.61855 -0.041 4.61855 0.0016 4.61855 -0.0006 4.61855 0.0044 4.61855 -0.0002 4.61855 0.0004 4.61855 -0.0038 
4.69865 6.2614 4.69865 -5.586 4.69865 0.0024 4.69865 -0.0752 4.69865 0.0304 4.69865 -0.0428 4.69865 0.0019 4.69865 -0.0006 4.69865 0.0045 4.69865 -0.0003 4.69865 0.0005 4.69865 -0.0036 
4.77885 5.9789 4.77885 -5.6446 4.77885 0.0021 4.77885 -0.0611 4.77885 0.0267 4.77885 -0.04 4.77885 0.0022 4.77885 -0.0006 4.77885 0.0046 4.77885 -0.0003 4.77885 0.0005 4.77885 -0.0028 
4.85895 5.0373 4.85895 -5.2598 4.85895 0.0016 4.85895 -0.0438 4.85895 0.0215 4.85895 -0.0329 4.85895 0.0022 4.85895 -0.0004 4.85895 0.0041 4.85895 -0.0003 4.85895 0.0005 4.85895 -0.0026 
4.93915 3.6851 4.93915 -4.5784 4.93915 0.0012 4.93915 -0.03 4.93915 0.015 4.93915 -0.0241 4.93915 0.0021 4.93915 -0.0004 4.93915 0.0033 4.93915 -0.0004 4.93915 0.0005 4.93915 -0.0027 
5.01935 2.4508 5.01935 -3.8681 5.01935 0.0009 5.01935 -0.0222 5.01935 0.009 5.01935 -0.0164 5.01935 0.0015 5.01935 -0.0004 5.01935 0.0029 5.01935 -0.0004 5.01935 0.0004 5.01935 -0.0035 
5.09945 1.7887 5.09945 -3.2458 5.09945 0.0007 5.09945 -0.0181 5.09945 0.0048 5.09945 -0.0107 5.09945 0.0013 5.09945 -0.0004 5.09945 0.0032 5.09945 -0.0004 5.09945 0.0003 5.09945 -0.0041 
5.17965 1.7554 5.17965 -2.6625 5.17965 0.0009 5.17965 -0.0149 5.17965 0.0028 5.17965 -0.007 5.17965 0.0017 5.17965 -0.0002 5.17965 0.0043 5.17965 -0.0005 5.17965 0.0005 5.17965 -0.0042 
5.25975 2.0389 5.25975 -2.1264 5.25975 0.0014 5.25975 -0.0116 5.25975 0.0026 5.25975 -0.0043 5.25975 0.0029 5.25975 -0.0002 5.25975 0.0052 5.25975 -0.0006 5.25975 0.0008 5.25975 -0.0037 
5.33995 2.2582 5.33995 -1.7692 5.33995 0.0019 5.33995 -0.0083 5.33995 0.0026 5.33995 -0.0029 5.33995 0.0046 5.33995 -0.0001 5.33995 0.0055 5.33995 -0.0006 5.33995 0.0011 5.33995 -0.0031 
5.42015 2.2272 5.42015 -1.6833 5.42015 0.0024 5.42015 -0.0063 5.42015 0.0025 5.42015 -0.0023 5.42015 0.0057 5.42015 -0.0001 5.42015 0.005 5.42015 -0.0007 5.42015 0.0014 5.42015 -0.0024 
5.50025 2.0133 5.50025 -1.8204 5.50025 0.0025 5.50025 -0.0063 5.50025 0.0022 5.50025 -0.002 5.50025 0.006 5.50025 -0.0002 5.50025 0.004 5.50025 -0.0008 5.50025 0.0014 5.50025 -0.0026 
5.58045 1.8179 5.58045 -2.0563 5.58045 0.0025 5.58045 -0.0084 5.58045 0.0018 5.58045 -0.002 5.58045 0.006 5.58045 -0.0005 5.58045 0.0034 5.58045 -0.0009 5.58045 0.0013 5.58045 -0.0034 
5.66055 1.8112 5.66055 -2.2608 5.66055 0.0026 5.66055 -0.0113 5.66055 0.0016 5.66055 -0.0019 5.66055 0.0066 5.66055 -0.0008 5.66055 0.0037 5.66055 -0.001 5.66055 0.0014 5.66055 -0.0046 
5.74075 2.0396 5.74075 -2.3272 5.74075 0.003 5.74075 -0.0133 5.74075 0.0018 5.74075 -0.002 5.74075 0.0081 5.74075 -0.0011 5.74075 0.0041 5.74075 -0.0009 5.74075 0.0014 5.74075 -0.0056 
5.82095 2.4115 5.82095 -2.2443 5.82095 0.0035 5.82095 -0.0136 5.82095 0.0022 5.82095 -0.0018 5.82095 0.0099 5.82095 -0.0012 5.82095 0.0049 5.82095 -0.0009 5.82095 0.0018 5.82095 -0.0062 
5.90105 2.7687 5.90105 -2.1406 5.90105 0.0037 5.90105 -0.0125 5.90105 0.0025 5.90105 -0.0016 5.90105 0.0105 5.90105 -0.0016 5.90105 0.0055 5.90105 -0.0008 5.90105 0.0019 5.90105 -0.006 
5.98125 2.992 5.98125 -2.2114 5.98125 0.0033 5.98125 -0.0115 5.98125 0.0029 5.98125 -0.0016 5.98125 0.0089 5.98125 -0.0018 5.98125 0.0059 5.98125 -0.001 5.98125 0.0017 5.98125 -0.0055 
6.06135 3.0104 6.06135 -2.5714 6.06135 0.0024 6.06135 -0.0122 6.06135 0.0032 6.06135 -0.0016 6.06135 0.006 6.06135 -0.0022 6.06135 0.0062 6.06135 -0.0014 6.06135 0.0013 6.06135 -0.0053 
6.14155 2.8156 6.14155 -3.1293 6.14155 0.0017 6.14155 -0.0147 6.14155 0.0032 6.14155 -0.0019 6.14155 0.0034 6.14155 -0.0027 6.14155 0.0062 6.14155 -0.0018 6.14155 0.001 6.14155 -0.0059 
6.22175 2.5866 6.22175 -3.6105 6.22175 0.0012 6.22175 -0.0172 6.22175 0.0028 6.22175 -0.0023 6.22175 0.002 6.22175 -0.0034 6.22175 0.0065 6.22175 -0.0022 6.22175 0.0009 6.22175 -0.0069 
6.30185 2.6474 6.30185 -3.7879 6.30185 0.001 6.30185 -0.0175 6.30185 0.0026 6.30185 -0.0026 6.30185 0.0014 6.30185 -0.0035 6.30185 0.0084 6.30185 -0.0022 6.30185 0.001 6.30185 -0.0071 
6.38205 3.1416 6.38205 -3.7526 6.38205 0.0015 6.38205 -0.0149 6.38205 0.0028 6.38205 -0.0026 6.38205 0.0015 6.38205 -0.0031 6.38205 0.0121 6.38205 -0.0025 6.38205 0.0015 6.38205 -0.0066 
6.46215 3.8734 6.46215 -3.9028 6.46215 0.0019 6.46215 -0.0107 6.46215 0.0032 6.46215 -0.0028 6.46215 0.0022 6.46215 -0.0022 6.46215 0.0169 6.46215 -0.0034 6.46215 0.0023 6.46215 -0.006 
6.54235 4.5871 6.54235 -4.526 6.54235 0.0027 6.54235 -0.0079 6.54235 0.0034 6.54235 -0.003 6.54235 0.003 6.54235 -0.0018 6.54235 0.0213 6.54235 -0.0052 6.54235 0.0034 6.54235 -0.0062 
6.62255 5.2695 6.62255 -5.4102 6.62255 0.0035 6.62255 -0.0076 6.62255 0.0038 6.62255 -0.0032 6.62255 0.0043 6.62255 -0.0016 6.62255 0.0243 6.62255 -0.0074 6.62255 0.0046 6.62255 -0.0072 
6.70265 6.03 6.70265 -6.0667 6.70265 0.0045 6.70265 -0.0093 6.70265 0.0042 6.70265 -0.0033 6.70265 0.0059 6.70265 -0.0019 6.70265 0.0264 6.70265 -0.009 6.70265 0.0056 6.70265 -0.009 
6.78285 6.7997 6.78285 -6.3077 6.78285 0.0058 6.78285 -0.0125 6.78285 0.0048 6.78285 -0.003 6.78285 0.008 6.78285 -0.0027 6.78285 0.0271 6.78285 -0.0098 6.78285 0.0065 6.78285 -0.011 
6.86295 7.3342 6.86295 -6.3421 6.86295 0.0072 6.86295 -0.0172 6.86295 0.0049 6.86295 -0.0027 6.86295 0.0101 6.86295 -0.0043 6.86295 0.026 6.86295 -0.0097 6.86295 0.007 6.86295 -0.0136 
6.94315 7.4724 6.94315 -6.3645 6.94315 0.0082 6.94315 -0.0226 6.94315 0.0046 6.94315 -0.0027 6.94315 0.0116 6.94315 -0.0063 6.94315 0.0229 6.94315 -0.0091 6.94315 0.007 6.94315 -0.0169 
7.02335 7.2513 7.02335 -6.3882 7.02335 0.0083 7.02335 -0.0275 7.02335 0.0041 7.02335 -0.0032 7.02335 0.0118 7.02335 -0.0086 7.02335 0.0197 7.02335 -0.008 7.02335 0.0067 7.02335 -0.0197 
7.10345 6.7883 7.10345 -6.411 7.10345 0.0076 7.10345 -0.0303 7.10345 0.0037 7.10345 -0.0039 7.10345 0.0107 7.10345 -0.0105 7.10345 0.0171 7.10345 -0.0069 7.10345 0.0056 7.10345 -0.021 
7.18365 6.1672 7.18365 -6.4259 7.18365 0.0063 7.18365 -0.0298 7.18365 0.0035 7.18365 -0.0045 7.18365 0.0092 7.18365 -0.0115 7.18365 0.0151 7.18365 -0.0061 7.18365 0.0045 7.18365 -0.02 
7.26375 5.4722 7.26375 -6.3274 7.26375 0.0051 7.26375 -0.0255 7.26375 0.0034 7.26375 -0.0048 7.26375 0.0077 7.26375 -0.0117 7.26375 0.0132 7.26375 -0.0058 7.26375 0.0035 7.26375 -0.017 
7.34395 4.8398 7.34395 -5.9968 7.34395 0.0043 7.34395 -0.0194 7.34395 0.0035 7.34395 -0.0049 7.34395 0.0066 7.34395 -0.0112 7.34395 0.0114 7.34395 -0.0055 7.34395 0.0028 7.34395 -0.0132 
7.42415 4.3744 7.42415 -5.4242 7.42415 0.0039 7.42415 -0.0138 7.42415 0.0038 7.42415 -0.0047 7.42415 0.0061 7.42415 -0.0105 7.42415 0.01 7.42415 -0.0051 7.42415 0.0021 7.42415 -0.0099 
7.50425 4.0446 7.50425 -4.6905 7.50425 0.0037 7.50425 -0.0102 7.50425 0.004 7.50425 -0.0045 7.50425 0.0057 7.50425 -0.0096 7.50425 0.0087 7.50425 -0.0047 7.50425 0.002 7.50425 -0.0071 
7.58445 3.7211 7.58445 -3.8953 7.58445 0.0036 7.58445 -0.0078 7.58445 0.0042 7.58445 -0.0042 7.58445 0.0056 7.58445 -0.0081 7.58445 0.0073 7.58445 -0.004 7.58445 0.0016 7.58445 -0.005 
7.66455 3.2856 7.66455 -3.1263 7.66455 0.0034 7.66455 -0.0066 7.66455 0.004 7.66455 -0.0037 7.66455 0.0052 7.66455 -0.0065 7.66455 0.0058 7.66455 -0.0036 7.66455 0.0015 7.66455 -0.0034 
7.74475 2.6962 7.74475 -2.468 7.74475 0.0028 7.74475 -0.0056 7.74475 0.0034 7.74475 -0.0033 7.74475 0.0046 7.74475 -0.0058 7.74475 0.0045 7.74475 -0.0029 7.74475 0.0012 7.74475 -0.0022 
7.82495 1.9964 7.82495 -1.9835 7.82495 0.0022 7.82495 -0.0048 7.82495 0.0025 7.82495 -0.003 7.82495 0.0035 7.82495 -0.0059 7.82495 0.0032 7.82495 -0.0022 7.82495 0.0009 7.82495 -0.0018 
7.90505 1.2908 7.90505 -1.6272 7.90505 0.0015 7.90505 -0.004 7.90505 0.0014 7.90505 -0.0027 7.90505 0.0025 7.90505 -0.0062 7.90505 0.002 7.90505 -0.0017 7.90505 0.0006 7.90505 -0.0017 
7.98525 0.7019 7.98525 -1.2585 7.98525 0.0009 7.98525 -0.003 7.98525 0.0007 7.98525 -0.0023 7.98525 0.0013 7.98525 -0.0056 7.98525 0.001 7.98525 -0.0013 7.98525 0.0005 7.98525 -0.0013 
8.06545 0.3091 8.06545 -0.8229 8.06545 0.0003 8.06545 -0.0019 8.06545 0.0003 8.06545 -0.0015 8.06545 0.0006 8.06545 -0.0039 8.06545 0.0004 8.06545 -0.0008 8.06545 0 8.06545 -0.001 
8.14555 0.1069 8.14555 -0.4222 8.14555 0 8.14555 -0.001 8.14555 0 8.14555 -0.0007 8.14555 0.0001 8.14555 -0.0021 8.14555 0.0002 8.14555 -0.0003 8.14555 0 8.14555 -0.0004 
8.22575 0.0283 8.22575 -0.1638 8.22575 0 8.22575 -0.0004 8.22575 0 8.22575 -0.0003 8.22575 0 8.22575 -0.0009 8.22575 0 8.22575 -0.0001 8.22575 0 8.22575 -0.0001 
8.30585 0.0057 8.30585 -0.0473 8.30585 0 8.30585 -0 8.30585 0 8.30585 -0 8.30585 0 8.30585 -0.0002 8.30585 0 8.30585 -0 8.30585 0 8.30585 -0 
8.38605 0.0008 8.38605 -0.0101 8.38605 0 8.38605 -0 8.38605 0 8.38605 -0 8.38605 0 8.38605 -0 8.38605 0 8.38605 -0 8.38605 0 8.38605 -0 
8.46625 0.0001 8.46625 -0.0016 8.46625 0 8.46625 -0 8.46625 0 8.46625 -0 8.46625 0 8.46625 -0 8.46625 0 8.46625 -0 8.46625 0 8.46625 -0 
8.54635 0.0 8.54635 -0.0002 8.54635 0 8.54635 -0 8.54635 0 8.54635 -0 8.54635 0 8.54635 -0 8.54635 0 8.54635 -0 8.54635 0 8.54635 -0 
8.62655 0.0 8.62655 -0 8.62655 0 8.62655 -0 8.62655 0 8.62655 -0 8.62655 0 8.62655 -0 8.62655 0 8.62655 -0 8.62655 0 8.62655 -0 
8.70665 0.0 8.70665 -0 8.70665 0 8.70665 -0 8.70665 0 8.70665 -0 8.70665 0 8.70665 -0 8.70665 0 8.70665 -0 8.70665 0 8.70665 -0 
8.78685 0.0 8.78685 -0 8.78685 0 8.78685 -0 8.78685 0 8.78685 -0 8.78685 0 8.78685 -0 8.78685 0 8.78685 -0 8.78685 0 8.78685 -0 
8.86705 0.0 8.86705 -0 8.86705 0 8.86705 -0 8.86705 0 8.86705 -0 8.86705 0 8.86705 -0 8.86705 0 8.86705 -0 8.86705 0 8.86705 -0 
8.94715 0.0 8.94715 -0 8.94715 0 8.94715 -0 8.94715 0 8.94715 -0 8.94715 0 8.94715 -0 8.94715 0 8.94715 -0 8.94715 0 8.94715 -0 
9.02735 0.0 9.02735 -0 9.02735 0 9.02735 -0 9.02735 0 9.02735 -0 9.02735 0 9.02735 -0 9.02735 0 9.02735 -0 9.02735 0 9.02735 -0 
9.10745 0.0 9.10745 -0 9.10745 0 9.10745 -0 9.10745 0 9.10745 -0 9.10745 0 9.10745 -0 9.10745 0 9.10745 -0 9.10745 0 9.10745 -0 
9.18765 0.0 9.18765 -0 9.18765 0 9.18765 -0 9.18765 0 9.18765 -0 9.18765 0 9.18765 -0 9.18765 0 9.18765 -0 9.18765 0 9.18765 -0 
9.26785 0.0 9.26785 -0 9.26785 0 9.26785 -0 9.26785 0 9.26785 -0 9.26785 0 9.26785 -0 9.26785 0 9.26785 -0 9.26785 0 9.26785 -0 
9.34795 0.0 9.34795 -0 9.34795 0 9.34795 -0 9.34795 0 9.34795 -0 9.34795 0 9.34795 -0 9.34795 0 9.34795 -0 9.34795 0 9.34795 -0 
9.42815 0.0 9.42815 -0 9.42815 0 9.42815 -0 9.42815 0 9.42815 -0 9.42815 0 9.42815 -0 9.42815 0 9.42815 -0 9.42815 0 9.42815 -0 
9.50825 0.0 9.50825 -0 9.50825 0 9.50825 -0 9.50825 0 9.50825 -0 9.50825 0 9.50825 -0 9.50825 0 9.50825 -0 9.50825 0 9.50825 -0 
9.58845 0.0 9.58845 -0 9.58845 0 9.58845 -0 9.58845 0 9.58845 -0 9.58845 0 9.58845 -0 9.58845 0 9.58845 -0 9.58845 0 9.58845 -0 
9.66865 0.0 9.66865 -0 9.66865 0 9.66865 -0 9.66865 0 9.66865 -0 9.66865 0 9.66865 -0 9.66865 0 9.66865 -0 9.66865 0 9.66865 -0 
9.74875 0.0 9.74875 -0 9.74875 0 9.74875 -0 9.74875 0 9.74875 -0 9.74875 0 9.74875 -0 9.74875 0 9.74875 -0 9.74875 0 9.74875 -0 
9.82895 0.0 9.82895 -0 9.82895 0 9.82895 -0 9.82895 0 9.82895 -0 9.82895 0 9.82895 -0 9.82895 0 9.82895 -0 9.82895 0 9.82895 -0 
9.90905 0.0 9.90905 -0 9.90905 0 9.90905 -0 9.90905 0 9.90905 -0 9.90905 0 9.90905 -0 9.90905 0 9.90905 -0 9.90905 0 9.90905 -0 
9.98925 0.0 9.98925 -0 9.98925 0 9.98925 -0 9.98925 0 9.98925 -0 9.98925 0 9.98925 -0 9.98925 0 9.98925 -0 9.98925 0 9.98925 -0 
10.0695 0.0 10.0695 -0 10.0695 0 10.0695 -0 10.0695 0 10.0695 -0 10.0695 0 10.0695 -0 10.0695 0 10.0695 -0 10.0695 0 10.0695 -0 
10.1496 0.0 10.1496 -0 10.1496 0 10.1496 -0 10.1496 0 10.1496 -0 10.1496 0 10.1496 -0 10.1496 0 10.1496 -0 10.1496 0 10.1496 -0 
10.2298 0.0 10.2298 -0 10.2298 0 10.2298 -0 10.2298 0 10.2298 -0 10.2298 0 10.2298 -0 10.2298 0 10.2298 -0 10.2298 0 10.2298 -0 
10.3099 0.0 10.3099 -0 10.3099 0 10.3099 -0 10.3099 0 10.3099 -0 10.3099 0 10.3099 -0 10.3099 0 10.3099 -0 10.3099 0 10.3099 -0 
10.3901 0.0 10.3901 -0 10.3901 0 10.3901 -0 10.3901 0 10.3901 -0 10.3901 0 10.3901 -0 10.3901 0 10.3901 -0 10.3901 0 10.3901 -0 
10.4703 0.0 10.4703 -0 10.4703 0 10.4703 -0 10.4703 0 10.4703 -0 10.4703 0 10.4703 -0 10.4703 0 10.4703 -0 10.4703 0 10.4703 -0 
10.5504 0.0 10.5504 -0 10.5504 0 10.5504 -0 10.5504 0 10.5504 -0 10.5504 0 10.5504 -0 10.5504 0 10.5504 -0 10.5504 0 10.5504 -0 
10.6306 0.0 10.6306 -0 10.6306 0 10.6306 -0 10.6306 0 10.6306 -0 10.6306 0 10.6306 -0 10.6306 0 10.6306 -0 10.6306 0 10.6306 -0 
10.7107 0.0 10.7107 -0 10.7107 0 10.7107 -0 10.7107 0 10.7107 -0 10.7107 0 10.7107 -0 10.7107 0 10.7107 -0 10.7107 0 10.7107 -0 
10.7909 0.0 10.7909 -0 10.7909 0 10.7909 -0 10.7909 0 10.7909 -0 10.7909 0 10.7909 -0 10.7909 0 10.7909 -0 10.7909 0 10.7909 -0 
10.8711 0.0 10.8711 -0 10.8711 0 10.8711 -0 10.8711 0 10.8711 -0 10.8711 0 10.8711 -0 10.8711 0 10.8711 -0 10.8711 0 10.8711 -0 
10.9512 0.0 10.9512 -0 10.9512 0 10.9512 -0 10.9512 0 10.9512 -0 10.9512 0 10.9512 -0 10.9512 0 10.9512 -0 10.9512 0 10.9512 -0 
11.0314 0.0 11.0314 -0 11.0314 0 11.0314 -0 11.0314 0 11.0314 -0 11.0314 0 11.0314 -0 11.0314 0 11.0314 -0 11.0314 0 11.0314 -0 
11.1115 0.0 11.1115 -0 11.1115 0 11.1115 -0 11.1115 0 11.1115 -0 11.1115 0 11.1115 -0 11.1115 0 11.1115 -0 11.1115 0 11.1115 -0 
11.1917 0.0 11.1917 -0 11.1917 0 11.1917 -0 11.1917 0 11.1917 -0 11.1917 0 11.1917 -0 11.1917 0 11.1917 -0 11.1917 0 11.1917 -0 
11.2719 0.0 11.2719 -0 11.2719 0 11.2719 -0 11.2719 0 11.2719 -0 11.2719 0 11.2719 -0 11.2719 0 11.2719 -0 11.2719 0 11.2719 -0 
11.352 0.0 11.352 -0 11.352 0 11.352 -0 11.352 0 11.352 -0 11.352 0 11.352 -0 11.352 0 11.352 -0 11.352 0 11.352 -0 
11.4322 0.0 11.4322 -0 11.4322 0 11.4322 -0 11.4322 0 11.4322 -0 11.4322 0 11.4322 -0 11.4322 0 11.4322 -0 11.4322 0 11.4322 -0 
11.5123 0.0 11.5123 -0 11.5123 0 11.5123 -0 11.5123 0 11.5123 -0 11.5123 0 11.5123 -0 11.5123 0 11.5123 -0 11.5123 0 11.5123 -0 
11.5925 0.0 11.5925 -0 11.5925 0 11.5925 -0 11.5925 0 11.5925 -0 11.5925 0 11.5925 -0 11.5925 0 11.5925 -0 11.5925 0 11.5925 -0 
11.6727 0.0 11.6727 -0 11.6727 0 11.6727 -0 11.6727 0 11.6727 -0 11.6727 0 11.6727 -0 11.6727 0 11.6727 -0 11.6727 0 11.6727 -0 
11.7528 0.0 11.7528 -0 11.7528 0 11.7528 -0 11.7528 0 11.7528 -0 11.7528 0 11.7528 -0 11.7528 0 11.7528 -0 11.7528 0 11.7528 -0 
11.833 0.0 11.833 -0 11.833 0 11.833 -0 11.833 0 11.833 -0 11.833 0 11.833 -0 11.833 0 11.833 -0 11.833 0 11.833 -0 
11.9131 0.0 11.9131 -0 11.9131 0 11.9131 -0 11.9131 0 11.9131 -0 11.9131 0 11.9131 -0 11.9131 0 11.9131 -0 11.9131 0 11.9131 -0 
11.9933 0.0 11.9933 -0 11.9933 0 11.9933 -0 11.9933 0 11.9933 -0 11.9933 0 11.9933 -0 11.9933 0 11.9933 -0 11.9933 0 11.9933 -0 
12.0735 0.0 12.0735 -0 12.0735 0 12.0735 -0 12.0735 0 12.0735 -0 12.0735 0 12.0735 -0 12.0735 0 12.0735 -0 12.0735 0 12.0735 -0 
12.1536 0.0 12.1536 -0 12.1536 0 12.1536 -0 12.1536 0 12.1536 -0 12.1536 0 12.1536 -0 12.1536 0 12.1536 -0 12.1536 0 12.1536 -0 
12.2338 0.0 12.2338 -0 12.2338 0 12.2338 -0 12.2338 0 12.2338 -0 12.2338 0 12.2338 -0 12.2338 0 12.2338 -0 12.2338 0 12.2338 -0 
12.3139 0.0 12.3139 -0 12.3139 0 12.3139 -0 12.3139 0 12.3139 -0 12.3139 0 12.3139 -0 12.3139 0 12.3139 -0 12.3139 0 12.3139 -0 
12.3941 0.0 12.3941 -0 12.3941 0 12.3941 -0 12.3941 0 12.3941 -0 12.3941 0 12.3941 -0 12.3941 0 12.3941 -0 12.3941 0 12.3941 -0 
12.4743 0.0 12.4743 -0 12.4743 0 12.4743 -0 12.4743 0 12.4743 -0 12.4743 0 12.4743 -0 12.4743 0 12.4743 -0 12.4743 0 12.4743 -0 
12.5544 0.0 12.5544 -0 12.5544 0 12.5544 -0 12.5544 0 12.5544 -0 12.5544 0 12.5544 -0 12.5544 0 12.5544 -0 12.5544 0 12.5544 -0 
12.6346 0.0 12.6346 -0 12.6346 0 12.6346 -0 12.6346 0 12.6346 -0 12.6346 0 12.6346 -0 12.6346 0 12.6346 -0 12.6346 0 12.6346 -0 
12.7147 0.0 12.7147 -0 12.7147 0 12.7147 -0 12.7147 0 12.7147 -0 12.7147 0 12.7147 -0 12.7147 0 12.7147 -0 12.7147 0 12.7147 -0 
12.7949 0.0 12.7949 -0 12.7949 0 12.7949 -0 12.7949 0 12.7949 -0 12.7949 0 12.7949 -0 12.7949 0 12.7949 -0 12.7949 0 12.7949 -0 
12.8751 0.0 12.8751 -0 12.8751 0 12.8751 -0 12.8751 0 12.8751 -0 12.8751 0 12.8751 -0 12.8751 0 12.8751 -0 12.8751 0 12.8751 -0 
12.9552 0.0 12.9552 -0 12.9552 0 12.9552 -0 12.9552 0 12.9552 -0 12.9552 0 12.9552 -0 12.9552 0 12.9552 -0 12.9552 0 12.9552 -0 
13.0354 0.0 13.0354 -0 13.0354 0 13.0354 -0 13.0354 0 13.0354 -0 13.0354 0 13.0354 -0 13.0354 0 13.0354 -0 13.0354 0 13.0354 -0 
13.1156 0.0 13.1156 -0 13.1156 0 13.1156 -0 13.1156 0 13.1156 -0 13.1156 0 13.1156 -0 13.1156 0 13.1156 -0 13.1156 0 13.1156 -0 
13.1957 0.0 13.1957 -0 13.1957 0 13.1957 -0 13.1957 0 13.1957 -0 13.1957 0 13.1957 -0 13.1957 0 13.1957 -0 13.1957 0 13.1957 -0 
13.2759 0.0 13.2759 -0 13.2759 0 13.2759 -0 13.2759 0 13.2759 -0 13.2759 0 13.2759 -0 13.2759 0 13.2759 -0 13.2759 0 13.2759 -0 
13.356 0.0 13.356 -0 13.356 0 13.356 -0 13.356 0 13.356 -0 13.356 0 13.356 -0 13.356 0 13.356 -0 13.356 0 13.356 -0 
13.4362 0.0 13.4362 -0 13.4362 0 13.4362 -0 13.4362 0 13.4362 -0 13.4362 0 13.4362 -0 13.4362 0 13.4362 -0 13.4362 0 13.4362 -0 
13.5164 0.0 13.5164 -0 13.5164 0 13.5164 -0 13.5164 0 13.5164 -0 13.5164 0 13.5164 -0 13.5164 0 13.5164 -0 13.5164 0 13.5164 -0 
13.5965 0.0 13.5965 -0 13.5965 0 13.5965 -0 13.5965 0 13.5965 -0 13.5965 0 13.5965 -0 13.5965 0 13.5965 -0 13.5965 0 13.5965 -0 
13.6767 0.0 13.6767 -0 13.6767 0 13.6767 -0 13.6767 0 13.6767 -0 13.6767 0 13.6767 -0 13.6767 0 13.6767 -0 13.6767 0 13.6767 -0 
13.7568 0.0 13.7568 -0 13.7568 0 13.7568 -0 13.7568 0 13.7568 -0 13.7568 0 13.7568 -0 13.7568 0 13.7568 -0 13.7568 0 13.7568 -0 
13.837 0.0 13.837 -0 13.837 0 13.837 -0 13.837 0 13.837 -0 13.837 0 13.837 -0 13.837 0 13.837 -0 13.837 0 13.837 -0 
13.9172 0.0 13.9172 -0 13.9172 0 13.9172 -0 13.9172 0 13.9172 -0 13.9172 0 13.9172 -0 13.9172 0 13.9172 -0 13.9172 0 13.9172 -0 
13.9973 0.0 13.9973 -0 13.9973 0 13.9973 -0 13.9973 0 13.9973 -0 13.9973 0 13.9973 -0 13.9973 0 13.9973 -0 13.9973 0 13.9973 -0 
14.0775 0.0 14.0775 -0 14.0775 0 14.0775 -0 14.0775 0 14.0775 -0 14.0775 0 14.0775 -0 14.0775 0 14.0775 -0 14.0775 0 14.0775 -0 
14.1576 0.0 14.1576 -0 14.1576 0 14.1576 -0 14.1576 0 14.1576 -0 14.1576 0 14.1576 -0 14.1576 0 14.1576 -0 14.1576 0 14.1576 -0 
14.2378 0.0 14.2378 -0 14.2378 0 14.2378 -0 14.2378 0 14.2378 -0 14.2378 0 14.2378 -0 14.2378 0 14.2378 -0 14.2378 0 14.2378 -0 
14.318 0.0 14.318 -0 14.318 0 14.318 -0 14.318 0 14.318 -0 14.318 0 14.318 -0 14.318 0 14.318 -0 14.318 0 14.318 -0 
14.3981 0.0 14.3981 -0 14.3981 0 14.3981 -0 14.3981 0 14.3981 -0 14.3981 0 14.3981 -0 14.3981 0 14.3981 -0 14.3981 0 14.3981 -0 
14.4783 0.0 14.4783 -0 14.4783 0 14.4783 -0 14.4783 0 14.4783 -0 14.4783 0 14.4783 -0 14.4783 0 14.4783 -0 14.4783 0 14.4783 -0 
14.5584 0.0 14.5584 -0 14.5584 0 14.5584 -0 14.5584 0 14.5584 -0 14.5584 0 14.5584 -0 14.5584 0 14.5584 -0 14.5584 0 14.5584 -0 
14.6386 0.0 14.6386 -0 14.6386 0 14.6386 -0 14.6386 0 14.6386 -0 14.6386 0 14.6386 -0 14.6386 0 14.6386 -0 14.6386 0 14.6386 -0 
14.7188 0.0 14.7188 -0 14.7188 0 14.7188 -0 14.7188 0 14.7188 -0 14.7188 0 14.7188 -0 14.7188 0 14.7188 -0 14.7188 0 14.7188 -0 
14.7989 0.0 14.7989 -0 14.7989 0 14.7989 -0 14.7989 0 14.7989 -0 14.7989 0 14.7989 -0 14.7989 0 14.7989 -0 14.7989 0 14.7989 -0 
14.8791 0.0 14.8791 -0 14.8791 0 14.8791 -0 14.8791 0 14.8791 -0 14.8791 0 14.8791 -0 14.8791 0 14.8791 -0 14.8791 0 14.8791 -0 
14.9592 0.0 14.9592 -0 14.9592 0 14.9592 -0 14.9592 0 14.9592 -0 14.9592 0 14.9592 -0 14.9592 0 14.9592 -0 14.9592 0 14.9592 -0 
15.0394 0.0 15.0394 -0 15.0394 0 15.0394 -0 15.0394 0 15.0394 -0 15.0394 0 15.0394 -0 15.0394 0 15.0394 -0 15.0394 0 15.0394 -0 
15.1196 0.0 15.1196 -0 15.1196 0 15.1196 -0 15.1196 0 15.1196 -0 15.1196 0 15.1196 -0 15.1196 0 15.1196 -0 15.1196 0 15.1196 -0 
15.1997 0.0 15.1997 -0 15.1997 0 15.1997 -0 15.1997 0 15.1997 -0 15.1997 0 15.1997 -0 15.1997 0 15.1997 -0 15.1997 0 15.1997 -0 
15.2799 0.0 15.2799 -0 15.2799 0 15.2799 -0 15.2799 0 15.2799 -0 15.2799 0 15.2799 -0 15.2799 0 15.2799 -0 15.2799 0 15.2799 -0 
15.36 0.0 15.36 -0 15.36 0 15.36 -0 15.36 0 15.36 -0 15.36 0 15.36 -0 15.36 0 15.36 -0 15.36 0 15.36 -0 
15.4402 0.0 15.4402 -0 15.4402 0 15.4402 -0 15.4402 0 15.4402 -0 15.4402 0 15.4402 -0 15.4402 0 15.4402 -0 15.4402 0 15.4402 -0 
