-24.6152 24.95 -24.6152 -24.95 -24.6152 0 -24.6152 -0 -24.6152 0 -24.6152 -0 -24.6152 0 -24.6152 -0 -24.6152 0 -24.6152 -0 -24.6152 0 -24.6152 -0 
-24.535 0.0 -24.535 -0 -24.535 0 -24.535 -0 -24.535 0 -24.535 -0 -24.535 0 -24.535 -0 -24.535 0 -24.535 -0 -24.535 0 -24.535 -0 
-24.4549 0.0 -24.4549 -0 -24.4549 0 -24.4549 -0 -24.4549 0 -24.4549 -0 -24.4549 0 -24.4549 -0 -24.4549 0 -24.4549 -0 -24.4549 0 -24.4549 -0 
-24.3747 0.0 -24.3747 -0 -24.3747 0 -24.3747 -0 -24.3747 0 -24.3747 -0 -24.3747 0 -24.3747 -0 -24.3747 0 -24.3747 -0 -24.3747 0 -24.3747 -0 
-24.2946 0.0 -24.2946 -0 -24.2946 0 -24.2946 -0 -24.2946 0 -24.2946 -0 -24.2946 0 -24.2946 -0 -24.2946 0 -24.2946 -0 -24.2946 0 -24.2946 -0 
-24.2144 0.0 -24.2144 -0 -24.2144 0 -24.2144 -0 -24.2144 0 -24.2144 -0 -24.2144 0 -24.2144 -0 -24.2144 0 -24.2144 -0 -24.2144 0 -24.2144 -0 
-24.1342 0.0 -24.1342 -0 -24.1342 0 -24.1342 -0 -24.1342 0 -24.1342 -0 -24.1342 0 -24.1342 -0 -24.1342 0 -24.1342 -0 -24.1342 0 -24.1342 -0 
-24.0541 0.0 -24.0541 -0 -24.0541 0 -24.0541 -0 -24.0541 0 -24.0541 -0 -24.0541 0 -24.0541 -0 -24.0541 0 -24.0541 -0 -24.0541 0 -24.0541 -0 
-23.9739 0.0 -23.9739 -0 -23.9739 0 -23.9739 -0 -23.9739 0 -23.9739 -0 -23.9739 0 -23.9739 -0 -23.9739 0 -23.9739 -0 -23.9739 0 -23.9739 -0 
-23.8938 0.0 -23.8938 -0 -23.8938 0 -23.8938 -0 -23.8938 0 -23.8938 -0 -23.8938 0 -23.8938 -0 -23.8938 0 -23.8938 -0 -23.8938 0 -23.8938 -0 
-23.8136 0.0 -23.8136 -0 -23.8136 0 -23.8136 -0 -23.8136 0 -23.8136 -0 -23.8136 0 -23.8136 -0 -23.8136 0 -23.8136 -0 -23.8136 0 -23.8136 -0 
-23.7334 0.0 -23.7334 -0 -23.7334 0 -23.7334 -0 -23.7334 0 -23.7334 -0 -23.7334 0 -23.7334 -0 -23.7334 0 -23.7334 -0 -23.7334 0 -23.7334 -0 
-23.6533 0.0 -23.6533 -0 -23.6533 0 -23.6533 -0 -23.6533 0 -23.6533 -0 -23.6533 0 -23.6533 -0 -23.6533 0 -23.6533 -0 -23.6533 0 -23.6533 -0 
-23.5731 0.0 -23.5731 -0 -23.5731 0 -23.5731 -0 -23.5731 0 -23.5731 -0 -23.5731 0 -23.5731 -0 -23.5731 0 -23.5731 -0 -23.5731 0 -23.5731 -0 
-23.493 0.0 -23.493 -0 -23.493 0 -23.493 -0 -23.493 0 -23.493 -0 -23.493 0 -23.493 -0 -23.493 0 -23.493 -0 -23.493 0 -23.493 -0 
-23.4128 0.0 -23.4128 -0 -23.4128 0 -23.4128 -0 -23.4128 0 -23.4128 -0 -23.4128 0 -23.4128 -0 -23.4128 0 -23.4128 -0 -23.4128 0 -23.4128 -0 
-23.3326 0.0 -23.3326 -0 -23.3326 0 -23.3326 -0 -23.3326 0 -23.3326 -0 -23.3326 0 -23.3326 -0 -23.3326 0 -23.3326 -0 -23.3326 0 -23.3326 -0 
-23.2525 0.0 -23.2525 -0 -23.2525 0 -23.2525 -0 -23.2525 0 -23.2525 -0 -23.2525 0 -23.2525 -0 -23.2525 0 -23.2525 -0 -23.2525 0 -23.2525 -0 
-23.1723 0.0 -23.1723 -0 -23.1723 0 -23.1723 -0 -23.1723 0 -23.1723 -0 -23.1723 0 -23.1723 -0 -23.1723 0 -23.1723 -0 -23.1723 0 -23.1723 -0 
-23.0922 0.0 -23.0922 -0 -23.0922 0 -23.0922 -0 -23.0922 0 -23.0922 -0 -23.0922 0 -23.0922 -0 -23.0922 0 -23.0922 -0 -23.0922 0 -23.0922 -0 
-23.012 0.0 -23.012 -0 -23.012 0 -23.012 -0 -23.012 0 -23.012 -0 -23.012 0 -23.012 -0 -23.012 0 -23.012 -0 -23.012 0 -23.012 -0 
-22.9318 0.0 -22.9318 -0 -22.9318 0 -22.9318 -0 -22.9318 0 -22.9318 -0 -22.9318 0 -22.9318 -0 -22.9318 0 -22.9318 -0 -22.9318 0 -22.9318 -0 
-22.8517 0.0 -22.8517 -0 -22.8517 0 -22.8517 -0 -22.8517 0 -22.8517 -0 -22.8517 0 -22.8517 -0 -22.8517 0 -22.8517 -0 -22.8517 0 -22.8517 -0 
-22.7715 0.0 -22.7715 -0 -22.7715 0 -22.7715 -0 -22.7715 0 -22.7715 -0 -22.7715 0 -22.7715 -0 -22.7715 0 -22.7715 -0 -22.7715 0 -22.7715 -0 
-22.6914 0.0 -22.6914 -0 -22.6914 0 -22.6914 -0 -22.6914 0 -22.6914 -0 -22.6914 0 -22.6914 -0 -22.6914 0 -22.6914 -0 -22.6914 0 -22.6914 -0 
-22.6112 0.0 -22.6112 -0 -22.6112 0 -22.6112 -0 -22.6112 0 -22.6112 -0 -22.6112 0 -22.6112 -0 -22.6112 0 -22.6112 -0 -22.6112 0 -22.6112 -0 
-22.531 0.0 -22.531 -0 -22.531 0 -22.531 -0 -22.531 0 -22.531 -0 -22.531 0 -22.531 -0 -22.531 0 -22.531 -0 -22.531 0 -22.531 -0 
-22.4509 0.0 -22.4509 -0 -22.4509 0 -22.4509 -0 -22.4509 0 -22.4509 -0 -22.4509 0 -22.4509 -0 -22.4509 0 -22.4509 -0 -22.4509 0 -22.4509 -0 
-22.3707 0.0 -22.3707 -0 -22.3707 0 -22.3707 -0 -22.3707 0 -22.3707 -0 -22.3707 0 -22.3707 -0 -22.3707 0 -22.3707 -0 -22.3707 0 -22.3707 -0 
-22.2906 0.0 -22.2906 -0 -22.2906 0 -22.2906 -0 -22.2906 0 -22.2906 -0 -22.2906 0 -22.2906 -0 -22.2906 0 -22.2906 -0 -22.2906 0 -22.2906 -0 
-22.2104 0.0 -22.2104 -0 -22.2104 0 -22.2104 -0 -22.2104 0 -22.2104 -0 -22.2104 0 -22.2104 -0 -22.2104 0 -22.2104 -0 -22.2104 0 -22.2104 -0 
-22.1302 0.0 -22.1302 -0 -22.1302 0 -22.1302 -0 -22.1302 0 -22.1302 -0 -22.1302 0 -22.1302 -0 -22.1302 0 -22.1302 -0 -22.1302 0 -22.1302 -0 
-22.0501 0.0 -22.0501 -0 -22.0501 0 -22.0501 -0 -22.0501 0 -22.0501 -0 -22.0501 0 -22.0501 -0 -22.0501 0 -22.0501 -0 -22.0501 0 -22.0501 -0 
-21.9699 0.0 -21.9699 -0 -21.9699 0 -21.9699 -0 -21.9699 0 -21.9699 -0 -21.9699 0 -21.9699 -0 -21.9699 0 -21.9699 -0 -21.9699 0 -21.9699 -0 
-21.8897 0.0 -21.8897 -0 -21.8897 0 -21.8897 -0 -21.8897 0 -21.8897 -0 -21.8897 0 -21.8897 -0 -21.8897 0 -21.8897 -0 -21.8897 0 -21.8897 -0 
-21.8096 0.0 -21.8096 -0 -21.8096 0 -21.8096 -0 -21.8096 0 -21.8096 -0 -21.8096 0 -21.8096 -0 -21.8096 0 -21.8096 -0 -21.8096 0 -21.8096 -0 
-21.7294 0.0 -21.7294 -0 -21.7294 0 -21.7294 -0 -21.7294 0 -21.7294 -0 -21.7294 0 -21.7294 -0 -21.7294 0 -21.7294 -0 -21.7294 0 -21.7294 -0 
-21.6493 0.0 -21.6493 -0 -21.6493 0 -21.6493 -0 -21.6493 0 -21.6493 -0 -21.6493 0 -21.6493 -0 -21.6493 0 -21.6493 -0 -21.6493 0 -21.6493 -0 
-21.5691 0.0 -21.5691 -0 -21.5691 0 -21.5691 -0 -21.5691 0 -21.5691 -0 -21.5691 0 -21.5691 -0 -21.5691 0 -21.5691 -0 -21.5691 0 -21.5691 -0 
-21.4889 0.0 -21.4889 -0 -21.4889 0 -21.4889 -0 -21.4889 0 -21.4889 -0 -21.4889 0 -21.4889 -0 -21.4889 0 -21.4889 -0 -21.4889 0 -21.4889 -0 
-21.4088 0.0 -21.4088 -0 -21.4088 0 -21.4088 -0 -21.4088 0 -21.4088 -0 -21.4088 0 -21.4088 -0 -21.4088 0 -21.4088 -0 -21.4088 0 -21.4088 -0 
-21.3286 0.0 -21.3286 -0 -21.3286 0 -21.3286 -0 -21.3286 0 -21.3286 -0 -21.3286 0 -21.3286 -0 -21.3286 0 -21.3286 -0 -21.3286 0 -21.3286 -0 
-21.2485 0.0 -21.2485 -0 -21.2485 0 -21.2485 -0 -21.2485 0 -21.2485 -0 -21.2485 0 -21.2485 -0 -21.2485 0 -21.2485 -0 -21.2485 0 -21.2485 -0 
-21.1683 0.0 -21.1683 -0 -21.1683 0 -21.1683 -0 -21.1683 0 -21.1683 -0 -21.1683 0 -21.1683 -0 -21.1683 0 -21.1683 -0 -21.1683 0 -21.1683 -0 
-21.0881 0.0 -21.0881 -0 -21.0881 0 -21.0881 -0 -21.0881 0 -21.0881 -0 -21.0881 0 -21.0881 -0 -21.0881 0 -21.0881 -0 -21.0881 0 -21.0881 -0 
-21.008 0.0 -21.008 -0 -21.008 0 -21.008 -0 -21.008 0 -21.008 -0 -21.008 0 -21.008 -0 -21.008 0 -21.008 -0 -21.008 0 -21.008 -0 
-20.9278 0.0 -20.9278 -0 -20.9278 0 -20.9278 -0 -20.9278 0 -20.9278 -0 -20.9278 0 -20.9278 -0 -20.9278 0 -20.9278 -0 -20.9278 0 -20.9278 -0 
-20.8477 0.0 -20.8477 -0 -20.8477 0 -20.8477 -0 -20.8477 0 -20.8477 -0 -20.8477 0 -20.8477 -0 -20.8477 0 -20.8477 -0 -20.8477 0 -20.8477 -0 
-20.7675 0.0001 -20.7675 -0 -20.7675 0 -20.7675 -0 -20.7675 0 -20.7675 -0 -20.7675 0 -20.7675 -0 -20.7675 0 -20.7675 -0 -20.7675 0 -20.7675 -0 
-20.6873 0.0005 -20.6873 -0 -20.6873 0 -20.6873 -0 -20.6873 0 -20.6873 -0 -20.6873 0 -20.6873 -0 -20.6873 0 -20.6873 -0 -20.6873 0 -20.6873 -0 
-20.6072 0.0039 -20.6072 -0.0001 -20.6072 0 -20.6072 -0 -20.6072 0 -20.6072 -0 -20.6072 0 -20.6072 -0 -20.6072 0 -20.6072 -0 -20.6072 0 -20.6072 -0 
-20.527 0.0213 -20.527 -0.0005 -20.527 0 -20.527 -0 -20.527 0 -20.527 -0 -20.527 0 -20.527 -0 -20.527 0 -20.527 -0 -20.527 0 -20.527 -0 
-20.4469 0.0879 -20.4469 -0.0037 -20.4469 0 -20.4469 -0 -20.4469 0 -20.4469 -0 -20.4469 0 -20.4469 -0 -20.4469 0 -20.4469 -0 -20.4469 0 -20.4469 -0 
-20.3667 0.2787 -20.3667 -0.0205 -20.3667 0 -20.3667 -0 -20.3667 0 -20.3667 -0 -20.3667 0 -20.3667 -0 -20.3667 0 -20.3667 -0 -20.3667 0 -20.3667 -0 
-20.2865 0.6899 -20.2865 -0.087 -20.2865 0.0001 -20.2865 -0 -20.2865 0 -20.2865 -0 -20.2865 0.0001 -20.2865 -0 -20.2865 0 -20.2865 -0 -20.2865 0 -20.2865 -0 
-20.2064 1.3652 -20.2064 -0.2834 -20.2064 0.0002 -20.2064 -0 -20.2064 0 -20.2064 -0 -20.2064 0.0006 -20.2064 -0.0001 -20.2064 0 -20.2064 -0 -20.2064 0.0001 -20.2064 -0 
-20.1262 2.2291 -20.1262 -0.7228 -20.1262 0.0003 -20.1262 -0 -20.1262 0 -20.1262 -0 -20.1262 0.0012 -20.1262 -0.0006 -20.1262 0 -20.1262 -0 -20.1262 0.0003 -20.1262 -0 
-20.0461 3.1298 -20.0461 -1.4748 -20.0461 0.0004 -20.0461 -0.0001 -20.0461 0.0001 -20.0461 -0 -20.0461 0.0024 -20.0461 -0.0017 -20.0461 0 -20.0461 -0 -20.0461 0.0006 -20.0461 -0 
-19.9659 3.9456 -19.9659 -2.4779 -19.9659 0.0008 -19.9659 -0.0001 -19.9659 0.0001 -19.9659 -0 -19.9659 0.0043 -19.9659 -0.0043 -19.9659 0.0001 -19.9659 -0 -19.9659 0.001 -19.9659 -0.0001 
-19.8857 4.6246 -19.8857 -3.5421 -19.8857 0.0011 -19.8857 -0.0002 -19.8857 0.0001 -19.8857 -0 -19.8857 0.0066 -19.8857 -0.0083 -19.8857 0.0001 -19.8857 -0.0001 -19.8857 0.0013 -19.8857 -0.0003 
-19.8056 5.1855 -19.8056 -4.4444 -19.8056 0.0017 -19.8056 -0.0003 -19.8056 0.0001 -19.8056 -0 -19.8056 0.0084 -19.8056 -0.0143 -19.8056 0.0003 -19.8056 -0.0003 -19.8056 0.0017 -19.8056 -0.0006 
-19.7254 5.7778 -19.7254 -5.0486 -19.7254 0.0028 -19.7254 -0.0004 -19.7254 0.0002 -19.7254 -0 -19.7254 0.0098 -19.7254 -0.0204 -19.7254 0.0004 -19.7254 -0.0004 -19.7254 0.0021 -19.7254 -0.0008 
-19.6453 6.6895 -19.6453 -5.4346 -19.6453 0.0053 -19.6453 -0.0005 -19.6453 0.0002 -19.6453 -0 -19.6453 0.0105 -19.6453 -0.0247 -19.6453 0.0005 -19.6453 -0.0005 -19.6453 0.0025 -19.6453 -0.001 
-19.5651 8.1913 -19.5651 -5.9395 -19.5651 0.0109 -19.5651 -0.0009 -19.5651 0.0002 -19.5651 -0 -19.5651 0.0122 -19.5651 -0.027 -19.5651 0.0006 -19.5651 -0.0008 -19.5651 0.0038 -19.5651 -0.001 
-19.4849 10.4228 -19.4849 -6.9288 -19.4849 0.0232 -19.4849 -0.0015 -19.4849 0.0003 -19.4849 -0 -19.4849 0.0162 -19.4849 -0.0294 -19.4849 0.0008 -19.4849 -0.0011 -19.4849 0.0071 -19.4849 -0.001 
-19.4048 13.4424 -19.4048 -8.4665 -19.4048 0.0476 -19.4048 -0.0026 -19.4048 0.0003 -19.4048 -0 -19.4048 0.024 -19.4048 -0.0353 -19.4048 0.0008 -19.4048 -0.0014 -19.4048 0.0136 -19.4048 -0.0014 
-19.3246 17.1458 -19.3246 -10.3463 -19.3246 0.0877 -19.3246 -0.0046 -19.3246 0.0003 -19.3246 -0 -19.3246 0.0363 -19.3246 -0.0466 -19.3246 0.0009 -19.3246 -0.0015 -19.3246 0.0243 -19.3246 -0.0022 
-19.2445 20.9399 -19.2445 -12.5256 -19.2445 0.1364 -19.2445 -0.0094 -19.2445 0.0003 -19.2445 -0 -19.2445 0.0514 -19.2445 -0.0644 -19.2445 0.0008 -19.2445 -0.0015 -19.2445 0.0368 -19.2445 -0.004 
-19.1643 23.671 -19.1643 -15.3438 -19.1643 0.1731 -19.1643 -0.0192 -19.1643 0.0003 -19.1643 -0 -19.1643 0.0645 -19.1643 -0.0903 -19.1643 0.0008 -19.1643 -0.0015 -19.1643 0.0469 -19.1643 -0.0072 
-19.0841 24.2419 -19.0841 -18.9503 -19.0841 0.1759 -19.0841 -0.0359 -19.0841 0.0006 -19.0841 -0 -19.0841 0.0691 -19.0841 -0.1232 -19.0841 0.0007 -19.0841 -0.0013 -19.0841 0.0499 -19.0841 -0.0116 
-19.004 22.5431 -19.004 -22.371 -19.004 0.1425 -19.004 -0.057 -19.004 0.0009 -19.004 -0 -19.004 0.0627 -19.004 -0.1541 -19.004 0.0007 -19.004 -0.0011 -19.004 0.0464 -19.004 -0.0159 
-18.9238 19.7588 -18.9238 -23.6007 -18.9238 0.0927 -18.9238 -0.0744 -18.9238 0.0023 -18.9238 -0 -18.9238 0.0483 -18.9238 -0.168 -18.9238 0.0011 -18.9238 -0.001 -18.9238 0.0428 -18.9238 -0.0179 
-18.8437 17.5426 -18.8437 -21.2907 -18.8437 0.0493 -18.8437 -0.078 -18.8437 0.0048 -18.8437 -0 -18.8437 0.032 -18.8437 -0.1538 -18.8437 0.0022 -18.8437 -0.0006 -18.8437 0.0459 -18.8437 -0.0161 
-18.7635 16.7918 -18.7635 -16.3408 -18.7635 0.022 -18.7635 -0.065 -18.7635 0.0088 -18.7635 -0.0002 -18.7635 0.0188 -18.7635 -0.1162 -18.7635 0.0043 -18.7635 -0.0007 -18.7635 0.056 -18.7635 -0.0117 
-18.6833 17.3161 -18.6833 -11.3217 -18.6833 0.0092 -18.6833 -0.0426 -18.6833 0.0135 -18.6833 -0.0005 -18.6833 0.0108 -18.6833 -0.0716 -18.6833 0.009 -18.6833 -0.0012 -18.6833 0.0677 -18.6833 -0.0073 
-18.6032 18.5632 -18.6032 -8.3086 -18.6032 0.0045 -18.6032 -0.0219 -18.6032 0.0171 -18.6032 -0.0014 -18.6032 0.0069 -18.6032 -0.0361 -18.6032 0.0172 -18.6032 -0.0032 -18.6032 0.0752 -18.6032 -0.005 
-18.523 20.227 -18.523 -7.5805 -18.523 0.0036 -18.523 -0.0091 -18.523 0.0183 -18.523 -0.0029 -18.523 0.0055 -18.523 -0.0155 -18.523 0.0293 -18.523 -0.0074 -18.523 0.0802 -18.523 -0.0048 
-18.4429 21.9582 -18.4429 -8.1911 -18.4429 0.0038 -18.4429 -0.0034 -18.4429 0.017 -18.4429 -0.0046 -18.4429 0.0046 -18.4429 -0.0072 -18.4429 0.0425 -18.4429 -0.0146 -18.4429 0.0868 -18.4429 -0.0064 
-18.3627 22.833 -18.3627 -9.2585 -18.3627 0.004 -18.3627 -0.0015 -18.3627 0.0143 -18.3627 -0.0057 -18.3627 0.004 -18.3627 -0.0053 -18.3627 0.05 -18.3627 -0.025 -18.3627 0.0921 -18.3627 -0.0091 
-18.2825 21.7051 -18.2825 -10.6242 -18.2825 0.0038 -18.2825 -0.001 -18.2825 0.0116 -18.2825 -0.0057 -18.2825 0.003 -18.2825 -0.0061 -18.2825 0.0459 -18.2825 -0.0392 -18.2825 0.0854 -18.2825 -0.0133 
-18.2024 18.3093 -18.2024 -12.6257 -18.2024 0.0031 -18.2024 -0.001 -18.2024 0.0091 -18.2024 -0.0048 -18.2024 0.0019 -18.2024 -0.0071 -18.2024 0.0329 -18.2024 -0.0595 -18.2024 0.0637 -18.2024 -0.0203 
-18.1222 13.6904 -18.1222 -15.4912 -18.1222 0.0024 -18.1222 -0.001 -18.1222 0.0068 -18.1222 -0.0038 -18.1222 0.0013 -18.1222 -0.0076 -18.1222 0.018 -18.1222 -0.0861 -18.1222 0.0364 -18.1222 -0.0304 
-18.0421 9.398 -18.0421 -18.8879 -18.0421 0.0015 -18.0421 -0.001 -18.0421 0.0049 -18.0421 -0.0038 -18.0421 0.0006 -18.0421 -0.0077 -18.0421 0.008 -18.0421 -0.1122 -18.0421 0.0161 -18.0421 -0.0419 
-17.9619 6.4779 -17.9619 -21.8479 -17.9619 0.0008 -17.9619 -0.001 -17.9619 0.0051 -17.9619 -0.0045 -17.9619 0.0002 -17.9619 -0.0068 -17.9619 0.0042 -17.9619 -0.1248 -17.9619 0.0063 -17.9619 -0.0505 
-17.8817 5.1123 -17.8817 -23.1473 -17.8817 0.0004 -17.8817 -0.0008 -17.8817 0.0101 -17.8817 -0.0053 -17.8817 0.0001 -17.8817 -0.0055 -17.8817 0.0042 -17.8817 -0.1151 -17.8817 0.0034 -17.8817 -0.0512 
-17.8016 4.8834 -17.8016 -22.1059 -17.8016 0.0001 -17.8016 -0.0006 -17.8016 0.0232 -17.8016 -0.006 -17.8016 0.0001 -17.8016 -0.0039 -17.8016 0.0063 -17.8016 -0.0879 -17.8016 0.0028 -17.8016 -0.0428 
-17.7214 5.3119 -17.7214 -19.262 -17.7214 0 -17.7214 -0.0006 -17.7214 0.0433 -17.7214 -0.0068 -17.7214 0.0001 -17.7214 -0.0024 -17.7214 0.0102 -17.7214 -0.0592 -17.7214 0.0027 -17.7214 -0.0292 
-17.6413 6.1058 -17.6413 -16.0873 -17.6413 0 -17.6413 -0.0004 -17.6413 0.0629 -17.6413 -0.0092 -17.6413 0.0001 -17.6413 -0.0015 -17.6413 0.0173 -17.6413 -0.0441 -17.6413 0.0025 -17.6413 -0.0167 
-17.5611 7.0303 -17.5611 -13.8494 -17.5611 0 -17.5611 -0.0002 -17.5611 0.0751 -17.5611 -0.0154 -17.5611 0 -17.5611 -0.0009 -17.5611 0.0271 -17.5611 -0.0474 -17.5611 0.0025 -17.5611 -0.0087 
-17.4809 7.8558 -17.4809 -12.8233 -17.4809 0 -17.4809 -0.0002 -17.4809 0.0842 -17.4809 -0.0266 -17.4809 0 -17.4809 -0.0006 -17.4809 0.0364 -17.4809 -0.0648 -17.4809 0.0022 -17.4809 -0.0051 
-17.4008 8.3704 -17.4008 -12.4442 -17.4008 0 -17.4008 -0.0001 -17.4008 0.1033 -17.4008 -0.0421 -17.4008 0 -17.4008 -0.0004 -17.4008 0.0397 -17.4008 -0.0832 -17.4008 0.002 -17.4008 -0.0034 
-17.3206 8.3357 -17.3206 -11.9109 -17.3206 0 -17.3206 -0 -17.3206 0.1351 -17.3206 -0.0601 -17.3206 0 -17.3206 -0.0002 -17.3206 0.0345 -17.3206 -0.0874 -17.3206 0.0014 -17.3206 -0.0024 
-17.2405 7.5814 -17.2405 -10.7182 -17.2405 0 -17.2405 -0 -17.2405 0.1643 -17.2405 -0.0769 -17.2405 0 -17.2405 -0.0001 -17.2405 0.0231 -17.2405 -0.0714 -17.2405 0.0009 -17.2405 -0.0014 
-17.1603 6.1287 -17.1603 -8.7997 -17.1603 0 -17.1603 -0 -17.1603 0.1662 -17.1603 -0.0838 -17.1603 0 -17.1603 -0 -17.1603 0.0119 -17.1603 -0.0444 -17.1603 0.0004 -17.1603 -0.0006 
-17.0801 4.2342 -17.0801 -6.3704 -17.0801 0 -17.0801 -0 -17.0801 0.1326 -17.0801 -0.0743 -17.0801 0 -17.0801 -0 -17.0801 0.0044 -17.0801 -0.0206 -17.0801 0 -17.0801 -0.0002 
-17 2.3861 -17 -3.8797 -17 0 -17 -0 -17 0.0809 -17 -0.0511 -17 0 -17 -0 -17 0.0012 -17 -0.0072 -17 0 -17 -0 
-16.9198 1.0529 -16.9198 -1.8958 -16.9198 0 -16.9198 -0 -16.9198 0.0372 -16.9198 -0.0268 -16.9198 0 -16.9198 -0 -16.9198 0.0002 -16.9198 -0.0018 -16.9198 0 -16.9198 -0 
-16.8396 0.3537 -16.8396 -0.7172 -16.8396 0 -16.8396 -0 -16.8396 0.0127 -16.8396 -0.0106 -16.8396 0 -16.8396 -0 -16.8396 0 -16.8396 -0.0002 -16.8396 0 -16.8396 -0 
-16.7595 0.0889 -16.7595 -0.2054 -16.7595 0 -16.7595 -0 -16.7595 0.0032 -16.7595 -0.0031 -16.7595 0 -16.7595 -0 -16.7595 0 -16.7595 -0 -16.7595 0 -16.7595 -0 
-16.6793 0.0167 -16.6793 -0.044 -16.6793 0 -16.6793 -0 -16.6793 0.0006 -16.6793 -0.0006 -16.6793 0 -16.6793 -0 -16.6793 0 -16.6793 -0 -16.6793 0 -16.6793 -0 
-16.5992 0.0037 -16.5992 -0.0079 -16.5992 0 -16.5992 -0 -16.5992 0 -16.5992 -0.0001 -16.5992 0 -16.5992 -0 -16.5992 0 -16.5992 -0 -16.5992 0 -16.5992 -0 
-16.519 0.0111 -16.519 -0.0086 -16.519 0 -16.519 -0 -16.519 0 -16.519 -0 -16.519 0 -16.519 -0 -16.519 0 -16.519 -0 -16.519 0 -16.519 -0 
-16.4388 0.0648 -16.4388 -0.0481 -16.4388 0 -16.4388 -0 -16.4388 0 -16.4388 -0 -16.4388 0 -16.4388 -0 -16.4388 0 -16.4388 -0 -16.4388 0 -16.4388 -0 
-16.3587 0.2903 -16.3587 -0.2246 -16.3587 0 -16.3587 -0 -16.3587 0 -16.3587 -0 -16.3587 0 -16.3587 -0 -16.3587 0 -16.3587 -0 -16.3587 0 -16.3587 -0 
-16.2785 0.9856 -16.2785 -0.7979 -16.2785 0 -16.2785 -0 -16.2785 0 -16.2785 -0 -16.2785 0 -16.2785 -0 -16.2785 0.0002 -16.2785 -0.0005 -16.2785 0.0003 -16.2785 -0 
-16.1984 2.5477 -16.1984 -2.1651 -16.1984 0 -16.1984 -0 -16.1984 0 -16.1984 -0 -16.1984 0 -16.1984 -0 -16.1984 0.0005 -16.1984 -0.0013 -16.1984 0.0008 -16.1984 -0.0004 
-16.1182 5.0569 -16.1182 -4.5157 -16.1182 0 -16.1182 -0 -16.1182 0.0003 -16.1182 -0.0001 -16.1182 0 -16.1182 -0 -16.1182 0.0009 -16.1182 -0.0027 -16.1182 0.0015 -16.1182 -0.0006 
-16.038 7.848 -16.038 -7.3408 -16.038 0 -16.038 -0 -16.038 0.0014 -16.038 -0.0005 -16.038 0 -16.038 -0 -16.038 0.0015 -16.038 -0.0044 -16.038 0.0021 -16.038 -0.001 
-15.9579 9.8841 -15.9579 -9.5922 -15.9579 0 -15.9579 -0 -15.9579 0.004 -15.9579 -0.0014 -15.9579 0 -15.9579 -0 -15.9579 0.0018 -15.9579 -0.0055 -15.9579 0.0022 -15.9579 -0.0012 
-15.8777 10.747 -15.8777 -10.6601 -15.8777 0 -15.8777 -0 -15.8777 0.008 -15.8777 -0.003 -15.8777 0 -15.8777 -0 -15.8777 0.0015 -15.8777 -0.0051 -15.8777 0.0017 -15.8777 -0.0009 
-15.7976 10.7218 -15.7976 -10.7659 -15.7976 0 -15.7976 -0 -15.7976 0.0123 -15.7976 -0.0049 -15.7976 0 -15.7976 -0.0001 -15.7976 0.0011 -15.7976 -0.0035 -15.7976 0.001 -15.7976 -0.0006 
-15.7174 9.8547 -15.7174 -10.0868 -15.7174 0 -15.7174 -0 -15.7174 0.0142 -15.7174 -0.0059 -15.7174 0 -15.7174 -0.0001 -15.7174 0.0005 -15.7174 -0.0018 -15.7174 0.0005 -15.7174 -0.0003 
-15.6372 7.8649 -15.6372 -8.3378 -15.6372 0 -15.6372 -0 -15.6372 0.0125 -15.6372 -0.0054 -15.6372 0 -15.6372 -0.0001 -15.6372 0.0001 -15.6372 -0.0007 -15.6372 0 -15.6372 -0 
-15.5571 5.0917 -15.5571 -5.6566 -15.5571 0 -15.5571 -0 -15.5571 0.0082 -15.5571 -0.0037 -15.5571 0 -15.5571 -0.0001 -15.5571 0 -15.5571 -0.0001 -15.5571 0 -15.5571 -0 
-15.4769 2.5578 -15.4769 -2.9924 -15.4769 0 -15.4769 -0 -15.4769 0.004 -15.4769 -0.0019 -15.4769 0 -15.4769 -0 -15.4769 0 -15.4769 -0 -15.4769 0 -15.4769 -0 
-15.3968 0.9744 -15.3968 -1.201 -15.3968 0 -15.3968 -0 -15.3968 0.0015 -15.3968 -0.0006 -15.3968 0 -15.3968 -0 -15.3968 0 -15.3968 -0 -15.3968 0 -15.3968 -0 
-15.3166 0.2783 -15.3166 -0.3607 -15.3166 0 -15.3166 -0 -15.3166 0.0004 -15.3166 -0.0003 -15.3166 0 -15.3166 -0 -15.3166 0 -15.3166 -0 -15.3166 0 -15.3166 -0 
-15.2364 0.0592 -15.2364 -0.0805 -15.2364 0 -15.2364 -0 -15.2364 0 -15.2364 -0 -15.2364 0 -15.2364 -0 -15.2364 0 -15.2364 -0 -15.2364 0 -15.2364 -0 
-15.1563 0.0094 -15.1563 -0.0133 -15.1563 0 -15.1563 -0 -15.1563 0 -15.1563 -0 -15.1563 0 -15.1563 -0 -15.1563 0 -15.1563 -0 -15.1563 0 -15.1563 -0 
-15.0761 0.0011 -15.0761 -0.0016 -15.0761 0 -15.0761 -0 -15.0761 0 -15.0761 -0 -15.0761 0 -15.0761 -0 -15.0761 0 -15.0761 -0 -15.0761 0 -15.0761 -0 
-14.996 0.0001 -14.996 -0.0001 -14.996 0 -14.996 -0 -14.996 0 -14.996 -0 -14.996 0 -14.996 -0 -14.996 0 -14.996 -0 -14.996 0 -14.996 -0 
-14.9158 0.0 -14.9158 -0 -14.9158 0 -14.9158 -0 -14.9158 0 -14.9158 -0 -14.9158 0 -14.9158 -0 -14.9158 0 -14.9158 -0 -14.9158 0 -14.9158 -0 
-14.8356 0.0 -14.8356 -0 -14.8356 0 -14.8356 -0 -14.8356 0 -14.8356 -0 -14.8356 0 -14.8356 -0 -14.8356 0 -14.8356 -0 -14.8356 0 -14.8356 -0 
-14.7555 0.0 -14.7555 -0 -14.7555 0 -14.7555 -0 -14.7555 0 -14.7555 -0 -14.7555 0 -14.7555 -0 -14.7555 0 -14.7555 -0 -14.7555 0 -14.7555 -0 
-14.6753 0.0 -14.6753 -0 -14.6753 0 -14.6753 -0 -14.6753 0 -14.6753 -0 -14.6753 0 -14.6753 -0 -14.6753 0 -14.6753 -0 -14.6753 0 -14.6753 -0 
-14.5952 0.0 -14.5952 -0 -14.5952 0 -14.5952 -0 -14.5952 0 -14.5952 -0 -14.5952 0 -14.5952 -0 -14.5952 0 -14.5952 -0 -14.5952 0 -14.5952 -0 
-14.515 0.0 -14.515 -0 -14.515 0 -14.515 -0 -14.515 0 -14.515 -0 -14.515 0 -14.515 -0 -14.515 0 -14.515 -0 -14.515 0 -14.515 -0 
-14.4348 0.0 -14.4348 -0 -14.4348 0 -14.4348 -0 -14.4348 0 -14.4348 -0 -14.4348 0 -14.4348 -0 -14.4348 0 -14.4348 -0 -14.4348 0 -14.4348 -0 
-14.3547 0.0 -14.3547 -0 -14.3547 0 -14.3547 -0 -14.3547 0 -14.3547 -0 -14.3547 0 -14.3547 -0 -14.3547 0 -14.3547 -0 -14.3547 0 -14.3547 -0 
-14.2745 0.0 -14.2745 -0 -14.2745 0 -14.2745 -0 -14.2745 0 -14.2745 -0 -14.2745 0 -14.2745 -0 -14.2745 0 -14.2745 -0 -14.2745 0 -14.2745 -0 
-14.1944 0.0 -14.1944 -0 -14.1944 0 -14.1944 -0 -14.1944 0 -14.1944 -0 -14.1944 0 -14.1944 -0 -14.1944 0 -14.1944 -0 -14.1944 0 -14.1944 -0 
-14.1142 0.0 -14.1142 -0 -14.1142 0 -14.1142 -0 -14.1142 0 -14.1142 -0 -14.1142 0 -14.1142 -0 -14.1142 0 -14.1142 -0 -14.1142 0 -14.1142 -0 
-14.034 0.0 -14.034 -0 -14.034 0 -14.034 -0 -14.034 0 -14.034 -0 -14.034 0 -14.034 -0 -14.034 0 -14.034 -0 -14.034 0 -14.034 -0 
-13.9539 0.0 -13.9539 -0 -13.9539 0 -13.9539 -0 -13.9539 0 -13.9539 -0 -13.9539 0 -13.9539 -0 -13.9539 0 -13.9539 -0 -13.9539 0 -13.9539 -0 
-13.8737 0.0 -13.8737 -0 -13.8737 0 -13.8737 -0 -13.8737 0 -13.8737 -0 -13.8737 0 -13.8737 -0 -13.8737 0 -13.8737 -0 -13.8737 0 -13.8737 -0 
-13.7936 0.0 -13.7936 -0 -13.7936 0 -13.7936 -0 -13.7936 0 -13.7936 -0 -13.7936 0 -13.7936 -0 -13.7936 0 -13.7936 -0 -13.7936 0 -13.7936 -0 
-13.7134 0.0 -13.7134 -0 -13.7134 0 -13.7134 -0 -13.7134 0 -13.7134 -0 -13.7134 0 -13.7134 -0 -13.7134 0 -13.7134 -0 -13.7134 0 -13.7134 -0 
-13.6332 0.0 -13.6332 -0 -13.6332 0 -13.6332 -0 -13.6332 0 -13.6332 -0 -13.6332 0 -13.6332 -0 -13.6332 0 -13.6332 -0 -13.6332 0 -13.6332 -0 
-13.5531 0.0 -13.5531 -0 -13.5531 0 -13.5531 -0 -13.5531 0 -13.5531 -0 -13.5531 0 -13.5531 -0 -13.5531 0 -13.5531 -0 -13.5531 0 -13.5531 -0 
-13.4729 0.0 -13.4729 -0 -13.4729 0 -13.4729 -0 -13.4729 0 -13.4729 -0 -13.4729 0 -13.4729 -0 -13.4729 0 -13.4729 -0 -13.4729 0 -13.4729 -0 
-13.3928 0.0 -13.3928 -0 -13.3928 0 -13.3928 -0 -13.3928 0 -13.3928 -0 -13.3928 0 -13.3928 -0 -13.3928 0 -13.3928 -0 -13.3928 0 -13.3928 -0 
-13.3126 0.0 -13.3126 -0 -13.3126 0 -13.3126 -0 -13.3126 0 -13.3126 -0 -13.3126 0 -13.3126 -0 -13.3126 0 -13.3126 -0 -13.3126 0 -13.3126 -0 
-13.2324 0.0 -13.2324 -0 -13.2324 0 -13.2324 -0 -13.2324 0 -13.2324 -0 -13.2324 0 -13.2324 -0 -13.2324 0 -13.2324 -0 -13.2324 0 -13.2324 -0 
-13.1523 0.0 -13.1523 -0 -13.1523 0 -13.1523 -0 -13.1523 0 -13.1523 -0 -13.1523 0 -13.1523 -0 -13.1523 0 -13.1523 -0 -13.1523 0 -13.1523 -0 
-13.0721 0.0 -13.0721 -0 -13.0721 0 -13.0721 -0 -13.0721 0 -13.0721 -0 -13.0721 0 -13.0721 -0 -13.0721 0 -13.0721 -0 -13.0721 0 -13.0721 -0 
-12.992 0.0 -12.992 -0 -12.992 0 -12.992 -0 -12.992 0 -12.992 -0 -12.992 0 -12.992 -0 -12.992 0 -12.992 -0 -12.992 0 -12.992 -0 
-12.9118 0.0 -12.9118 -0 -12.9118 0 -12.9118 -0 -12.9118 0 -12.9118 -0 -12.9118 0 -12.9118 -0 -12.9118 0 -12.9118 -0 -12.9118 0 -12.9118 -0 
-12.8316 0.0 -12.8316 -0 -12.8316 0 -12.8316 -0 -12.8316 0 -12.8316 -0 -12.8316 0 -12.8316 -0 -12.8316 0 -12.8316 -0 -12.8316 0 -12.8316 -0 
-12.7515 0.0 -12.7515 -0 -12.7515 0 -12.7515 -0 -12.7515 0 -12.7515 -0 -12.7515 0 -12.7515 -0 -12.7515 0 -12.7515 -0 -12.7515 0 -12.7515 -0 
-12.6713 0.0 -12.6713 -0 -12.6713 0 -12.6713 -0 -12.6713 0 -12.6713 -0 -12.6713 0 -12.6713 -0 -12.6713 0 -12.6713 -0 -12.6713 0 -12.6713 -0 
-12.5912 0.0 -12.5912 -0 -12.5912 0 -12.5912 -0 -12.5912 0 -12.5912 -0 -12.5912 0 -12.5912 -0 -12.5912 0 -12.5912 -0 -12.5912 0 -12.5912 -0 
-12.511 0.0 -12.511 -0 -12.511 0 -12.511 -0 -12.511 0 -12.511 -0 -12.511 0 -12.511 -0 -12.511 0 -12.511 -0 -12.511 0 -12.511 -0 
-12.4308 0.0 -12.4308 -0 -12.4308 0 -12.4308 -0 -12.4308 0 -12.4308 -0 -12.4308 0 -12.4308 -0 -12.4308 0 -12.4308 -0 -12.4308 0 -12.4308 -0 
-12.3507 0.0 -12.3507 -0 -12.3507 0 -12.3507 -0 -12.3507 0 -12.3507 -0 -12.3507 0 -12.3507 -0 -12.3507 0 -12.3507 -0 -12.3507 0 -12.3507 -0 
-12.2705 0.0 -12.2705 -0 -12.2705 0 -12.2705 -0 -12.2705 0 -12.2705 -0 -12.2705 0 -12.2705 -0 -12.2705 0 -12.2705 -0 -12.2705 0 -12.2705 -0 
-12.1904 0.0 -12.1904 -0 -12.1904 0 -12.1904 -0 -12.1904 0 -12.1904 -0 -12.1904 0 -12.1904 -0 -12.1904 0 -12.1904 -0 -12.1904 0 -12.1904 -0 
-12.1102 0.0 -12.1102 -0 -12.1102 0 -12.1102 -0 -12.1102 0 -12.1102 -0 -12.1102 0 -12.1102 -0 -12.1102 0 -12.1102 -0 -12.1102 0 -12.1102 -0 
-12.03 0.0 -12.03 -0 -12.03 0 -12.03 -0 -12.03 0 -12.03 -0 -12.03 0 -12.03 -0 -12.03 0 -12.03 -0 -12.03 0 -12.03 -0 
-11.9499 0.0 -11.9499 -0 -11.9499 0 -11.9499 -0 -11.9499 0 -11.9499 -0 -11.9499 0 -11.9499 -0 -11.9499 0 -11.9499 -0 -11.9499 0 -11.9499 -0 
-11.8697 0.0 -11.8697 -0 -11.8697 0 -11.8697 -0 -11.8697 0 -11.8697 -0 -11.8697 0 -11.8697 -0 -11.8697 0 -11.8697 -0 -11.8697 0 -11.8697 -0 
-11.7895 0.0 -11.7895 -0 -11.7895 0 -11.7895 -0 -11.7895 0 -11.7895 -0 -11.7895 0 -11.7895 -0 -11.7895 0 -11.7895 -0 -11.7895 0 -11.7895 -0 
-11.7094 0.0 -11.7094 -0 -11.7094 0 -11.7094 -0 -11.7094 0 -11.7094 -0 -11.7094 0 -11.7094 -0 -11.7094 0 -11.7094 -0 -11.7094 0 -11.7094 -0 
-11.6292 0.0 -11.6292 -0 -11.6292 0 -11.6292 -0 -11.6292 0 -11.6292 -0 -11.6292 0 -11.6292 -0 -11.6292 0 -11.6292 -0 -11.6292 0 -11.6292 -0 
-11.5491 0.0 -11.5491 -0 -11.5491 0 -11.5491 -0 -11.5491 0 -11.5491 -0 -11.5491 0 -11.5491 -0 -11.5491 0 -11.5491 -0 -11.5491 0 -11.5491 -0 
-11.4689 0.0 -11.4689 -0 -11.4689 0 -11.4689 -0 -11.4689 0 -11.4689 -0 -11.4689 0 -11.4689 -0 -11.4689 0 -11.4689 -0 -11.4689 0 -11.4689 -0 
-11.3887 0.0 -11.3887 -0 -11.3887 0 -11.3887 -0 -11.3887 0 -11.3887 -0 -11.3887 0 -11.3887 -0 -11.3887 0 -11.3887 -0 -11.3887 0 -11.3887 -0 
-11.3086 0.0 -11.3086 -0 -11.3086 0 -11.3086 -0 -11.3086 0 -11.3086 -0 -11.3086 0 -11.3086 -0 -11.3086 0 -11.3086 -0 -11.3086 0 -11.3086 -0 
-11.2284 0.0 -11.2284 -0 -11.2284 0 -11.2284 -0 -11.2284 0 -11.2284 -0 -11.2284 0 -11.2284 -0 -11.2284 0 -11.2284 -0 -11.2284 0 -11.2284 -0 
-11.1483 0.0 -11.1483 -0 -11.1483 0 -11.1483 -0 -11.1483 0 -11.1483 -0 -11.1483 0 -11.1483 -0 -11.1483 0 -11.1483 -0 -11.1483 0 -11.1483 -0 
-11.0681 0.0 -11.0681 -0 -11.0681 0 -11.0681 -0 -11.0681 0 -11.0681 -0 -11.0681 0 -11.0681 -0 -11.0681 0 -11.0681 -0 -11.0681 0 -11.0681 -0 
-10.9879 0.0 -10.9879 -0 -10.9879 0 -10.9879 -0 -10.9879 0 -10.9879 -0 -10.9879 0 -10.9879 -0 -10.9879 0 -10.9879 -0 -10.9879 0 -10.9879 -0 
-10.9078 0.0 -10.9078 -0 -10.9078 0 -10.9078 -0 -10.9078 0 -10.9078 -0 -10.9078 0 -10.9078 -0 -10.9078 0 -10.9078 -0 -10.9078 0 -10.9078 -0 
-10.8276 0.0 -10.8276 -0 -10.8276 0 -10.8276 -0 -10.8276 0 -10.8276 -0 -10.8276 0 -10.8276 -0 -10.8276 0 -10.8276 -0 -10.8276 0 -10.8276 -0 
-10.7475 0.0 -10.7475 -0 -10.7475 0 -10.7475 -0 -10.7475 0 -10.7475 -0 -10.7475 0 -10.7475 -0 -10.7475 0 -10.7475 -0 -10.7475 0 -10.7475 -0 
-10.6673 0.0 -10.6673 -0 -10.6673 0 -10.6673 -0 -10.6673 0 -10.6673 -0 -10.6673 0 -10.6673 -0 -10.6673 0 -10.6673 -0 -10.6673 0 -10.6673 -0 
-10.5871 0.0 -10.5871 -0 -10.5871 0 -10.5871 -0 -10.5871 0 -10.5871 -0 -10.5871 0 -10.5871 -0 -10.5871 0 -10.5871 -0 -10.5871 0 -10.5871 -0 
-10.507 0.0 -10.507 -0 -10.507 0 -10.507 -0 -10.507 0 -10.507 -0 -10.507 0 -10.507 -0 -10.507 0 -10.507 -0 -10.507 0 -10.507 -0 
-10.4268 0.0001 -10.4268 -0 -10.4268 0 -10.4268 -0 -10.4268 0 -10.4268 -0 -10.4268 0 -10.4268 -0 -10.4268 0 -10.4268 -0 -10.4268 0 -10.4268 -0 
-10.3467 0.0008 -10.3467 -0 -10.3467 0 -10.3467 -0 -10.3467 0 -10.3467 -0 -10.3467 0 -10.3467 -0 -10.3467 0 -10.3467 -0 -10.3467 0 -10.3467 -0 
-10.2665 0.0055 -10.2665 -0 -10.2665 0.0002 -10.2665 -0 -10.2665 0 -10.2665 -0 -10.2665 0 -10.2665 -0 -10.2665 0 -10.2665 -0 -10.2665 0 -10.2665 -0 
-10.1863 0.0284 -10.1863 -0 -10.1863 0.0015 -10.1863 -0 -10.1863 0.0001 -10.1863 -0 -10.1863 0 -10.1863 -0 -10.1863 0 -10.1863 -0 -10.1863 0.0006 -10.1863 -0 
-10.1062 0.1142 -10.1062 -0 -10.1062 0.0072 -10.1062 -0 -10.1062 0.0004 -10.1062 -0 -10.1062 0 -10.1062 -0 -10.1062 0 -10.1062 -0 -10.1062 0.0028 -10.1062 -0 
-10.026 0.362 -10.026 -0.0004 -10.026 0.0273 -10.026 -0 -10.026 0.001 -10.026 -0 -10.026 0.0001 -10.026 -0 -10.026 0 -10.026 -0 -10.026 0.0098 -10.026 -0 
-9.94589 0.9318 -9.94589 -0.0036 -9.94589 0.0836 -9.94589 -0 -9.94589 0.0023 -9.94589 -0 -9.94589 0.0004 -9.94589 -0.0002 -9.94589 0 -9.94589 -0 -9.94589 0.0275 -9.94589 -0 
-9.86569 2.024 -9.86569 -0.023 -9.86569 0.2171 -9.86569 -0 -9.86569 0.0043 -9.86569 -0 -9.86569 0.0012 -9.86569 -0.0015 -9.86569 0.0002 -9.86569 -0 -9.86569 0.0618 -9.86569 -0 
-9.78549 3.8641 -9.78549 -0.112 -9.78549 0.4971 -9.78549 -0.0001 -9.78549 0.0066 -9.78549 -0 -9.78549 0.0025 -9.78549 -0.0096 -9.78549 0.0004 -9.78549 -0 -9.78549 0.116 -9.78549 -0 
-9.70539 6.678 -9.70539 -0.4199 -9.70539 1.0228 -9.70539 -0.0003 -9.70539 0.0092 -9.70539 -0 -9.70539 0.0051 -9.70539 -0.0438 -9.70539 0.0006 -9.70539 -0.0002 -9.70539 0.1893 -9.70539 -0 
-9.62519 10.5219 -9.62519 -1.2341 -9.62519 1.8638 -9.62519 -0.0009 -9.62519 0.013 -9.62519 -0 -9.62519 0.0092 -9.62519 -0.1519 -9.62519 0.001 -9.62519 -0.0011 -9.62519 0.2796 -9.62519 -0.0002 
-9.54509 14.9933 -9.54509 -2.9054 -9.54509 2.9126 -9.54509 -0.0027 -9.54509 0.0187 -9.54509 -0.0001 -9.54509 0.0147 -9.54509 -0.4029 -9.54509 0.0018 -9.54509 -0.0032 -9.54509 0.3909 -9.54509 -0.0008 
-9.46489 19.2936 -9.46489 -5.6404 -9.46489 3.8057 -9.46489 -0.0053 -9.46489 0.0272 -9.46489 -0.0001 -9.46489 0.0204 -9.46489 -0.8402 -9.46489 0.0028 -9.46489 -0.008 -9.46489 0.5398 -9.46489 -0.0019 
-9.38469 22.9325 -9.38469 -9.3621 -9.38469 4.1595 -9.38469 -0.0089 -9.38469 0.038 -9.38469 -0.0002 -9.38469 0.0238 -9.38469 -1.4326 -9.38469 0.0042 -9.38469 -0.0158 -9.38469 0.7524 -9.38469 -0.0035 
-9.30459 26.3033 -9.30459 -13.7877 -9.30459 3.9654 -9.30459 -0.0133 -9.30459 0.0516 -9.30459 -0.0002 -9.30459 0.0249 -9.30459 -2.123 -9.30459 0.0059 -9.30459 -0.0267 -9.30459 1.0326 -9.30459 -0.0061 
-9.22439 30.18 -9.22439 -18.4792 -9.22439 3.5845 -9.22439 -0.0194 -9.22439 0.0698 -9.22439 -0.0002 -9.22439 0.0253 -9.22439 -2.9161 -9.22439 0.0075 -9.22439 -0.0371 -9.22439 1.3388 -9.22439 -0.0095 
-9.14429 34.6527 -9.14429 -22.6827 -9.14429 3.2907 -9.14429 -0.0279 -9.14429 0.0933 -9.14429 -0.0002 -9.14429 0.0268 -9.14429 -3.8137 -9.14429 0.0093 -9.14429 -0.0427 -9.14429 1.6208 -9.14429 -0.0135 
-9.06409 38.805 -9.06409 -25.4109 -9.06409 3.0295 -9.06409 -0.0375 -9.06409 0.1177 -9.06409 -0.0002 -9.06409 0.0302 -9.06409 -4.635 -9.06409 0.0116 -9.06409 -0.0407 -9.06409 1.8735 -9.06409 -0.0165 
-8.98389 41.4688 -8.98389 -26.0843 -8.98389 2.665 -8.98389 -0.0446 -8.98389 0.1346 -8.98389 -0.0001 -8.98389 0.035 -8.98389 -5.0823 -8.98389 0.0148 -8.98389 -0.034 -8.98389 2.1281 -8.98389 -0.0172 
-8.90379 42.275 -8.90379 -25.0163 -8.90379 2.2317 -8.90379 -0.0465 -8.90379 0.1402 -8.90379 -0.0001 -8.90379 0.0403 -8.90379 -5.0596 -8.90379 0.0195 -8.90379 -0.028 -8.90379 2.4026 -8.90379 -0.0153 
-8.82359 41.9656 -8.82359 -23.0648 -8.82359 1.8694 -8.82359 -0.042 -8.82359 0.1394 -8.82359 -0 -8.82359 0.0456 -8.82359 -4.7563 -8.82359 0.025 -8.82359 -0.0276 -8.82359 2.6848 -8.82359 -0.0123 
-8.74349 41.6388 -8.74349 -20.8902 -8.74349 1.6492 -8.74349 -0.0337 -8.74349 0.1413 -8.74349 -0 -8.74349 0.0493 -8.74349 -4.3793 -8.74349 0.0292 -8.74349 -0.0453 -8.74349 2.9449 -8.74349 -0.009 
-8.66329 41.7991 -8.66329 -18.5664 -8.66329 1.5329 -8.66329 -0.0245 -8.66329 0.1517 -8.66329 -0 -8.66329 0.0504 -8.66329 -3.9607 -8.66329 0.0307 -8.66329 -0.125 -8.66329 3.1569 -8.66329 -0.0067 
-8.58309 42.1592 -8.58309 -15.9113 -8.58309 1.4404 -8.58309 -0.0169 -8.58309 0.1687 -8.58309 -0 -8.58309 0.048 -8.58309 -3.3988 -8.58309 0.0293 -8.58309 -0.376 -8.58309 3.3032 -8.58309 -0.0059 
-8.50299 42.0594 -8.50299 -13.3318 -8.50299 1.3182 -8.50299 -0.0109 -8.50299 0.1866 -8.50299 -0.0003 -8.50299 0.0422 -8.50299 -2.6093 -8.50299 0.0265 -8.50299 -0.9592 -8.50299 3.3496 -8.50299 -0.0069 
-8.42279 41.0217 -8.42279 -12.0064 -8.42279 1.1672 -8.42279 -0.0066 -8.42279 0.2001 -8.42279 -0.0011 -8.42279 0.0349 -8.42279 -1.6883 -8.42279 0.0233 -8.42279 -1.9529 -8.42279 3.2459 -8.42279 -0.0105 
-8.34269 39.2726 -8.34269 -12.6796 -8.34269 1.0285 -8.34269 -0.0036 -8.34269 0.2118 -8.34269 -0.0031 -8.34269 0.0277 -8.34269 -0.8849 -8.34269 0.0199 -8.34269 -3.1592 -8.34269 2.9874 -8.34269 -0.0163 
-8.26249 37.8364 -8.26249 -14.5198 -8.26249 0.9557 -8.26249 -0.0018 -8.26249 0.2342 -8.26249 -0.0067 -8.26249 0.0226 -8.26249 -0.3747 -8.26249 0.0173 -8.26249 -4.095 -8.26249 2.661 -8.26249 -0.0222 
-8.18229 37.7542 -8.18229 -15.7176 -8.18229 0.9808 -8.18229 -0.001 -8.18229 0.3041 -8.18229 -0.0117 -8.18229 0.0206 -8.18229 -0.1357 -8.18229 0.0167 -8.18229 -4.3112 -8.18229 2.3941 -8.18229 -0.0248 
-8.10219 38.9732 -8.10219 -15.1766 -8.10219 1.0723 -8.10219 -0.0008 -8.10219 0.4962 -8.10219 -0.0161 -8.10219 0.0207 -8.10219 -0.0491 -8.10219 0.0179 -8.10219 -3.8037 -8.10219 2.2332 -8.10219 -0.0226 
-8.02199 40.2031 -8.02199 -13.4124 -8.02199 1.131 -8.02199 -0.0006 -8.02199 0.887 -8.02199 -0.0184 -8.02199 0.021 -8.02199 -0.0239 -8.02199 0.0198 -8.02199 -3.073 -8.02199 2.0978 -8.02199 -0.0177 
-7.94189 39.9917 -7.94189 -11.8469 -7.94189 1.0731 -7.94189 -0.0005 -7.94189 1.427 -7.94189 -0.0183 -7.94189 0.0199 -7.94189 -0.0197 -7.94189 0.022 -7.94189 -2.6654 -7.94189 1.8758 -7.94189 -0.0133 
-7.86169 37.6948 -7.86169 -11.3947 -7.86169 0.9087 -7.86169 -0.001 -7.86169 1.8696 -7.86169 -0.0176 -7.86169 0.0168 -7.86169 -0.0217 -7.86169 0.026 -7.86169 -2.6451 -7.86169 1.5443 -7.86169 -0.0112 
-7.78149 33.5704 -7.78149 -12.0092 -7.78149 0.7033 -7.78149 -0.0021 -7.78149 2.0082 -7.78149 -0.0183 -7.78149 0.0127 -7.78149 -0.023 -7.78149 0.0314 -7.78149 -2.6957 -7.78149 1.1702 -7.78149 -0.0104 
-7.70139 28.5301 -7.70139 -13.4308 -7.70139 0.5037 -7.70139 -0.0037 -7.70139 2.0304 -7.70139 -0.0203 -7.70139 0.0089 -7.70139 -0.0221 -7.70139 0.0351 -7.70139 -2.724 -7.70139 0.8279 -7.70139 -0.0101 
-7.62119 23.8189 -7.62119 -15.3496 -7.62119 0.3276 -7.62119 -0.006 -7.62119 2.3977 -7.62119 -0.0208 -7.62119 0.0057 -7.62119 -0.0218 -7.62119 0.0331 -7.62119 -2.9577 -7.62119 0.5528 -7.62119 -0.0105 
-7.54109 20.3418 -7.54109 -16.6 -7.54109 0.1877 -7.54109 -0.0086 -7.54109 3.2484 -7.54109 -0.0185 -7.54109 0.0037 -7.54109 -0.0246 -7.54109 0.026 -7.54109 -3.343 -7.54109 0.3502 -7.54109 -0.0115 
-7.46089 17.8816 -7.46089 -15.6715 -7.46089 0.0939 -7.46089 -0.0109 -7.46089 4.1548 -7.46089 -0.0139 -7.46089 0.0023 -7.46089 -0.0302 -7.46089 0.0179 -7.46089 -3.354 -7.46089 0.2141 -7.46089 -0.0117 
-7.38069 15.4182 -7.38069 -12.6142 -7.38069 0.0417 -7.38069 -0.0127 -7.38069 4.6963 -7.38069 -0.0095 -7.38069 0.0016 -7.38069 -0.0369 -7.38069 0.0114 -7.38069 -2.665 -7.38069 0.1285 -7.38069 -0.0107 
-7.30059 12.5778 -7.30059 -9.2346 -7.30059 0.0174 -7.30059 -0.0136 -7.30059 4.9883 -7.30059 -0.007 -7.30059 0.001 -7.30059 -0.0415 -7.30059 0.0068 -7.30059 -1.6067 -7.30059 0.0735 -7.30059 -0.0088 
-7.22039 9.9178 -7.22039 -7.2128 -7.22039 0.0074 -7.22039 -0.0146 -7.22039 5.2194 -7.22039 -0.0073 -7.22039 0.0007 -7.22039 -0.0423 -7.22039 0.0035 -7.22039 -0.7326 -7.22039 0.0369 -7.22039 -0.0076 
-7.14029 7.6494 -7.14029 -6.8881 -7.14029 0.0035 -7.14029 -0.018 -7.14029 5.0286 -7.14029 -0.0098 -7.14029 0.0005 -7.14029 -0.0403 -7.14029 0.0014 -7.14029 -0.2631 -7.14029 0.0151 -7.14029 -0.008 
-7.06009 5.391 -7.06009 -7.5223 -7.06009 0.0018 -7.06009 -0.0263 -7.06009 4.0015 -7.06009 -0.0123 -7.06009 0.0005 -7.06009 -0.039 -7.06009 0.0004 -7.06009 -0.0896 -7.06009 0.0049 -7.06009 -0.011 
-6.97989 3.1778 -6.97989 -8.1007 -6.97989 0.0012 -6.97989 -0.0393 -6.97989 2.4553 -6.97989 -0.013 -6.97989 0.0004 -6.97989 -0.0397 -6.97989 0 -6.97989 -0.0464 -6.97989 0.0015 -6.97989 -0.0159 
-6.89979 1.5647 -6.89979 -8.2096 -6.89979 0.0012 -6.89979 -0.0544 -6.89979 1.1279 -6.89979 -0.0112 -6.89979 0.0005 -6.89979 -0.041 -6.89979 0 -6.89979 -0.0424 -6.89979 0.0014 -6.89979 -0.0211 
-6.81959 0.8572 -6.81959 -8.3109 -6.81959 0.0022 -6.81959 -0.0663 -6.81959 0.3853 -6.81959 -0.0091 -6.81959 0.0012 -6.81959 -0.0417 -6.81959 0.0003 -6.81959 -0.0487 -6.81959 0.0033 -6.81959 -0.0251 
-6.73939 0.9084 -6.73939 -9.0775 -6.73939 0.005 -6.73939 -0.0722 -6.73939 0.1015 -6.73939 -0.0088 -6.73939 0.0029 -6.73939 -0.0424 -6.73939 0.0008 -6.73939 -0.0591 -6.73939 0.0081 -6.73939 -0.0276 
-6.65929 1.5004 -6.65929 -10.6582 -6.65929 0.0105 -6.65929 -0.0725 -6.65929 0.0282 -6.65929 -0.0114 -6.65929 0.0068 -6.65929 -0.0447 -6.65929 0.0021 -6.65929 -0.0702 -6.65929 0.0177 -6.65929 -0.0291 
-6.57909 2.5937 -6.57909 -12.5083 -6.57909 0.0204 -6.57909 -0.0693 -6.57909 0.0195 -6.57909 -0.0162 -6.57909 0.0148 -6.57909 -0.0482 -6.57909 0.0043 -6.57909 -0.078 -6.57909 0.0362 -6.57909 -0.0304 
-6.49899 4.2618 -6.49899 -13.7157 -6.49899 0.0357 -6.49899 -0.0634 -6.49899 0.0252 -6.49899 -0.0214 -6.49899 0.0294 -6.49899 -0.0506 -6.49899 0.0079 -6.49899 -0.0799 -6.49899 0.0676 -6.49899 -0.0308 
-6.41879 6.5012 -6.41879 -13.7199 -6.41879 0.056 -6.41879 -0.0563 -6.41879 0.0334 -6.41879 -0.0256 -6.41879 0.0514 -6.41879 -0.0509 -6.41879 0.0131 -6.41879 -0.0783 -6.41879 0.1115 -6.41879 -0.0302 
-6.33859 9.114 -6.33859 -12.8743 -6.33859 0.0787 -6.33859 -0.05 -6.33859 0.0406 -6.33859 -0.0288 -6.33859 0.0786 -6.33859 -0.0503 -6.33859 0.0196 -6.33859 -0.0776 -6.33859 0.1589 -6.33859 -0.0297 
-6.25849 11.7281 -6.25849 -12.0595 -6.25849 0.1009 -6.25849 -0.0474 -6.25849 0.0446 -6.25849 -0.0319 -6.25849 0.1063 -6.25849 -0.0524 -6.25849 0.0277 -6.25849 -0.0801 -6.25849 0.1945 -6.25849 -0.0317 
-6.17829 13.899 -6.17829 -11.7605 -6.17829 0.1191 -6.17829 -0.0495 -6.17829 0.0449 -6.17829 -0.035 -6.17829 0.1299 -6.17829 -0.0562 -6.17829 0.0361 -6.17829 -0.0851 -6.17829 0.2078 -6.17829 -0.0359 
-6.09819 15.3396 -6.09819 -11.8183 -6.09819 0.132 -6.09819 -0.0555 -6.09819 0.0426 -6.09819 -0.0366 -6.09819 0.1483 -6.09819 -0.0602 -6.09819 0.0428 -6.09819 -0.0925 -6.09819 0.1991 -6.09819 -0.0404 
-6.01799 16.2822 -6.01799 -11.9368 -6.01799 0.1465 -6.01799 -0.0652 -6.01799 0.0405 -6.01799 -0.0362 -6.01799 0.1661 -6.01799 -0.0634 -6.01799 0.0458 -6.01799 -0.1029 -6.01799 0.18 -6.01799 -0.044 
-5.93779 17.4364 -5.93779 -12.0232 -5.93779 0.1819 -5.93779 -0.0777 -5.93779 0.0409 -5.93779 -0.0356 -5.93779 0.189 -5.93779 -0.0687 -5.93779 0.0456 -5.93779 -0.1167 -5.93779 0.1664 -5.93779 -0.0458 
-5.85769 19.1486 -5.85769 -12.1076 -5.85769 0.2525 -5.85769 -0.0886 -5.85769 0.0451 -5.85769 -0.0367 -5.85769 0.2139 -5.85769 -0.0786 -5.85769 0.0445 -5.85769 -0.1315 -5.85769 0.1674 -5.85769 -0.0462 
-5.77749 20.7485 -5.77749 -12.3186 -5.77749 0.3438 -5.77749 -0.0931 -5.77749 0.0521 -5.77749 -0.0398 -5.77749 0.2237 -5.77749 -0.0941 -5.77749 0.0439 -5.77749 -0.1433 -5.77749 0.1774 -5.77749 -0.0463 
-5.69739 21.241 -5.69739 -12.9441 -5.69739 0.4124 -5.69739 -0.0924 -5.69739 0.0602 -5.69739 -0.0434 -5.69739 0.2061 -5.69739 -0.1172 -5.69739 0.0443 -5.69739 -0.1504 -5.69739 0.1849 -5.69739 -0.0476 
-5.61719 20.5162 -5.61719 -14.2021 -5.61719 0.4192 -5.61719 -0.0963 -5.61719 0.0704 -5.61719 -0.0453 -5.61719 0.1704 -5.61719 -0.1515 -5.61719 0.0465 -5.61719 -0.1538 -5.61719 0.1856 -5.61719 -0.0525 
-5.53699 19.4007 -5.53699 -15.9437 -5.53699 0.363 -5.53699 -0.1125 -5.53699 0.0848 -5.53699 -0.0447 -5.53699 0.138 -5.53699 -0.1984 -5.53699 0.051 -5.53699 -0.1583 -5.53699 0.1843 -5.53699 -0.0629 
-5.45689 18.643 -5.45689 -17.8352 -5.45689 0.2772 -5.45689 -0.1418 -5.45689 0.1047 -5.45689 -0.0438 -5.45689 0.1215 -5.45689 -0.2531 -5.45689 0.0576 -5.45689 -0.1688 -5.45689 0.1844 -5.45689 -0.0794 
-5.37669 18.2865 -5.37669 -19.722 -5.37669 0.1994 -5.37669 -0.1779 -5.37669 0.1275 -5.37669 -0.0457 -5.37669 0.1209 -5.37669 -0.3097 -5.37669 0.0652 -5.37669 -0.1868 -5.37669 0.1822 -5.37669 -0.0994 
-5.29659 17.9981 -5.29659 -21.4704 -5.29659 0.1456 -5.29659 -0.2121 -5.29659 0.1485 -5.29659 -0.0511 -5.29659 0.1284 -5.29659 -0.3604 -5.29659 0.0739 -5.29659 -0.2037 -5.29659 0.1726 -5.29659 -0.1195 
-5.21639 17.585 -5.21639 -22.6359 -5.21639 0.1142 -5.21639 -0.2375 -5.21639 0.1637 -5.21639 -0.0592 -5.21639 0.1368 -5.21639 -0.3886 -5.21639 0.083 -5.21639 -0.2086 -5.21639 0.1553 -5.21639 -0.1331 
-5.13619 17.0252 -5.13619 -22.7642 -5.13619 0.0962 -5.13619 -0.2511 -5.13619 0.1699 -5.13619 -0.0677 -5.13619 0.1402 -5.13619 -0.3761 -5.13619 0.0903 -5.13619 -0.1975 -5.13619 0.1374 -5.13619 -0.1354 
-5.05609 16.3445 -5.05609 -21.9218 -5.05609 0.0851 -5.05609 -0.2543 -5.05609 0.165 -5.05609 -0.0753 -5.05609 0.1369 -5.05609 -0.3249 -5.05609 0.0924 -5.05609 -0.1772 -5.05609 0.1258 -5.05609 -0.128 
-4.97589 15.803 -4.97589 -20.6345 -4.97589 0.0793 -4.97589 -0.2499 -4.97589 0.151 -4.97589 -0.0813 -4.97589 0.1324 -4.97589 -0.2614 -4.97589 0.0906 -4.97589 -0.156 -4.97589 0.1238 -4.97589 -0.1181 
-4.89579 16.0131 -4.89579 -19.5646 -4.89579 0.0822 -4.89579 -0.2393 -4.89579 0.1341 -4.89579 -0.0852 -4.89579 0.1374 -4.89579 -0.214 -4.89579 0.0915 -4.89579 -0.1399 -4.89579 0.1319 -4.89579 -0.1152 
-4.81559 17.4329 -4.81559 -19.4168 -4.81559 0.0958 -4.81559 -0.232 -4.81559 0.1214 -4.81559 -0.087 -4.81559 0.1606 -4.81559 -0.1941 -4.81559 0.1006 -4.81559 -0.1319 -4.81559 0.1476 -4.81559 -0.1265 
-4.73539 19.6799 -4.73539 -20.6611 -4.73539 0.1148 -4.73539 -0.2476 -4.73539 0.1148 -4.73539 -0.0879 -4.73539 0.1999 -4.73539 -0.1976 -4.73539 0.1156 -4.73539 -0.1329 -4.73539 0.1665 -4.73539 -0.1533 
-4.65529 21.7182 -4.65529 -23.0347 -4.65529 0.1291 -4.65529 -0.2961 -4.65529 0.1115 -4.65529 -0.089 -4.65529 0.2378 -4.65529 -0.2128 -4.65529 0.1299 -4.65529 -0.1402 -4.65529 0.1819 -4.65529 -0.1893 
-4.57509 22.8805 -4.57509 -25.6643 -4.57509 0.1346 -4.57509 -0.3598 -4.57509 0.1101 -4.57509 -0.0919 -4.57509 0.2535 -4.57509 -0.2282 -4.57509 0.1393 -4.57509 -0.149 -4.57509 0.1869 -4.57509 -0.2266 
-4.49499 23.3452 -4.49499 -27.8674 -4.49499 0.1346 -4.49499 -0.4064 -4.49499 0.112 -4.49499 -0.0973 -4.49499 0.2423 -4.49499 -0.2386 -4.49499 0.1456 -4.49499 -0.1584 -4.49499 0.1808 -4.49499 -0.2601 
-4.41479 23.5282 -4.41479 -29.566 -4.41479 0.1342 -4.41479 -0.413 -4.41479 0.1177 -4.41479 -0.1029 -4.41479 0.2171 -4.41479 -0.2447 -4.41479 0.1518 -4.41479 -0.1709 -4.41479 0.1684 -4.41479 -0.2872 
-4.33459 23.5732 -4.33459 -30.8849 -4.33459 0.1317 -4.33459 -0.3786 -4.33459 0.1258 -4.33459 -0.1053 -4.33459 0.1935 -4.33459 -0.2476 -4.33459 0.1605 -4.33459 -0.1866 -4.33459 0.1537 -4.33459 -0.3044 
-4.25449 23.5638 -4.25449 -31.6684 -4.25449 0.1247 -4.25449 -0.32 -4.25449 0.1345 -4.25449 -0.1047 -4.25449 0.1794 -4.25449 -0.2468 -4.25449 0.1742 -4.25449 -0.2009 -4.25449 0.1383 -4.25449 -0.3111 
-4.17429 23.6222 -4.17429 -31.5722 -4.17429 0.1143 -4.17429 -0.2575 -4.17429 0.1427 -4.17429 -0.105 -4.17429 0.1785 -4.17429 -0.2432 -4.17429 0.1911 -4.17429 -0.2065 -4.17429 0.1233 -4.17429 -0.3122 
-4.09419 23.6659 -4.09419 -30.5608 -4.09419 0.1044 -4.09419 -0.2047 -4.09419 0.1497 -4.09419 -0.1085 -4.09419 0.1894 -4.09419 -0.24 -4.09419 0.2054 -4.09419 -0.1996 -4.09419 0.1105 -4.09419 -0.3131 
-4.01399 23.5012 -4.01399 -29.1591 -4.01399 0.0979 -4.01399 -0.1654 -4.01399 0.1537 -4.01399 -0.1131 -4.01399 0.2041 -4.01399 -0.2422 -4.01399 0.2134 -4.01399 -0.1848 -4.01399 0.1015 -4.01399 -0.3144 
-3.93379 23.1476 -3.93379 -28.1545 -3.93379 0.0969 -3.93379 -0.1387 -3.93379 0.1542 -3.93379 -0.1166 -3.93379 0.2131 -3.93379 -0.2584 -3.93379 0.2162 -3.93379 -0.1733 -3.93379 0.0967 -3.93379 -0.3135 
-3.85369 22.8079 -3.85369 -28.0575 -3.85369 0.1044 -3.85369 -0.1231 -3.85369 0.1498 -3.85369 -0.1197 -3.85369 0.2133 -3.85369 -0.2979 -3.85369 0.2168 -3.85369 -0.1747 -3.85369 0.0956 -3.85369 -0.3113 
-3.77349 22.6374 -3.77349 -28.7359 -3.77349 0.1232 -3.77349 -0.1183 -3.77349 0.1412 -3.77349 -0.1236 -3.77349 0.2077 -3.77349 -0.3582 -3.77349 0.2174 -3.77349 -0.1882 -3.77349 0.098 -3.77349 -0.3114 
-3.69339 22.7208 -3.69339 -29.5601 -3.69339 0.1504 -3.69339 -0.1227 -3.69339 0.1321 -3.69339 -0.1294 -3.69339 0.1992 -3.69339 -0.4201 -3.69339 0.2213 -3.69339 -0.204 -3.69339 0.1041 -3.69339 -0.312 
-3.61319 23.1501 -3.61319 -30.0332 -3.61319 0.1787 -3.61319 -0.1335 -3.61319 0.1299 -3.61319 -0.1388 -3.61319 0.1919 -3.61319 -0.4606 -3.61319 0.233 -3.61319 -0.2142 -3.61319 0.1143 -3.61319 -0.3065 
-3.53299 23.9903 -3.53299 -30.1962 -3.53299 0.2018 -3.53299 -0.147 -3.53299 0.1394 -3.53299 -0.1526 -3.53299 0.1919 -3.53299 -0.4705 -3.53299 0.2567 -3.53299 -0.2187 -3.53299 0.1284 -3.53299 -0.293 
-3.45289 25.1337 -3.45289 -30.3373 -3.45289 0.2199 -3.45289 -0.1566 -3.45289 0.1582 -3.45289 -0.1707 -3.45289 0.2035 -3.45289 -0.454 -3.45289 0.2915 -3.45289 -0.2216 -3.45289 0.144 -3.45289 -0.2756 
-3.37269 26.176 -3.37269 -30.5251 -3.37269 0.235 -3.37269 -0.1579 -3.37269 0.1811 -3.37269 -0.1875 -3.37269 0.2223 -3.37269 -0.4208 -3.37269 0.3281 -3.37269 -0.2222 -3.37269 0.1574 -3.37269 -0.2563 
-3.29259 26.5889 -3.29259 -30.4863 -3.29259 0.2462 -3.29259 -0.1519 -3.29259 0.203 -3.29259 -0.1958 -3.29259 0.2362 -3.29259 -0.3829 -3.29259 0.3492 -3.29259 -0.2162 -3.29259 0.1648 -3.29259 -0.2328 
-3.21239 26.1376 -3.21239 -29.679 -3.21239 0.2522 -3.21239 -0.1425 -3.21239 0.2214 -3.21239 -0.1915 -3.21239 0.2355 -3.21239 -0.348 -3.21239 0.3428 -3.21239 -0.1998 -3.21239 0.164 -3.21239 -0.2031 
-3.13219 25.0452 -3.13219 -27.5892 -3.13219 0.2537 -3.13219 -0.1302 -3.13219 0.2343 -3.13219 -0.1767 -3.13219 0.2191 -3.13219 -0.3087 -3.13219 0.3119 -3.13219 -0.1741 -3.13219 0.1583 -3.13219 -0.1676 
-3.05209 23.7829 -3.05209 -24.3937 -3.05209 0.2511 -3.05209 -0.113 -3.05209 0.2403 -3.05209 -0.1611 -3.05209 0.1939 -3.05209 -0.2541 -3.05209 0.2729 -3.05209 -0.1475 -3.05209 0.154 -3.05209 -0.1308 
-2.97189 22.8473 -2.97189 -21.2155 -2.97189 0.2409 -2.97189 -0.0922 -2.97189 0.2384 -2.97189 -0.1568 -2.97189 0.1678 -2.97189 -0.1907 -2.97189 0.2422 -2.97189 -0.1323 -2.97189 0.1579 -2.97189 -0.1014 
-2.89179 22.6411 -2.89179 -19.265 -2.89179 0.2204 -2.89179 -0.0743 -2.89179 0.2278 -2.89179 -0.171 -2.89179 0.1468 -2.89179 -0.1379 -2.89179 0.2287 -2.89179 -0.1355 -2.89179 0.1747 -2.89179 -0.086 
-2.81159 23.2835 -2.81159 -18.8245 -2.81159 0.195 -2.81159 -0.0642 -2.81159 0.2097 -2.81159 -0.201 -2.81159 0.1347 -2.81159 -0.1076 -2.81159 0.2288 -2.81159 -0.1523 -2.81159 0.2048 -2.81159 -0.084 
-2.73139 24.3767 -2.73139 -19.3181 -2.73139 0.1746 -2.73139 -0.0609 -2.73139 0.1876 -2.73139 -0.24 -2.73139 0.1309 -2.73139 -0.0968 -2.73139 0.2301 -2.73139 -0.1716 -2.73139 0.2408 -2.73139 -0.0878 
-2.65129 25.143 -2.65129 -20.038 -2.65129 0.1663 -2.65129 -0.0604 -2.65129 0.1652 -2.65129 -0.2863 -2.65129 0.1292 -2.65129 -0.0965 -2.65129 0.2202 -2.65129 -0.1814 -2.65129 0.2701 -2.65129 -0.0903 
-2.57109 25.0714 -2.57109 -20.5547 -2.57109 0.1705 -2.57109 -0.0603 -2.57109 0.1451 -2.57109 -0.343 -2.57109 0.1245 -2.57109 -0.0994 -2.57109 0.1987 -2.57109 -0.1777 -2.57109 0.2816 -2.57109 -0.0883 
-2.49099 24.3225 -2.49099 -20.7799 -2.49099 0.1873 -2.49099 -0.0596 -2.49099 0.129 -2.49099 -0.4062 -2.49099 0.116 -2.49099 -0.1008 -2.49099 0.1731 -2.49099 -0.1669 -2.49099 0.2743 -2.49099 -0.0839 
-2.41079 23.3268 -2.41079 -20.9103 -2.41079 0.214 -2.41079 -0.0587 -2.41079 0.1178 -2.41079 -0.4509 -2.41079 0.1076 -2.41079 -0.0981 -2.41079 0.1513 -2.41079 -0.1615 -2.41079 0.2529 -2.41079 -0.0817 
-2.33059 22.2618 -2.33059 -21.189 -2.33059 0.2422 -2.33059 -0.0576 -2.33059 0.1096 -2.33059 -0.4443 -2.33059 0.1005 -2.33059 -0.0918 -2.33059 0.1344 -2.33059 -0.1707 -2.33059 0.2248 -2.33059 -0.0847 
-2.25049 21.1317 -2.25049 -21.6045 -2.25049 0.258 -2.25049 -0.0549 -2.25049 0.1018 -2.25049 -0.3816 -2.25049 0.0945 -2.25049 -0.0835 -2.25049 0.1209 -2.25049 -0.1943 -2.25049 0.2001 -2.25049 -0.0909 
-2.17029 20.1259 -2.17029 -21.8209 -2.17029 0.2503 -2.17029 -0.05 -2.17029 0.0961 -2.17029 -0.2972 -2.17029 0.0893 -2.17029 -0.0744 -2.17029 0.1116 -2.17029 -0.2247 -2.17029 0.1891 -2.17029 -0.0927 
-2.09009 19.6645 -2.09009 -21.3887 -2.09009 0.2174 -2.09009 -0.0441 -2.09009 0.098 -2.09009 -0.2301 -2.09009 0.0855 -2.09009 -0.0635 -2.09009 0.1093 -2.09009 -0.2561 -2.09009 0.1966 -2.09009 -0.0851 
-2.00999 20.0619 -2.00999 -20.0044 -2.00999 0.1691 -2.00999 -0.0382 -2.00999 0.1157 -2.00999 -0.1921 -2.00999 0.0832 -2.00999 -0.0511 -2.00999 0.1135 -2.00999 -0.281 -2.00999 0.2159 -2.00999 -0.0708 
-1.92979 21.1962 -1.92979 -17.6869 -1.92979 0.1208 -1.92979 -0.0325 -1.92979 0.1556 -1.92979 -0.1737 -1.92979 0.0806 -1.92979 -0.0396 -1.92979 0.1161 -1.92979 -0.2894 -1.92979 0.2311 -1.92979 -0.056 
-1.84969 22.5863 -1.84969 -14.9211 -1.84969 0.0845 -1.84969 -0.0263 -1.84969 0.2143 -1.84969 -0.1651 -1.84969 0.0763 -1.84969 -0.0306 -1.84969 0.1093 -1.84969 -0.2797 -1.84969 0.232 -1.84969 -0.0446 
-1.76949 23.7402 -1.76949 -12.507 -1.76949 0.0631 -1.76949 -0.0195 -1.76949 0.2745 -1.76949 -0.1612 -1.76949 0.0702 -1.76949 -0.0243 -1.76949 0.0954 -1.76949 -0.2676 -1.76949 0.2225 -1.76949 -0.0376 
-1.68929 24.3453 -1.68929 -11.0084 -1.68929 0.0521 -1.68929 -0.0136 -1.68929 0.3135 -1.68929 -0.1573 -1.68929 0.063 -1.68929 -0.0199 -1.68929 0.0835 -1.68929 -0.2777 -1.68929 0.2133 -1.68929 -0.0357 
-1.60919 24.3023 -1.60919 -10.4513 -1.60919 0.0459 -1.60919 -0.0094 -1.60919 0.3246 -1.60919 -0.1508 -1.60919 0.0552 -1.60919 -0.016 -1.60919 0.0776 -1.60919 -0.324 -1.60919 0.208 -1.60919 -0.0396 
-1.52899 23.6723 -1.52899 -10.5804 -1.52899 0.0408 -1.52899 -0.0073 -1.52899 0.3229 -1.52899 -0.149 -1.52899 0.047 -1.52899 -0.0126 -1.52899 0.0733 -1.52899 -0.397 -1.52899 0.1982 -1.52899 -0.0483 
-1.44889 22.4441 -1.44889 -11.0755 -1.44889 0.0359 -1.44889 -0.0066 -1.44889 0.3266 -1.44889 -0.1621 -1.44889 0.0402 -1.44889 -0.0103 -1.44889 0.0646 -1.44889 -0.467 -1.44889 0.1736 -1.44889 -0.0584 
-1.36869 20.4455 -1.36869 -11.4864 -1.36869 0.0303 -1.36869 -0.0067 -1.36869 0.3346 -1.36869 -0.1909 -1.36869 0.0359 -1.36869 -0.0089 -1.36869 0.0518 -1.36869 -0.498 -1.36869 0.1327 -1.36869 -0.0643 
-1.28849 17.6692 -1.28849 -11.318 -1.28849 0.0244 -1.28849 -0.0072 -1.28849 0.3319 -1.28849 -0.2236 -1.28849 0.0346 -1.28849 -0.0084 -1.28849 0.0405 -1.28849 -0.4635 -1.28849 0.0867 -1.28849 -0.0618 
-1.20839 14.5663 -1.20839 -10.384 -1.20839 0.0185 -1.20839 -0.0074 -1.20839 0.314 -1.20839 -0.2457 -1.20839 0.0348 -1.20839 -0.0078 -1.20839 0.0347 -1.20839 -0.3631 -1.20839 0.0496 -1.20839 -0.0495 
-1.12819 11.7875 -1.12819 -8.9352 -1.12819 0.0135 -1.12819 -0.0074 -1.12819 0.2959 -1.12819 -0.2469 -1.12819 0.0356 -1.12819 -0.007 -1.12819 0.033 -1.12819 -0.231 -1.12819 0.0271 -1.12819 -0.0324 
-1.04809 9.6434 -1.04809 -7.2691 -1.04809 0.0097 -1.04809 -0.0066 -1.04809 0.2984 -1.04809 -0.2201 -1.04809 0.0345 -1.04809 -0.0059 -1.04809 0.0307 -1.04809 -0.116 -1.04809 0.0161 -1.04809 -0.0168 
-0.967886 7.9889 -0.967886 -5.4275 -0.967886 0.0069 -0.967886 -0.0055 -0.967886 0.3277 -0.967886 -0.1666 -0.967886 0.0302 -0.967886 -0.0046 -0.967886 0.0251 -0.967886 -0.0453 -0.967886 0.0109 -0.967886 -0.007 
-0.887686 6.5427 -0.887686 -3.4899 -0.887686 0.0048 -0.887686 -0.0037 -0.887686 0.3659 -0.887686 -0.1026 -0.887686 0.0233 -0.887686 -0.0031 -0.887686 0.0171 -0.887686 -0.0136 -0.887686 0.0077 -0.887686 -0.0023 
-0.807586 5.1059 -0.807586 -1.817 -0.807586 0.003 -0.807586 -0.002 -0.807586 0.3738 -0.807586 -0.0496 -0.807586 0.0157 -0.807586 -0.0015 -0.807586 0.0095 -0.807586 -0.0032 -0.807586 0.0049 -0.807586 -0.0007 
-0.727386 3.6217 -0.727386 -0.7352 -0.727386 0.0017 -0.727386 -0.0008 -0.727386 0.3225 -0.727386 -0.0185 -0.727386 0.0093 -0.727386 -0.0006 -0.727386 0.0044 -0.727386 -0.0007 -0.727386 0.0025 -0.727386 -0 
-0.647286 2.2254 -0.647286 -0.2259 -0.647286 0.0009 -0.647286 -0.0002 -0.647286 0.2259 -0.647286 -0.0052 -0.647286 0.0047 -0.647286 -0.0001 -0.647286 0.0015 -0.647286 -0 -0.647286 0.001 -0.647286 -0 
-0.567086 1.1424 -0.567086 -0.0521 -0.567086 0.0003 -0.567086 -0 -0.567086 0.1265 -0.567086 -0.001 -0.567086 0.0019 -0.567086 -0 -0.567086 0.0004 -0.567086 -0 -0.567086 0.0003 -0.567086 -0 
-0.486886 0.4785 -0.486886 -0.0089 -0.486886 0 -0.486886 -0 -0.486886 0.0561 -0.486886 -0.0002 -0.486886 0.0007 -0.486886 -0 -0.486886 0 -0.486886 -0 -0.486886 0 -0.486886 -0 
-0.406786 0.1607 -0.406786 -0.0011 -0.406786 0 -0.406786 -0 -0.406786 0.0195 -0.406786 -0 -0.406786 0.0002 -0.406786 -0 -0.406786 0 -0.406786 -0 -0.406786 0 -0.406786 -0 
-0.326586 0.0425 -0.326586 -0.0001 -0.326586 0 -0.326586 -0 -0.326586 0.0053 -0.326586 -0 -0.326586 0 -0.326586 -0 -0.326586 0 -0.326586 -0 -0.326586 0 -0.326586 -0 
-0.246486 0.0087 -0.246486 -0 -0.246486 0 -0.246486 -0 -0.246486 0.0011 -0.246486 -0 -0.246486 0 -0.246486 -0 -0.246486 0 -0.246486 -0 -0.246486 0 -0.246486 -0 
-0.166286 0.0014 -0.166286 -0 -0.166286 0 -0.166286 -0 -0.166286 0.0002 -0.166286 -0 -0.166286 0 -0.166286 -0 -0.166286 0 -0.166286 -0 -0.166286 0 -0.166286 -0 
-0.086086 0.0002 -0.086086 -0 -0.086086 0 -0.086086 -0 -0.086086 0 -0.086086 -0 -0.086086 0 -0.086086 -0 -0.086086 0 -0.086086 -0 -0.086086 0 -0.086086 -0 
-0.00598603 0.0 -0.00598603 -0 -0.00598603 0 -0.00598603 -0 -0.00598603 0 -0.00598603 -0 -0.00598603 0 -0.00598603 -0 -0.00598603 0 -0.00598603 -0 -0.00598603 0 -0.00598603 -0 
0.074214 0.0 0.074214 -0 0.074214 0 0.074214 -0 0.074214 0 0.074214 -0 0.074214 0 0.074214 -0 0.074214 0 0.074214 -0 0.074214 0 0.074214 -0 
0.154314 0.0001 0.154314 -0.0001 0.154314 0 0.154314 -0 0.154314 0 0.154314 -0 0.154314 0 0.154314 -0 0.154314 0 0.154314 -0 0.154314 0 0.154314 -0 
0.234514 0.0012 0.234514 -0.0007 0.234514 0 0.234514 -0 0.234514 0 0.234514 -0 0.234514 0 0.234514 -0 0.234514 0 0.234514 -0 0.234514 0 0.234514 -0 
0.314714 0.0099 0.314714 -0.0057 0.314714 0 0.314714 -0.0004 0.314714 0 0.314714 -0 0.314714 0.0008 0.314714 -0 0.314714 0 0.314714 -0 0.314714 0 0.314714 -0 
0.394814 0.0608 0.394814 -0.0364 0.394814 0 0.394814 -0.0024 0.394814 0.0001 0.394814 -0.0001 0.394814 0.0045 0.394814 -0 0.394814 0 0.394814 -0 0.394814 0 0.394814 -0.0011 
0.475014 0.2812 0.475014 -0.1797 0.475014 0.0001 0.475014 -0.0139 0.475014 0.0004 0.475014 -0.0004 0.475014 0.0215 0.475014 -0 0.475014 0.0001 0.475014 -0 0.475014 0 0.475014 -0.0059 
0.555114 0.9954 0.555114 -0.692 0.555114 0.0005 0.555114 -0.0634 0.555114 0.0017 0.555114 -0.0014 0.555114 0.0768 0.555114 -0.0003 0.555114 0.0003 0.555114 -0.0005 0.555114 0.0003 0.555114 -0.0243 
0.635314 2.7405 0.635314 -2.1044 0.635314 0.0018 0.635314 -0.226 0.635314 0.0045 0.635314 -0.0039 0.635314 0.2188 0.635314 -0.0009 0.635314 0.0013 0.635314 -0.0014 0.635314 0.0009 0.635314 -0.0791 
0.715514 6.0005 0.715514 -5.1112 0.715514 0.0044 0.715514 -0.6365 0.715514 0.009 0.715514 -0.0085 0.715514 0.506 0.715514 -0.0023 0.715514 0.0028 0.715514 -0.0033 0.715514 0.0022 0.715514 -0.2025 
0.795614 10.7564 0.795614 -10.0425 0.795614 0.0089 0.795614 -1.4197 0.795614 0.0144 0.795614 -0.0156 0.795614 0.9805 0.795614 -0.0048 0.795614 0.0057 0.795614 -0.0064 0.795614 0.0043 0.795614 -0.4145 
0.875814 16.3943 0.875814 -16.223 0.875814 0.0148 0.875814 -2.5212 0.875814 0.0175 0.875814 -0.0255 0.875814 1.6523 0.875814 -0.0079 0.875814 0.0101 0.875814 -0.0108 0.875814 0.0074 0.875814 -0.6913 
0.955914 22.2345 0.955914 -22.0993 0.955914 0.0212 0.955914 -3.5974 0.955914 0.0174 0.955914 -0.0383 0.955914 2.5375 0.955914 -0.011 0.955914 0.0174 0.955914 -0.0153 0.955914 0.0117 0.955914 -0.9741 
1.03611 27.9561 1.03611 -26.4563 1.03611 0.0287 1.03611 -4.2234 1.03611 0.0142 1.03611 -0.0539 1.03611 3.6859 1.03611 -0.0137 1.03611 0.027 1.03611 -0.0188 1.03611 0.0174 1.03611 -1.2319 
1.11631 33.0492 1.11631 -29.4913 1.11631 0.0392 1.11631 -4.3062 1.11631 0.01 1.11631 -0.0712 1.11631 5.06 1.11631 -0.0168 1.11631 0.0373 1.11631 -0.0204 1.11631 0.0246 1.11631 -1.5077 
1.19641 35.9738 1.19641 -32.3574 1.19641 0.0528 1.19641 -4.1657 1.19641 0.0068 1.19641 -0.0894 1.19641 6.3222 1.19641 -0.0212 1.19641 0.0441 1.19641 -0.0201 1.19641 0.032 1.19641 -1.868 
1.27661 34.8097 1.27661 -35.8062 1.27661 0.066 1.27661 -4.1146 1.27661 0.0047 1.27661 -0.1065 1.27661 6.8762 1.27661 -0.0276 1.27661 0.043 1.27661 -0.0189 1.27661 0.036 1.27661 -2.3052 
1.35671 29.2963 1.35671 -39.6335 1.35671 0.0716 1.35671 -4.1106 1.35671 0.0032 1.35671 -0.1215 1.35671 6.3393 1.35671 -0.0349 1.35671 0.0341 1.35671 -0.0186 1.35671 0.0339 1.35671 -2.7311 
1.43691 21.5884 1.43691 -43.1569 1.43691 0.066 1.43691 -3.9131 1.43691 0.0021 1.43691 -0.1352 1.43691 4.9638 1.43691 -0.042 1.43691 0.0218 1.43691 -0.0195 1.43691 0.0264 1.43691 -3.0536 
1.51711 14.4058 1.51711 -45.752 1.51711 0.0523 1.51711 -3.4224 1.51711 0.0013 1.51711 -0.156 1.51711 3.4165 1.51711 -0.0477 1.51711 0.0114 1.51711 -0.0213 1.51711 0.0175 1.51711 -3.2145 
1.59721 9.0183 1.59721 -47.2117 1.59721 0.0365 1.59721 -2.771 1.59721 0.0011 1.59721 -0.1984 1.59721 2.168 1.59721 -0.0516 1.59721 0.0069 1.59721 -0.024 1.59721 0.0106 1.59721 -3.188 
1.67741 5.4059 1.67741 -48.0179 1.67741 0.0224 1.67741 -2.1733 1.67741 0.002 1.67741 -0.2735 1.67741 1.2826 1.67741 -0.0526 1.67741 0.0128 1.67741 -0.0283 1.67741 0.0059 1.67741 -3.0183 
1.75751 3.4198 1.75751 -48.8257 1.75751 0.0117 1.75751 -1.7634 1.75751 0.0049 1.75751 -0.3769 1.75751 0.6774 1.75751 -0.0509 1.75751 0.0451 1.75751 -0.0351 1.75751 0.0032 1.75751 -2.8139 
1.83771 3.0319 1.83771 -49.393 1.83771 0.0049 1.83771 -1.5336 1.83771 0.0104 1.83771 -0.4893 1.83771 0.3091 1.83771 -0.0477 1.83771 0.141 1.83771 -0.0436 1.83771 0.0018 1.83771 -2.6442 
1.91791 3.9472 1.91791 -48.8768 1.91791 0.0019 1.91791 -1.367 1.91791 0.0174 1.91791 -0.5979 1.91791 0.1318 1.91791 -0.0437 1.91791 0.3529 1.91791 -0.052 1.91791 0.0013 1.91791 -2.5022 
1.99801 5.5796 1.99801 -47.3885 1.99801 0.0006 1.99801 -1.1419 1.99801 0.0243 1.99801 -0.7118 1.99801 0.0668 1.99801 -0.0394 1.99801 0.7219 1.99801 -0.0608 1.99801 0.0019 1.99801 -2.394 
2.07821 7.3601 2.07821 -46.0271 2.07821 0.0003 2.07821 -0.8417 2.07821 0.029 2.07821 -0.837 2.07821 0.0447 2.07821 -0.0356 2.07821 1.2606 2.07821 -0.0709 2.07821 0.0033 2.07821 -2.358 
2.15831 8.9638 2.15831 -45.1778 2.15831 0.0003 2.15831 -0.5499 2.15831 0.0293 2.15831 -0.9509 2.15831 0.0325 2.15831 -0.0333 2.15831 1.981 2.15831 -0.0808 2.15831 0.0049 2.15831 -2.3665 
2.23851 10.4479 2.23851 -44.0347 2.23851 0.0004 2.23851 -0.3401 2.23851 0.0247 2.23851 -1.0498 2.23851 0.0223 2.23851 -0.0318 2.23851 2.8967 2.23851 -0.0854 2.23851 0.0075 2.23851 -2.3054 
2.31871 12.1997 2.31871 -41.9437 2.31871 0.0004 2.31871 -0.2169 2.31871 0.0177 2.31871 -1.2213 2.31871 0.0142 2.31871 -0.0296 2.31871 3.9197 2.31871 -0.082 2.31871 0.0106 2.31871 -2.091 
2.39881 14.4646 2.39881 -39.0622 2.39881 0.0004 2.39881 -0.1465 2.39881 0.0129 2.39881 -1.6137 2.39881 0.0101 2.39881 -0.0256 2.39881 4.7881 2.39881 -0.072 2.39881 0.0132 2.39881 -1.7436 
2.47901 16.8556 2.47901 -35.5586 2.47901 0.0004 2.47901 -0.1015 2.47901 0.0139 2.47901 -2.302 2.47901 0.0095 2.47901 -0.0203 2.47901 5.2028 2.47901 -0.0608 2.47901 0.015 2.47901 -1.3351 
2.55911 18.4478 2.55911 -31.2492 2.55911 0.0004 2.55911 -0.0697 2.55911 0.0196 2.55911 -3.1936 2.55911 0.0109 2.55911 -0.0146 2.55911 5.0378 2.55911 -0.0498 2.55911 0.0148 2.55911 -0.9258 
2.63931 18.4867 2.63931 -26.288 2.63931 0.0004 2.63931 -0.0467 2.63931 0.0263 2.63931 -4.0713 2.63931 0.0112 2.63931 -0.0096 2.63931 4.4146 2.63931 -0.0389 2.63931 0.0131 2.63931 -0.5683 
2.71951 17.0942 2.71951 -21.3898 2.71951 0.0001 2.71951 -0.0312 2.71951 0.0299 2.71951 -4.7033 2.71951 0.0094 2.71951 -0.006 2.71951 3.6444 2.71951 -0.0272 2.71951 0.0109 2.71951 -0.309 
2.79961 15.1506 2.79961 -17.1324 2.79961 0.0001 2.79961 -0.0209 2.79961 0.029 2.79961 -4.8827 2.79961 0.0067 2.79961 -0.0041 2.79961 3.0563 2.79961 -0.0168 2.79961 0.0097 2.79961 -0.1622 
2.87981 13.4544 2.87981 -13.5225 2.87981 0 2.87981 -0.0137 2.87981 0.0254 2.87981 -4.4602 2.87981 0.0042 2.87981 -0.0029 2.87981 2.7716 2.87981 -0.0101 2.87981 0.0107 2.87981 -0.1047 
2.96001 12.1513 2.96001 -10.3185 2.96001 0 2.96001 -0.0083 2.96001 0.0221 2.96001 -3.4991 2.96001 0.0027 2.96001 -0.0021 2.96001 2.6266 2.96001 -0.0069 2.96001 0.0127 2.96001 -0.0951 
3.04011 10.8605 3.04011 -7.4708 3.04011 0 3.04011 -0.0049 3.04011 0.0216 3.04011 -2.3726 3.04011 0.0018 3.04011 -0.0017 3.04011 2.3449 3.04011 -0.0055 3.04011 0.014 3.04011 -0.0938 
3.12031 9.1349 3.12031 -5.2043 3.12031 0 3.12031 -0.0031 3.12031 0.0227 3.12031 -1.5534 3.12031 0.0012 3.12031 -0.0011 3.12031 1.8029 3.12031 -0.0043 3.12031 0.0127 3.12031 -0.0795 
3.20041 6.8755 3.20041 -3.787 3.20041 0 3.20041 -0.0021 3.20041 0.0221 3.20041 -1.2658 3.20041 0.0008 3.20041 -0.001 3.20041 1.1321 3.20041 -0.0027 3.20041 0.0089 3.20041 -0.0526 
3.28061 4.469 3.28061 -3.1765 3.28061 0 3.28061 -0.0015 3.28061 0.0177 3.28061 -1.353 3.28061 0.0004 3.28061 -0.0008 3.28061 0.5636 3.28061 -0.0013 3.28061 0.005 3.28061 -0.0266 
3.36081 2.5122 3.36081 -2.9049 3.36081 0 3.36081 -0.0013 3.36081 0.0112 3.36081 -1.4459 3.36081 0.0005 3.36081 -0.0007 3.36081 0.219 3.36081 -0.0006 3.36081 0.002 3.36081 -0.0106 
3.44091 1.3355 3.44091 -2.4691 3.44091 0 3.44091 -0.0011 3.44091 0.0053 3.44091 -1.2763 3.44091 0.0005 3.44091 -0.0005 3.44091 0.067 3.44091 -0.0001 3.44091 0.0007 3.44091 -0.0035 
3.52111 0.82 3.52111 -1.8041 3.52111 0 3.52111 -0.0007 3.52111 0.0021 3.52111 -0.8727 3.52111 0.0006 3.52111 -0.0004 3.52111 0.0181 3.52111 -0 3.52111 0.0001 3.52111 -0.0015 
3.60121 0.6428 3.60121 -1.2045 3.60121 0 3.60121 -0.0005 3.60121 0.0008 3.60121 -0.4564 3.60121 0.0007 3.60121 -0.0001 3.60121 0.0068 3.60121 -0 3.60121 0 3.60121 -0.0011 
3.68141 0.5679 3.68141 -0.871 3.68141 0 3.68141 -0.0002 3.68141 0.0003 3.68141 -0.1865 3.68141 0.0008 3.68141 -0.0001 3.68141 0.0049 3.68141 -0 3.68141 0.0002 3.68141 -0.0013 
3.76161 0.5183 3.76161 -0.7289 3.76161 0 3.76161 -0.0002 3.76161 0.0002 3.76161 -0.065 3.76161 0.0007 3.76161 -0.0001 3.76161 0.0043 3.76161 -0 3.76161 0.0001 3.76161 -0.0016 
3.84171 0.515 3.84171 -0.6223 3.84171 0 3.84171 -0.0002 3.84171 0.0003 3.84171 -0.0232 3.84171 0.0005 3.84171 -0.0001 3.84171 0.0039 3.84171 -0 3.84171 0 3.84171 -0.0017 
3.92191 0.5945 3.92191 -0.512 3.92191 0 3.92191 -0.0001 3.92191 0.0004 3.92191 -0.0105 3.92191 0.0004 3.92191 -0.0001 3.92191 0.0038 3.92191 -0 3.92191 0.0002 3.92191 -0.0014 
4.00201 0.7473 4.00201 -0.4731 4.00201 0 4.00201 -0.0002 4.00201 0.0005 4.00201 -0.0068 4.00201 0.0005 4.00201 -0.0001 4.00201 0.0043 4.00201 -0 4.00201 0.0002 4.00201 -0.0012 
4.08221 0.9089 4.08221 -0.5702 4.08221 0 4.08221 -0.0002 4.08221 0.0006 4.08221 -0.0068 4.08221 0.0006 4.08221 -0.0001 4.08221 0.0049 4.08221 -0 4.08221 0.0002 4.08221 -0.0013 
4.16241 0.993 4.16241 -0.7699 4.16241 0 4.16241 -0.0004 4.16241 0.0006 4.16241 -0.0081 4.16241 0.0007 4.16241 -0.0001 4.16241 0.0052 4.16241 -0 4.16241 0.0003 4.16241 -0.0018 
4.24251 0.9431 4.24251 -0.9632 4.24251 0.0001 4.24251 -0.0004 4.24251 0.0005 4.24251 -0.0089 4.24251 0.0007 4.24251 -0.0001 4.24251 0.0048 4.24251 -0 4.24251 0.0003 4.24251 -0.0024 
4.32271 0.7745 4.32271 -1.0438 4.32271 0.0001 4.32271 -0.0005 4.32271 0.0004 4.32271 -0.0085 4.32271 0.0006 4.32271 -0.0002 4.32271 0.004 4.32271 -0.0002 4.32271 0.0003 4.32271 -0.0029 
4.40281 0.5752 4.40281 -0.9637 4.40281 0 4.40281 -0.0005 4.40281 0.0003 4.40281 -0.007 4.40281 0.0005 4.40281 -0.0002 4.40281 0.0027 4.40281 -0.0002 4.40281 0.0003 4.40281 -0.0031 
4.48301 0.4741 4.48301 -0.7551 4.48301 0 4.48301 -0.0004 4.48301 0.0003 4.48301 -0.0048 4.48301 0.0003 4.48301 -0.0001 4.48301 0.0021 4.48301 -0 4.48301 0.0002 4.48301 -0.0026 
4.56321 0.5871 4.56321 -0.5286 4.56321 0 4.56321 -0.0003 4.56321 0.0004 4.56321 -0.0029 4.56321 0.0004 4.56321 -0.0001 4.56321 0.0022 4.56321 -0 4.56321 0.0002 4.56321 -0.0019 
4.64331 0.9331 4.64331 -0.4356 4.64331 0.0001 4.64331 -0.0002 4.64331 0.0007 4.64331 -0.0019 4.64331 0.0007 4.64331 -0.0001 4.64331 0.0032 4.64331 -0 4.64331 0.0003 4.64331 -0.0012 
4.72351 1.3722 4.72351 -0.5891 4.72351 0.0001 4.72351 -0.0003 4.72351 0.0009 4.72351 -0.0021 4.72351 0.001 4.72351 -0.0002 4.72351 0.0043 4.72351 -0.0001 4.72351 0.0008 4.72351 -0.0013 
4.80361 1.6773 4.80361 -0.9682 4.80361 0.0004 4.80361 -0.0005 4.80361 0.0011 4.80361 -0.0032 4.80361 0.0014 4.80361 -0.0005 4.80361 0.0053 4.80361 -0.0004 4.80361 0.001 4.80361 -0.0021 
4.88381 1.7183 4.88381 -1.3871 4.88381 0.0004 4.88381 -0.0008 4.88381 0.001 4.88381 -0.0043 4.88381 0.0016 4.88381 -0.0007 4.88381 0.0051 4.88381 -0.0005 4.88381 0.0011 4.88381 -0.0036 
4.96401 1.5588 4.96401 -1.6259 4.96401 0.0004 4.96401 -0.001 4.96401 0.0009 4.96401 -0.0046 4.96401 0.0016 4.96401 -0.0011 4.96401 0.0044 4.96401 -0.0006 4.96401 0.0011 4.96401 -0.0046 
5.04411 1.353 5.04411 -1.6236 5.04411 0.0003 5.04411 -0.0011 5.04411 0.0009 5.04411 -0.0042 5.04411 0.0015 5.04411 -0.0012 5.04411 0.0035 5.04411 -0.0006 5.04411 0.0009 5.04411 -0.0047 
5.12431 1.1996 5.12431 -1.4821 5.12431 0.0003 5.12431 -0.001 5.12431 0.0009 5.12431 -0.0035 5.12431 0.0014 5.12431 -0.0012 5.12431 0.0029 5.12431 -0.0005 5.12431 0.0009 5.12431 -0.0041 
5.20441 1.1335 5.20441 -1.2999 5.20441 0.0004 5.20441 -0.0007 5.20441 0.001 5.20441 -0.0026 5.20441 0.0012 5.20441 -0.0014 5.20441 0.0028 5.20441 -0.0004 5.20441 0.0008 5.20441 -0.0032 
5.28461 1.1972 5.28461 -1.1328 5.28461 0.0005 5.28461 -0.0006 5.28461 0.0013 5.28461 -0.0018 5.28461 0.001 5.28461 -0.0012 5.28461 0.003 5.28461 -0.0004 5.28461 0.0009 5.28461 -0.0025 
5.36481 1.4528 5.36481 -1.1005 5.36481 0.0005 5.36481 -0.0008 5.36481 0.0017 5.36481 -0.0014 5.36481 0.0013 5.36481 -0.0014 5.36481 0.0038 5.36481 -0.0006 5.36481 0.0008 5.36481 -0.0022 
5.44491 1.9053 5.44491 -1.3391 5.44491 0.0005 5.44491 -0.001 5.44491 0.0019 5.44491 -0.0014 5.44491 0.0021 5.44491 -0.0018 5.44491 0.0052 5.44491 -0.0006 5.44491 0.0011 5.44491 -0.0021 
5.52511 2.4317 5.52511 -1.7829 5.52511 0.0007 5.52511 -0.0014 5.52511 0.0023 5.52511 -0.0016 5.52511 0.0035 5.52511 -0.0029 5.52511 0.0067 5.52511 -0.0009 5.52511 0.0017 5.52511 -0.0029 
5.60521 2.8452 5.60521 -2.1519 5.60521 0.001 5.60521 -0.0019 5.60521 0.0026 5.60521 -0.0022 5.60521 0.0048 5.60521 -0.0042 5.60521 0.0084 5.60521 -0.0012 5.60521 0.0023 5.60521 -0.004 
5.68541 3.0688 5.68541 -2.2593 5.68541 0.0011 5.68541 -0.0023 5.68541 0.003 5.68541 -0.0028 5.68541 0.0052 5.68541 -0.0047 5.68541 0.0106 5.68541 -0.0012 5.68541 0.003 5.68541 -0.0055 
5.76561 3.1742 5.76561 -2.2162 5.76561 0.0011 5.76561 -0.0028 5.76561 0.0038 5.76561 -0.0032 5.76561 0.0052 5.76561 -0.0051 5.76561 0.0135 5.76561 -0.0016 5.76561 0.0034 5.76561 -0.0072 
5.84571 3.25 5.84571 -2.2564 5.84571 0.0011 5.84571 -0.0032 5.84571 0.0051 5.84571 -0.0038 5.84571 0.0044 5.84571 -0.0058 5.84571 0.0161 5.84571 -0.0019 5.84571 0.0038 5.84571 -0.0093 
5.92591 3.3594 5.92591 -2.514 5.92591 0.0011 5.92591 -0.0039 5.92591 0.0069 5.92591 -0.0047 5.92591 0.0039 5.92591 -0.0069 5.92591 0.0178 5.92591 -0.0026 5.92591 0.0037 5.92591 -0.0112 
6.00601 3.5891 6.00601 -3.0141 6.00601 0.0012 6.00601 -0.0046 6.00601 0.0097 6.00601 -0.0061 6.00601 0.0039 6.00601 -0.0089 6.00601 0.0192 6.00601 -0.0035 6.00601 0.0037 6.00601 -0.0126 
6.08621 3.9775 6.08621 -3.6856 6.08621 0.0012 6.08621 -0.0054 6.08621 0.0134 6.08621 -0.0082 6.08621 0.0041 6.08621 -0.0111 6.08621 0.0204 6.08621 -0.0047 6.08621 0.0038 6.08621 -0.0136 
6.16641 4.4313 6.16641 -4.3499 6.16641 0.0014 6.16641 -0.006 6.16641 0.0174 6.16641 -0.011 6.16641 0.0046 6.16641 -0.0133 6.16641 0.0205 6.16641 -0.0058 6.16641 0.0039 6.16641 -0.014 
6.24651 4.827 6.24651 -4.8536 6.24651 0.0018 6.24651 -0.0064 6.24651 0.0204 6.24651 -0.0147 6.24651 0.0056 6.24651 -0.0154 6.24651 0.0191 6.24651 -0.0066 6.24651 0.0038 6.24651 -0.0137 
6.32671 5.1283 6.32671 -5.202 6.32671 0.002 6.32671 -0.0063 6.32671 0.0218 6.32671 -0.0196 6.32671 0.0068 6.32671 -0.0166 6.32671 0.0166 6.32671 -0.0068 6.32671 0.0037 6.32671 -0.0124 
6.40681 5.341 6.40681 -5.4792 6.40681 0.0024 6.40681 -0.0058 6.40681 0.0214 6.40681 -0.026 6.40681 0.0078 6.40681 -0.0178 6.40681 0.0142 6.40681 -0.0065 6.40681 0.0035 6.40681 -0.0104 
6.48701 5.4339 6.48701 -5.7187 6.48701 0.0024 6.48701 -0.0049 6.48701 0.0197 6.48701 -0.0329 6.48701 0.0082 6.48701 -0.0193 6.48701 0.0127 6.48701 -0.006 6.48701 0.0032 6.48701 -0.0087 
6.56721 5.341 6.56721 -5.8907 6.56721 0.0021 6.56721 -0.0043 6.56721 0.0173 6.56721 -0.0387 6.56721 0.0078 6.56721 -0.0211 6.56721 0.0114 6.56721 -0.0053 6.56721 0.003 6.56721 -0.0074 
6.64731 4.9871 6.64731 -5.8998 6.64731 0.0019 6.64731 -0.0036 6.64731 0.0148 6.64731 -0.0413 6.64731 0.0066 6.64731 -0.0226 6.64731 0.0101 6.64731 -0.0048 6.64731 0.0026 6.64731 -0.0065 
6.72751 4.3235 6.72751 -5.5781 6.72751 0.0016 6.72751 -0.0031 6.72751 0.0124 6.72751 -0.0385 6.72751 0.0053 6.72751 -0.0221 6.72751 0.0082 6.72751 -0.004 6.72751 0.0021 6.72751 -0.0055 
6.80761 3.3994 6.80761 -4.8118 6.80761 0.0012 6.80761 -0.0023 6.80761 0.0096 6.80761 -0.0309 6.80761 0.0038 6.80761 -0.0191 6.80761 0.006 6.80761 -0.0034 6.80761 0.0016 6.80761 -0.0042 
6.88781 2.378 6.88781 -3.7097 6.88781 0.0008 6.88781 -0.0017 6.88781 0.0068 6.88781 -0.0209 6.88781 0.0025 6.88781 -0.0144 6.88781 0.0038 6.88781 -0.0023 6.88781 0.001 6.88781 -0.0028 
6.96801 1.4503 6.96801 -2.5626 6.96801 0.0005 6.96801 -0.0012 6.96801 0.0043 6.96801 -0.0123 6.96801 0.0014 6.96801 -0.0099 6.96801 0.002 6.96801 -0.0016 6.96801 0.0006 6.96801 -0.0017 
7.04811 0.7494 7.04811 -1.6217 7.04811 0.0002 7.04811 -0.0008 7.04811 0.0022 7.04811 -0.0065 7.04811 0.0008 7.04811 -0.0064 7.04811 0.001 7.04811 -0.0009 7.04811 0.0003 7.04811 -0.001 
7.12831 0.3165 7.12831 -0.9596 7.12831 0 7.12831 -0.0005 7.12831 0.001 7.12831 -0.0033 7.12831 0.0004 7.12831 -0.0041 7.12831 0.0004 7.12831 -0.0006 7.12831 0.0001 7.12831 -0.0006 
7.20841 0.1056 7.20841 -0.5235 7.20841 0 7.20841 -0.0003 7.20841 0.0002 7.20841 -0.0017 7.20841 0 7.20841 -0.0024 7.20841 0 7.20841 -0.0003 7.20841 0 7.20841 -0.0003 
7.28861 0.0271 7.28861 -0.2495 7.28861 0 7.28861 -0 7.28861 0 7.28861 -0.0008 7.28861 0 7.28861 -0.0014 7.28861 0 7.28861 -0 7.28861 0 7.28861 -0.0001 
7.36881 0.0053 7.36881 -0.0975 7.36881 0 7.36881 -0 7.36881 0 7.36881 -0.0002 7.36881 0 7.36881 -0.0005 7.36881 0 7.36881 -0 7.36881 0 7.36881 -0 
7.44891 0.0008 7.44891 -0.0298 7.44891 0 7.44891 -0 7.44891 0 7.44891 -0 7.44891 0 7.44891 -0.0002 7.44891 0 7.44891 -0 7.44891 0 7.44891 -0 
7.52911 0.0001 7.52911 -0.0069 7.52911 0 7.52911 -0 7.52911 0 7.52911 -0 7.52911 0 7.52911 -0 7.52911 0 7.52911 -0 7.52911 0 7.52911 -0 
7.60921 0.0 7.60921 -0.0012 7.60921 0 7.60921 -0 7.60921 0 7.60921 -0 7.60921 0 7.60921 -0 7.60921 0 7.60921 -0 7.60921 0 7.60921 -0 
7.68941 0.0 7.68941 -0.0002 7.68941 0 7.68941 -0 7.68941 0 7.68941 -0 7.68941 0 7.68941 -0 7.68941 0 7.68941 -0 7.68941 0 7.68941 -0 
7.76961 0.0 7.76961 -0 7.76961 0 7.76961 -0 7.76961 0 7.76961 -0 7.76961 0 7.76961 -0 7.76961 0 7.76961 -0 7.76961 0 7.76961 -0 
7.84971 0.0 7.84971 -0 7.84971 0 7.84971 -0 7.84971 0 7.84971 -0 7.84971 0 7.84971 -0 7.84971 0 7.84971 -0 7.84971 0 7.84971 -0 
7.92991 0.0 7.92991 -0 7.92991 0 7.92991 -0 7.92991 0 7.92991 -0 7.92991 0 7.92991 -0 7.92991 0 7.92991 -0 7.92991 0 7.92991 -0 
8.01011 0.0 8.01011 -0 8.01011 0 8.01011 -0 8.01011 0 8.01011 -0 8.01011 0 8.01011 -0 8.01011 0 8.01011 -0 8.01011 0 8.01011 -0 
8.09021 0.0 8.09021 -0 8.09021 0 8.09021 -0 8.09021 0 8.09021 -0 8.09021 0 8.09021 -0 8.09021 0 8.09021 -0 8.09021 0 8.09021 -0 
8.17041 0.0 8.17041 -0 8.17041 0 8.17041 -0 8.17041 0 8.17041 -0 8.17041 0 8.17041 -0 8.17041 0 8.17041 -0 8.17041 0 8.17041 -0 
8.25051 0.0 8.25051 -0 8.25051 0 8.25051 -0 8.25051 0 8.25051 -0 8.25051 0 8.25051 -0 8.25051 0 8.25051 -0 8.25051 0 8.25051 -0 
8.33071 0.0 8.33071 -0 8.33071 0 8.33071 -0 8.33071 0 8.33071 -0 8.33071 0 8.33071 -0 8.33071 0 8.33071 -0 8.33071 0 8.33071 -0 
8.41091 0.0 8.41091 -0 8.41091 0 8.41091 -0 8.41091 0 8.41091 -0 8.41091 0 8.41091 -0 8.41091 0 8.41091 -0 8.41091 0 8.41091 -0 
8.49101 0.0 8.49101 -0 8.49101 0 8.49101 -0 8.49101 0 8.49101 -0 8.49101 0 8.49101 -0 8.49101 0 8.49101 -0 8.49101 0 8.49101 -0 
8.57121 0.0 8.57121 -0 8.57121 0 8.57121 -0 8.57121 0 8.57121 -0 8.57121 0 8.57121 -0 8.57121 0 8.57121 -0 8.57121 0 8.57121 -0 
8.65131 0.0 8.65131 -0 8.65131 0 8.65131 -0 8.65131 0 8.65131 -0 8.65131 0 8.65131 -0 8.65131 0 8.65131 -0 8.65131 0 8.65131 -0 
8.73151 0.0 8.73151 -0 8.73151 0 8.73151 -0 8.73151 0 8.73151 -0 8.73151 0 8.73151 -0 8.73151 0 8.73151 -0 8.73151 0 8.73151 -0 
8.81171 0.0 8.81171 -0 8.81171 0 8.81171 -0 8.81171 0 8.81171 -0 8.81171 0 8.81171 -0 8.81171 0 8.81171 -0 8.81171 0 8.81171 -0 
8.89181 0.0 8.89181 -0 8.89181 0 8.89181 -0 8.89181 0 8.89181 -0 8.89181 0 8.89181 -0 8.89181 0 8.89181 -0 8.89181 0 8.89181 -0 
8.97201 0.0 8.97201 -0 8.97201 0 8.97201 -0 8.97201 0 8.97201 -0 8.97201 0 8.97201 -0 8.97201 0 8.97201 -0 8.97201 0 8.97201 -0 
9.05211 0.0 9.05211 -0 9.05211 0 9.05211 -0 9.05211 0 9.05211 -0 9.05211 0 9.05211 -0 9.05211 0 9.05211 -0 9.05211 0 9.05211 -0 
9.13231 0.0 9.13231 -0 9.13231 0 9.13231 -0 9.13231 0 9.13231 -0 9.13231 0 9.13231 -0 9.13231 0 9.13231 -0 9.13231 0 9.13231 -0 
9.21251 0.0 9.21251 -0 9.21251 0 9.21251 -0 9.21251 0 9.21251 -0 9.21251 0 9.21251 -0 9.21251 0 9.21251 -0 9.21251 0 9.21251 -0 
9.29261 0.0 9.29261 -0 9.29261 0 9.29261 -0 9.29261 0 9.29261 -0 9.29261 0 9.29261 -0 9.29261 0 9.29261 -0 9.29261 0 9.29261 -0 
9.37281 0.0 9.37281 -0 9.37281 0 9.37281 -0 9.37281 0 9.37281 -0 9.37281 0 9.37281 -0 9.37281 0 9.37281 -0 9.37281 0 9.37281 -0 
9.45291 0.0 9.45291 -0 9.45291 0 9.45291 -0 9.45291 0 9.45291 -0 9.45291 0 9.45291 -0 9.45291 0 9.45291 -0 9.45291 0 9.45291 -0 
9.53311 0.0 9.53311 -0 9.53311 0 9.53311 -0 9.53311 0 9.53311 -0 9.53311 0 9.53311 -0 9.53311 0 9.53311 -0 9.53311 0 9.53311 -0 
9.61331 0.0 9.61331 -0 9.61331 0 9.61331 -0 9.61331 0 9.61331 -0 9.61331 0 9.61331 -0 9.61331 0 9.61331 -0 9.61331 0 9.61331 -0 
9.69341 0.0 9.69341 -0 9.69341 0 9.69341 -0 9.69341 0 9.69341 -0 9.69341 0 9.69341 -0 9.69341 0 9.69341 -0 9.69341 0 9.69341 -0 
9.77361 0.0 9.77361 -0 9.77361 0 9.77361 -0 9.77361 0 9.77361 -0 9.77361 0 9.77361 -0 9.77361 0 9.77361 -0 9.77361 0 9.77361 -0 
9.85371 0.0 9.85371 -0 9.85371 0 9.85371 -0 9.85371 0 9.85371 -0 9.85371 0 9.85371 -0 9.85371 0 9.85371 -0 9.85371 0 9.85371 -0 
9.93391 0.0 9.93391 -0 9.93391 0 9.93391 -0 9.93391 0 9.93391 -0 9.93391 0 9.93391 -0 9.93391 0 9.93391 -0 9.93391 0 9.93391 -0 
10.0141 0.0 10.0141 -0 10.0141 0 10.0141 -0 10.0141 0 10.0141 -0 10.0141 0 10.0141 -0 10.0141 0 10.0141 -0 10.0141 0 10.0141 -0 
10.0942 0.0 10.0942 -0 10.0942 0 10.0942 -0 10.0942 0 10.0942 -0 10.0942 0 10.0942 -0 10.0942 0 10.0942 -0 10.0942 0 10.0942 -0 
10.1744 0.0 10.1744 -0 10.1744 0 10.1744 -0 10.1744 0 10.1744 -0 10.1744 0 10.1744 -0 10.1744 0 10.1744 -0 10.1744 0 10.1744 -0 
10.2545 0.0 10.2545 -0 10.2545 0 10.2545 -0 10.2545 0 10.2545 -0 10.2545 0 10.2545 -0 10.2545 0 10.2545 -0 10.2545 0 10.2545 -0 
10.3347 0.0 10.3347 -0 10.3347 0 10.3347 -0 10.3347 0 10.3347 -0 10.3347 0 10.3347 -0 10.3347 0 10.3347 -0 10.3347 0 10.3347 -0 
10.4149 0.0 10.4149 -0 10.4149 0 10.4149 -0 10.4149 0 10.4149 -0 10.4149 0 10.4149 -0 10.4149 0 10.4149 -0 10.4149 0 10.4149 -0 
10.495 0.0 10.495 -0 10.495 0 10.495 -0 10.495 0 10.495 -0 10.495 0 10.495 -0 10.495 0 10.495 -0 10.495 0 10.495 -0 
10.5752 0.0 10.5752 -0 10.5752 0 10.5752 -0 10.5752 0 10.5752 -0 10.5752 0 10.5752 -0 10.5752 0 10.5752 -0 10.5752 0 10.5752 -0 
10.6553 0.0 10.6553 -0 10.6553 0 10.6553 -0 10.6553 0 10.6553 -0 10.6553 0 10.6553 -0 10.6553 0 10.6553 -0 10.6553 0 10.6553 -0 
10.7355 0.0 10.7355 -0 10.7355 0 10.7355 -0 10.7355 0 10.7355 -0 10.7355 0 10.7355 -0 10.7355 0 10.7355 -0 10.7355 0 10.7355 -0 
10.8157 0.0 10.8157 -0 10.8157 0 10.8157 -0 10.8157 0 10.8157 -0 10.8157 0 10.8157 -0 10.8157 0 10.8157 -0 10.8157 0 10.8157 -0 
10.8958 0.0 10.8958 -0 10.8958 0 10.8958 -0 10.8958 0 10.8958 -0 10.8958 0 10.8958 -0 10.8958 0 10.8958 -0 10.8958 0 10.8958 -0 
10.976 0.0 10.976 -0 10.976 0 10.976 -0 10.976 0 10.976 -0 10.976 0 10.976 -0 10.976 0 10.976 -0 10.976 0 10.976 -0 
11.0561 0.0 11.0561 -0 11.0561 0 11.0561 -0 11.0561 0 11.0561 -0 11.0561 0 11.0561 -0 11.0561 0 11.0561 -0 11.0561 0 11.0561 -0 
11.1363 0.0 11.1363 -0 11.1363 0 11.1363 -0 11.1363 0 11.1363 -0 11.1363 0 11.1363 -0 11.1363 0 11.1363 -0 11.1363 0 11.1363 -0 
11.2165 0.0 11.2165 -0 11.2165 0 11.2165 -0 11.2165 0 11.2165 -0 11.2165 0 11.2165 -0 11.2165 0 11.2165 -0 11.2165 0 11.2165 -0 
11.2966 0.0 11.2966 -0 11.2966 0 11.2966 -0 11.2966 0 11.2966 -0 11.2966 0 11.2966 -0 11.2966 0 11.2966 -0 11.2966 0 11.2966 -0 
11.3768 0.0 11.3768 -0 11.3768 0 11.3768 -0 11.3768 0 11.3768 -0 11.3768 0 11.3768 -0 11.3768 0 11.3768 -0 11.3768 0 11.3768 -0 
11.4569 0.0 11.4569 -0 11.4569 0 11.4569 -0 11.4569 0 11.4569 -0 11.4569 0 11.4569 -0 11.4569 0 11.4569 -0 11.4569 0 11.4569 -0 
11.5371 0.0 11.5371 -0 11.5371 0 11.5371 -0 11.5371 0 11.5371 -0 11.5371 0 11.5371 -0 11.5371 0 11.5371 -0 11.5371 0 11.5371 -0 
11.6173 0.0 11.6173 -0 11.6173 0 11.6173 -0 11.6173 0 11.6173 -0 11.6173 0 11.6173 -0 11.6173 0 11.6173 -0 11.6173 0 11.6173 -0 
11.6974 0.0 11.6974 -0 11.6974 0 11.6974 -0 11.6974 0 11.6974 -0 11.6974 0 11.6974 -0 11.6974 0 11.6974 -0 11.6974 0 11.6974 -0 
11.7776 0.0 11.7776 -0 11.7776 0 11.7776 -0 11.7776 0 11.7776 -0 11.7776 0 11.7776 -0 11.7776 0 11.7776 -0 11.7776 0 11.7776 -0 
11.8577 0.0 11.8577 -0 11.8577 0 11.8577 -0 11.8577 0 11.8577 -0 11.8577 0 11.8577 -0 11.8577 0 11.8577 -0 11.8577 0 11.8577 -0 
11.9379 0.0 11.9379 -0 11.9379 0 11.9379 -0 11.9379 0 11.9379 -0 11.9379 0 11.9379 -0 11.9379 0 11.9379 -0 11.9379 0 11.9379 -0 
12.0181 0.0 12.0181 -0 12.0181 0 12.0181 -0 12.0181 0 12.0181 -0 12.0181 0 12.0181 -0 12.0181 0 12.0181 -0 12.0181 0 12.0181 -0 
12.0982 0.0 12.0982 -0 12.0982 0 12.0982 -0 12.0982 0 12.0982 -0 12.0982 0 12.0982 -0 12.0982 0 12.0982 -0 12.0982 0 12.0982 -0 
12.1784 0.0 12.1784 -0 12.1784 0 12.1784 -0 12.1784 0 12.1784 -0 12.1784 0 12.1784 -0 12.1784 0 12.1784 -0 12.1784 0 12.1784 -0 
12.2585 0.0 12.2585 -0 12.2585 0 12.2585 -0 12.2585 0 12.2585 -0 12.2585 0 12.2585 -0 12.2585 0 12.2585 -0 12.2585 0 12.2585 -0 
12.3387 0.0 12.3387 -0 12.3387 0 12.3387 -0 12.3387 0 12.3387 -0 12.3387 0 12.3387 -0 12.3387 0 12.3387 -0 12.3387 0 12.3387 -0 
12.4189 0.0 12.4189 -0 12.4189 0 12.4189 -0 12.4189 0 12.4189 -0 12.4189 0 12.4189 -0 12.4189 0 12.4189 -0 12.4189 0 12.4189 -0 
12.499 0.0 12.499 -0 12.499 0 12.499 -0 12.499 0 12.499 -0 12.499 0 12.499 -0 12.499 0 12.499 -0 12.499 0 12.499 -0 
12.5792 0.0 12.5792 -0 12.5792 0 12.5792 -0 12.5792 0 12.5792 -0 12.5792 0 12.5792 -0 12.5792 0 12.5792 -0 12.5792 0 12.5792 -0 
12.6593 0.0 12.6593 -0 12.6593 0 12.6593 -0 12.6593 0 12.6593 -0 12.6593 0 12.6593 -0 12.6593 0 12.6593 -0 12.6593 0 12.6593 -0 
12.7395 0.0 12.7395 -0 12.7395 0 12.7395 -0 12.7395 0 12.7395 -0 12.7395 0 12.7395 -0 12.7395 0 12.7395 -0 12.7395 0 12.7395 -0 
12.8197 0.0 12.8197 -0 12.8197 0 12.8197 -0 12.8197 0 12.8197 -0 12.8197 0 12.8197 -0 12.8197 0 12.8197 -0 12.8197 0 12.8197 -0 
12.8998 0.0 12.8998 -0 12.8998 0 12.8998 -0 12.8998 0 12.8998 -0 12.8998 0 12.8998 -0 12.8998 0 12.8998 -0 12.8998 0 12.8998 -0 
12.98 0.0 12.98 -0 12.98 0 12.98 -0 12.98 0 12.98 -0 12.98 0 12.98 -0 12.98 0 12.98 -0 12.98 0 12.98 -0 
13.0602 0.0 13.0602 -0 13.0602 0 13.0602 -0 13.0602 0 13.0602 -0 13.0602 0 13.0602 -0 13.0602 0 13.0602 -0 13.0602 0 13.0602 -0 
13.1403 0.0 13.1403 -0 13.1403 0 13.1403 -0 13.1403 0 13.1403 -0 13.1403 0 13.1403 -0 13.1403 0 13.1403 -0 13.1403 0 13.1403 -0 
13.2205 0.0 13.2205 -0 13.2205 0 13.2205 -0 13.2205 0 13.2205 -0 13.2205 0 13.2205 -0 13.2205 0 13.2205 -0 13.2205 0 13.2205 -0 
13.3006 0.0 13.3006 -0 13.3006 0 13.3006 -0 13.3006 0 13.3006 -0 13.3006 0 13.3006 -0 13.3006 0 13.3006 -0 13.3006 0 13.3006 -0 
13.3808 0.0 13.3808 -0 13.3808 0 13.3808 -0 13.3808 0 13.3808 -0 13.3808 0 13.3808 -0 13.3808 0 13.3808 -0 13.3808 0 13.3808 -0 
13.461 0.0 13.461 -0 13.461 0 13.461 -0 13.461 0 13.461 -0 13.461 0 13.461 -0 13.461 0 13.461 -0 13.461 0 13.461 -0 
13.5411 0.0 13.5411 -0 13.5411 0 13.5411 -0 13.5411 0 13.5411 -0 13.5411 0 13.5411 -0 13.5411 0 13.5411 -0 13.5411 0 13.5411 -0 
13.6213 0.0 13.6213 -0 13.6213 0 13.6213 -0 13.6213 0 13.6213 -0 13.6213 0 13.6213 -0 13.6213 0 13.6213 -0 13.6213 0 13.6213 -0 
13.7014 0.0 13.7014 -0 13.7014 0 13.7014 -0 13.7014 0 13.7014 -0 13.7014 0 13.7014 -0 13.7014 0 13.7014 -0 13.7014 0 13.7014 -0 
13.7816 0.0 13.7816 -0 13.7816 0 13.7816 -0 13.7816 0 13.7816 -0 13.7816 0 13.7816 -0 13.7816 0 13.7816 -0 13.7816 0 13.7816 -0 
13.8618 0.0 13.8618 -0 13.8618 0 13.8618 -0 13.8618 0 13.8618 -0 13.8618 0 13.8618 -0 13.8618 0 13.8618 -0 13.8618 0 13.8618 -0 
13.9419 0.0 13.9419 -0 13.9419 0 13.9419 -0 13.9419 0 13.9419 -0 13.9419 0 13.9419 -0 13.9419 0 13.9419 -0 13.9419 0 13.9419 -0 
14.0221 0.0 14.0221 -0 14.0221 0 14.0221 -0 14.0221 0 14.0221 -0 14.0221 0 14.0221 -0 14.0221 0 14.0221 -0 14.0221 0 14.0221 -0 
14.1022 0.0 14.1022 -0 14.1022 0 14.1022 -0 14.1022 0 14.1022 -0 14.1022 0 14.1022 -0 14.1022 0 14.1022 -0 14.1022 0 14.1022 -0 
14.1824 0.0 14.1824 -0 14.1824 0 14.1824 -0 14.1824 0 14.1824 -0 14.1824 0 14.1824 -0 14.1824 0 14.1824 -0 14.1824 0 14.1824 -0 
14.2626 0.0 14.2626 -0 14.2626 0 14.2626 -0 14.2626 0 14.2626 -0 14.2626 0 14.2626 -0 14.2626 0 14.2626 -0 14.2626 0 14.2626 -0 
14.3427 0.0 14.3427 -0 14.3427 0 14.3427 -0 14.3427 0 14.3427 -0 14.3427 0 14.3427 -0 14.3427 0 14.3427 -0 14.3427 0 14.3427 -0 
14.4229 0.0 14.4229 -0 14.4229 0 14.4229 -0 14.4229 0 14.4229 -0 14.4229 0 14.4229 -0 14.4229 0 14.4229 -0 14.4229 0 14.4229 -0 
14.503 0.0 14.503 -0 14.503 0 14.503 -0 14.503 0 14.503 -0 14.503 0 14.503 -0 14.503 0 14.503 -0 14.503 0 14.503 -0 
14.5832 0.0 14.5832 -0 14.5832 0 14.5832 -0 14.5832 0 14.5832 -0 14.5832 0 14.5832 -0 14.5832 0 14.5832 -0 14.5832 0 14.5832 -0 
14.6634 0.0 14.6634 -0 14.6634 0 14.6634 -0 14.6634 0 14.6634 -0 14.6634 0 14.6634 -0 14.6634 0 14.6634 -0 14.6634 0 14.6634 -0 
14.7435 0.0 14.7435 -0 14.7435 0 14.7435 -0 14.7435 0 14.7435 -0 14.7435 0 14.7435 -0 14.7435 0 14.7435 -0 14.7435 0 14.7435 -0 
14.8237 0.0 14.8237 -0 14.8237 0 14.8237 -0 14.8237 0 14.8237 -0 14.8237 0 14.8237 -0 14.8237 0 14.8237 -0 14.8237 0 14.8237 -0 
14.9038 0.0 14.9038 -0 14.9038 0 14.9038 -0 14.9038 0 14.9038 -0 14.9038 0 14.9038 -0 14.9038 0 14.9038 -0 14.9038 0 14.9038 -0 
14.984 0.0 14.984 -0 14.984 0 14.984 -0 14.984 0 14.984 -0 14.984 0 14.984 -0 14.984 0 14.984 -0 14.984 0 14.984 -0 
15.0642 0.0 15.0642 -0 15.0642 0 15.0642 -0 15.0642 0 15.0642 -0 15.0642 0 15.0642 -0 15.0642 0 15.0642 -0 15.0642 0 15.0642 -0 
15.1443 0.0 15.1443 -0 15.1443 0 15.1443 -0 15.1443 0 15.1443 -0 15.1443 0 15.1443 -0 15.1443 0 15.1443 -0 15.1443 0 15.1443 -0 
15.2245 0.0 15.2245 -0 15.2245 0 15.2245 -0 15.2245 0 15.2245 -0 15.2245 0 15.2245 -0 15.2245 0 15.2245 -0 15.2245 0 15.2245 -0 
15.3046 0.0 15.3046 -0 15.3046 0 15.3046 -0 15.3046 0 15.3046 -0 15.3046 0 15.3046 -0 15.3046 0 15.3046 -0 15.3046 0 15.3046 -0 
15.3848 0.0 15.3848 -0 15.3848 0 15.3848 -0 15.3848 0 15.3848 -0 15.3848 0 15.3848 -0 15.3848 0 15.3848 -0 15.3848 0 15.3848 -0 
