-24.4892 24.95 -24.4892 -24.95 -24.4892 0 -24.4892 -0 -24.4892 0 -24.4892 -0 -24.4892 0 -24.4892 -0 -24.4892 0 -24.4892 -0 -24.4892 0 -24.4892 -0 
-24.409 0.0 -24.409 -0 -24.409 0 -24.409 -0 -24.409 0 -24.409 -0 -24.409 0 -24.409 -0 -24.409 0 -24.409 -0 -24.409 0 -24.409 -0 
-24.3289 0.0 -24.3289 -0 -24.3289 0 -24.3289 -0 -24.3289 0 -24.3289 -0 -24.3289 0 -24.3289 -0 -24.3289 0 -24.3289 -0 -24.3289 0 -24.3289 -0 
-24.2487 0.0 -24.2487 -0 -24.2487 0 -24.2487 -0 -24.2487 0 -24.2487 -0 -24.2487 0 -24.2487 -0 -24.2487 0 -24.2487 -0 -24.2487 0 -24.2487 -0 
-24.1686 0.0 -24.1686 -0 -24.1686 0 -24.1686 -0 -24.1686 0 -24.1686 -0 -24.1686 0 -24.1686 -0 -24.1686 0 -24.1686 -0 -24.1686 0 -24.1686 -0 
-24.0884 0.0 -24.0884 -0 -24.0884 0 -24.0884 -0 -24.0884 0 -24.0884 -0 -24.0884 0 -24.0884 -0 -24.0884 0 -24.0884 -0 -24.0884 0 -24.0884 -0 
-24.0082 0.0 -24.0082 -0 -24.0082 0 -24.0082 -0 -24.0082 0 -24.0082 -0 -24.0082 0 -24.0082 -0 -24.0082 0 -24.0082 -0 -24.0082 0 -24.0082 -0 
-23.9281 0.0 -23.9281 -0 -23.9281 0 -23.9281 -0 -23.9281 0 -23.9281 -0 -23.9281 0 -23.9281 -0 -23.9281 0 -23.9281 -0 -23.9281 0 -23.9281 -0 
-23.8479 0.0 -23.8479 -0 -23.8479 0 -23.8479 -0 -23.8479 0 -23.8479 -0 -23.8479 0 -23.8479 -0 -23.8479 0 -23.8479 -0 -23.8479 0 -23.8479 -0 
-23.7678 0.0 -23.7678 -0 -23.7678 0 -23.7678 -0 -23.7678 0 -23.7678 -0 -23.7678 0 -23.7678 -0 -23.7678 0 -23.7678 -0 -23.7678 0 -23.7678 -0 
-23.6876 0.0 -23.6876 -0 -23.6876 0 -23.6876 -0 -23.6876 0 -23.6876 -0 -23.6876 0 -23.6876 -0 -23.6876 0 -23.6876 -0 -23.6876 0 -23.6876 -0 
-23.6074 0.0 -23.6074 -0 -23.6074 0 -23.6074 -0 -23.6074 0 -23.6074 -0 -23.6074 0 -23.6074 -0 -23.6074 0 -23.6074 -0 -23.6074 0 -23.6074 -0 
-23.5273 0.0 -23.5273 -0 -23.5273 0 -23.5273 -0 -23.5273 0 -23.5273 -0 -23.5273 0 -23.5273 -0 -23.5273 0 -23.5273 -0 -23.5273 0 -23.5273 -0 
-23.4471 0.0 -23.4471 -0 -23.4471 0 -23.4471 -0 -23.4471 0 -23.4471 -0 -23.4471 0 -23.4471 -0 -23.4471 0 -23.4471 -0 -23.4471 0 -23.4471 -0 
-23.367 0.0 -23.367 -0 -23.367 0 -23.367 -0 -23.367 0 -23.367 -0 -23.367 0 -23.367 -0 -23.367 0 -23.367 -0 -23.367 0 -23.367 -0 
-23.2868 0.0 -23.2868 -0 -23.2868 0 -23.2868 -0 -23.2868 0 -23.2868 -0 -23.2868 0 -23.2868 -0 -23.2868 0 -23.2868 -0 -23.2868 0 -23.2868 -0 
-23.2066 0.0 -23.2066 -0 -23.2066 0 -23.2066 -0 -23.2066 0 -23.2066 -0 -23.2066 0 -23.2066 -0 -23.2066 0 -23.2066 -0 -23.2066 0 -23.2066 -0 
-23.1265 0.0 -23.1265 -0 -23.1265 0 -23.1265 -0 -23.1265 0 -23.1265 -0 -23.1265 0 -23.1265 -0 -23.1265 0 -23.1265 -0 -23.1265 0 -23.1265 -0 
-23.0463 0.0 -23.0463 -0 -23.0463 0 -23.0463 -0 -23.0463 0 -23.0463 -0 -23.0463 0 -23.0463 -0 -23.0463 0 -23.0463 -0 -23.0463 0 -23.0463 -0 
-22.9662 0.0 -22.9662 -0 -22.9662 0 -22.9662 -0 -22.9662 0 -22.9662 -0 -22.9662 0 -22.9662 -0 -22.9662 0 -22.9662 -0 -22.9662 0 -22.9662 -0 
-22.886 0.0 -22.886 -0 -22.886 0 -22.886 -0 -22.886 0 -22.886 -0 -22.886 0 -22.886 -0 -22.886 0 -22.886 -0 -22.886 0 -22.886 -0 
-22.8058 0.0 -22.8058 -0 -22.8058 0 -22.8058 -0 -22.8058 0 -22.8058 -0 -22.8058 0 -22.8058 -0 -22.8058 0 -22.8058 -0 -22.8058 0 -22.8058 -0 
-22.7257 0.0 -22.7257 -0 -22.7257 0 -22.7257 -0 -22.7257 0 -22.7257 -0 -22.7257 0 -22.7257 -0 -22.7257 0 -22.7257 -0 -22.7257 0 -22.7257 -0 
-22.6455 0.0 -22.6455 -0 -22.6455 0 -22.6455 -0 -22.6455 0 -22.6455 -0 -22.6455 0 -22.6455 -0 -22.6455 0 -22.6455 -0 -22.6455 0 -22.6455 -0 
-22.5654 0.0 -22.5654 -0 -22.5654 0 -22.5654 -0 -22.5654 0 -22.5654 -0 -22.5654 0 -22.5654 -0 -22.5654 0 -22.5654 -0 -22.5654 0 -22.5654 -0 
-22.4852 0.0 -22.4852 -0 -22.4852 0 -22.4852 -0 -22.4852 0 -22.4852 -0 -22.4852 0 -22.4852 -0 -22.4852 0 -22.4852 -0 -22.4852 0 -22.4852 -0 
-22.405 0.0 -22.405 -0 -22.405 0 -22.405 -0 -22.405 0 -22.405 -0 -22.405 0 -22.405 -0 -22.405 0 -22.405 -0 -22.405 0 -22.405 -0 
-22.3249 0.0 -22.3249 -0 -22.3249 0 -22.3249 -0 -22.3249 0 -22.3249 -0 -22.3249 0 -22.3249 -0 -22.3249 0 -22.3249 -0 -22.3249 0 -22.3249 -0 
-22.2447 0.0 -22.2447 -0 -22.2447 0 -22.2447 -0 -22.2447 0 -22.2447 -0 -22.2447 0 -22.2447 -0 -22.2447 0 -22.2447 -0 -22.2447 0 -22.2447 -0 
-22.1646 0.0 -22.1646 -0 -22.1646 0 -22.1646 -0 -22.1646 0 -22.1646 -0 -22.1646 0 -22.1646 -0 -22.1646 0 -22.1646 -0 -22.1646 0 -22.1646 -0 
-22.0844 0.0 -22.0844 -0 -22.0844 0 -22.0844 -0 -22.0844 0 -22.0844 -0 -22.0844 0 -22.0844 -0 -22.0844 0 -22.0844 -0 -22.0844 0 -22.0844 -0 
-22.0042 0.0 -22.0042 -0 -22.0042 0 -22.0042 -0 -22.0042 0 -22.0042 -0 -22.0042 0 -22.0042 -0 -22.0042 0 -22.0042 -0 -22.0042 0 -22.0042 -0 
-21.9241 0.0 -21.9241 -0 -21.9241 0 -21.9241 -0 -21.9241 0 -21.9241 -0 -21.9241 0 -21.9241 -0 -21.9241 0 -21.9241 -0 -21.9241 0 -21.9241 -0 
-21.8439 0.0 -21.8439 -0 -21.8439 0 -21.8439 -0 -21.8439 0 -21.8439 -0 -21.8439 0 -21.8439 -0 -21.8439 0 -21.8439 -0 -21.8439 0 -21.8439 -0 
-21.7637 0.0 -21.7637 -0 -21.7637 0 -21.7637 -0 -21.7637 0 -21.7637 -0 -21.7637 0 -21.7637 -0 -21.7637 0 -21.7637 -0 -21.7637 0 -21.7637 -0 
-21.6836 0.0 -21.6836 -0 -21.6836 0 -21.6836 -0 -21.6836 0 -21.6836 -0 -21.6836 0 -21.6836 -0 -21.6836 0 -21.6836 -0 -21.6836 0 -21.6836 -0 
-21.6034 0.0 -21.6034 -0 -21.6034 0 -21.6034 -0 -21.6034 0 -21.6034 -0 -21.6034 0 -21.6034 -0 -21.6034 0 -21.6034 -0 -21.6034 0 -21.6034 -0 
-21.5233 0.0 -21.5233 -0 -21.5233 0 -21.5233 -0 -21.5233 0 -21.5233 -0 -21.5233 0 -21.5233 -0 -21.5233 0 -21.5233 -0 -21.5233 0 -21.5233 -0 
-21.4431 0.0 -21.4431 -0 -21.4431 0 -21.4431 -0 -21.4431 0 -21.4431 -0 -21.4431 0 -21.4431 -0 -21.4431 0 -21.4431 -0 -21.4431 0 -21.4431 -0 
-21.3629 0.0 -21.3629 -0 -21.3629 0 -21.3629 -0 -21.3629 0 -21.3629 -0 -21.3629 0 -21.3629 -0 -21.3629 0 -21.3629 -0 -21.3629 0 -21.3629 -0 
-21.2828 0.0 -21.2828 -0 -21.2828 0 -21.2828 -0 -21.2828 0 -21.2828 -0 -21.2828 0 -21.2828 -0 -21.2828 0 -21.2828 -0 -21.2828 0 -21.2828 -0 
-21.2026 0.0 -21.2026 -0 -21.2026 0 -21.2026 -0 -21.2026 0 -21.2026 -0 -21.2026 0 -21.2026 -0 -21.2026 0 -21.2026 -0 -21.2026 0 -21.2026 -0 
-21.1225 0.0 -21.1225 -0 -21.1225 0 -21.1225 -0 -21.1225 0 -21.1225 -0 -21.1225 0 -21.1225 -0 -21.1225 0 -21.1225 -0 -21.1225 0 -21.1225 -0 
-21.0423 0.0 -21.0423 -0 -21.0423 0 -21.0423 -0 -21.0423 0 -21.0423 -0 -21.0423 0 -21.0423 -0 -21.0423 0 -21.0423 -0 -21.0423 0 -21.0423 -0 
-20.9621 0.0 -20.9621 -0 -20.9621 0 -20.9621 -0 -20.9621 0 -20.9621 -0 -20.9621 0 -20.9621 -0 -20.9621 0 -20.9621 -0 -20.9621 0 -20.9621 -0 
-20.882 0.0 -20.882 -0 -20.882 0 -20.882 -0 -20.882 0 -20.882 -0 -20.882 0 -20.882 -0 -20.882 0 -20.882 -0 -20.882 0 -20.882 -0 
-20.8018 0.0 -20.8018 -0 -20.8018 0 -20.8018 -0 -20.8018 0 -20.8018 -0 -20.8018 0 -20.8018 -0 -20.8018 0 -20.8018 -0 -20.8018 0 -20.8018 -0 
-20.7217 0.0 -20.7217 -0 -20.7217 0 -20.7217 -0 -20.7217 0 -20.7217 -0 -20.7217 0 -20.7217 -0 -20.7217 0 -20.7217 -0 -20.7217 0 -20.7217 -0 
-20.6415 0.0002 -20.6415 -0 -20.6415 0 -20.6415 -0 -20.6415 0 -20.6415 -0 -20.6415 0 -20.6415 -0 -20.6415 0 -20.6415 -0 -20.6415 0 -20.6415 -0 
-20.5613 0.0015 -20.5613 -0 -20.5613 0 -20.5613 -0 -20.5613 0 -20.5613 -0 -20.5613 0 -20.5613 -0 -20.5613 0 -20.5613 -0 -20.5613 0 -20.5613 -0 
-20.4812 0.0096 -20.4812 -0.0002 -20.4812 0 -20.4812 -0 -20.4812 0 -20.4812 -0 -20.4812 0 -20.4812 -0 -20.4812 0 -20.4812 -0 -20.4812 0 -20.4812 -0 
-20.401 0.0465 -20.401 -0.0013 -20.401 0 -20.401 -0 -20.401 0 -20.401 -0 -20.401 0 -20.401 -0 -20.401 0 -20.401 -0 -20.401 0 -20.401 -0 
-20.3209 0.1705 -20.3209 -0.0089 -20.3209 0 -20.3209 -0 -20.3209 0 -20.3209 -0 -20.3209 0 -20.3209 -0 -20.3209 0 -20.3209 -0 -20.3209 0 -20.3209 -0 
-20.2407 0.4795 -20.2407 -0.0447 -20.2407 0.0001 -20.2407 -0 -20.2407 0 -20.2407 -0 -20.2407 0 -20.2407 -0 -20.2407 0 -20.2407 -0 -20.2407 0 -20.2407 -0 
-20.1605 1.0553 -20.1605 -0.1693 -20.1605 0.0001 -20.1605 -0 -20.1605 0 -20.1605 -0 -20.1605 0.0003 -20.1605 -0 -20.1605 0 -20.1605 -0 -20.1605 0 -20.1605 -0 
-20.0804 1.8706 -20.0804 -0.4922 -20.0804 0.0002 -20.0804 -0 -20.0804 0 -20.0804 -0 -20.0804 0.0008 -20.0804 -0.0005 -20.0804 0 -20.0804 -0 -20.0804 0.0002 -20.0804 -0 
-20.0002 2.783 -20.0002 -1.1202 -20.0002 0.0004 -20.0002 -0.0001 -20.0002 0 -20.0002 -0 -20.0002 0.0018 -20.0002 -0.0013 -20.0002 0 -20.0002 -0 -20.0002 0.0005 -20.0002 -0 
-19.9201 3.6505 -19.9201 -2.0526 -19.9201 0.0006 -19.9201 -0.0001 -19.9201 0.0001 -19.9201 -0 -19.9201 0.0033 -19.9201 -0.0031 -19.9201 0 -19.9201 -0 -19.9201 0.0009 -19.9201 -0.0001 
-19.8399 4.4149 -19.8399 -3.1362 -19.8399 0.0009 -19.8399 -0.0002 -19.8399 0.0001 -19.8399 -0 -19.8399 0.0052 -19.8399 -0.0063 -19.8399 0 -19.8399 -0 -19.8399 0.0012 -19.8399 -0.0003 
-19.7597 5.0737 -19.7597 -4.1457 -19.7597 0.0013 -19.7597 -0.0002 -19.7597 0.0001 -19.7597 -0 -19.7597 0.0075 -19.7597 -0.0112 -19.7597 0.0002 -19.7597 -0.0002 -19.7597 0.0016 -19.7597 -0.0004 
-19.6796 5.693 -19.6796 -4.9022 -19.6796 0.0023 -19.6796 -0.0003 -19.6796 0.0001 -19.6796 -0 -19.6796 0.0095 -19.6796 -0.0169 -19.6796 0.0003 -19.6796 -0.0003 -19.6796 0.0021 -19.6796 -0.0008 
-19.5994 6.4755 -19.5994 -5.3848 -19.5994 0.004 -19.5994 -0.0004 -19.5994 0.0002 -19.5994 -0 -19.5994 0.0115 -19.5994 -0.0222 -19.5994 0.0004 -19.5994 -0.0004 -19.5994 0.0024 -19.5994 -0.0009 
-19.5193 7.6931 -19.5193 -5.8321 -19.5193 0.0087 -19.5193 -0.0008 -19.5193 0.0002 -19.5193 -0 -19.5193 0.0137 -19.5193 -0.0269 -19.5193 0.0005 -19.5193 -0.0005 -19.5193 0.0034 -19.5193 -0.0009 
-19.4391 9.5406 -19.4391 -6.6366 -19.4391 0.0194 -19.4391 -0.0012 -19.4391 0.0002 -19.4391 -0 -19.4391 0.017 -19.4391 -0.0323 -19.4391 0.0007 -19.4391 -0.0008 -19.4391 0.0058 -19.4391 -0.0011 
-19.3589 12.1494 -19.3589 -7.992 -19.3589 0.0424 -19.3589 -0.0021 -19.3589 0.0002 -19.3589 -0 -19.3589 0.0224 -19.3589 -0.0392 -19.3589 0.0007 -19.3589 -0.0012 -19.3589 0.0103 -19.3589 -0.0015 
-19.2788 15.5928 -19.2788 -9.7351 -19.2788 0.0817 -19.2788 -0.0039 -19.2788 0.0002 -19.2788 -0 -19.2788 0.031 -19.2788 -0.0484 -19.2788 0.0008 -19.2788 -0.0013 -19.2788 0.0181 -19.2788 -0.0021 
-19.1986 19.5889 -19.1986 -11.6986 -19.1986 0.1325 -19.1986 -0.008 -19.1986 0.0003 -19.1986 -0 -19.1986 0.0435 -19.1986 -0.0609 -19.1986 0.0008 -19.1986 -0.0015 -19.1986 0.029 -19.1986 -0.0034 
-19.1185 23.1825 -19.1185 -14.1638 -19.1185 0.1753 -19.1185 -0.0174 -19.1185 0.0005 -19.1185 -0 -19.1185 0.0578 -19.1185 -0.0794 -19.1185 0.0008 -19.1185 -0.0015 -19.1185 0.0407 -19.1185 -0.0056 
-19.0383 24.9767 -19.0383 -17.6291 -19.0383 0.1854 -19.0383 -0.0348 -19.0383 0.0007 -19.0383 -0 -19.0383 0.0682 -19.0383 -0.1071 -19.0383 0.0008 -19.0383 -0.0013 -19.0383 0.0488 -19.0383 -0.0095 
-18.9581 24.0915 -18.9581 -21.7135 -18.9581 0.1545 -18.9581 -0.0583 -18.9581 0.0017 -18.9581 -0 -18.9581 0.0679 -18.9581 -0.1413 -18.9581 0.0007 -18.9581 -0.0012 -18.9581 0.0497 -18.9581 -0.0141 
-18.878 21.258 -18.878 -24.4032 -18.878 0.1007 -18.878 -0.0785 -18.878 0.0037 -18.878 -0 -18.878 0.0552 -18.878 -0.1673 -18.878 0.0007 -18.878 -0.001 -18.878 0.0447 -18.878 -0.0176 
-18.7978 18.6484 -18.7978 -23.3242 -18.7978 0.0512 -18.7978 -0.083 -18.7978 0.0072 -18.7978 -0.0003 -18.7978 0.0369 -18.7978 -0.1655 -18.7978 0.0011 -18.7978 -0.0009 -18.7978 0.0411 -18.7978 -0.0179 
-18.7177 17.9954 -18.7177 -18.3759 -18.7177 0.0209 -18.7177 -0.0677 -18.7177 0.0118 -18.7177 -0.0006 -18.7177 0.0213 -18.7177 -0.1308 -18.7177 0.0021 -18.7177 -0.0006 -18.7177 0.0451 -18.7177 -0.0143 
-18.6375 19.0775 -18.6375 -12.4057 -18.6375 0.0079 -18.6375 -0.0421 -18.6375 0.0161 -18.6375 -0.0016 -18.6375 0.012 -18.6375 -0.081 -18.6375 0.0042 -18.6375 -0.0007 -18.6375 0.0562 -18.6375 -0.0092 
-18.5573 20.4777 -18.5573 -8.6077 -18.5573 0.0042 -18.5573 -0.0199 -18.5573 0.0182 -18.5573 -0.0032 -18.5573 0.0076 -18.5573 -0.0396 -18.5573 0.0088 -18.5573 -0.0012 -18.5573 0.0674 -18.5573 -0.0053 
-18.4772 21.4794 -18.4772 -7.8153 -18.4772 0.0041 -18.4772 -0.0075 -18.4772 0.017 -18.4772 -0.0051 -18.4772 0.0053 -18.4772 -0.0166 -18.4772 0.0172 -18.4772 -0.0031 -18.4772 0.0738 -18.4772 -0.0039 
-18.397 22.5345 -18.397 -8.6728 -18.397 0.0047 -18.397 -0.0026 -18.397 0.0137 -18.397 -0.0062 -18.397 0.0039 -18.397 -0.0081 -18.397 0.0292 -18.397 -0.0073 -18.397 0.0783 -18.397 -0.0046 
-18.3169 23.6408 -18.3169 -9.6761 -18.3169 0.0048 -18.3169 -0.0013 -18.3169 0.0099 -18.3169 -0.0058 -18.3169 0.0029 -18.3169 -0.0065 -18.3169 0.0423 -18.3169 -0.0143 -18.3169 0.0854 -18.3169 -0.0066 
-18.2367 23.1268 -18.2367 -10.5619 -18.2367 0.0043 -18.2367 -0.0011 -18.2367 0.0072 -18.2367 -0.0043 -18.2367 0.0022 -18.2367 -0.0065 -18.2367 0.0494 -18.2367 -0.0246 -18.2367 0.0904 -18.2367 -0.0095 
-18.1565 19.3122 -18.1565 -12.151 -18.1565 0.0032 -18.1565 -0.0011 -18.1565 0.0053 -18.1565 -0.0029 -18.1565 0.0016 -18.1565 -0.0068 -18.1565 0.0452 -18.1565 -0.0387 -18.1565 0.0826 -18.1565 -0.0142 
-18.0764 13.0444 -18.0764 -15.2602 -18.0764 0.0018 -18.0764 -0.0011 -18.0764 0.0045 -18.0764 -0.0026 -18.0764 0.001 -18.0764 -0.007 -18.0764 0.0319 -18.0764 -0.0592 -18.0764 0.0598 -18.0764 -0.0214 
-17.9962 7.272 -17.9962 -19.6532 -17.9962 0.0009 -17.9962 -0.0012 -17.9962 0.0076 -17.9962 -0.003 -17.9962 0.0006 -17.9962 -0.0066 -17.9962 0.0175 -17.9962 -0.0857 -17.9962 0.0332 -17.9962 -0.0322 
-17.9161 4.281 -17.9161 -23.823 -17.9161 0.0003 -17.9161 -0.0012 -17.9161 0.0175 -17.9161 -0.0037 -17.9161 0.0001 -17.9161 -0.0059 -17.9161 0.0078 -17.9161 -0.1114 -17.9161 0.0143 -17.9161 -0.0437 
-17.8359 4.1463 -17.8359 -25.7868 -17.8359 0 -17.8359 -0.0009 -17.8359 0.0351 -17.8359 -0.005 -17.8359 0.0001 -17.8359 -0.0046 -17.8359 0.0041 -17.8359 -0.1232 -17.8359 0.0055 -17.8359 -0.0513 
-17.7557 5.3388 -17.7557 -24.3636 -17.7557 0 -17.7557 -0.0007 -17.7557 0.0544 -17.7557 -0.0069 -17.7557 0.0001 -17.7557 -0.0032 -17.7557 0.004 -17.7557 -0.1129 -17.7557 0.003 -17.7557 -0.0504 
-17.6756 6.2276 -17.6756 -20.1677 -17.6756 0 -17.6756 -0.0005 -17.6756 0.0674 -17.6756 -0.0114 -17.6756 0.0001 -17.6756 -0.002 -17.6756 0.0062 -17.6756 -0.0857 -17.6756 0.0028 -17.6756 -0.0403 
-17.5954 6.3928 -17.5954 -15.4237 -17.5954 0 -17.5954 -0.0002 -17.5954 0.0751 -17.5954 -0.0195 -17.5954 0.0001 -17.5954 -0.0013 -17.5954 0.0103 -17.5954 -0.058 -17.5954 0.0027 -17.5954 -0.0261 
-17.5153 6.673 -17.5153 -12.3254 -17.5153 0 -17.5153 -0.0002 -17.5153 0.0891 -17.5153 -0.032 -17.5153 0 -17.5153 -0.0009 -17.5153 0.0174 -17.5153 -0.0435 -17.5153 0.0024 -17.5153 -0.0142 
-17.4351 7.8032 -17.4351 -11.4866 -17.4351 0 -17.4351 -0.0001 -17.4351 0.117 -17.4351 -0.0481 -17.4351 0 -17.4351 -0.0006 -17.4351 0.0272 -17.4351 -0.0478 -17.4351 0.0024 -17.4351 -0.0071 
-17.3549 9.2758 -17.3549 -12.0243 -17.3549 0 -17.3549 -0 -17.3549 0.1491 -17.3549 -0.065 -17.3549 0 -17.3549 -0.0005 -17.3549 0.0363 -17.3549 -0.0654 -17.3549 0.0023 -17.3549 -0.0043 
-17.2748 9.7088 -17.2748 -12.4572 -17.2748 0 -17.2748 -0 -17.2748 0.162 -17.2748 -0.0771 -17.2748 0 -17.2748 -0.0003 -17.2748 0.0392 -17.2748 -0.0834 -17.2748 0.002 -17.2748 -0.0031 
-17.1946 8.2374 -17.1946 -11.4322 -17.1946 0 -17.1946 -0 -17.1946 0.1407 -17.1946 -0.076 -17.1946 0 -17.1946 -0.0001 -17.1946 0.0339 -17.1946 -0.0868 -17.1946 0.0014 -17.1946 -0.0022 
-17.1145 5.439 -17.1145 -8.6137 -17.1145 0 -17.1145 -0 -17.1145 0.0942 -17.1145 -0.0597 -17.1145 0 -17.1145 -0 -17.1145 0.0224 -17.1145 -0.0704 -17.1145 0.0009 -17.1145 -0.0014 
-17.0343 2.7319 -17.0343 -5.0832 -17.0343 0 -17.0343 -0 -17.0343 0.0478 -17.0343 -0.0361 -17.0343 0 -17.0343 -0 -17.0343 0.0114 -17.0343 -0.0432 -17.0343 0.0004 -17.0343 -0.0006 
-16.9541 1.0294 -16.9541 -2.287 -16.9541 0 -16.9541 -0 -16.9541 0.0182 -16.9541 -0.0164 -16.9541 0 -16.9541 -0 -16.9541 0.0043 -16.9541 -0.0199 -16.9541 0 -16.9541 -0.0002 
-16.874 0.2884 -16.874 -0.7728 -16.874 0 -16.874 -0 -16.874 0.0051 -16.874 -0.0056 -16.874 0 -16.874 -0 -16.874 0.0012 -16.874 -0.0067 -16.874 0 -16.874 -0 
-16.7938 0.0597 -16.7938 -0.1945 -16.7938 0 -16.7938 -0 -16.7938 0.001 -16.7938 -0.0015 -16.7938 0 -16.7938 -0 -16.7938 0.0002 -16.7938 -0.0017 -16.7938 0 -16.7938 -0 
-16.7136 0.0091 -16.7136 -0.0362 -16.7136 0 -16.7136 -0 -16.7136 0.0002 -16.7136 -0.0002 -16.7136 0 -16.7136 -0 -16.7136 0 -16.7136 -0.0002 -16.7136 0 -16.7136 -0 
-16.6335 0.0011 -16.6335 -0.005 -16.6335 0 -16.6335 -0 -16.6335 0 -16.6335 -0 -16.6335 0 -16.6335 -0 -16.6335 0 -16.6335 -0 -16.6335 0 -16.6335 -0 
-16.5533 0.0005 -16.5533 -0.0008 -16.5533 0 -16.5533 -0 -16.5533 0 -16.5533 -0 -16.5533 0 -16.5533 -0 -16.5533 0 -16.5533 -0 -16.5533 0 -16.5533 -0 
-16.4732 0.0041 -16.4732 -0.0029 -16.4732 0 -16.4732 -0 -16.4732 0 -16.4732 -0 -16.4732 0 -16.4732 -0 -16.4732 0 -16.4732 -0 -16.4732 0 -16.4732 -0 
-16.393 0.031 -16.393 -0.0224 -16.393 0 -16.393 -0 -16.393 0 -16.393 -0 -16.393 0 -16.393 -0 -16.393 0 -16.393 -0 -16.393 0 -16.393 -0 
-16.3128 0.1751 -16.3128 -0.1311 -16.3128 0 -16.3128 -0 -16.3128 0.0002 -16.3128 -0 -16.3128 0 -16.3128 -0 -16.3128 0 -16.3128 -0 -16.3128 0 -16.3128 -0 
-16.2327 0.7447 -16.2327 -0.5818 -16.2327 0 -16.2327 -0 -16.2327 0.0007 -16.2327 -0.0002 -16.2327 0 -16.2327 -0 -16.2327 0 -16.2327 -0.0002 -16.2327 0 -16.2327 -0 
-16.1525 2.3924 -16.1525 -1.9581 -16.1525 0 -16.1525 -0 -16.1525 0.0023 -16.1525 -0.0009 -16.1525 0 -16.1525 -0 -16.1525 0.0002 -16.1525 -0.0006 -16.1525 0.0004 -16.1525 -0.0001 
-16.0724 5.8156 -16.0724 -5.0057 -16.0724 0 -16.0724 -0 -16.0724 0.0056 -16.0724 -0.002 -16.0724 0 -16.0724 -0 -16.0724 0.0006 -16.0724 -0.0016 -16.0724 0.0008 -16.0724 -0.0004 
-15.9922 10.6998 -15.9922 -9.7141 -15.9922 0 -15.9922 -0 -15.9922 0.0101 -15.9922 -0.004 -15.9922 0 -15.9922 -0 -15.9922 0.0009 -15.9922 -0.0031 -15.9922 0.0016 -15.9922 -0.0007 
-15.912 14.8885 -15.912 -14.2823 -15.912 0 -15.912 -0 -15.912 0.0135 -15.912 -0.0055 -15.912 0 -15.912 -0.0001 -15.912 0.0016 -15.912 -0.0047 -15.912 0.0021 -15.912 -0.001 
-15.8319 15.6427 -15.8319 -15.863 -15.8319 0 -15.8319 -0 -15.8319 0.0139 -15.8319 -0.006 -15.8319 0 -15.8319 -0.0001 -15.8319 0.0018 -15.8319 -0.0055 -15.8319 0.0022 -15.8319 -0.0012 
-15.7517 12.3819 -15.7517 -13.2642 -15.7517 0 -15.7517 -0 -15.7517 0.0107 -15.7517 -0.0048 -15.7517 0 -15.7517 -0.0001 -15.7517 0.0014 -15.7517 -0.0048 -15.7517 0.0015 -15.7517 -0.0008 
-15.6716 7.3651 -15.6716 -8.3209 -15.6716 0 -15.6716 -0 -15.6716 0.0061 -15.6716 -0.0029 -15.6716 0 -15.6716 -0 -15.6716 0.0007 -15.6716 -0.0032 -15.6716 0.001 -15.6716 -0.0005 
-15.5914 3.2838 -15.5914 -3.9033 -15.5914 0 -15.5914 -0 -15.5914 0.0028 -15.5914 -0.0014 -15.5914 0 -15.5914 -0 -15.5914 0.0004 -15.5914 -0.0015 -15.5914 0.0005 -15.5914 -0.0001 
-15.5112 1.0946 -15.5112 -1.3652 -15.5112 0 -15.5112 -0 -15.5112 0.0008 -15.5112 -0.0005 -15.5112 0 -15.5112 -0 -15.5112 0.0001 -15.5112 -0.0005 -15.5112 0 -15.5112 -0 
-15.4311 0.2722 -15.4311 -0.3551 -15.4311 0 -15.4311 -0 -15.4311 0.0003 -15.4311 -0 -15.4311 0 -15.4311 -0 -15.4311 0 -15.4311 -0.0001 -15.4311 0 -15.4311 -0 
-15.3509 0.0504 -15.3509 -0.0685 -15.3509 0 -15.3509 -0 -15.3509 0 -15.3509 -0 -15.3509 0 -15.3509 -0 -15.3509 0 -15.3509 -0 -15.3509 0 -15.3509 -0 
-15.2708 0.0069 -15.2708 -0.0098 -15.2708 0 -15.2708 -0 -15.2708 0 -15.2708 -0 -15.2708 0 -15.2708 -0 -15.2708 0 -15.2708 -0 -15.2708 0 -15.2708 -0 
-15.1906 0.0007 -15.1906 -0.001 -15.1906 0 -15.1906 -0 -15.1906 0 -15.1906 -0 -15.1906 0 -15.1906 -0 -15.1906 0 -15.1906 -0 -15.1906 0 -15.1906 -0 
-15.1104 0.0001 -15.1104 -0.0001 -15.1104 0 -15.1104 -0 -15.1104 0 -15.1104 -0 -15.1104 0 -15.1104 -0 -15.1104 0 -15.1104 -0 -15.1104 0 -15.1104 -0 
-15.0303 0.0 -15.0303 -0 -15.0303 0 -15.0303 -0 -15.0303 0 -15.0303 -0 -15.0303 0 -15.0303 -0 -15.0303 0 -15.0303 -0 -15.0303 0 -15.0303 -0 
-14.9501 0.0 -14.9501 -0 -14.9501 0 -14.9501 -0 -14.9501 0 -14.9501 -0 -14.9501 0 -14.9501 -0 -14.9501 0 -14.9501 -0 -14.9501 0 -14.9501 -0 
-14.87 0.0 -14.87 -0 -14.87 0 -14.87 -0 -14.87 0 -14.87 -0 -14.87 0 -14.87 -0 -14.87 0 -14.87 -0 -14.87 0 -14.87 -0 
-14.7898 0.0 -14.7898 -0 -14.7898 0 -14.7898 -0 -14.7898 0 -14.7898 -0 -14.7898 0 -14.7898 -0 -14.7898 0 -14.7898 -0 -14.7898 0 -14.7898 -0 
-14.7096 0.0 -14.7096 -0 -14.7096 0 -14.7096 -0 -14.7096 0 -14.7096 -0 -14.7096 0 -14.7096 -0 -14.7096 0 -14.7096 -0 -14.7096 0 -14.7096 -0 
-14.6295 0.0 -14.6295 -0 -14.6295 0 -14.6295 -0 -14.6295 0 -14.6295 -0 -14.6295 0 -14.6295 -0 -14.6295 0 -14.6295 -0 -14.6295 0 -14.6295 -0 
-14.5493 0.0 -14.5493 -0 -14.5493 0 -14.5493 -0 -14.5493 0 -14.5493 -0 -14.5493 0 -14.5493 -0 -14.5493 0 -14.5493 -0 -14.5493 0 -14.5493 -0 
-14.4692 0.0 -14.4692 -0 -14.4692 0 -14.4692 -0 -14.4692 0 -14.4692 -0 -14.4692 0 -14.4692 -0 -14.4692 0 -14.4692 -0 -14.4692 0 -14.4692 -0 
-14.389 0.0 -14.389 -0 -14.389 0 -14.389 -0 -14.389 0 -14.389 -0 -14.389 0 -14.389 -0 -14.389 0 -14.389 -0 -14.389 0 -14.389 -0 
-14.3088 0.0 -14.3088 -0 -14.3088 0 -14.3088 -0 -14.3088 0 -14.3088 -0 -14.3088 0 -14.3088 -0 -14.3088 0 -14.3088 -0 -14.3088 0 -14.3088 -0 
-14.2287 0.0 -14.2287 -0 -14.2287 0 -14.2287 -0 -14.2287 0 -14.2287 -0 -14.2287 0 -14.2287 -0 -14.2287 0 -14.2287 -0 -14.2287 0 -14.2287 -0 
-14.1485 0.0 -14.1485 -0 -14.1485 0 -14.1485 -0 -14.1485 0 -14.1485 -0 -14.1485 0 -14.1485 -0 -14.1485 0 -14.1485 -0 -14.1485 0 -14.1485 -0 
-14.0684 0.0 -14.0684 -0 -14.0684 0 -14.0684 -0 -14.0684 0 -14.0684 -0 -14.0684 0 -14.0684 -0 -14.0684 0 -14.0684 -0 -14.0684 0 -14.0684 -0 
-13.9882 0.0 -13.9882 -0 -13.9882 0 -13.9882 -0 -13.9882 0 -13.9882 -0 -13.9882 0 -13.9882 -0 -13.9882 0 -13.9882 -0 -13.9882 0 -13.9882 -0 
-13.908 0.0 -13.908 -0 -13.908 0 -13.908 -0 -13.908 0 -13.908 -0 -13.908 0 -13.908 -0 -13.908 0 -13.908 -0 -13.908 0 -13.908 -0 
-13.8279 0.0 -13.8279 -0 -13.8279 0 -13.8279 -0 -13.8279 0 -13.8279 -0 -13.8279 0 -13.8279 -0 -13.8279 0 -13.8279 -0 -13.8279 0 -13.8279 -0 
-13.7477 0.0 -13.7477 -0 -13.7477 0 -13.7477 -0 -13.7477 0 -13.7477 -0 -13.7477 0 -13.7477 -0 -13.7477 0 -13.7477 -0 -13.7477 0 -13.7477 -0 
-13.6676 0.0 -13.6676 -0 -13.6676 0 -13.6676 -0 -13.6676 0 -13.6676 -0 -13.6676 0 -13.6676 -0 -13.6676 0 -13.6676 -0 -13.6676 0 -13.6676 -0 
-13.5874 0.0 -13.5874 -0 -13.5874 0 -13.5874 -0 -13.5874 0 -13.5874 -0 -13.5874 0 -13.5874 -0 -13.5874 0 -13.5874 -0 -13.5874 0 -13.5874 -0 
-13.5072 0.0 -13.5072 -0 -13.5072 0 -13.5072 -0 -13.5072 0 -13.5072 -0 -13.5072 0 -13.5072 -0 -13.5072 0 -13.5072 -0 -13.5072 0 -13.5072 -0 
-13.4271 0.0 -13.4271 -0 -13.4271 0 -13.4271 -0 -13.4271 0 -13.4271 -0 -13.4271 0 -13.4271 -0 -13.4271 0 -13.4271 -0 -13.4271 0 -13.4271 -0 
-13.3469 0.0 -13.3469 -0 -13.3469 0 -13.3469 -0 -13.3469 0 -13.3469 -0 -13.3469 0 -13.3469 -0 -13.3469 0 -13.3469 -0 -13.3469 0 -13.3469 -0 
-13.2668 0.0 -13.2668 -0 -13.2668 0 -13.2668 -0 -13.2668 0 -13.2668 -0 -13.2668 0 -13.2668 -0 -13.2668 0 -13.2668 -0 -13.2668 0 -13.2668 -0 
-13.1866 0.0 -13.1866 -0 -13.1866 0 -13.1866 -0 -13.1866 0 -13.1866 -0 -13.1866 0 -13.1866 -0 -13.1866 0 -13.1866 -0 -13.1866 0 -13.1866 -0 
-13.1064 0.0 -13.1064 -0 -13.1064 0 -13.1064 -0 -13.1064 0 -13.1064 -0 -13.1064 0 -13.1064 -0 -13.1064 0 -13.1064 -0 -13.1064 0 -13.1064 -0 
-13.0263 0.0 -13.0263 -0 -13.0263 0 -13.0263 -0 -13.0263 0 -13.0263 -0 -13.0263 0 -13.0263 -0 -13.0263 0 -13.0263 -0 -13.0263 0 -13.0263 -0 
-12.9461 0.0 -12.9461 -0 -12.9461 0 -12.9461 -0 -12.9461 0 -12.9461 -0 -12.9461 0 -12.9461 -0 -12.9461 0 -12.9461 -0 -12.9461 0 -12.9461 -0 
-12.866 0.0 -12.866 -0 -12.866 0 -12.866 -0 -12.866 0 -12.866 -0 -12.866 0 -12.866 -0 -12.866 0 -12.866 -0 -12.866 0 -12.866 -0 
-12.7858 0.0 -12.7858 -0 -12.7858 0 -12.7858 -0 -12.7858 0 -12.7858 -0 -12.7858 0 -12.7858 -0 -12.7858 0 -12.7858 -0 -12.7858 0 -12.7858 -0 
-12.7056 0.0 -12.7056 -0 -12.7056 0 -12.7056 -0 -12.7056 0 -12.7056 -0 -12.7056 0 -12.7056 -0 -12.7056 0 -12.7056 -0 -12.7056 0 -12.7056 -0 
-12.6255 0.0 -12.6255 -0 -12.6255 0 -12.6255 -0 -12.6255 0 -12.6255 -0 -12.6255 0 -12.6255 -0 -12.6255 0 -12.6255 -0 -12.6255 0 -12.6255 -0 
-12.5453 0.0 -12.5453 -0 -12.5453 0 -12.5453 -0 -12.5453 0 -12.5453 -0 -12.5453 0 -12.5453 -0 -12.5453 0 -12.5453 -0 -12.5453 0 -12.5453 -0 
-12.4652 0.0 -12.4652 -0 -12.4652 0 -12.4652 -0 -12.4652 0 -12.4652 -0 -12.4652 0 -12.4652 -0 -12.4652 0 -12.4652 -0 -12.4652 0 -12.4652 -0 
-12.385 0.0 -12.385 -0 -12.385 0 -12.385 -0 -12.385 0 -12.385 -0 -12.385 0 -12.385 -0 -12.385 0 -12.385 -0 -12.385 0 -12.385 -0 
-12.3048 0.0 -12.3048 -0 -12.3048 0 -12.3048 -0 -12.3048 0 -12.3048 -0 -12.3048 0 -12.3048 -0 -12.3048 0 -12.3048 -0 -12.3048 0 -12.3048 -0 
-12.2247 0.0 -12.2247 -0 -12.2247 0 -12.2247 -0 -12.2247 0 -12.2247 -0 -12.2247 0 -12.2247 -0 -12.2247 0 -12.2247 -0 -12.2247 0 -12.2247 -0 
-12.1445 0.0 -12.1445 -0 -12.1445 0 -12.1445 -0 -12.1445 0 -12.1445 -0 -12.1445 0 -12.1445 -0 -12.1445 0 -12.1445 -0 -12.1445 0 -12.1445 -0 
-12.0644 0.0 -12.0644 -0 -12.0644 0 -12.0644 -0 -12.0644 0 -12.0644 -0 -12.0644 0 -12.0644 -0 -12.0644 0 -12.0644 -0 -12.0644 0 -12.0644 -0 
-11.9842 0.0 -11.9842 -0 -11.9842 0 -11.9842 -0 -11.9842 0 -11.9842 -0 -11.9842 0 -11.9842 -0 -11.9842 0 -11.9842 -0 -11.9842 0 -11.9842 -0 
-11.904 0.0 -11.904 -0 -11.904 0 -11.904 -0 -11.904 0 -11.904 -0 -11.904 0 -11.904 -0 -11.904 0 -11.904 -0 -11.904 0 -11.904 -0 
-11.8239 0.0 -11.8239 -0 -11.8239 0 -11.8239 -0 -11.8239 0 -11.8239 -0 -11.8239 0 -11.8239 -0 -11.8239 0 -11.8239 -0 -11.8239 0 -11.8239 -0 
-11.7437 0.0 -11.7437 -0 -11.7437 0 -11.7437 -0 -11.7437 0 -11.7437 -0 -11.7437 0 -11.7437 -0 -11.7437 0 -11.7437 -0 -11.7437 0 -11.7437 -0 
-11.6635 0.0 -11.6635 -0 -11.6635 0 -11.6635 -0 -11.6635 0 -11.6635 -0 -11.6635 0 -11.6635 -0 -11.6635 0 -11.6635 -0 -11.6635 0 -11.6635 -0 
-11.5834 0.0 -11.5834 -0 -11.5834 0 -11.5834 -0 -11.5834 0 -11.5834 -0 -11.5834 0 -11.5834 -0 -11.5834 0 -11.5834 -0 -11.5834 0 -11.5834 -0 
-11.5032 0.0 -11.5032 -0 -11.5032 0 -11.5032 -0 -11.5032 0 -11.5032 -0 -11.5032 0 -11.5032 -0 -11.5032 0 -11.5032 -0 -11.5032 0 -11.5032 -0 
-11.4231 0.0 -11.4231 -0 -11.4231 0 -11.4231 -0 -11.4231 0 -11.4231 -0 -11.4231 0 -11.4231 -0 -11.4231 0 -11.4231 -0 -11.4231 0 -11.4231 -0 
-11.3429 0.0 -11.3429 -0 -11.3429 0 -11.3429 -0 -11.3429 0 -11.3429 -0 -11.3429 0 -11.3429 -0 -11.3429 0 -11.3429 -0 -11.3429 0 -11.3429 -0 
-11.2627 0.0 -11.2627 -0 -11.2627 0 -11.2627 -0 -11.2627 0 -11.2627 -0 -11.2627 0 -11.2627 -0 -11.2627 0 -11.2627 -0 -11.2627 0 -11.2627 -0 
-11.1826 0.0 -11.1826 -0 -11.1826 0 -11.1826 -0 -11.1826 0 -11.1826 -0 -11.1826 0 -11.1826 -0 -11.1826 0 -11.1826 -0 -11.1826 0 -11.1826 -0 
-11.1024 0.0 -11.1024 -0 -11.1024 0 -11.1024 -0 -11.1024 0 -11.1024 -0 -11.1024 0 -11.1024 -0 -11.1024 0 -11.1024 -0 -11.1024 0 -11.1024 -0 
-11.0223 0.0 -11.0223 -0 -11.0223 0 -11.0223 -0 -11.0223 0 -11.0223 -0 -11.0223 0 -11.0223 -0 -11.0223 0 -11.0223 -0 -11.0223 0 -11.0223 -0 
-10.9421 0.0 -10.9421 -0 -10.9421 0 -10.9421 -0 -10.9421 0 -10.9421 -0 -10.9421 0 -10.9421 -0 -10.9421 0 -10.9421 -0 -10.9421 0 -10.9421 -0 
-10.8619 0.0 -10.8619 -0 -10.8619 0 -10.8619 -0 -10.8619 0 -10.8619 -0 -10.8619 0 -10.8619 -0 -10.8619 0 -10.8619 -0 -10.8619 0 -10.8619 -0 
-10.7818 0.0 -10.7818 -0 -10.7818 0 -10.7818 -0 -10.7818 0 -10.7818 -0 -10.7818 0 -10.7818 -0 -10.7818 0 -10.7818 -0 -10.7818 0 -10.7818 -0 
-10.7016 0.0 -10.7016 -0 -10.7016 0 -10.7016 -0 -10.7016 0 -10.7016 -0 -10.7016 0 -10.7016 -0 -10.7016 0 -10.7016 -0 -10.7016 0 -10.7016 -0 
-10.6215 0.0 -10.6215 -0 -10.6215 0 -10.6215 -0 -10.6215 0 -10.6215 -0 -10.6215 0 -10.6215 -0 -10.6215 0 -10.6215 -0 -10.6215 0 -10.6215 -0 
-10.5413 0.0 -10.5413 -0 -10.5413 0 -10.5413 -0 -10.5413 0 -10.5413 -0 -10.5413 0 -10.5413 -0 -10.5413 0 -10.5413 -0 -10.5413 0 -10.5413 -0 
-10.4611 0.0 -10.4611 -0 -10.4611 0 -10.4611 -0 -10.4611 0 -10.4611 -0 -10.4611 0 -10.4611 -0 -10.4611 0 -10.4611 -0 -10.4611 0 -10.4611 -0 
-10.381 0.0 -10.381 -0 -10.381 0 -10.381 -0 -10.381 0 -10.381 -0 -10.381 0 -10.381 -0 -10.381 0 -10.381 -0 -10.381 0 -10.381 -0 
-10.3008 0.0003 -10.3008 -0 -10.3008 0 -10.3008 -0 -10.3008 0 -10.3008 -0 -10.3008 0 -10.3008 -0 -10.3008 0 -10.3008 -0 -10.3008 0 -10.3008 -0 
-10.2207 0.0024 -10.2207 -0 -10.2207 0.0003 -10.2207 -0 -10.2207 0 -10.2207 -0 -10.2207 0 -10.2207 -0 -10.2207 0 -10.2207 -0 -10.2207 0 -10.2207 -0 
-10.1405 0.0146 -10.1405 -0 -10.1405 0.0017 -10.1405 -0 -10.1405 0.0001 -10.1405 -0 -10.1405 0 -10.1405 -0 -10.1405 0 -10.1405 -0 -10.1405 0.0005 -10.1405 -0 
-10.0603 0.0671 -10.0603 -0 -10.0603 0.0081 -10.0603 -0 -10.0603 0.0003 -10.0603 -0 -10.0603 0 -10.0603 -0 -10.0603 0 -10.0603 -0 -10.0603 0.0022 -10.0603 -0 
-9.98021 0.2396 -9.98021 -0.0001 -9.98021 0.0302 -9.98021 -0 -9.98021 0.0009 -9.98021 -0 -9.98021 0 -9.98021 -0 -9.98021 0 -9.98021 -0 -9.98021 0.0076 -9.98021 -0 
-9.90001 0.6785 -9.90001 -0.0015 -9.90001 0.0917 -9.90001 -0 -9.90001 0.0024 -9.90001 -0 -9.90001 0.0003 -9.90001 -0.0003 -9.90001 0 -9.90001 -0 -9.90001 0.0211 -9.90001 -0 
-9.81991 1.5819 -9.81991 -0.011 -9.81991 0.2364 -9.81991 -0 -9.81991 0.0049 -9.81991 -0 -9.81991 0.0008 -9.81991 -0.0019 -9.81991 0 -9.81991 -0 -9.81991 0.0473 -9.81991 -0 
-9.73971 3.1744 -9.73971 -0.0624 -9.73971 0.538 -9.73971 -0.0001 -9.73971 0.0081 -9.73971 -0 -9.73971 0.0021 -9.73971 -0.011 -9.73971 0.0002 -9.73971 -0 -9.73971 0.0891 -9.73971 -0 
-9.65951 5.7057 -9.65951 -0.2693 -9.65951 1.0961 -9.65951 -0.0003 -9.65951 0.012 -9.65951 -0 -9.65951 0.0045 -9.65951 -0.0475 -9.65951 0.0004 -9.65951 -0 -9.65951 0.1471 -9.65951 -0 
-9.57941 9.3579 -9.57941 -0.894 -9.57941 1.9665 -9.57941 -0.0012 -9.57941 0.0162 -9.57941 -0 -9.57941 0.0086 -9.57941 -0.1575 -9.57941 0.0006 -9.57941 -0.0005 -9.57941 0.2211 -9.57941 -0.0002 
-9.49921 13.9389 -9.49921 -2.3291 -9.49921 3.0105 -9.49921 -0.0032 -9.49921 0.0229 -9.49921 -0 -9.49921 0.0141 -9.49921 -0.4114 -9.49921 0.0011 -9.49921 -0.0015 -9.49921 0.3141 -9.49921 -0.0008 
-9.41911 18.7121 -9.41911 -4.8972 -9.41911 3.8445 -9.41911 -0.006 -9.41911 0.0332 -9.41911 -0.0001 -9.41911 0.02 -9.41911 -0.8687 -9.41911 0.0018 -9.41911 -0.004 -9.41911 0.4358 -9.41911 -0.002 
-9.33891 22.9631 -9.33891 -8.6145 -9.33891 4.1145 -9.33891 -0.0099 -9.33891 0.0472 -9.33891 -0.0001 -9.33891 0.024 -9.33891 -1.5389 -9.33891 0.0028 -9.33891 -0.0093 -9.33891 0.6024 -9.33891 -0.0037 
-9.25871 26.8499 -9.25871 -13.1898 -9.25871 3.8764 -9.25871 -0.0148 -9.25871 0.0634 -9.25871 -0.0002 -9.25871 0.0256 -9.25871 -2.3801 -9.25871 0.0042 -9.25871 -0.018 -9.25871 0.8236 -9.25871 -0.0064 
-9.17861 31.1638 -9.17861 -18.1361 -9.17861 3.516 -9.17861 -0.022 -9.17861 0.0826 -9.17861 -0.0002 -9.17861 0.0269 -9.17861 -3.3144 -9.17861 0.0059 -9.17861 -0.0286 -9.17861 1.0901 -9.17861 -0.0098 
-9.09841 36.0857 -9.09841 -22.6578 -9.09841 3.2589 -9.09841 -0.0317 -9.09841 0.1055 -9.09841 -0.0003 -9.09841 0.0292 -9.09841 -4.1988 -9.09841 0.0076 -9.09841 -0.0375 -9.09841 1.3841 -9.09841 -0.0135 
-9.01831 40.6437 -9.01831 -25.6571 -9.01831 2.9931 -9.01831 -0.0413 -9.01831 0.1281 -9.01831 -0.0002 -9.01831 0.033 -9.01831 -4.8214 -9.01831 0.0092 -9.01831 -0.0404 -9.01831 1.6957 -9.01831 -0.0157 
-8.93811 43.4288 -8.93811 -26.4284 -8.93811 2.59 -8.93811 -0.0475 -8.93811 0.142 -8.93811 -0.0002 -8.93811 0.0372 -8.93811 -5.0401 -8.93811 0.0113 -8.93811 -0.0365 -8.93811 2.009 -8.93811 -0.0163 
-8.85791 43.746 -8.85791 -25.319 -8.85791 2.1449 -8.85791 -0.0471 -8.85791 0.1425 -8.85791 -0.0001 -8.85791 0.041 -8.85791 -4.912 -8.85791 0.0148 -8.85791 -0.0296 -8.85791 2.2957 -8.85791 -0.0146 
-8.77781 42.4603 -8.77781 -23.3269 -8.77781 1.8366 -8.77781 -0.0404 -8.77781 0.1387 -8.77781 -0 -8.77781 0.0441 -8.77781 -4.6223 -8.77781 0.0196 -8.77781 -0.0246 -8.77781 2.5549 -8.77781 -0.0115 
-8.69761 41.4766 -8.69761 -21.1948 -8.69761 1.7098 -8.69761 -0.0307 -8.69761 0.1447 -8.69761 -0 -8.69761 0.0473 -8.69761 -4.3017 -8.69761 0.025 -8.69761 -0.0257 -8.69761 2.8224 -8.69761 -0.0086 
-8.61751 41.8066 -8.61751 -18.9585 -8.61751 1.6519 -8.61751 -0.0215 -8.61751 0.1664 -8.61751 -0.0001 -8.61751 0.0485 -8.61751 -3.9185 -8.61751 0.0292 -8.61751 -0.0465 -8.61751 3.0933 -8.61751 -0.0061 
-8.53731 42.7255 -8.53731 -16.2597 -8.53731 1.5378 -8.53731 -0.0142 -8.53731 0.1967 -8.53731 -0.0007 -8.53731 0.0454 -8.53731 -3.3155 -8.53731 0.0303 -8.53731 -0.1362 -8.53731 3.2976 -8.53731 -0.0047 
-8.45711 43.0329 -8.45711 -13.4812 -8.45711 1.3517 -8.45711 -0.0089 -8.45711 0.2258 -8.45711 -0.0023 -8.45711 0.0381 -8.45711 -2.4301 -8.45711 0.0287 -8.45711 -0.4124 -8.45711 3.3728 -8.45711 -0.0042 
-8.37701 42.1106 -8.37701 -12.3902 -8.37701 1.161 -8.37701 -0.0051 -8.37701 0.2569 -8.37701 -0.0067 -8.37701 0.0298 -8.37701 -1.465 -8.37701 0.0257 -8.37701 -1.0367 -8.37701 3.2981 -8.37701 -0.0058 
-8.29681 40.0686 -8.29681 -14.61 -8.29681 1.0292 -8.29681 -0.0028 -8.29681 0.3182 -8.29681 -0.0158 -8.29681 0.0238 -8.29681 -0.7228 -8.29681 0.0225 -8.29681 -2.0715 -8.29681 3.0832 -8.29681 -0.0102 
-8.21671 38.0614 -8.21671 -19.3232 -8.21671 0.994 -8.21671 -0.0017 -8.21671 0.4785 -8.21671 -0.0296 -8.21671 0.0212 -8.21671 -0.3162 -8.21671 0.0195 -8.21671 -3.2881 -8.21671 2.8039 -8.21671 -0.0167 
-8.13651 37.7989 -8.13651 -23.3096 -8.13651 1.0592 -8.13651 -0.0015 -8.13651 0.8268 -8.13651 -0.0446 -8.13651 0.021 -8.13651 -0.1482 -8.13651 0.0173 -8.13651 -4.1816 -8.13651 2.5785 -8.13651 -0.0226 
-8.05631 39.6995 -8.05631 -23.6443 -8.05631 1.1589 -8.05631 -0.0013 -8.05631 1.3614 -8.05631 -0.0533 -8.05631 0.0217 -8.05631 -0.0827 -8.05631 0.0168 -8.05631 -4.3191 -8.05631 2.4408 -8.05631 -0.0247 
-7.97621 42.0038 -7.97621 -20.3343 -7.97621 1.1861 -7.97621 -0.0013 -7.97621 1.883 -7.97621 -0.0506 -7.97621 0.0209 -7.97621 -0.0495 -7.97621 0.018 -7.97621 -3.7544 -7.97621 2.3015 -7.97621 -0.0219 
-7.89601 42.2249 -7.89601 -16.2267 -7.89601 1.083 -7.89601 -0.0012 -7.89601 2.1571 -7.89601 -0.0382 -7.89601 0.0181 -7.89601 -0.0312 -7.89601 0.0198 -7.89601 -3.033 -7.89601 2.0622 -7.89601 -0.017 
-7.81591 39.2348 -7.81591 -14.0711 -7.81591 0.8726 -7.81591 -0.0014 -7.81591 2.2785 -7.81591 -0.0237 -7.81591 0.0138 -7.81591 -0.0246 -7.81591 0.0222 -7.81591 -2.669 -7.81591 1.7122 -7.81591 -0.013 
-7.73571 33.9508 -7.73571 -13.9006 -7.73571 0.6147 -7.73571 -0.0023 -7.73571 2.6621 -7.73571 -0.0132 -7.73571 0.0099 -7.73571 -0.0242 -7.73571 0.0265 -7.73571 -2.6581 -7.73571 1.3144 -7.73571 -0.0112 
-7.65551 28.2631 -7.65551 -14.1331 -7.65551 0.3721 -7.65551 -0.0035 -7.65551 3.4977 -7.65551 -0.0076 -7.65551 0.0068 -7.65551 -0.0242 -7.65551 0.032 -7.65551 -2.6981 -7.65551 0.9448 -7.65551 -0.0106 
-7.57541 23.4141 -7.57541 -14.5823 -7.57541 0.1915 -7.57541 -0.0055 -7.57541 4.4512 -7.57541 -0.0049 -7.57541 0.0046 -7.57541 -0.023 -7.57541 0.0349 -7.57541 -2.7733 -7.57541 0.6472 -7.57541 -0.0103 
-7.49521 19.6899 -7.49521 -16.203 -7.49521 0.0852 -7.49521 -0.0078 -7.49521 5.1373 -7.49521 -0.0037 -7.49521 0.0032 -7.49521 -0.0228 -7.49521 0.0321 -7.49521 -3.0914 -7.49521 0.4266 -7.49521 -0.0104 
-7.41511 17.1343 -7.41511 -18.0688 -7.41511 0.0348 -7.41511 -0.0099 -7.41511 5.5454 -7.41511 -0.0035 -7.41511 0.0021 -7.41511 -0.0237 -7.41511 0.0246 -7.41511 -3.4669 -7.41511 0.2708 -7.41511 -0.011 
-7.33491 15.2617 -7.33491 -17.4725 -7.33491 0.0144 -7.33491 -0.0117 -7.33491 5.6371 -7.33491 -0.0031 -7.33491 0.0014 -7.33491 -0.0239 -7.33491 0.0166 -7.33491 -3.335 -7.33491 0.1684 -7.33491 -0.0108 
-7.25471 12.7384 -7.25471 -13.5849 -7.25471 0.0066 -7.25471 -0.0135 -7.25471 5.0328 -7.25471 -0.0027 -7.25471 0.0009 -7.25471 -0.0225 -7.25471 0.0104 -7.25471 -2.5023 -7.25471 0.1039 -7.25471 -0.0098 
-7.17461 8.9064 -7.17461 -8.6658 -7.17461 0.0032 -7.17461 -0.0164 -7.17461 3.6244 -7.17461 -0.002 -7.17461 0.0006 -7.17461 -0.0208 -7.17461 0.0061 -7.17461 -1.4187 -7.17461 0.0606 -7.17461 -0.0092 
-7.09441 4.8475 -7.09441 -5.2676 -7.09441 0.0015 -7.09441 -0.0214 -7.09441 1.9966 -7.09441 -0.0018 -7.09441 0.0001 -7.09441 -0.0205 -7.09441 0.003 -7.09441 -0.6109 -7.09441 0.0301 -7.09441 -0.0101 
-7.01431 1.9914 -7.01431 -4.03 -7.01431 0.0005 -7.01431 -0.0296 -7.01431 0.8206 -7.01431 -0.0017 -7.01431 0.0001 -7.01431 -0.0219 -7.01431 0.0012 -7.01431 -0.2125 -7.01431 0.0119 -7.01431 -0.0129 
-6.93411 0.6388 -6.93411 -4.1934 -6.93411 0.0002 -6.93411 -0.0413 -6.93411 0.2493 -6.93411 -0.0018 -6.93411 0 -6.93411 -0.0248 -6.93411 0.0004 -6.93411 -0.0768 -6.93411 0.0037 -6.93411 -0.0168 
-6.85391 0.2507 -6.85391 -4.8892 -6.85391 0.0005 -6.85391 -0.054 -6.85391 0.0564 -6.85391 -0.0021 -6.85391 0.0002 -6.85391 -0.0281 -6.85391 0 -6.85391 -0.0459 -6.85391 0.0016 -6.85391 -0.0209 
-6.77381 0.3167 -6.77381 -5.7393 -6.77381 0.0016 -6.77381 -0.0648 -6.77381 0.0112 -6.77381 -0.0025 -6.77381 0.0006 -6.77381 -0.0314 -6.77381 0.0001 -6.77381 -0.0446 -6.77381 0.0027 -6.77381 -0.0239 
-6.69361 0.6486 -6.69361 -6.7376 -6.69361 0.0046 -6.69361 -0.072 -6.69361 0.0058 -6.69361 -0.0033 -6.69361 0.0019 -6.69361 -0.0346 -6.69361 0.0004 -6.69361 -0.0515 -6.69361 0.0063 -6.69361 -0.0264 
-6.61341 1.2756 -6.61341 -7.8072 -6.61341 0.0111 -6.61341 -0.0745 -6.61341 0.0081 -6.61341 -0.0043 -6.61341 0.0047 -6.61341 -0.0375 -6.61341 0.001 -6.61341 -0.0614 -6.61341 0.0143 -6.61341 -0.0285 
-6.53331 2.3329 -6.53331 -8.5918 -6.53331 0.0229 -6.53331 -0.0707 -6.53331 0.0128 -6.53331 -0.0056 -6.53331 0.0114 -6.53331 -0.0395 -6.53331 0.0022 -6.53331 -0.0709 -6.53331 0.0303 -6.53331 -0.0298 
-6.45311 3.9819 -6.45311 -8.7517 -6.45311 0.0408 -6.45311 -0.0615 -6.45311 0.0183 -6.45311 -0.0067 -6.45311 0.0243 -6.45311 -0.0397 -6.45311 0.0047 -6.45311 -0.0759 -6.45311 0.0581 -6.45311 -0.029 
-6.37301 6.2756 -6.37301 -8.4211 -6.37301 0.0627 -6.37301 -0.0504 -6.37301 0.0247 -6.37301 -0.0078 -6.37301 0.0466 -6.37301 -0.0398 -6.37301 0.0082 -6.37301 -0.0764 -6.37301 0.0992 -6.37301 -0.0271 
-6.29281 9.0172 -6.29281 -8.1908 -6.29281 0.0858 -6.29281 -0.0428 -6.29281 0.031 -6.29281 -0.0092 -6.29281 0.0779 -6.29281 -0.0432 -6.29281 0.0131 -6.29281 -0.0751 -6.29281 0.146 -6.29281 -0.0262 
-6.21261 11.7533 -6.21261 -8.5169 -6.21261 0.1062 -6.21261 -0.0414 -6.21261 0.0355 -6.21261 -0.0115 -6.21261 0.1136 -6.21261 -0.0511 -6.21261 0.0195 -6.21261 -0.075 -6.21261 0.1836 -6.21261 -0.0278 
-6.13251 13.9691 -6.13251 -9.318 -6.13251 0.1206 -6.13251 -0.0458 -6.13251 0.0371 -6.13251 -0.0154 -6.13251 0.1468 -6.13251 -0.0609 -6.13251 0.0271 -6.13251 -0.0773 -6.13251 0.1991 -6.13251 -0.0319 
-6.05231 15.416 -6.05231 -10.2764 -6.05231 0.1313 -6.05231 -0.0552 -6.05231 0.0367 -6.05231 -0.0215 -6.05231 0.1735 -6.05231 -0.0695 -6.05231 0.0353 -6.05231 -0.0824 -6.05231 0.1931 -6.05231 -0.0363 
-5.97221 16.35 -5.97221 -11.2415 -5.97221 0.1519 -5.97221 -0.0691 -5.97221 0.036 -5.97221 -0.0301 -5.97221 0.1944 -5.97221 -0.0755 -5.97221 0.0424 -5.97221 -0.0914 -5.97221 0.1802 -5.97221 -0.0399 
-5.89201 17.3901 -5.89201 -12.1607 -5.89201 0.2029 -5.89201 -0.0845 -5.89201 0.0376 -5.89201 -0.0399 -5.89201 0.2086 -5.89201 -0.0811 -5.89201 0.0461 -5.89201 -0.1043 -5.89201 0.1744 -5.89201 -0.0425 
-5.81181 18.921 -5.81181 -12.8707 -5.81181 0.2907 -5.81181 -0.0948 -5.81181 0.0423 -5.81181 -0.0486 -5.81181 0.2116 -5.81181 -0.089 -5.81181 0.0461 -5.81181 -0.1187 -5.81181 0.1785 -5.81181 -0.0439 
-5.73171 20.5164 -5.73171 -13.2107 -5.73171 0.3886 -5.73171 -0.0951 -5.73171 0.0493 -5.73171 -0.052 -5.73171 0.2001 -5.73171 -0.1014 -5.73171 0.0446 -5.73171 -0.1313 -5.73171 0.1862 -5.73171 -0.0447 
-5.65151 21.2285 -5.65151 -13.361 -5.65151 0.4447 -5.65151 -0.0902 -5.65151 0.0587 -5.65151 -0.0489 -5.65151 0.1761 -5.65151 -0.122 -5.65151 0.0436 -5.65151 -0.1399 -5.65151 0.1894 -5.65151 -0.0459 
-5.57141 20.7039 -5.57141 -13.8713 -5.57141 0.4241 -5.57141 -0.0928 -5.57141 0.0726 -5.57141 -0.0428 -5.57141 0.1477 -5.57141 -0.1546 -5.57141 0.044 -5.57141 -0.1452 -5.57141 0.1865 -5.57141 -0.0495 
-5.49121 19.6423 -5.49121 -15.1518 -5.49121 0.3424 -5.49121 -0.1122 -5.49121 0.0915 -5.49121 -0.0393 -5.49121 0.1255 -5.49121 -0.1987 -5.49121 0.0461 -5.49121 -0.1499 -5.49121 0.1824 -5.49121 -0.0574 
-5.41101 18.8712 -5.41101 -17.1157 -5.41101 0.2466 -5.41101 -0.1471 -5.41101 0.1116 -5.41101 -0.0405 -5.41101 0.1167 -5.41101 -0.2479 -5.41101 0.051 -5.41101 -0.1585 -5.41101 0.1802 -5.41101 -0.0706 
-5.33091 18.4605 -5.33091 -19.443 -5.33091 0.1726 -5.33091 -0.1897 -5.33091 0.126 -5.33091 -0.0461 -5.33091 0.1197 -5.33091 -0.2975 -5.33091 0.0577 -5.33091 -0.1728 -5.33091 0.1763 -5.33091 -0.0889 
-5.25071 18.0334 -5.25071 -21.7702 -5.25071 0.1275 -5.25071 -0.2307 -5.25071 0.1327 -5.25071 -0.0539 -5.25071 0.128 -5.25071 -0.3438 -5.25071 0.0659 -5.25071 -0.1899 -5.25071 0.1662 -5.25071 -0.1092 
-5.17061 17.4488 -5.17061 -23.4544 -5.17061 0.1036 -5.17061 -0.2606 -5.17061 0.1357 -5.17061 -0.0613 -5.17061 0.135 -5.17061 -0.374 -5.17061 0.0749 -5.17061 -0.2025 -5.17061 0.1516 -5.17061 -0.1252 
-5.09041 16.8163 -5.09041 -23.7229 -5.09041 0.0909 -5.09041 -0.2709 -5.09041 0.1371 -5.09041 -0.0668 -5.09041 0.1369 -5.09041 -0.3708 -5.09041 0.0837 -5.09041 -0.2034 -5.09041 0.1384 -5.09041 -0.1321 
-5.01021 16.1863 -5.01021 -22.4257 -5.01021 0.0826 -5.01021 -0.2598 -5.01021 0.1339 -5.01021 -0.0698 -5.01021 0.1336 -5.01021 -0.3315 -5.01021 0.0888 -5.01021 -0.1905 -5.01021 0.1317 -5.01021 -0.1303 
-4.93011 15.666 -4.93011 -20.3549 -4.93011 0.0781 -4.93011 -0.2345 -4.93011 0.1236 -4.93011 -0.0707 -4.93011 0.1306 -4.93011 -0.2764 -4.93011 0.0888 -4.93011 -0.1695 -4.93011 0.1319 -4.93011 -0.1255 
-4.84991 15.7444 -4.84991 -18.674 -4.84991 0.0807 -4.84991 -0.2076 -4.84991 0.11 -4.84991 -0.0714 -4.84991 0.1366 -4.84991 -0.2308 -4.84991 0.0876 -4.84991 -0.15 -4.84991 0.138 -4.84991 -0.1254 
-4.76981 17.0051 -4.76981 -18.2775 -4.76981 0.0928 -4.76981 -0.1981 -4.76981 0.0991 -4.76981 -0.0751 -4.76981 0.1591 -4.76981 -0.2069 -4.76981 0.0914 -4.76981 -0.1375 -4.76981 0.15 -4.76981 -0.1352 
-4.68961 19.2742 -4.68961 -19.5775 -4.68961 0.1091 -4.68961 -0.2282 -4.68961 0.0933 -4.68961 -0.0857 -4.68961 0.1957 -4.68961 -0.2029 -4.68961 0.1025 -4.68961 -0.134 -4.68961 0.1656 -4.68961 -0.1562 
-4.60941 21.5034 -4.60941 -22.3179 -4.60941 0.1223 -4.60941 -0.3028 -4.60941 0.0905 -4.60941 -0.1015 -4.60941 0.2314 -4.60941 -0.2102 -4.60941 0.1167 -4.60941 -0.1372 -4.60941 0.1779 -4.60941 -0.1844 
-4.52931 22.8685 -4.52931 -25.4957 -4.52931 0.1305 -4.52931 -0.3928 -4.52931 0.0894 -4.52931 -0.116 -4.52931 0.2518 -4.52931 -0.2203 -4.52931 0.1284 -4.52931 -0.1433 -4.52931 0.181 -4.52931 -0.2131 
-4.44911 23.4765 -4.44911 -27.9929 -4.44911 0.1368 -4.44911 -0.449 -4.44911 0.0913 -4.44911 -0.1226 -4.44911 0.2558 -4.44911 -0.227 -4.44911 0.1365 -4.44911 -0.1496 -4.44911 0.1767 -4.44911 -0.2356 
-4.36901 23.7006 -4.36901 -29.5117 -4.36901 0.1411 -4.36901 -0.4419 -4.36901 0.0968 -4.36901 -0.1212 -4.36901 0.2494 -4.36901 -0.2301 -4.36901 0.1424 -4.36901 -0.1572 -4.36901 0.1691 -4.36901 -0.2526 
-4.28881 23.6093 -4.28881 -30.5973 -4.28881 0.1386 -4.28881 -0.3826 -4.28881 0.1051 -4.28881 -0.1185 -4.28881 0.2381 -4.28881 -0.232 -4.28881 0.1487 -4.28881 -0.1694 -4.28881 0.1595 -4.28881 -0.2695 
-4.20861 23.3771 -4.20861 -31.5987 -4.20861 0.1284 -4.20861 -0.3052 -4.20861 0.1159 -4.20861 -0.1212 -4.20861 0.2266 -4.20861 -0.2328 -4.20861 0.1596 -4.20861 -0.1856 -4.20861 0.1475 -4.20861 -0.2902 
-4.12851 23.3781 -4.12851 -32.004 -4.12851 0.1148 -4.12851 -0.2366 -4.12851 0.1304 -4.12851 -0.1277 -4.12851 0.2189 -4.12851 -0.2328 -4.12851 0.1764 -4.12851 -0.1991 -4.12851 0.1334 -4.12851 -0.3105 
-4.04831 23.588 -4.04831 -31.1819 -4.04831 0.1037 -4.04831 -0.1856 -4.04831 0.1464 -4.04831 -0.1307 -4.04831 0.2127 -4.04831 -0.2347 -4.04831 0.1946 -4.04831 -0.2026 -4.04831 0.1188 -4.04831 -0.3221 
-3.96821 23.6133 -3.96821 -29.4438 -3.96821 0.0977 -3.96821 -0.1505 -3.96821 0.1597 -3.96821 -0.125 -3.96821 0.202 -3.96821 -0.2454 -3.96821 0.2075 -3.96821 -0.1936 -3.96821 0.1064 -3.96821 -0.3198 
-3.88801 23.3408 -3.88801 -27.9348 -3.88801 0.0977 -3.88801 -0.1283 -3.88801 0.1661 -3.88801 -0.1147 -3.88801 0.1873 -3.88801 -0.2729 -3.88801 0.214 -3.88801 -0.1791 -3.88801 0.0991 -3.88801 -0.308 
-3.80781 22.9844 -3.80781 -27.6067 -3.80781 0.1057 -3.80781 -0.1178 -3.80781 0.1625 -3.80781 -0.1082 -3.80781 0.1742 -3.80781 -0.3185 -3.80781 0.2163 -3.80781 -0.1711 -3.80781 0.0977 -3.80781 -0.2991 
-3.72771 22.6933 -3.72771 -28.4086 -3.72771 0.123 -3.72771 -0.1173 -3.72771 0.1502 -3.72771 -0.1109 -3.72771 0.1665 -3.72771 -0.3712 -3.72771 0.2167 -3.72771 -0.1756 -3.72771 0.1002 -3.72771 -0.3032 
-3.64751 22.5643 -3.64751 -29.4495 -3.64751 0.1507 -3.64751 -0.1242 -3.64751 0.1384 -3.64751 -0.1213 -3.64751 0.1649 -3.64751 -0.413 -3.64751 0.2173 -3.64751 -0.1891 -3.64751 0.1054 -3.64751 -0.3158 
-3.56741 22.7751 -3.56741 -29.9973 -3.56741 0.1863 -3.56741 -0.1369 -3.56741 0.1374 -3.56741 -0.1352 -3.56741 0.1699 -3.56741 -0.434 -3.56741 0.2221 -3.56741 -0.2024 -3.56741 0.1125 -3.56741 -0.3218 
-3.48721 23.4705 -3.48721 -30.1235 -3.48721 0.2244 -3.48721 -0.1516 -3.48721 0.1514 -3.48721 -0.1515 -3.48721 0.1825 -3.48721 -0.4381 -3.48721 0.2357 -3.48721 -0.2109 -3.48721 0.1216 -3.48721 -0.3134 
-3.40701 24.646 -3.40701 -30.2877 -3.40701 0.2599 -3.40701 -0.1613 -3.40701 0.1755 -3.40701 -0.1716 -3.40701 0.2039 -3.40701 -0.4297 -3.40701 0.2603 -3.40701 -0.215 -3.40701 0.1331 -3.40701 -0.2944 
-3.32691 25.9991 -3.32691 -30.6841 -3.32691 0.2869 -3.32691 -0.1617 -3.32691 0.2034 -3.32691 -0.1916 -3.32691 0.2291 -3.32691 -0.4089 -3.32691 0.2943 -3.32691 -0.2172 -3.32691 0.1456 -3.32691 -0.2717 
-3.24671 26.8793 -3.24671 -31.0729 -3.24671 0.2971 -3.24671 -0.1553 -3.24671 0.2293 -3.24671 -0.2035 -3.24671 0.2463 -3.24671 -0.3774 -3.24671 0.328 -3.24671 -0.2172 -3.24671 0.1553 -3.24671 -0.2475 
-3.16661 26.7575 -3.16661 -30.7789 -3.16661 0.2876 -3.16661 -0.1457 -3.16661 0.2488 -3.16661 -0.2009 -3.16661 0.2436 -3.16661 -0.3391 -3.16661 0.3461 -3.16661 -0.2108 -3.16661 0.1588 -3.16661 -0.219 
-3.08641 25.7306 -3.08641 -28.9348 -3.08641 0.2659 -3.08641 -0.132 -3.08641 0.2578 -3.08641 -0.1871 -3.08641 0.2216 -3.08641 -0.2933 -3.08641 0.338 -3.08641 -0.1943 -3.08641 0.1559 -3.08641 -0.1838 
-3.00621 24.3339 -3.00621 -25.4217 -3.00621 0.2414 -3.00621 -0.1115 -3.00621 0.2531 -3.00621 -0.175 -3.00621 0.1906 -3.00621 -0.2369 -3.00621 0.307 -3.00621 -0.1695 -3.00621 0.1508 -3.00621 -0.1442 
-2.92611 23.113 -2.92611 -21.5279 -2.92611 0.2166 -2.92611 -0.0885 -2.92611 0.2332 -2.92611 -0.1826 -2.92611 0.1611 -2.92611 -0.1782 -2.92611 0.2683 -2.92611 -0.1462 -2.92611 0.1502 -2.92611 -0.1094 
-2.84591 22.5828 -2.84591 -18.9862 -2.84591 0.1886 -2.84591 -0.0725 -2.84591 0.2011 -2.84591 -0.2191 -2.84591 0.1397 -2.84591 -0.1325 -2.84591 0.2399 -2.84591 -0.1349 -2.84591 0.16 -2.84591 -0.0879 
-2.76581 23.1331 -2.76581 -18.4297 -2.76581 0.1591 -2.76581 -0.0668 -2.76581 0.166 -2.76581 -0.2784 -2.76581 0.1289 -2.76581 -0.1074 -2.76581 0.2314 -2.76581 -0.139 -2.76581 0.1837 -2.76581 -0.0806 
-2.68561 24.519 -2.68561 -19.2502 -2.68561 0.1359 -2.68561 -0.0671 -2.68561 0.1378 -2.68561 -0.3461 -2.68561 0.1275 -2.68561 -0.0988 -2.68561 0.2354 -2.68561 -0.1533 -2.68561 0.2187 -2.68561 -0.0821 
-2.60541 25.7328 -2.60541 -20.5189 -2.60541 0.1256 -2.60541 -0.0681 -2.60541 0.1197 -2.60541 -0.4095 -2.60541 0.1284 -2.60541 -0.0989 -2.60541 0.235 -2.60541 -0.1703 -2.60541 0.2541 -2.60541 -0.0865 
-2.52531 25.8357 -2.52531 -21.438 -2.52531 0.1299 -2.52531 -0.0665 -2.52531 0.1083 -2.52531 -0.4505 -2.52531 0.1254 -2.52531 -0.102 -2.52531 0.2189 -2.52531 -0.181 -2.52531 0.2764 -2.52531 -0.0888 
-2.44511 24.7965 -2.44511 -21.467 -2.44511 0.1492 -2.44511 -0.0625 -2.44511 0.0982 -2.44511 -0.444 -2.44511 0.1182 -2.44511 -0.1032 -2.44511 0.1926 -2.44511 -0.1792 -2.44511 0.2807 -2.44511 -0.0871 
-2.36501 23.2888 -2.36501 -20.8389 -2.36501 0.1855 -2.36501 -0.057 -2.36501 0.0899 -2.36501 -0.3844 -2.36501 0.111 -2.36501 -0.0997 -2.36501 0.1684 -2.36501 -0.1687 -2.36501 0.2687 -2.36501 -0.0825 
-2.28481 21.9358 -2.28481 -20.6138 -2.28481 0.2359 -2.28481 -0.0528 -2.28481 0.0871 -2.28481 -0.3059 -2.28481 0.1071 -2.28481 -0.0916 -2.28481 0.1507 -2.28481 -0.1634 -2.28481 0.2452 -2.28481 -0.081 
-2.20461 20.9311 -2.20461 -21.5029 -2.20461 0.2824 -2.20461 -0.0505 -2.20461 0.0966 -2.20461 -0.2523 -2.20461 0.1051 -2.20461 -0.082 -2.20461 0.1371 -2.20461 -0.1739 -2.20461 0.2174 -2.20461 -0.0854 
-2.12451 20.2239 -2.12451 -22.7988 -2.12451 0.2959 -2.12451 -0.0486 -2.12451 0.1245 -2.12451 -0.234 -2.12451 0.1013 -2.12451 -0.0726 -2.12451 0.124 -2.12451 -0.1983 -2.12451 0.1944 -2.12451 -0.0916 
-2.04431 20.0494 -2.04431 -22.9496 -2.04431 0.2607 -2.04431 -0.0435 -2.04431 0.175 -2.04431 -0.2294 -2.04431 0.0937 -2.04431 -0.0636 -2.04431 0.1133 -2.04431 -0.2296 -2.04431 0.1856 -2.04431 -0.0916 
-1.96411 21.0025 -1.96411 -21.134 -1.96411 0.1936 -1.96411 -0.0345 -1.96411 0.2438 -1.96411 -0.2172 -1.96411 0.085 -1.96411 -0.0533 -1.96411 0.1097 -1.96411 -0.2614 -1.96411 0.1954 -1.96411 -0.0823 
-1.88401 23.0592 -1.88401 -17.9154 -1.88401 0.1283 -1.88401 -0.024 -1.88401 0.3101 -1.88401 -0.193 -1.88401 0.0798 -1.88401 -0.0416 -1.88401 0.1131 -1.88401 -0.2849 -1.88401 0.2159 -1.88401 -0.0674 
-1.80381 24.9922 -1.80381 -14.432 -1.80381 0.0864 -1.80381 -0.0151 -1.80381 0.3462 -1.80381 -0.1644 -1.80381 0.0784 -1.80381 -0.0302 -1.80381 0.1151 -1.80381 -0.2905 -1.80381 0.2301 -1.80381 -0.0534 
-1.72371 25.5957 -1.72371 -11.5031 -1.72371 0.0659 -1.72371 -0.0094 -1.72371 0.3444 -1.72371 -0.141 -1.72371 0.0773 -1.72371 -0.0211 -1.72371 0.108 -1.72371 -0.2793 -1.72371 0.2287 -1.72371 -0.0431 
-1.64351 25.0811 -1.64351 -9.6066 -1.64351 0.0565 -1.64351 -0.0062 -1.64351 0.3231 -1.64351 -0.1334 -1.64351 0.0742 -1.64351 -0.0148 -1.64351 0.0945 -1.64351 -0.2687 -1.64351 0.2177 -1.64351 -0.0373 
-1.56331 24.5222 -1.56331 -9.0927 -1.56331 0.0508 -1.56331 -0.0051 -1.56331 0.3044 -1.56331 -0.1503 -1.56331 0.0691 -1.56331 -0.011 -1.56331 0.0832 -1.56331 -0.2819 -1.56331 0.209 -1.56331 -0.0363 
-1.48321 24.2262 -1.48321 -9.987 -1.48321 0.0451 -1.48321 -0.0054 -1.48321 0.2926 -1.48321 -0.1928 -1.48321 0.0628 -1.48321 -0.0092 -1.48321 0.0779 -1.48321 -0.3308 -1.48321 0.2039 -1.48321 -0.0411 
-1.40301 23.225 -1.40301 -11.689 -1.40301 0.0379 -1.40301 -0.0065 -1.40301 0.2816 -1.40301 -0.2448 -1.40301 0.0547 -1.40301 -0.0086 -1.40301 0.0732 -1.40301 -0.4042 -1.40301 0.1919 -1.40301 -0.0502 
-1.32291 20.4415 -1.32291 -13.104 -1.32291 0.029 -1.32291 -0.0077 -1.32291 0.2696 -1.32291 -0.2759 -1.32291 0.0442 -1.32291 -0.0088 -1.32291 0.0635 -1.32291 -0.4697 -1.32291 0.163 -1.32291 -0.0597 
-1.24271 16.1131 -1.24271 -13.2069 -1.24271 0.0195 -1.24271 -0.0082 -1.24271 0.2649 -1.24271 -0.2619 -1.24271 0.0319 -1.24271 -0.0096 -1.24271 0.0503 -1.24271 -0.4904 -1.24271 0.1189 -1.24271 -0.064 
-1.16251 11.7404 -1.16251 -11.5538 -1.16251 0.0111 -1.16251 -0.0078 -1.16251 0.279 -1.16251 -0.2042 -1.16251 0.0202 -1.16251 -0.0093 -1.16251 0.0394 -1.16251 -0.4429 -1.16251 0.0737 -1.16251 -0.0592 
-1.08241 8.6335 -1.08241 -8.4995 -1.08241 0.0053 -1.08241 -0.0065 -1.08241 0.3092 -1.08241 -0.1293 -1.08241 0.0117 -1.08241 -0.0075 -1.08241 0.0344 -1.08241 -0.3345 -1.08241 0.0404 -1.08241 -0.0457 
-1.00221 6.8685 -1.00221 -5.0813 -1.00221 0.0023 -1.00221 -0.0043 -1.00221 0.3335 -1.00221 -0.0659 -1.00221 0.0073 -1.00221 -0.0047 -1.00221 0.0329 -1.00221 -0.2041 -1.00221 0.0218 -1.00221 -0.0285 
-0.922113 5.6727 -0.922113 -2.3931 -0.922113 0.0012 -0.922113 -0.0021 -0.922113 0.3233 -0.922113 -0.0266 -0.922113 0.0053 -0.922113 -0.0024 -0.922113 0.03 -0.922113 -0.0977 -0.922113 0.0134 -0.922113 -0.0138 
-0.841913 4.3981 -0.841913 -0.867 -0.841913 0.0006 -0.841913 -0.0007 -0.841913 0.2688 -0.841913 -0.0084 -0.841913 0.004 -0.841913 -0.0008 -0.841913 0.0236 -0.841913 -0.0357 -0.841913 0.0095 -0.841913 -0.0052 
-0.761713 2.9676 -0.761713 -0.2377 -0.761713 0.0002 -0.761713 -0.0002 -0.761713 0.1868 -0.761713 -0.002 -0.761713 0.0027 -0.761713 -0.0001 -0.761713 0.0154 -0.761713 -0.01 -0.761713 0.0067 -0.761713 -0.0015 
-0.681613 1.6672 -0.681613 -0.0488 -0.681613 0.0002 -0.681613 -0 -0.681613 0.1064 -0.681613 -0.0004 -0.681613 0.0016 -0.681613 -0 -0.681613 0.0082 -0.681613 -0.002 -0.681613 0.004 -0.681613 -0.0002 
-0.601413 0.7565 -0.601413 -0.0075 -0.601413 0 -0.601413 -0 -0.601413 0.0486 -0.601413 -0 -0.601413 0.0008 -0.601413 -0 -0.601413 0.0036 -0.601413 -0.0004 -0.601413 0.0019 -0.601413 -0 
-0.521313 0.2705 -0.521313 -0.0008 -0.521313 0 -0.521313 -0 -0.521313 0.0175 -0.521313 -0 -0.521313 0.0003 -0.521313 -0 -0.521313 0.0012 -0.521313 -0 -0.521313 0.0007 -0.521313 -0 
-0.441113 0.0747 -0.441113 -0.0001 -0.441113 0 -0.441113 -0 -0.441113 0.0049 -0.441113 -0 -0.441113 0 -0.441113 -0 -0.441113 0.0003 -0.441113 -0 -0.441113 0.0002 -0.441113 -0 
-0.360913 0.0157 -0.360913 -0 -0.360913 0 -0.360913 -0 -0.360913 0.0011 -0.360913 -0 -0.360913 0 -0.360913 -0 -0.360913 0 -0.360913 -0 -0.360913 0 -0.360913 -0 
-0.280813 0.0025 -0.280813 -0 -0.280813 0 -0.280813 -0 -0.280813 0.0002 -0.280813 -0 -0.280813 0 -0.280813 -0 -0.280813 0 -0.280813 -0 -0.280813 0 -0.280813 -0 
-0.200613 0.0003 -0.200613 -0 -0.200613 0 -0.200613 -0 -0.200613 0 -0.200613 -0 -0.200613 0 -0.200613 -0 -0.200613 0 -0.200613 -0 -0.200613 0 -0.200613 -0 
-0.120513 0.0 -0.120513 -0 -0.120513 0 -0.120513 -0 -0.120513 0 -0.120513 -0 -0.120513 0 -0.120513 -0 -0.120513 0 -0.120513 -0 -0.120513 0 -0.120513 -0 
-0.0403128 0.0 -0.0403128 -0 -0.0403128 0 -0.0403128 -0 -0.0403128 0 -0.0403128 -0 -0.0403128 0 -0.0403128 -0 -0.0403128 0 -0.0403128 -0 -0.0403128 0 -0.0403128 -0 
0.0398872 0.0 0.0398872 -0 0.0398872 0 0.0398872 -0 0.0398872 0 0.0398872 -0 0.0398872 0 0.0398872 -0 0.0398872 0 0.0398872 -0 0.0398872 0 0.0398872 -0 
0.119987 0.0 0.119987 -0 0.119987 0 0.119987 -0 0.119987 0 0.119987 -0 0.119987 0 0.119987 -0 0.119987 0 0.119987 -0 0.119987 0 0.119987 -0 
0.200187 0.0 0.200187 -0 0.200187 0 0.200187 -0 0.200187 0 0.200187 -0 0.200187 0 0.200187 -0 0.200187 0 0.200187 -0 0.200187 0 0.200187 -0 
0.280287 0.0001 0.280287 -0.0003 0.280287 0 0.280287 -0 0.280287 0 0.280287 -0 0.280287 0 0.280287 -0 0.280287 0 0.280287 -0 0.280287 0 0.280287 -0 
0.360487 0.0016 0.360487 -0.0026 0.360487 0 0.360487 -0.0004 0.360487 0 0.360487 -0 0.360487 0.0003 0.360487 -0 0.360487 0 0.360487 -0 0.360487 0 0.360487 -0 
0.440687 0.0125 0.440687 -0.0193 0.440687 0 0.440687 -0.0032 0.440687 0 0.440687 -0.0001 0.440687 0.0022 0.440687 -0 0.440687 0 0.440687 -0 0.440687 0 0.440687 -0.0007 
0.520787 0.075 0.520787 -0.1075 0.520787 0.0001 0.520787 -0.0182 0.520787 0 0.520787 -0.0005 0.520787 0.0136 0.520787 -0 0.520787 0 0.520787 -0 0.520787 0 0.520787 -0.0038 
0.600987 0.3359 0.600987 -0.4633 0.600987 0.0006 0.600987 -0.0803 0.600987 0.0001 0.600987 -0.0022 0.600987 0.0609 0.600987 -0.0003 0.600987 0.0002 0.600987 -0.0001 0.600987 0.0003 0.600987 -0.0158 
0.681087 1.1411 0.681087 -1.5594 0.681087 0.0021 0.681087 -0.2767 0.681087 0.0002 0.681087 -0.0064 0.681087 0.2067 0.681087 -0.0008 0.681087 0.0007 0.681087 -0.0005 0.681087 0.001 0.681087 -0.0522 
0.761287 2.9949 0.761287 -4.1463 0.761287 0.0053 0.761287 -0.7467 0.761287 0.0006 0.761287 -0.0147 0.761287 0.5422 0.761287 -0.0023 0.761287 0.0019 0.761287 -0.0016 0.761287 0.0026 0.761287 -0.1359 
0.841487 6.2665 0.841487 -8.8198 0.841487 0.0104 0.841487 -1.5849 0.841487 0.0012 0.841487 -0.0284 0.841487 1.1363 0.841487 -0.005 0.841487 0.004 0.841487 -0.0035 0.841487 0.0054 0.841487 -0.2846 
0.921587 10.9436 0.921587 -15.2503 0.921587 0.0169 0.921587 -2.6629 0.921587 0.0019 0.921587 -0.0467 0.921587 1.9972 0.921587 -0.0087 0.921587 0.0076 0.921587 -0.0066 0.921587 0.0092 0.921587 -0.4927 
1.00179 16.8326 1.00179 -21.9695 1.00179 0.0242 1.00179 -3.5931 1.00179 0.0025 1.00179 -0.0694 1.00179 3.1105 1.00179 -0.0124 1.00179 0.0131 1.00179 -0.0106 1.00179 0.0143 1.00179 -0.7353 
1.08189 23.7114 1.08189 -27.4416 1.08189 0.0335 1.08189 -4.0361 1.08189 0.003 1.08189 -0.0945 1.08189 4.4562 1.08189 -0.016 1.08189 0.0215 1.08189 -0.0149 1.08189 0.0211 1.08189 -1.0021 
1.16209 30.6701 1.16209 -31.3623 1.16209 0.0468 1.16209 -4.0597 1.16209 0.0032 1.16209 -0.119 1.16209 5.8548 1.16209 -0.0199 1.16209 0.0319 1.16209 -0.0186 1.16209 0.0293 1.16209 -1.3125 
1.24229 35.4401 1.24229 -34.4603 1.24229 0.0617 1.24229 -4.0165 1.24229 0.003 1.24229 -0.139 1.24229 6.833 1.24229 -0.0249 1.24229 0.0411 1.24229 -0.0203 1.24229 0.0361 1.24229 -1.6716 
1.32239 35.432 1.32239 -37.4215 1.32239 0.0725 1.32239 -4.081 1.32239 0.0029 1.32239 -0.1527 1.32239 6.8525 1.32239 -0.0314 1.32239 0.0441 1.32239 -0.0198 1.32239 0.0376 1.32239 -2.0459 
1.40259 30.1638 1.40259 -40.6897 1.40259 0.0724 1.40259 -4.0933 1.40259 0.0021 1.40259 -0.1658 1.40259 5.8166 1.40259 -0.0381 1.40259 0.0388 1.40259 -0.0188 1.40259 0.0324 1.40259 -2.4176 
1.48269 22.1593 1.48269 -44.5358 1.48269 0.0618 1.48269 -3.8349 1.48269 0.0015 1.48269 -0.1931 1.48269 4.2394 1.48269 -0.044 1.48269 0.0273 1.48269 -0.0187 1.48269 0.0232 1.48269 -2.8012 
1.56289 14.6935 1.56289 -48.3466 1.56289 0.0463 1.56289 -3.2998 1.56289 0.0008 1.56289 -0.2549 1.56289 2.7794 1.56289 -0.0474 1.56289 0.0156 1.56289 -0.0198 1.56289 0.0145 1.56289 -3.1443 
1.64309 9.1804 1.64309 -50.6471 1.64309 0.0313 1.64309 -2.6922 1.64309 0.0004 1.64309 -0.3663 1.64309 1.7163 1.64309 -0.0481 1.64309 0.0078 1.64309 -0.0215 1.64309 0.0081 1.64309 -3.3085 
1.72319 5.3304 1.72319 -50.846 1.72319 0.0184 1.72319 -2.2323 1.72319 0.0002 1.72319 -0.5214 1.72319 0.9853 1.72319 -0.0469 1.72319 0.0067 1.72319 -0.024 1.72319 0.0044 1.72319 -3.2367 
1.80339 2.7472 1.80339 -50.1798 1.80339 0.009 1.80339 -1.9762 1.80339 0.0002 1.80339 -0.6945 1.80339 0.4901 1.80339 -0.0456 1.80339 0.0198 1.80339 -0.0284 1.80339 0.0023 1.80339 -3.0427 
1.88349 1.419 1.88349 -49.8484 1.88349 0.0036 1.88349 -1.8044 1.88349 0.0006 1.88349 -0.8663 1.88349 0.1972 1.88349 -0.0445 1.88349 0.0699 1.88349 -0.0353 1.88349 0.0011 1.88349 -2.8566 
1.96369 1.3465 1.96369 -49.2782 1.96369 0.0011 1.96369 -1.5585 1.96369 0.0016 1.96369 -1.054 1.96369 0.0629 1.96369 -0.0427 1.96369 0.2003 1.96369 -0.044 1.96369 0.0007 1.96369 -2.6833 
2.04389 2.4022 2.04389 -47.6655 2.04389 0.0003 2.04389 -1.1913 2.04389 0.0037 2.04389 -1.302 2.04389 0.0189 2.04389 -0.0398 2.04389 0.46 2.04389 -0.0523 2.04389 0.0012 2.04389 -2.4972 
2.12399 4.385 2.12399 -45.9449 2.12399 0 2.12399 -0.7911 2.12399 0.0066 2.12399 -1.6362 2.12399 0.0107 2.12399 -0.0367 2.12399 0.8716 2.12399 -0.0614 2.12399 0.0022 2.12399 -2.3582 
2.20419 7.1079 2.20419 -45.4625 2.20419 0 2.20419 -0.4728 2.20419 0.0096 2.20419 -2.0407 2.20419 0.0117 2.20419 -0.0346 2.20419 1.4362 2.20419 -0.0718 2.20419 0.0036 2.20419 -2.3216 
2.28429 10.5929 2.28429 -45.7151 2.28429 0.0004 2.28429 -0.2778 2.28429 0.0124 2.28429 -2.512 2.28429 0.0127 2.28429 -0.0329 2.28429 2.1776 2.28429 -0.0814 2.28429 0.0057 2.28429 -2.3139 
2.36449 14.9578 2.36449 -44.9381 2.36449 0.0004 2.36449 -0.175 2.36449 0.0154 2.36449 -3.0791 2.36449 0.0122 2.36449 -0.0297 2.36449 3.1192 2.36449 -0.0851 2.36449 0.0084 2.36449 -2.2004 
2.44469 19.742 2.44469 -42.2332 2.44469 0.0004 2.44469 -0.1191 2.44469 0.0198 2.44469 -3.7161 2.44469 0.012 2.44469 -0.0243 2.44469 4.1437 2.44469 -0.0806 2.44469 0.0114 2.44469 -1.932 
2.52479 23.6268 2.52479 -37.9263 2.52479 0.0005 2.52479 -0.0832 2.52479 0.0249 2.52479 -4.2782 2.52479 0.013 2.52479 -0.0176 2.52479 4.9538 2.52479 -0.0704 2.52479 0.014 2.52479 -1.5611 
2.60499 25.2465 2.60499 -32.38 2.60499 0.0005 2.60499 -0.0567 2.60499 0.0286 2.60499 -4.5527 2.60499 0.0157 2.60499 -0.0116 2.60499 5.2537 2.60499 -0.0589 2.60499 0.0152 2.60499 -1.1539 
2.68509 24.1937 2.68509 -25.6708 2.68509 0.0005 2.68509 -0.0356 2.68509 0.0302 2.68509 -4.3529 2.68509 0.0178 2.68509 -0.0071 2.68509 4.9595 2.68509 -0.0476 2.68509 0.0145 2.68509 -0.7611 
2.76529 21.3079 2.76529 -18.3897 2.76529 0.0005 2.76529 -0.0197 2.76529 0.0305 2.76529 -3.6516 2.76529 0.0181 2.76529 -0.0041 2.76529 4.2557 2.76529 -0.036 2.76529 0.0124 2.76529 -0.4356 
2.84549 18.2129 2.84549 -11.9148 2.84549 0.0004 2.84549 -0.0094 2.84549 0.0315 2.84549 -2.6969 2.84549 0.0161 2.84549 -0.0023 2.84549 3.5002 2.84549 -0.0245 2.84549 0.0106 2.84549 -0.2189 
2.92559 16.2497 2.92559 -7.5988 2.92559 0.0002 2.92559 -0.0044 2.92559 0.0349 2.92559 -1.9043 2.92559 0.0129 2.92559 -0.0016 2.92559 2.9945 2.92559 -0.0149 2.92559 0.0101 2.92559 -0.1127 
3.00579 15.4683 3.00579 -5.7705 3.00579 0.0002 3.00579 -0.003 3.00579 0.0396 3.00579 -1.5339 3.00579 0.0097 3.00579 -0.0013 3.00579 2.767 3.00579 -0.0092 3.00579 0.0117 3.00579 -0.0832 
3.08599 14.6599 3.08599 -5.4693 3.08599 0 3.08599 -0.0031 3.08599 0.0423 3.08599 -1.4792 3.08599 0.007 3.08599 -0.0013 3.08599 2.5846 3.08599 -0.0067 3.08599 0.0134 3.08599 -0.0861 
3.16609 12.5463 3.16609 -5.1975 3.16609 0 3.16609 -0.0029 3.16609 0.0391 3.16609 -1.4083 3.16609 0.0049 3.16609 -0.0012 3.16609 2.1958 3.16609 -0.0054 3.16609 0.0135 3.16609 -0.0865 
3.24629 9.0508 3.24629 -4.1228 3.24629 0 3.24629 -0.0023 3.24629 0.0298 3.24629 -1.116 3.24629 0.003 3.24629 -0.0009 3.24629 1.5703 3.24629 -0.0041 3.24629 0.011 3.24629 -0.0701 
3.32639 5.3355 3.32639 -2.5478 3.32639 0 3.32639 -0.0014 3.32639 0.0181 3.32639 -0.6853 3.32639 0.0018 3.32639 -0.0005 3.32639 0.9046 3.32639 -0.0025 3.32639 0.007 3.32639 -0.0435 
3.40659 2.624 3.40659 -1.2264 3.40659 0 3.40659 -0.0006 3.40659 0.0087 3.40659 -0.3182 3.40659 0.0012 3.40659 -0.0001 3.40659 0.4092 3.40659 -0.0012 3.40659 0.0035 3.40659 -0.0203 
3.48679 1.2416 3.48679 -0.527 3.48679 0 3.48679 -0.0002 3.48679 0.0034 3.48679 -0.1119 3.48679 0.0007 3.48679 -0.0001 3.48679 0.1442 3.48679 -0.0004 3.48679 0.0013 3.48679 -0.0073 
3.56689 0.7544 3.56689 -0.3422 3.56689 0 3.56689 -0.0002 3.56689 0.0013 3.56689 -0.0323 3.56689 0.0006 3.56689 -0 3.56689 0.0411 3.56689 -0 3.56689 0.0005 3.56689 -0.0024 
3.64709 0.6228 3.64709 -0.4265 3.64709 0 3.64709 -0.0002 3.64709 0.0006 3.64709 -0.0122 3.64709 0.0007 3.64709 -0.0001 3.64709 0.0122 3.64709 -0 3.64709 0.0001 3.64709 -0.0013 
3.72719 0.5576 3.72719 -0.5793 3.72719 0 3.72719 -0.0003 3.72719 0.0003 3.72719 -0.0098 3.72719 0.0007 3.72719 -0.0001 3.72719 0.0063 3.72719 -0 3.72719 0 3.72719 -0.0014 
3.80739 0.499 3.80739 -0.6572 3.80739 0 3.80739 -0.0003 3.80739 0.0003 3.80739 -0.0094 3.80739 0.0006 3.80739 -0.0001 3.80739 0.0049 3.80739 -0 3.80739 0 3.80739 -0.0017 
3.88759 0.4912 3.88759 -0.6064 3.88759 0 3.88759 -0.0002 3.88759 0.0003 3.88759 -0.0075 3.88759 0.0005 3.88759 -0.0001 3.88759 0.0039 3.88759 -0 3.88759 0.0001 3.88759 -0.0017 
3.96769 0.578 3.96769 -0.4991 3.96769 0 3.96769 -0.0002 3.96769 0.0005 3.96769 -0.0053 3.96769 0.0005 3.96769 -0.0001 3.96769 0.0035 3.96769 -0 3.96769 0.0002 3.96769 -0.0014 
4.04789 0.7419 4.04789 -0.4722 4.04789 0 4.04789 -0.0002 4.04789 0.0006 4.04789 -0.0048 4.04789 0.0005 4.04789 -0.0001 4.04789 0.0039 4.04789 -0 4.04789 0.0002 4.04789 -0.0014 
4.12799 0.909 4.12799 -0.5987 4.12799 0 4.12799 -0.0002 4.12799 0.0007 4.12799 -0.0058 4.12799 0.0006 4.12799 -0.0001 4.12799 0.0045 4.12799 -0 4.12799 0.0003 4.12799 -0.0016 
4.20819 0.993 4.20819 -0.8222 4.20819 0.0001 4.20819 -0.0004 4.20819 0.0008 4.20819 -0.0071 4.20819 0.0007 4.20819 -0.0001 4.20819 0.0049 4.20819 -0 4.20819 0.0003 4.20819 -0.0025 
4.28839 0.94 4.28839 -1.0153 4.28839 0.0001 4.28839 -0.0006 4.28839 0.0007 4.28839 -0.0076 4.28839 0.0007 4.28839 -0.0002 4.28839 0.0047 4.28839 -0 4.28839 0.0003 4.28839 -0.003 
4.36849 0.7649 4.36849 -1.0785 4.36849 0.0001 4.36849 -0.0005 4.36849 0.0005 4.36849 -0.0069 4.36849 0.0006 4.36849 -0.0002 4.36849 0.004 4.36849 -0.0002 4.36849 0.0003 4.36849 -0.0033 
4.44869 0.5548 4.44869 -0.977 4.44869 0 4.44869 -0.0005 4.44869 0.0003 4.44869 -0.0054 4.44869 0.0003 4.44869 -0.0002 4.44869 0.0029 4.44869 -0.0002 4.44869 0.0002 4.44869 -0.003 
4.52879 0.4329 4.52879 -0.744 4.52879 0 4.52879 -0.0004 4.52879 0.0003 4.52879 -0.0035 4.52879 0.0003 4.52879 -0.0001 4.52879 0.002 4.52879 -0 4.52879 0.0001 4.52879 -0.0023 
4.60899 0.5061 4.60899 -0.486 4.60899 0.0001 4.60899 -0.0003 4.60899 0.0005 4.60899 -0.002 4.60899 0.0004 4.60899 -0.0001 4.60899 0.0019 4.60899 -0 4.60899 0.0002 4.60899 -0.0015 
4.68919 0.7981 4.68919 -0.353 4.68919 0.0001 4.68919 -0.0002 4.68919 0.0008 4.68919 -0.0012 4.68919 0.0008 4.68919 -0.0001 4.68919 0.0024 4.68919 -0 4.68919 0.0004 4.68919 -0.0012 
4.76929 1.1914 4.76929 -0.4626 4.76929 0.0002 4.76929 -0.0003 4.76929 0.0013 4.76929 -0.0014 4.76929 0.0013 4.76929 -0.0004 4.76929 0.0034 4.76929 -0 4.76929 0.0008 4.76929 -0.0016 
4.84949 1.476 4.84949 -0.8161 4.84949 0.0002 4.84949 -0.0005 4.84949 0.0013 4.84949 -0.0023 4.84949 0.0016 4.84949 -0.0006 4.84949 0.0044 4.84949 -0.0003 4.84949 0.001 4.84949 -0.0028 
4.92959 1.5315 4.92959 -1.2474 4.92959 0.0002 4.92959 -0.0009 4.92959 0.0012 4.92959 -0.0034 4.92959 0.0016 4.92959 -0.001 4.92959 0.0047 4.92959 -0.0004 4.92959 0.0011 4.92959 -0.004 
5.00979 1.4395 5.00979 -1.5185 5.00979 0.0002 5.00979 -0.001 5.00979 0.0012 5.00979 -0.0038 5.00979 0.0016 5.00979 -0.0014 5.00979 0.0043 5.00979 -0.0004 5.00979 0.0011 5.00979 -0.0048 
5.08999 1.343 5.08999 -1.5455 5.08999 0.0003 5.08999 -0.001 5.08999 0.0011 5.08999 -0.0038 5.08999 0.0015 5.08999 -0.0014 5.08999 0.0037 5.08999 -0.0005 5.08999 0.001 5.08999 -0.0045 
5.17009 1.2539 5.17009 -1.4461 5.17009 0.0003 5.17009 -0.0008 5.17009 0.0012 5.17009 -0.0032 5.17009 0.0013 5.17009 -0.0014 5.17009 0.0032 5.17009 -0.0005 5.17009 0.001 5.17009 -0.0039 
5.25029 1.1048 5.25029 -1.3184 5.25029 0.0002 5.25029 -0.0007 5.25029 0.0012 5.25029 -0.003 5.25029 0.001 5.25029 -0.0014 5.25029 0.0027 5.25029 -0.0005 5.25029 0.0009 5.25029 -0.0031 
5.33039 0.9315 5.33039 -1.1375 5.33039 0.0002 5.33039 -0.0006 5.33039 0.0013 5.33039 -0.0026 5.33039 0.0007 5.33039 -0.0013 5.33039 0.0022 5.33039 -0.0004 5.33039 0.0007 5.33039 -0.0022 
5.41059 0.8918 5.41059 -0.9256 5.41059 0.0002 5.41059 -0.0007 5.41059 0.0015 5.41059 -0.0019 5.41059 0.0008 5.41059 -0.0013 5.41059 0.0021 5.41059 -0.0004 5.41059 0.0006 5.41059 -0.0014 
5.49079 1.1293 5.49079 -0.8377 5.49079 0.0003 5.49079 -0.0008 5.49079 0.0023 5.49079 -0.0013 5.49079 0.0013 5.49079 -0.0019 5.49079 0.0028 5.49079 -0.0004 5.49079 0.0007 5.49079 -0.0011 
5.57089 1.6522 5.57089 -0.9855 5.57089 0.0005 5.57089 -0.001 5.57089 0.0035 5.57089 -0.0011 5.57089 0.0023 5.57089 -0.0027 5.57089 0.0042 5.57089 -0.0005 5.57089 0.0011 5.57089 -0.001 
5.65109 2.3058 5.65109 -1.2837 5.65109 0.0007 5.65109 -0.0014 5.65109 0.0051 5.65109 -0.0017 5.65109 0.0034 5.65109 -0.0038 5.65109 0.0062 5.65109 -0.0006 5.65109 0.0016 5.65109 -0.0016 
5.73119 2.8785 5.73119 -1.5681 5.73119 0.0009 5.73119 -0.0017 5.73119 0.0071 5.73119 -0.0028 5.73119 0.0043 5.73119 -0.0045 5.73119 0.0084 5.73119 -0.001 5.73119 0.002 5.73119 -0.0024 
5.81139 3.2655 5.81139 -1.8168 5.81139 0.0011 5.81139 -0.0022 5.81139 0.0094 5.81139 -0.0046 5.81139 0.0046 5.81139 -0.0049 5.81139 0.0105 5.81139 -0.001 5.81139 0.0021 5.81139 -0.004 
5.89159 3.5055 5.89159 -2.1416 5.89159 0.0013 5.89159 -0.0029 5.89159 0.0123 5.89159 -0.0069 5.89159 0.0047 5.89159 -0.0055 5.89159 0.0128 5.89159 -0.0014 5.89159 0.0023 5.89159 -0.0056 
5.97169 3.683 5.97169 -2.5976 5.97169 0.0015 5.97169 -0.0039 5.97169 0.0157 5.97169 -0.0101 5.97169 0.005 5.97169 -0.007 5.97169 0.0147 5.97169 -0.002 5.97169 0.0024 5.97169 -0.0071 
6.05189 3.8729 6.05189 -3.1554 6.05189 0.0015 6.05189 -0.0048 6.05189 0.019 6.05189 -0.0137 6.05189 0.0052 6.05189 -0.0088 6.05189 0.0157 6.05189 -0.0027 6.05189 0.0025 6.05189 -0.0084 
6.13199 4.1716 6.13199 -3.8338 6.13199 0.0016 6.13199 -0.0057 6.13199 0.0217 6.13199 -0.0186 6.13199 0.0055 6.13199 -0.011 6.13199 0.0162 6.13199 -0.0036 6.13199 0.0026 6.13199 -0.0094 
6.21219 4.6727 6.21219 -4.6499 6.21219 0.0019 6.21219 -0.0063 6.21219 0.024 6.21219 -0.0249 6.21219 0.0057 6.21219 -0.0133 6.21219 0.0164 6.21219 -0.0048 6.21219 0.0028 6.21219 -0.0108 
6.29239 5.326 6.29239 -5.4322 6.29239 0.0021 6.29239 -0.0066 6.29239 0.0253 6.29239 -0.0322 6.29239 0.0065 6.29239 -0.0156 6.29239 0.0167 6.29239 -0.0059 6.29239 0.0032 6.29239 -0.012 
6.37249 5.886 6.37249 -5.9024 6.37249 0.0026 6.37249 -0.0064 6.37249 0.0254 6.37249 -0.0388 6.37249 0.007 6.37249 -0.0168 6.37249 0.0163 6.37249 -0.0063 6.37249 0.0036 6.37249 -0.0128 
6.45269 6.1084 6.45269 -5.9876 6.45269 0.0026 6.45269 -0.0058 6.45269 0.0244 6.45269 -0.0429 6.45269 0.0069 6.45269 -0.0172 6.45269 0.0148 6.45269 -0.0062 6.45269 0.0037 6.45269 -0.0121 
6.53279 5.9612 6.53279 -5.8765 6.53279 0.0021 6.53279 -0.005 6.53279 0.0232 6.53279 -0.0447 6.53279 0.0063 6.53279 -0.0179 6.53279 0.0125 6.53279 -0.0056 6.53279 0.0034 6.53279 -0.0101 
6.61299 5.5684 6.61299 -5.7608 6.61299 0.0018 6.61299 -0.0041 6.61299 0.0219 6.61299 -0.0443 6.61299 0.0058 6.61299 -0.0191 6.61299 0.0103 6.61299 -0.0049 6.61299 0.0028 6.61299 -0.0081 
6.69319 5.0097 6.69319 -5.6612 6.69319 0.0016 6.69319 -0.0037 6.69319 0.0201 6.69319 -0.0422 6.69319 0.0057 6.69319 -0.0202 6.69319 0.0083 6.69319 -0.0042 6.69319 0.0023 6.69319 -0.0066 
6.77329 4.2702 6.77329 -5.4514 6.77329 0.0014 6.77329 -0.0032 6.77329 0.0168 6.77329 -0.0385 6.77329 0.0053 6.77329 -0.0203 6.77329 0.0068 6.77329 -0.0036 6.77329 0.0017 6.77329 -0.0053 
6.85349 3.3532 6.85349 -4.9509 6.85349 0.0011 6.85349 -0.0026 6.85349 0.0128 6.85349 -0.0325 6.85349 0.0044 6.85349 -0.0188 6.85349 0.0052 6.85349 -0.003 6.85349 0.0013 6.85349 -0.0043 
6.93359 2.3603 6.93359 -4.1001 6.93359 0.0007 6.93359 -0.0019 6.93359 0.0088 6.93359 -0.0246 6.93359 0.0032 6.93359 -0.0158 6.93359 0.0034 6.93359 -0.0023 6.93359 0.0009 6.93359 -0.0035 
7.01379 1.4496 7.01379 -3.0652 7.01379 0.0004 7.01379 -0.0014 7.01379 0.0051 7.01379 -0.0168 7.01379 0.0019 7.01379 -0.0119 7.01379 0.002 7.01379 -0.0015 7.01379 0.0006 7.01379 -0.0024 
7.09399 0.7529 7.09399 -2.086 7.09399 0.0002 7.09399 -0.0008 7.09399 0.0025 7.09399 -0.0102 7.09399 0.0009 7.09399 -0.0081 7.09399 0.0009 7.09399 -0.0009 7.09399 0.0004 7.09399 -0.0016 
7.17409 0.3195 7.17409 -1.2907 7.17409 0 7.17409 -0.0005 7.17409 0.0011 7.17409 -0.0058 7.17409 0.0004 7.17409 -0.0048 7.17409 0.0004 7.17409 -0.0006 7.17409 0 7.17409 -0.001 
7.25429 0.1073 7.25429 -0.7049 7.25429 0 7.25429 -0.0003 7.25429 0.0003 7.25429 -0.0031 7.25429 0 7.25429 -0.0025 7.25429 0 7.25429 -0.0002 7.25429 0 7.25429 -0.0005 
7.33439 0.0278 7.33439 -0.3242 7.33439 0 7.33439 -0.0001 7.33439 0 7.33439 -0.0013 7.33439 0 7.33439 -0.001 7.33439 0 7.33439 -0 7.33439 0 7.33439 -0.0004 
7.41459 0.0055 7.41459 -0.1202 7.41459 0 7.41459 -0 7.41459 0 7.41459 -0.0004 7.41459 0 7.41459 -0.0004 7.41459 0 7.41459 -0 7.41459 0 7.41459 -0 
7.49479 0.0008 7.49479 -0.0348 7.49479 0 7.49479 -0 7.49479 0 7.49479 -0.0001 7.49479 0 7.49479 -0 7.49479 0 7.49479 -0 7.49479 0 7.49479 -0 
7.57489 0.0001 7.57489 -0.0077 7.57489 0 7.57489 -0 7.57489 0 7.57489 -0 7.57489 0 7.57489 -0 7.57489 0 7.57489 -0 7.57489 0 7.57489 -0 
7.65509 0.0 7.65509 -0.0013 7.65509 0 7.65509 -0 7.65509 0 7.65509 -0 7.65509 0 7.65509 -0 7.65509 0 7.65509 -0 7.65509 0 7.65509 -0 
7.73519 0.0 7.73519 -0.0002 7.73519 0 7.73519 -0 7.73519 0 7.73519 -0 7.73519 0 7.73519 -0 7.73519 0 7.73519 -0 7.73519 0 7.73519 -0 
7.81539 0.0 7.81539 -0 7.81539 0 7.81539 -0 7.81539 0 7.81539 -0 7.81539 0 7.81539 -0 7.81539 0 7.81539 -0 7.81539 0 7.81539 -0 
7.89559 0.0 7.89559 -0 7.89559 0 7.89559 -0 7.89559 0 7.89559 -0 7.89559 0 7.89559 -0 7.89559 0 7.89559 -0 7.89559 0 7.89559 -0 
7.97569 0.0 7.97569 -0 7.97569 0 7.97569 -0 7.97569 0 7.97569 -0 7.97569 0 7.97569 -0 7.97569 0 7.97569 -0 7.97569 0 7.97569 -0 
8.05589 0.0 8.05589 -0 8.05589 0 8.05589 -0 8.05589 0 8.05589 -0 8.05589 0 8.05589 -0 8.05589 0 8.05589 -0 8.05589 0 8.05589 -0 
8.13609 0.0 8.13609 -0 8.13609 0 8.13609 -0 8.13609 0 8.13609 -0 8.13609 0 8.13609 -0 8.13609 0 8.13609 -0 8.13609 0 8.13609 -0 
8.21619 0.0 8.21619 -0 8.21619 0 8.21619 -0 8.21619 0 8.21619 -0 8.21619 0 8.21619 -0 8.21619 0 8.21619 -0 8.21619 0 8.21619 -0 
8.29639 0.0 8.29639 -0 8.29639 0 8.29639 -0 8.29639 0 8.29639 -0 8.29639 0 8.29639 -0 8.29639 0 8.29639 -0 8.29639 0 8.29639 -0 
8.37649 0.0 8.37649 -0 8.37649 0 8.37649 -0 8.37649 0 8.37649 -0 8.37649 0 8.37649 -0 8.37649 0 8.37649 -0 8.37649 0 8.37649 -0 
8.45669 0.0 8.45669 -0 8.45669 0 8.45669 -0 8.45669 0 8.45669 -0 8.45669 0 8.45669 -0 8.45669 0 8.45669 -0 8.45669 0 8.45669 -0 
8.53689 0.0 8.53689 -0 8.53689 0 8.53689 -0 8.53689 0 8.53689 -0 8.53689 0 8.53689 -0 8.53689 0 8.53689 -0 8.53689 0 8.53689 -0 
8.61699 0.0 8.61699 -0 8.61699 0 8.61699 -0 8.61699 0 8.61699 -0 8.61699 0 8.61699 -0 8.61699 0 8.61699 -0 8.61699 0 8.61699 -0 
8.69719 0.0 8.69719 -0 8.69719 0 8.69719 -0 8.69719 0 8.69719 -0 8.69719 0 8.69719 -0 8.69719 0 8.69719 -0 8.69719 0 8.69719 -0 
8.77729 0.0 8.77729 -0 8.77729 0 8.77729 -0 8.77729 0 8.77729 -0 8.77729 0 8.77729 -0 8.77729 0 8.77729 -0 8.77729 0 8.77729 -0 
8.85749 0.0 8.85749 -0 8.85749 0 8.85749 -0 8.85749 0 8.85749 -0 8.85749 0 8.85749 -0 8.85749 0 8.85749 -0 8.85749 0 8.85749 -0 
8.93769 0.0 8.93769 -0 8.93769 0 8.93769 -0 8.93769 0 8.93769 -0 8.93769 0 8.93769 -0 8.93769 0 8.93769 -0 8.93769 0 8.93769 -0 
9.01779 0.0 9.01779 -0 9.01779 0 9.01779 -0 9.01779 0 9.01779 -0 9.01779 0 9.01779 -0 9.01779 0 9.01779 -0 9.01779 0 9.01779 -0 
9.09799 0.0 9.09799 -0 9.09799 0 9.09799 -0 9.09799 0 9.09799 -0 9.09799 0 9.09799 -0 9.09799 0 9.09799 -0 9.09799 0 9.09799 -0 
9.17809 0.0 9.17809 -0 9.17809 0 9.17809 -0 9.17809 0 9.17809 -0 9.17809 0 9.17809 -0 9.17809 0 9.17809 -0 9.17809 0 9.17809 -0 
9.25829 0.0 9.25829 -0 9.25829 0 9.25829 -0 9.25829 0 9.25829 -0 9.25829 0 9.25829 -0 9.25829 0 9.25829 -0 9.25829 0 9.25829 -0 
9.33849 0.0 9.33849 -0 9.33849 0 9.33849 -0 9.33849 0 9.33849 -0 9.33849 0 9.33849 -0 9.33849 0 9.33849 -0 9.33849 0 9.33849 -0 
9.41859 0.0 9.41859 -0 9.41859 0 9.41859 -0 9.41859 0 9.41859 -0 9.41859 0 9.41859 -0 9.41859 0 9.41859 -0 9.41859 0 9.41859 -0 
9.49879 0.0 9.49879 -0 9.49879 0 9.49879 -0 9.49879 0 9.49879 -0 9.49879 0 9.49879 -0 9.49879 0 9.49879 -0 9.49879 0 9.49879 -0 
9.57889 0.0 9.57889 -0 9.57889 0 9.57889 -0 9.57889 0 9.57889 -0 9.57889 0 9.57889 -0 9.57889 0 9.57889 -0 9.57889 0 9.57889 -0 
9.65909 0.0 9.65909 -0 9.65909 0 9.65909 -0 9.65909 0 9.65909 -0 9.65909 0 9.65909 -0 9.65909 0 9.65909 -0 9.65909 0 9.65909 -0 
9.73929 0.0 9.73929 -0 9.73929 0 9.73929 -0 9.73929 0 9.73929 -0 9.73929 0 9.73929 -0 9.73929 0 9.73929 -0 9.73929 0 9.73929 -0 
9.81939 0.0 9.81939 -0 9.81939 0 9.81939 -0 9.81939 0 9.81939 -0 9.81939 0 9.81939 -0 9.81939 0 9.81939 -0 9.81939 0 9.81939 -0 
9.89959 0.0 9.89959 -0 9.89959 0 9.89959 -0 9.89959 0 9.89959 -0 9.89959 0 9.89959 -0 9.89959 0 9.89959 -0 9.89959 0 9.89959 -0 
9.97969 0.0 9.97969 -0 9.97969 0 9.97969 -0 9.97969 0 9.97969 -0 9.97969 0 9.97969 -0 9.97969 0 9.97969 -0 9.97969 0 9.97969 -0 
10.0599 0.0 10.0599 -0 10.0599 0 10.0599 -0 10.0599 0 10.0599 -0 10.0599 0 10.0599 -0 10.0599 0 10.0599 -0 10.0599 0 10.0599 -0 
10.1401 0.0 10.1401 -0 10.1401 0 10.1401 -0 10.1401 0 10.1401 -0 10.1401 0 10.1401 -0 10.1401 0 10.1401 -0 10.1401 0 10.1401 -0 
10.2202 0.0 10.2202 -0 10.2202 0 10.2202 -0 10.2202 0 10.2202 -0 10.2202 0 10.2202 -0 10.2202 0 10.2202 -0 10.2202 0 10.2202 -0 
10.3004 0.0 10.3004 -0 10.3004 0 10.3004 -0 10.3004 0 10.3004 -0 10.3004 0 10.3004 -0 10.3004 0 10.3004 -0 10.3004 0 10.3004 -0 
10.3805 0.0 10.3805 -0 10.3805 0 10.3805 -0 10.3805 0 10.3805 -0 10.3805 0 10.3805 -0 10.3805 0 10.3805 -0 10.3805 0 10.3805 -0 
10.4607 0.0 10.4607 -0 10.4607 0 10.4607 -0 10.4607 0 10.4607 -0 10.4607 0 10.4607 -0 10.4607 0 10.4607 -0 10.4607 0 10.4607 -0 
10.5409 0.0 10.5409 -0 10.5409 0 10.5409 -0 10.5409 0 10.5409 -0 10.5409 0 10.5409 -0 10.5409 0 10.5409 -0 10.5409 0 10.5409 -0 
10.621 0.0 10.621 -0 10.621 0 10.621 -0 10.621 0 10.621 -0 10.621 0 10.621 -0 10.621 0 10.621 -0 10.621 0 10.621 -0 
10.7012 0.0 10.7012 -0 10.7012 0 10.7012 -0 10.7012 0 10.7012 -0 10.7012 0 10.7012 -0 10.7012 0 10.7012 -0 10.7012 0 10.7012 -0 
10.7813 0.0 10.7813 -0 10.7813 0 10.7813 -0 10.7813 0 10.7813 -0 10.7813 0 10.7813 -0 10.7813 0 10.7813 -0 10.7813 0 10.7813 -0 
10.8615 0.0 10.8615 -0 10.8615 0 10.8615 -0 10.8615 0 10.8615 -0 10.8615 0 10.8615 -0 10.8615 0 10.8615 -0 10.8615 0 10.8615 -0 
10.9417 0.0 10.9417 -0 10.9417 0 10.9417 -0 10.9417 0 10.9417 -0 10.9417 0 10.9417 -0 10.9417 0 10.9417 -0 10.9417 0 10.9417 -0 
11.0218 0.0 11.0218 -0 11.0218 0 11.0218 -0 11.0218 0 11.0218 -0 11.0218 0 11.0218 -0 11.0218 0 11.0218 -0 11.0218 0 11.0218 -0 
11.102 0.0 11.102 -0 11.102 0 11.102 -0 11.102 0 11.102 -0 11.102 0 11.102 -0 11.102 0 11.102 -0 11.102 0 11.102 -0 
11.1821 0.0 11.1821 -0 11.1821 0 11.1821 -0 11.1821 0 11.1821 -0 11.1821 0 11.1821 -0 11.1821 0 11.1821 -0 11.1821 0 11.1821 -0 
11.2623 0.0 11.2623 -0 11.2623 0 11.2623 -0 11.2623 0 11.2623 -0 11.2623 0 11.2623 -0 11.2623 0 11.2623 -0 11.2623 0 11.2623 -0 
11.3425 0.0 11.3425 -0 11.3425 0 11.3425 -0 11.3425 0 11.3425 -0 11.3425 0 11.3425 -0 11.3425 0 11.3425 -0 11.3425 0 11.3425 -0 
11.4226 0.0 11.4226 -0 11.4226 0 11.4226 -0 11.4226 0 11.4226 -0 11.4226 0 11.4226 -0 11.4226 0 11.4226 -0 11.4226 0 11.4226 -0 
11.5028 0.0 11.5028 -0 11.5028 0 11.5028 -0 11.5028 0 11.5028 -0 11.5028 0 11.5028 -0 11.5028 0 11.5028 -0 11.5028 0 11.5028 -0 
11.5829 0.0 11.5829 -0 11.5829 0 11.5829 -0 11.5829 0 11.5829 -0 11.5829 0 11.5829 -0 11.5829 0 11.5829 -0 11.5829 0 11.5829 -0 
11.6631 0.0 11.6631 -0 11.6631 0 11.6631 -0 11.6631 0 11.6631 -0 11.6631 0 11.6631 -0 11.6631 0 11.6631 -0 11.6631 0 11.6631 -0 
11.7433 0.0 11.7433 -0 11.7433 0 11.7433 -0 11.7433 0 11.7433 -0 11.7433 0 11.7433 -0 11.7433 0 11.7433 -0 11.7433 0 11.7433 -0 
11.8234 0.0 11.8234 -0 11.8234 0 11.8234 -0 11.8234 0 11.8234 -0 11.8234 0 11.8234 -0 11.8234 0 11.8234 -0 11.8234 0 11.8234 -0 
11.9036 0.0 11.9036 -0 11.9036 0 11.9036 -0 11.9036 0 11.9036 -0 11.9036 0 11.9036 -0 11.9036 0 11.9036 -0 11.9036 0 11.9036 -0 
11.9837 0.0 11.9837 -0 11.9837 0 11.9837 -0 11.9837 0 11.9837 -0 11.9837 0 11.9837 -0 11.9837 0 11.9837 -0 11.9837 0 11.9837 -0 
12.0639 0.0 12.0639 -0 12.0639 0 12.0639 -0 12.0639 0 12.0639 -0 12.0639 0 12.0639 -0 12.0639 0 12.0639 -0 12.0639 0 12.0639 -0 
12.1441 0.0 12.1441 -0 12.1441 0 12.1441 -0 12.1441 0 12.1441 -0 12.1441 0 12.1441 -0 12.1441 0 12.1441 -0 12.1441 0 12.1441 -0 
12.2242 0.0 12.2242 -0 12.2242 0 12.2242 -0 12.2242 0 12.2242 -0 12.2242 0 12.2242 -0 12.2242 0 12.2242 -0 12.2242 0 12.2242 -0 
12.3044 0.0 12.3044 -0 12.3044 0 12.3044 -0 12.3044 0 12.3044 -0 12.3044 0 12.3044 -0 12.3044 0 12.3044 -0 12.3044 0 12.3044 -0 
12.3845 0.0 12.3845 -0 12.3845 0 12.3845 -0 12.3845 0 12.3845 -0 12.3845 0 12.3845 -0 12.3845 0 12.3845 -0 12.3845 0 12.3845 -0 
12.4647 0.0 12.4647 -0 12.4647 0 12.4647 -0 12.4647 0 12.4647 -0 12.4647 0 12.4647 -0 12.4647 0 12.4647 -0 12.4647 0 12.4647 -0 
12.5449 0.0 12.5449 -0 12.5449 0 12.5449 -0 12.5449 0 12.5449 -0 12.5449 0 12.5449 -0 12.5449 0 12.5449 -0 12.5449 0 12.5449 -0 
12.625 0.0 12.625 -0 12.625 0 12.625 -0 12.625 0 12.625 -0 12.625 0 12.625 -0 12.625 0 12.625 -0 12.625 0 12.625 -0 
12.7052 0.0 12.7052 -0 12.7052 0 12.7052 -0 12.7052 0 12.7052 -0 12.7052 0 12.7052 -0 12.7052 0 12.7052 -0 12.7052 0 12.7052 -0 
12.7853 0.0 12.7853 -0 12.7853 0 12.7853 -0 12.7853 0 12.7853 -0 12.7853 0 12.7853 -0 12.7853 0 12.7853 -0 12.7853 0 12.7853 -0 
12.8655 0.0 12.8655 -0 12.8655 0 12.8655 -0 12.8655 0 12.8655 -0 12.8655 0 12.8655 -0 12.8655 0 12.8655 -0 12.8655 0 12.8655 -0 
12.9457 0.0 12.9457 -0 12.9457 0 12.9457 -0 12.9457 0 12.9457 -0 12.9457 0 12.9457 -0 12.9457 0 12.9457 -0 12.9457 0 12.9457 -0 
13.0258 0.0 13.0258 -0 13.0258 0 13.0258 -0 13.0258 0 13.0258 -0 13.0258 0 13.0258 -0 13.0258 0 13.0258 -0 13.0258 0 13.0258 -0 
13.106 0.0 13.106 -0 13.106 0 13.106 -0 13.106 0 13.106 -0 13.106 0 13.106 -0 13.106 0 13.106 -0 13.106 0 13.106 -0 
13.1862 0.0 13.1862 -0 13.1862 0 13.1862 -0 13.1862 0 13.1862 -0 13.1862 0 13.1862 -0 13.1862 0 13.1862 -0 13.1862 0 13.1862 -0 
13.2663 0.0 13.2663 -0 13.2663 0 13.2663 -0 13.2663 0 13.2663 -0 13.2663 0 13.2663 -0 13.2663 0 13.2663 -0 13.2663 0 13.2663 -0 
13.3465 0.0 13.3465 -0 13.3465 0 13.3465 -0 13.3465 0 13.3465 -0 13.3465 0 13.3465 -0 13.3465 0 13.3465 -0 13.3465 0 13.3465 -0 
13.4266 0.0 13.4266 -0 13.4266 0 13.4266 -0 13.4266 0 13.4266 -0 13.4266 0 13.4266 -0 13.4266 0 13.4266 -0 13.4266 0 13.4266 -0 
13.5068 0.0 13.5068 -0 13.5068 0 13.5068 -0 13.5068 0 13.5068 -0 13.5068 0 13.5068 -0 13.5068 0 13.5068 -0 13.5068 0 13.5068 -0 
13.587 0.0 13.587 -0 13.587 0 13.587 -0 13.587 0 13.587 -0 13.587 0 13.587 -0 13.587 0 13.587 -0 13.587 0 13.587 -0 
13.6671 0.0 13.6671 -0 13.6671 0 13.6671 -0 13.6671 0 13.6671 -0 13.6671 0 13.6671 -0 13.6671 0 13.6671 -0 13.6671 0 13.6671 -0 
13.7473 0.0 13.7473 -0 13.7473 0 13.7473 -0 13.7473 0 13.7473 -0 13.7473 0 13.7473 -0 13.7473 0 13.7473 -0 13.7473 0 13.7473 -0 
13.8274 0.0 13.8274 -0 13.8274 0 13.8274 -0 13.8274 0 13.8274 -0 13.8274 0 13.8274 -0 13.8274 0 13.8274 -0 13.8274 0 13.8274 -0 
13.9076 0.0 13.9076 -0 13.9076 0 13.9076 -0 13.9076 0 13.9076 -0 13.9076 0 13.9076 -0 13.9076 0 13.9076 -0 13.9076 0 13.9076 -0 
13.9878 0.0 13.9878 -0 13.9878 0 13.9878 -0 13.9878 0 13.9878 -0 13.9878 0 13.9878 -0 13.9878 0 13.9878 -0 13.9878 0 13.9878 -0 
14.0679 0.0 14.0679 -0 14.0679 0 14.0679 -0 14.0679 0 14.0679 -0 14.0679 0 14.0679 -0 14.0679 0 14.0679 -0 14.0679 0 14.0679 -0 
14.1481 0.0 14.1481 -0 14.1481 0 14.1481 -0 14.1481 0 14.1481 -0 14.1481 0 14.1481 -0 14.1481 0 14.1481 -0 14.1481 0 14.1481 -0 
14.2282 0.0 14.2282 -0 14.2282 0 14.2282 -0 14.2282 0 14.2282 -0 14.2282 0 14.2282 -0 14.2282 0 14.2282 -0 14.2282 0 14.2282 -0 
14.3084 0.0 14.3084 -0 14.3084 0 14.3084 -0 14.3084 0 14.3084 -0 14.3084 0 14.3084 -0 14.3084 0 14.3084 -0 14.3084 0 14.3084 -0 
14.3886 0.0 14.3886 -0 14.3886 0 14.3886 -0 14.3886 0 14.3886 -0 14.3886 0 14.3886 -0 14.3886 0 14.3886 -0 14.3886 0 14.3886 -0 
14.4687 0.0 14.4687 -0 14.4687 0 14.4687 -0 14.4687 0 14.4687 -0 14.4687 0 14.4687 -0 14.4687 0 14.4687 -0 14.4687 0 14.4687 -0 
14.5489 0.0 14.5489 -0 14.5489 0 14.5489 -0 14.5489 0 14.5489 -0 14.5489 0 14.5489 -0 14.5489 0 14.5489 -0 14.5489 0 14.5489 -0 
14.629 0.0 14.629 -0 14.629 0 14.629 -0 14.629 0 14.629 -0 14.629 0 14.629 -0 14.629 0 14.629 -0 14.629 0 14.629 -0 
14.7092 0.0 14.7092 -0 14.7092 0 14.7092 -0 14.7092 0 14.7092 -0 14.7092 0 14.7092 -0 14.7092 0 14.7092 -0 14.7092 0 14.7092 -0 
14.7894 0.0 14.7894 -0 14.7894 0 14.7894 -0 14.7894 0 14.7894 -0 14.7894 0 14.7894 -0 14.7894 0 14.7894 -0 14.7894 0 14.7894 -0 
14.8695 0.0 14.8695 -0 14.8695 0 14.8695 -0 14.8695 0 14.8695 -0 14.8695 0 14.8695 -0 14.8695 0 14.8695 -0 14.8695 0 14.8695 -0 
14.9497 0.0 14.9497 -0 14.9497 0 14.9497 -0 14.9497 0 14.9497 -0 14.9497 0 14.9497 -0 14.9497 0 14.9497 -0 14.9497 0 14.9497 -0 
15.0298 0.0 15.0298 -0 15.0298 0 15.0298 -0 15.0298 0 15.0298 -0 15.0298 0 15.0298 -0 15.0298 0 15.0298 -0 15.0298 0 15.0298 -0 
15.11 0.0 15.11 -0 15.11 0 15.11 -0 15.11 0 15.11 -0 15.11 0 15.11 -0 15.11 0 15.11 -0 15.11 0 15.11 -0 
15.1902 0.0 15.1902 -0 15.1902 0 15.1902 -0 15.1902 0 15.1902 -0 15.1902 0 15.1902 -0 15.1902 0 15.1902 -0 15.1902 0 15.1902 -0 
15.2703 0.0 15.2703 -0 15.2703 0 15.2703 -0 15.2703 0 15.2703 -0 15.2703 0 15.2703 -0 15.2703 0 15.2703 -0 15.2703 0 15.2703 -0 
15.3505 0.0 15.3505 -0 15.3505 0 15.3505 -0 15.3505 0 15.3505 -0 15.3505 0 15.3505 -0 15.3505 0 15.3505 -0 15.3505 0 15.3505 -0 
15.4306 0.0 15.4306 -0 15.4306 0 15.4306 -0 15.4306 0 15.4306 -0 15.4306 0 15.4306 -0 15.4306 0 15.4306 -0 15.4306 0 15.4306 -0 
15.5108 0.0 15.5108 -0 15.5108 0 15.5108 -0 15.5108 0 15.5108 -0 15.5108 0 15.5108 -0 15.5108 0 15.5108 -0 15.5108 0 15.5108 -0 
