    -24.4484        24.95
    -24.3682            0
    -24.2881            0
    -24.2079            0
    -24.1278            0
    -24.0476            0
    -23.9674            0
    -23.8873            0
    -23.8071            0
     -23.727            0
    -23.6468            0
    -23.5666            0
    -23.4865            0
    -23.4063            0
    -23.3262            0
     -23.246            0
    -23.1658            0
    -23.0857            0
    -23.0055            0
    -22.9254            0
    -22.8452            0
     -22.765            0
    -22.6849            0
    -22.6047            0
    -22.5246            0
    -22.4444            0
    -22.3642            0
    -22.2841            0
    -22.2039       0.0003
    -22.1238       0.0037
    -22.0436       0.0283
    -21.9634       0.1596
    -21.8833       0.6579
    -21.8031       1.9837
    -21.7229       4.3758
    -21.6428       7.0628
    -21.5626       8.3422
    -21.4825       7.2107
    -21.4023       4.5609
    -21.3221       2.1108
     -21.242       0.7146
    -21.1618       0.1769
    -21.0817        0.032
    -21.0015       0.0042
    -20.9213       0.0004
    -20.8412            0
     -20.761            0
    -20.6809            0
    -20.6007            0
    -20.5205       0.0004
    -20.4404        0.003
    -20.3602       0.0176
    -20.2801       0.0768
    -20.1999       0.2553
    -20.1197       0.6553
    -20.0396        1.329
    -19.9594       2.2015
    -19.8793       3.1129
    -19.7991        3.943
    -19.7189       4.6505
    -19.6388       5.2511
    -19.5586       5.8719
    -19.4785       6.7782
    -19.3983       8.2299
    -19.3181      10.3738
     -19.238      13.3137
    -19.1578      17.0315
    -19.0777      21.0143
    -18.9975      24.0761
    -18.9173      24.8701
    -18.8372      23.0104
     -18.757      19.8701
    -18.6769      17.7254
    -18.5967      17.6804
    -18.5165      18.8876
    -18.4364      20.0426
    -18.3562      21.0208
    -18.2761      22.4318
    -18.1959      23.7415
    -18.1157      22.8643
    -18.0356        18.45
    -17.9554      11.9537
    -17.8753       6.4581
    -17.7951       3.9001
    -17.7149       4.0143
    -17.6348       5.2157
    -17.5546       6.0223
    -17.4745       6.1762
    -17.3943       6.5889
    -17.3141       7.9574
     -17.234       9.6065
    -17.1538       9.9843
    -17.0737       8.2804
    -16.9935       5.2984
    -16.9133       2.5691
    -16.8332       0.9332
     -16.753        0.252
    -16.6728       0.0503
    -16.5927       0.0074
    -16.5125       0.0008
    -16.4324       0.0005
    -16.3522       0.0037
     -16.272       0.0258
    -16.1919       0.1347
    -16.1117       0.5296
    -16.0316       1.5739
    -15.9514       3.5405
    -15.8712       6.0284
    -15.7911       7.7611
    -15.7109       7.5411
    -15.6308       5.5172
    -15.5506       3.0316
    -15.4704       1.2478
    -15.3903       0.3838
    -15.3101        0.088
      -15.23        0.015
    -15.1498       0.0019
    -15.0696       0.0002
    -14.9895            0
    -14.9093            0
    -14.8292            0
     -14.749            0
    -14.6688            0
    -14.5887            0
    -14.5085            0
    -14.4284            0
    -14.3482            0
     -14.268            0
    -14.1879            0
    -14.1077            0
    -14.0276            0
    -13.9474            0
    -13.8672            0
    -13.7871            0
    -13.7069            0
    -13.6268            0
    -13.5466            0
    -13.4664            0
    -13.3863            0
    -13.3061            0
     -13.226            0
    -13.1458            0
    -13.0656            0
    -12.9855            0
    -12.9053            0
    -12.8252            0
     -12.745            0
    -12.6648            0
    -12.5847            0
    -12.5045            0
    -12.4244            0
    -12.3442            0
     -12.264            0
    -12.1839            0
    -12.1037            0
    -12.0236            0
    -11.9434            0
    -11.8632            0
    -11.7831            0
    -11.7029            0
    -11.6227            0
    -11.5426            0
    -11.4624            0
    -11.3823            0
    -11.3021            0
    -11.2219            0
    -11.1418            0
    -11.0616            0
    -10.9815            0
    -10.9013            0
    -10.8211            0
     -10.741            0
    -10.6608            0
    -10.5807            0
    -10.5005            0
    -10.4203            0
    -10.3402            0
      -10.26       0.0001
    -10.1799       0.0007
    -10.0997       0.0052
    -10.0195       0.0282
    -9.93944       0.1164
    -9.85924       0.3757
    -9.77914       0.9765
    -9.69894       2.1282
    -9.61874       4.0666
    -9.53864       7.0412
    -9.45844      11.1351
    -9.37834      15.9316
    -9.29814      20.5892
    -9.21794      24.6613
    -9.13784      28.6594
    -9.05764      33.2696
    -8.97754      38.1838
    -8.89734      42.1175
    -8.81714      43.8418
    -8.73704      43.2971
    -8.65684      41.9606
    -8.57674      41.5762
    -8.49654      42.3705
    -8.41634      43.2017
    -8.33624      43.0191
    -8.25604      41.4798
    -8.17594        39.16
    -8.09574      37.6801
    -8.01554      38.4321
    -7.93544       40.807
    -7.85524      42.4126
    -7.77514       41.153
    -7.69494      36.8647
    -7.61474      31.1466
    -7.53464      25.7828
    -7.45444      21.5042
    -7.37434      18.3768
    -7.29414       16.308
    -7.21394       14.413
    -7.13384      11.3838
    -7.05364       7.2717
    -6.97354       3.5558
    -6.89334       1.3132
    -6.81314       0.4132
    -6.73304       0.2484
    -6.65284        0.432
    -6.57264       0.8771
    -6.49254       1.6619
    -6.41234       2.9429
    -6.33224       4.8611
    -6.25204       7.3924
    -6.17184      10.2385
    -6.09174       12.883
    -6.01154      14.8503
    -5.93144      16.0515
    -5.85124      16.9202
    -5.77104      18.0766
    -5.69094      19.6471
    -5.61074      20.9428
    -5.53064      21.1582
    -5.45044      20.3871
    -5.37024      19.4719
    -5.29014      18.9261
    -5.20994      18.5616
    -5.12984      18.0682
    -5.04964      17.4016
    -4.96944      16.6132
    -4.88934       15.797
    -4.80914      15.3662
    -4.72904      16.0094
    -4.64884      17.9824
    -4.56864      20.5421
    -4.48854      22.5552
    -4.40834      23.6237
    -4.32824      24.0973
    -4.24804      24.2371
    -4.16784      24.1031
    -4.08774      23.9593
    -4.00754      24.0233
    -3.92744      24.0679
    -3.84724      23.7841
    -3.76704      23.2518
    -3.68694      22.7856
    -3.60674      22.6398
    -3.52664      22.9288
    -3.44644      23.5931
    -3.36624      24.5121
    -3.28614      25.5872
    -3.20594      26.4881
    -3.12584      26.6567
    -3.04564      25.8934
    -2.96544      24.6382
    -2.88534       23.536
    -2.80514      23.0385
    -2.72504      23.3669
    -2.64484      24.3601
    -2.56464      25.3227
    -2.48454      25.4909
    -2.40434      24.7249
    -2.32424      23.4688
    -2.24404      22.1706
    -2.16384      20.9981
    -2.08374      19.9639
    -2.00354      19.2606
    -1.92334      19.4937
    -1.84324      21.1038
    -1.76304      23.4211
    -1.68294      25.0482
    -1.60274      25.4131
    -1.52254      25.2208
    -1.44244      25.1468
    -1.36224      24.6951
    -1.28214      22.7705
    -1.20194      19.1558
    -1.12174      14.9553
    -1.04164      11.5272
   -0.961437       9.3404
   -0.881337       7.8964
   -0.801137       6.4344
   -0.720937       4.6404
   -0.640837       2.8001
   -0.560637       1.3699
   -0.480537        0.533
   -0.400337       0.1625
   -0.320137       0.0383
   -0.240037       0.0069
   -0.159837       0.0009
  -0.0797367       0.0001
  0.00046333            0
   0.0806633            0
    0.160763       0.0001
    0.240963       0.0011
    0.321063       0.0085
    0.401263       0.0483
    0.481463       0.2051
    0.561563       0.6664
    0.641763       1.6927
    0.721863       3.4701
    0.802063       5.9685
    0.882263       8.9784
    0.962363      12.3302
     1.04256      16.1856
     1.12266      21.0675
     1.20286      27.1418
     1.28306      33.0956
     1.36316      36.1379
     1.44336      34.0187
     1.52346      27.3586
     1.60366      19.3166
     1.68386      12.7264
     1.76396       8.3658
     1.84416       5.8459
     1.92426       4.7564
     2.00446        4.722
     2.08466        5.259
     2.16476       5.8901
     2.24496       6.4157
     2.32506       7.2689
     2.40526       9.3594
     2.48546      13.0473
     2.56556      17.2863
     2.64576      20.2016
     2.72586      20.5769
     2.80606      18.6387
     2.88626      15.6975
     2.96636      13.2491
     3.04656      12.0022
     3.12676      11.3931
     3.20686      10.1991
     3.28706         7.84
     3.36716       4.9504
     3.44736       2.6033
     3.52756       1.2861
     3.60766       0.7675
     3.68786       0.6111
     3.76796       0.5499
     3.84816       0.5093
     3.92836       0.5092
     4.00846       0.5841
     4.08866       0.7316
     4.16876       0.9018
     4.24896        1.023
     4.32916       1.0453
     4.40926       0.9923
     4.48946       0.9868
     4.56956       1.2336
     4.64976        1.933
     4.72996       3.0968
     4.81006       4.4459
     4.89026       5.6674
     4.97036       6.7683
     5.05056       7.8765
     5.13076       8.7023
     5.21086       8.6575
     5.29106       7.5669
     5.37116       5.8517
     5.45136       4.0614
     5.53156       2.5856
     5.61166       1.6786
     5.69186       1.4081
     5.77196       1.5749
     5.85216       1.8348
     5.93236        1.948
     6.01246       1.9018
     6.09266       1.7963
     6.17276       1.6845
     6.25296       1.5591
     6.33316       1.4153
     6.41326       1.2577
     6.49346         1.08
     6.57356       0.8729
     6.65376       0.6404
     6.73396       0.4067
     6.81406       0.2122
     6.89426        0.087
     6.97436       0.0272
     7.05456       0.0064
     7.13476       0.0011
     7.21486       0.0001
     7.29506            0
     7.37516            0
     7.45536            0
     7.53556            0
     7.61566            0
     7.69586            0
     7.77596            0
     7.85616            0
     7.93636            0
     8.01646            0
     8.09666            0
     8.17686            0
     8.25696            0
     8.33716            0
     8.41726            0
     8.49746            0
     8.57766            0
     8.65776            0
     8.73796            0
     8.81806            0
     8.89826            0
     8.97846            0
     9.05856            0
     9.13876            0
     9.21886            0
     9.29906            0
     9.37926            0
     9.45936            0
     9.53956            0
     9.61966            0
     9.69986            0
     9.78006            0
     9.86016            0
     9.94036            0
     10.0205            0
     10.1007            0
     10.1809            0
      10.261            0
     10.3412            0
     10.4213            0
     10.5015            0
     10.5817            0
     10.6618            0
      10.742            0
     10.8221            0
     10.9023            0
     10.9825            0
     11.0626            0
     11.1428            0
     11.2229            0
     11.3031            0
     11.3833            0
     11.4634            0
     11.5436            0
     11.6237            0
     11.7039            0
     11.7841            0
     11.8642            0
     11.9444            0
     12.0245            0
     12.1047            0
     12.1849            0
      12.265            0
     12.3452            0
     12.4253            0
     12.5055            0
     12.5857            0
     12.6658            0
      12.746            0
     12.8261            0
     12.9063            0
     12.9865            0
     13.0666            0
     13.1468            0
      13.227            0
     13.3071            0
     13.3873            0
     13.4674            0
     13.5476            0
     13.6278            0
     13.7079            0
     13.7881            0
     13.8682            0
     13.9484            0
     14.0286            0
     14.1087            0
     14.1889            0
      14.269            0
     14.3492            0
     14.4294            0
     14.5095            0
     14.5897            0
     14.6698            0
       14.75            0
     14.8302            0
     14.9103            0
     14.9905            0
     15.0706            0
     15.1508            0
      15.231            0
     15.3111            0
     15.3913            0
     15.4714            0
     15.5516            0

    -24.4484       -24.95
    -24.3682           -0
    -24.2881           -0
    -24.2079           -0
    -24.1278           -0
    -24.0476           -0
    -23.9674           -0
    -23.8873           -0
    -23.8071           -0
     -23.727           -0
    -23.6468           -0
    -23.5666           -0
    -23.4865           -0
    -23.4063           -0
    -23.3262           -0
     -23.246           -0
    -23.1658           -0
    -23.0857           -0
    -23.0055           -0
    -22.9254           -0
    -22.8452           -0
     -22.765           -0
    -22.6849           -0
    -22.6047           -0
    -22.5246           -0
    -22.4444           -0
    -22.3642           -0
    -22.2841           -0
    -22.2039      -0.0004
    -22.1238       -0.004
    -22.0436      -0.0305
    -21.9634      -0.1695
    -21.8833        -0.69
    -21.8031      -2.0546
    -21.7229      -4.4773
    -21.6428      -7.1415
    -21.5626      -8.3388
    -21.4825      -7.1281
    -21.4023      -4.4604
    -21.3221      -2.0429
     -21.242      -0.6847
    -21.1618      -0.1679
    -21.0817      -0.0301
    -21.0015      -0.0039
    -20.9213      -0.0004
    -20.8412           -0
     -20.761           -0
    -20.6809           -0
    -20.6007           -0
    -20.5205           -0
    -20.4404           -0
    -20.3602      -0.0004
    -20.2801      -0.0028
    -20.1999      -0.0168
    -20.1197      -0.0757
    -20.0396      -0.2593
    -19.9594      -0.6863
    -19.8793      -1.4363
    -19.7991      -2.4507
    -19.7189      -3.5335
    -19.6388      -4.4585
    -19.5586      -5.0865
    -19.4785      -5.4914
    -19.3983      -6.0119
    -19.3181      -7.0204
     -19.238      -8.5669
    -19.1578     -10.4113
    -19.0777     -12.5051
    -18.9975     -15.2814
    -18.9173     -19.0726
    -18.8372     -22.9353
     -18.757     -24.4828
    -18.6769     -21.8702
    -18.5967     -16.0884
    -18.5165     -10.3949
    -18.4364       -7.306
    -18.3562      -6.8858
    -18.2761      -7.7985
    -18.1959      -9.0751
    -18.1157     -10.7494
    -18.0356     -13.3944
    -17.9554     -17.2962
    -17.8753     -21.8558
    -17.7951     -25.5371
    -17.7149     -26.4906
    -17.6348     -23.8381
    -17.5546     -18.7525
    -17.4745     -13.8279
    -17.3943      -11.029
    -17.3141     -10.5666
     -17.234     -11.4539
    -17.1538     -12.1983
    -17.0737     -11.3312
    -16.9935      -8.5025
    -16.9133      -4.9356
    -16.8332      -2.1667
     -16.753      -0.7107
    -16.6728       -0.173
    -16.5927      -0.0311
    -16.5125      -0.0041
    -16.4324      -0.0007
    -16.3522      -0.0027
     -16.272       -0.019
    -16.1919       -0.103
    -16.1117      -0.4219
    -16.0316      -1.3123
    -15.9514      -3.1011
    -15.8712      -5.5634
    -15.7911      -7.5609
    -15.7109      -7.7595
    -15.6308      -5.9915
    -15.5506       -3.468
    -15.4704      -1.4996
    -15.3903      -0.4829
    -15.3101      -0.1155
      -15.23      -0.0205
    -15.1498      -0.0027
    -15.0696      -0.0003
    -14.9895           -0
    -14.9093           -0
    -14.8292           -0
     -14.749           -0
    -14.6688           -0
    -14.5887           -0
    -14.5085           -0
    -14.4284           -0
    -14.3482           -0
     -14.268           -0
    -14.1879           -0
    -14.1077           -0
    -14.0276           -0
    -13.9474           -0
    -13.8672           -0
    -13.7871           -0
    -13.7069           -0
    -13.6268           -0
    -13.5466           -0
    -13.4664           -0
    -13.3863           -0
    -13.3061           -0
     -13.226           -0
    -13.1458           -0
    -13.0656           -0
    -12.9855           -0
    -12.9053           -0
    -12.8252           -0
     -12.745           -0
    -12.6648           -0
    -12.5847           -0
    -12.5045           -0
    -12.4244           -0
    -12.3442           -0
     -12.264           -0
    -12.1839           -0
    -12.1037           -0
    -12.0236           -0
    -11.9434           -0
    -11.8632           -0
    -11.7831           -0
    -11.7029           -0
    -11.6227           -0
    -11.5426           -0
    -11.4624           -0
    -11.3823           -0
    -11.3021           -0
    -11.2219           -0
    -11.1418           -0
    -11.0616           -0
    -10.9815           -0
    -10.9013           -0
    -10.8211           -0
     -10.741           -0
    -10.6608           -0
    -10.5807           -0
    -10.5005           -0
    -10.4203           -0
    -10.3402           -0
      -10.26           -0
    -10.1799           -0
    -10.0997           -0
    -10.0195           -0
    -9.93944           -0
    -9.85924      -0.0004
    -9.77914      -0.0034
    -9.69894      -0.0227
    -9.61874      -0.1152
    -9.53864      -0.4461
    -9.45844      -1.3392
    -9.37834      -3.1894
    -9.29814      -6.2164
    -9.21794     -10.3042
    -9.13784     -15.0876
    -9.05764     -19.9886
    -8.97754     -24.0591
    -8.89734     -26.2385
    -8.81714     -26.1958
    -8.73704     -24.6274
    -8.65684     -22.5228
    -8.57674     -20.3611
    -8.49654     -17.9074
    -8.41634     -14.8399
    -8.33624     -11.9069
    -8.25604     -10.8728
    -8.17594     -12.5946
    -8.09574     -15.6137
    -8.01554     -17.2814
    -7.93544     -16.2658
    -7.85524     -13.8126
    -7.77514     -12.3695
    -7.69494     -12.9454
    -7.61474     -14.2918
    -7.53464      -14.849
    -7.45444     -14.6283
    -7.37434      -14.433
    -7.29414     -14.0787
    -7.21394     -12.7476
    -7.13384     -10.5634
    -7.05364      -8.4509
    -6.97354       -6.969
    -6.89334      -6.2347
    -6.81314      -6.3799
    -6.73304      -7.5109
    -6.65284      -9.4858
    -6.57264     -11.7513
    -6.49254     -13.3634
    -6.41234     -13.5481
    -6.33224     -12.4521
    -6.25204     -11.0831
    -6.17184     -10.3492
    -6.09174     -10.3496
    -6.01154     -10.6681
    -5.93144     -11.0446
    -5.85124     -11.5152
    -5.77104     -12.0701
    -5.69094     -12.5166
    -5.61074     -12.8015
    -5.53064     -13.2806
    -5.45044     -14.3953
    -5.37024     -16.1393
    -5.29014     -18.1626
    -5.20994     -20.2489
    -5.12984     -22.2089
    -5.04964     -23.4991
    -4.96944     -23.5132
    -4.88934     -22.2196
    -4.80914     -20.3161
    -4.72904     -18.8899
    -4.64884     -18.8909
    -4.56864     -20.6411
    -4.48854     -23.6458
    -4.40834     -26.8719
    -4.32824     -29.3989
    -4.24804     -30.9913
    -4.16784      -31.959
    -4.08774     -32.3908
    -4.00754     -31.9117
    -3.92744     -30.4325
    -3.84724     -28.6901
    -3.76704     -27.7382
    -3.68694     -28.0414
    -3.60674     -29.0935
    -3.52664      -29.982
    -3.44644      -30.342
    -3.36624     -30.5159
    -3.28614     -30.8594
    -3.20594     -31.2646
    -3.12584     -31.2334
    -3.04564     -30.0761
    -2.96544     -27.3681
    -2.88534     -23.6661
    -2.80514     -20.4108
    -2.72504     -18.7039
    -2.64484     -18.5119
    -2.56464     -19.1787
    -2.48454     -20.1016
    -2.40434     -20.7701
    -2.32424      -20.889
    -2.24404     -20.7974
    -2.16384     -21.2012
    -2.08374     -22.1518
    -2.00354     -22.6883
    -1.92334     -21.7679
    -1.84324     -19.3258
    -1.76304     -16.2088
    -1.68294     -13.2717
    -1.60274     -10.9281
    -1.52254       -9.465
    -1.44244      -9.2044
    -1.36224     -10.1294
    -1.28214      -11.623
    -1.20194     -12.7535
    -1.12174     -12.7344
    -1.04164     -11.1802
   -0.961437      -8.3173
   -0.881337      -5.0492
   -0.801137      -2.4246
   -0.720937      -0.9007
   -0.640837       -0.255
   -0.560637      -0.0545
   -0.480537      -0.0087
   -0.400337       -0.001
   -0.320137      -0.0001
   -0.240037           -0
   -0.159837           -0
  -0.0797367           -0
  0.00046333           -0
   0.0806633           -0
    0.160763           -0
    0.240963           -0
    0.321063      -0.0001
    0.401263      -0.0007
    0.481463       -0.006
    0.561563      -0.0392
    0.641763       -0.197
    0.721863      -0.7685
    0.802063      -2.3551
    0.882263      -5.7365
    0.962363     -11.2536
     1.04256     -18.1025
     1.12266     -24.5803
     1.20286      -29.471
     1.28306     -32.9421
     1.36316     -35.8568
     1.44336     -38.9099
     1.52346     -42.5737
     1.60366     -46.7193
     1.68386     -50.0696
     1.76396     -51.2726
     1.84416     -50.7415
     1.92426     -50.1331
     2.00446     -49.8575
     2.08466     -48.8364
     2.16476     -46.9537
     2.24496     -45.6403
     2.32506     -45.5293
     2.40526     -45.3388
     2.48546      -43.603
     2.56556     -40.1403
     2.64576     -35.3702
     2.72586     -29.3678
     2.80606     -22.3087
     2.88626     -15.2149
     2.96636      -9.6201
     3.04656      -6.4994
     3.12676      -5.5467
     3.20686       -5.416
     3.28706      -4.8028
     3.36716      -3.4251
     3.44736      -1.9114
     3.52756      -0.8943
     3.60766      -0.4863
     3.68786      -0.4608
     3.76796      -0.5642
     3.84816      -0.6305
     3.92836      -0.5977
     4.00846      -0.5063
     4.08866        -0.46
     4.16876      -0.5388
     4.24896      -0.7284
     4.32916      -0.9397
     4.40926      -1.0882
     4.48946      -1.1541
     4.56956      -1.2088
     4.64976      -1.4158
     4.72996       -1.967
     4.81006      -2.9676
     4.89026      -4.3775
     4.97036      -6.0436
     5.05056       -7.686
     5.13076      -8.8373
     5.21086      -9.0142
     5.29106      -8.1241
     5.37116      -6.5727
     5.45136      -4.8834
     5.53156      -3.4084
     5.61166      -2.3814
     5.69186       -1.905
     5.77196      -1.8245
     5.85216      -1.8282
     5.93236      -1.7202
     6.01246      -1.5248
     6.09266      -1.3645
     6.17276      -1.3074
     6.25296      -1.3274
     6.33316      -1.3779
     6.41326      -1.4522
     6.49346      -1.5417
     6.57356      -1.5786
     6.65376      -1.4629
     6.73396       -1.159
     6.81406      -0.7542
     6.89426      -0.3931
     6.97436      -0.1618
     7.05456      -0.0521
     7.13476       -0.013
     7.21486      -0.0025
     7.29506      -0.0004
     7.37516           -0
     7.45536           -0
     7.53556           -0
     7.61566           -0
     7.69586           -0
     7.77596           -0
     7.85616           -0
     7.93636           -0
     8.01646           -0
     8.09666           -0
     8.17686           -0
     8.25696           -0
     8.33716           -0
     8.41726           -0
     8.49746           -0
     8.57766           -0
     8.65776           -0
     8.73796           -0
     8.81806           -0
     8.89826           -0
     8.97846           -0
     9.05856           -0
     9.13876           -0
     9.21886           -0
     9.29906           -0
     9.37926           -0
     9.45936           -0
     9.53956           -0
     9.61966           -0
     9.69986           -0
     9.78006           -0
     9.86016           -0
     9.94036           -0
     10.0205           -0
     10.1007           -0
     10.1809           -0
      10.261           -0
     10.3412           -0
     10.4213           -0
     10.5015           -0
     10.5817           -0
     10.6618           -0
      10.742           -0
     10.8221           -0
     10.9023           -0
     10.9825           -0
     11.0626           -0
     11.1428           -0
     11.2229           -0
     11.3031           -0
     11.3833           -0
     11.4634           -0
     11.5436           -0
     11.6237           -0
     11.7039           -0
     11.7841           -0
     11.8642           -0
     11.9444           -0
     12.0245           -0
     12.1047           -0
     12.1849           -0
      12.265           -0
     12.3452           -0
     12.4253           -0
     12.5055           -0
     12.5857           -0
     12.6658           -0
      12.746           -0
     12.8261           -0
     12.9063           -0
     12.9865           -0
     13.0666           -0
     13.1468           -0
      13.227           -0
     13.3071           -0
     13.3873           -0
     13.4674           -0
     13.5476           -0
     13.6278           -0
     13.7079           -0
     13.7881           -0
     13.8682           -0
     13.9484           -0
     14.0286           -0
     14.1087           -0
     14.1889           -0
      14.269           -0
     14.3492           -0
     14.4294           -0
     14.5095           -0
     14.5897           -0
     14.6698           -0
       14.75           -0
     14.8302           -0
     14.9103           -0
     14.9905           -0
     15.0706           -0
     15.1508           -0
      15.231           -0
     15.3111           -0
     15.3913           -0
     15.4714           -0
     15.5516           -0

    -24.4484            0
    -24.3682            0
    -24.2881            0
    -24.2079            0
    -24.1278            0
    -24.0476            0
    -23.9674            0
    -23.8873            0
    -23.8071            0
     -23.727            0
    -23.6468            0
    -23.5666            0
    -23.4865            0
    -23.4063            0
    -23.3262            0
     -23.246            0
    -23.1658            0
    -23.0857            0
    -23.0055            0
    -22.9254            0
    -22.8452            0
     -22.765            0
    -22.6849            0
    -22.6047            0
    -22.5246            0
    -22.4444            0
    -22.3642            0
    -22.2841            0
    -22.2039            0
    -22.1238            0
    -22.0436            0
    -21.9634            0
    -21.8833            0
    -21.8031       0.0001
    -21.7229       0.0001
    -21.6428       0.0004
    -21.5626        0.001
    -21.4825       0.0006
    -21.4023       0.0001
    -21.3221       0.0001
     -21.242            0
    -21.1618            0
    -21.0817            0
    -21.0015            0
    -20.9213            0
    -20.8412            0
     -20.761            0
    -20.6809            0
    -20.6007            0
    -20.5205            0
    -20.4404            0
    -20.3602            0
    -20.2801            0
    -20.1999            0
    -20.1197       0.0008
    -20.0396       0.0037
    -19.9594       0.0079
    -19.8793       0.0152
    -19.7991       0.0252
    -19.7189       0.0384
    -19.6388       0.0532
    -19.5586        0.074
    -19.4785       0.1029
    -19.3983       0.1537
    -19.3181       0.2485
     -19.238        0.413
    -19.1578       0.6629
    -19.0777       0.9628
    -18.9975       1.2116
    -18.9173       1.2929
    -18.8372       1.1675
     -18.757       0.9298
    -18.6769       0.7419
    -18.5967       0.6995
    -18.5165       0.7709
    -18.4364       0.8719
    -18.3562       0.9686
    -18.2761       1.0788
    -18.1959        1.183
    -18.1157       1.1743
    -18.0356       0.9719
    -17.9554       0.6391
    -17.8753       0.3381
    -17.7951       0.1753
    -17.7149       0.1448
    -17.6348       0.1775
    -17.5546       0.2095
    -17.4745       0.2284
    -17.3943       0.2693
    -17.3141       0.3534
     -17.234       0.4458
    -17.1538        0.475
    -17.0737       0.3994
    -16.9935        0.258
    -16.9133        0.125
    -16.8332       0.0451
     -16.753       0.0121
    -16.6728       0.0024
    -16.5927       0.0004
    -16.5125            0
    -16.4324            0
    -16.3522            0
     -16.272            0
    -16.1919       0.0003
    -16.1117       0.0013
    -16.0316       0.0059
    -15.9514       0.0126
    -15.8712       0.0218
    -15.7911       0.0275
    -15.7109       0.0263
    -15.6308       0.0195
    -15.5506       0.0099
    -15.4704       0.0045
    -15.3903       0.0006
    -15.3101       0.0001
      -15.23            0
    -15.1498            0
    -15.0696            0
    -14.9895            0
    -14.9093            0
    -14.8292            0
     -14.749            0
    -14.6688            0
    -14.5887            0
    -14.5085            0
    -14.4284            0
    -14.3482            0
     -14.268            0
    -14.1879            0
    -14.1077            0
    -14.0276            0
    -13.9474            0
    -13.8672            0
    -13.7871            0
    -13.7069            0
    -13.6268            0
    -13.5466            0
    -13.4664            0
    -13.3863            0
    -13.3061            0
     -13.226            0
    -13.1458            0
    -13.0656            0
    -12.9855            0
    -12.9053            0
    -12.8252            0
     -12.745            0
    -12.6648            0
    -12.5847            0
    -12.5045            0
    -12.4244            0
    -12.3442            0
     -12.264            0
    -12.1839            0
    -12.1037            0
    -12.0236            0
    -11.9434            0
    -11.8632            0
    -11.7831            0
    -11.7029            0
    -11.6227            0
    -11.5426            0
    -11.4624            0
    -11.3823            0
    -11.3021            0
    -11.2219            0
    -11.1418            0
    -11.0616            0
    -10.9815            0
    -10.9013            0
    -10.8211            0
     -10.741            0
    -10.6608            0
    -10.5807            0
    -10.5005            0
    -10.4203            0
    -10.3402            0
      -10.26            0
    -10.1799       0.0002
    -10.0997       0.0028
    -10.0195       0.0177
    -9.93944       0.0752
    -9.85924       0.2453
    -9.77914       0.6474
    -9.69894       1.4412
    -9.61874       2.8328
    -9.53864       5.0532
    -9.45844       8.2038
    -9.37834      11.9577
    -9.29814      15.6231
    -9.21794      18.8276
    -9.13784      21.9959
    -9.05764       25.704
    -8.97754      29.6962
    -8.89734      32.8924
    -8.81714      34.2753
    -8.73704      33.8096
    -8.65684      32.7253
    -8.57674      32.4898
    -8.49654      33.3564
    -8.41634      34.4237
    -8.33624      34.7595
    -8.25604      33.9659
    -8.17594      32.4822
    -8.09574      31.7018
    -8.01554      32.8066
    -7.93544      35.2563
    -7.85524      37.0237
    -7.77514      36.2834
    -7.69494      32.7386
    -7.61474      27.6341
    -7.53464      22.6219
    -7.45444      18.6114
    -7.37434      15.8378
    -7.29414      14.1726
    -7.21394      12.6741
    -7.13384      10.0919
    -7.05364       6.4731
    -6.97354       3.1681
    -6.89334       1.1568
    -6.81314       0.3166
    -6.73304       0.0811
    -6.65284       0.0633
    -6.57264       0.1298
    -6.49254        0.275
    -6.41234       0.5379
    -6.33224       0.9609
    -6.25204       1.5466
    -6.17184       2.2312
    -6.09174        2.881
    -6.01154       3.3683
    -5.93144       3.6619
    -5.85124       3.8573
    -5.77104       4.0789
    -5.69094       4.3524
    -5.61074       4.5544
    -5.53064       4.5093
    -5.45044       4.1993
    -5.37024          3.8
    -5.29014       3.4782
    -5.20994       3.2694
    -5.12984       3.1263
    -5.04964       3.0045
    -4.96944       2.8677
    -4.88934       2.7029
    -4.80914       2.5776
    -4.72904       2.6156
    -4.64884       2.8718
    -4.56864       3.2332
    -4.48854       3.5059
    -4.40834       3.6073
    -4.32824        3.589
    -4.24804        3.517
    -4.16784       3.4277
    -4.08774       3.3652
    -4.00754       3.3412
    -3.92744       3.3184
    -3.84724       3.2726
    -3.76704       3.2279
    -3.68694       3.2157
    -3.60674       3.2512
    -3.52664       3.3531
    -3.44644       3.5357
    -3.36624       3.8043
    -3.28614       4.1386
    -3.20594       4.4543
    -3.12584       4.6251
    -3.04564       4.5903
    -2.96544       4.4175
    -2.88534       4.2419
    -2.80514       4.1827
    -2.72504       4.2979
    -2.64484       4.5342
    -2.56464       4.7327
    -2.48454       4.7627
    -2.40434       4.6367
    -2.32424        4.453
    -2.24404       4.2635
    -2.16384       4.0512
    -2.08374       3.8028
    -2.00354       3.5682
    -1.92334       3.4776
    -1.84324       3.6265
    -1.76304       3.9274
    -1.68294       4.1653
    -1.60274       4.2435
    -1.52254       4.2295
    -1.44244       4.1749
    -1.36224       3.9889
    -1.28214       3.5421
    -1.20194       2.8559
    -1.12174       2.1371
    -1.04164       1.6039
   -0.961437       1.3174
   -0.881337       1.1667
   -0.801137       0.9985
   -0.720937       0.7479
   -0.640837       0.4638
   -0.560637       0.2314
   -0.480537       0.0908
   -0.400337       0.0278
   -0.320137       0.0055
   -0.240037       0.0009
   -0.159837       0.0001
  -0.0797367            0
  0.00046333            0
   0.0806633            0
    0.160763            0
    0.240963            0
    0.321063       0.0005
    0.401263       0.0035
    0.481463       0.0183
    0.561563       0.0677
    0.641763       0.2158
    0.721863       0.6091
    0.802063       1.5161
    0.882263        3.261
    0.962363       6.0325
     1.04256        9.837
     1.12266      14.6693
     1.20286      20.3223
     1.28306      25.6447
     1.36316      28.4076
     1.44336      26.8427
     1.52346      21.5133
     1.60366      15.0155
     1.68386        9.609
     1.76396       5.8285
     1.84416       3.2944
     1.92426       1.7564
     2.00446        1.117
     2.08466       1.2046
     2.16476       1.8039
     2.24496       2.8202
     2.32506       4.4355
     2.40526       7.0429
     2.48546      10.6793
     2.56556      14.4309
     2.64576      16.8139
     2.72586      16.9134
     2.80606      15.0086
     2.88626      12.2709
     2.96636       9.9935
     3.04656       8.7789
     3.12676       8.1907
     3.20686       7.2723
     3.28706       5.5446
     3.36716        3.426
     3.44736       1.6697
     3.52756       0.6366
     3.60766       0.1948
     3.68786       0.0561
     3.76796       0.0248
     3.84816       0.0179
     3.92836       0.0156
     4.00846       0.0152
     4.08866       0.0166
     4.16876       0.0191
     4.24896       0.0225
     4.32916       0.0233
     4.40926       0.0222
     4.48946       0.0227
     4.56956       0.0314
     4.64976       0.0538
     4.72996       0.0888
     4.81006       0.1244
     4.89026       0.1449
     4.97036       0.1483
     5.05056       0.1432
     5.13076        0.136
     5.21086       0.1229
     5.29106       0.1016
     5.37116       0.0759
     5.45136       0.0518
     5.53156        0.035
     5.61166       0.0282
     5.69186       0.0309
     5.77196         0.04
     5.85216       0.0492
     5.93236       0.0536
     6.01246       0.0533
     6.09266       0.0509
     6.17276       0.0473
     6.25296       0.0443
     6.33316       0.0407
     6.41326       0.0364
     6.49346       0.0326
     6.57356       0.0271
     6.65376       0.0209
     6.73396       0.0133
     6.81406       0.0059
     6.89426       0.0018
     6.97436       0.0001
     7.05456            0
     7.13476            0
     7.21486            0
     7.29506            0
     7.37516            0
     7.45536            0
     7.53556            0
     7.61566            0
     7.69586            0
     7.77596            0
     7.85616            0
     7.93636            0
     8.01646            0
     8.09666            0
     8.17686            0
     8.25696            0
     8.33716            0
     8.41726            0
     8.49746            0
     8.57766            0
     8.65776            0
     8.73796            0
     8.81806            0
     8.89826            0
     8.97846            0
     9.05856            0
     9.13876            0
     9.21886            0
     9.29906            0
     9.37926            0
     9.45936            0
     9.53956            0
     9.61966            0
     9.69986            0
     9.78006            0
     9.86016            0
     9.94036            0
     10.0205            0
     10.1007            0
     10.1809            0
      10.261            0
     10.3412            0
     10.4213            0
     10.5015            0
     10.5817            0
     10.6618            0
      10.742            0
     10.8221            0
     10.9023            0
     10.9825            0
     11.0626            0
     11.1428            0
     11.2229            0
     11.3031            0
     11.3833            0
     11.4634            0
     11.5436            0
     11.6237            0
     11.7039            0
     11.7841            0
     11.8642            0
     11.9444            0
     12.0245            0
     12.1047            0
     12.1849            0
      12.265            0
     12.3452            0
     12.4253            0
     12.5055            0
     12.5857            0
     12.6658            0
      12.746            0
     12.8261            0
     12.9063            0
     12.9865            0
     13.0666            0
     13.1468            0
      13.227            0
     13.3071            0
     13.3873            0
     13.4674            0
     13.5476            0
     13.6278            0
     13.7079            0
     13.7881            0
     13.8682            0
     13.9484            0
     14.0286            0
     14.1087            0
     14.1889            0
      14.269            0
     14.3492            0
     14.4294            0
     14.5095            0
     14.5897            0
     14.6698            0
       14.75            0
     14.8302            0
     14.9103            0
     14.9905            0
     15.0706            0
     15.1508            0
      15.231            0
     15.3111            0
     15.3913            0
     15.4714            0
     15.5516            0

    -24.4484           -0
    -24.3682           -0
    -24.2881           -0
    -24.2079           -0
    -24.1278           -0
    -24.0476           -0
    -23.9674           -0
    -23.8873           -0
    -23.8071           -0
     -23.727           -0
    -23.6468           -0
    -23.5666           -0
    -23.4865           -0
    -23.4063           -0
    -23.3262           -0
     -23.246           -0
    -23.1658           -0
    -23.0857           -0
    -23.0055           -0
    -22.9254           -0
    -22.8452           -0
     -22.765           -0
    -22.6849           -0
    -22.6047           -0
    -22.5246           -0
    -22.4444           -0
    -22.3642           -0
    -22.2841           -0
    -22.2039           -0
    -22.1238           -0
    -22.0436           -0
    -21.9634           -0
    -21.8833           -0
    -21.8031           -0
    -21.7229      -0.0001
    -21.6428      -0.0005
    -21.5626      -0.0005
    -21.4825      -0.0005
    -21.4023      -0.0001
    -21.3221           -0
     -21.242           -0
    -21.1618           -0
    -21.0817           -0
    -21.0015           -0
    -20.9213           -0
    -20.8412           -0
     -20.761           -0
    -20.6809           -0
    -20.6007           -0
    -20.5205           -0
    -20.4404           -0
    -20.3602           -0
    -20.2801           -0
    -20.1999           -0
    -20.1197           -0
    -20.0396      -0.0006
    -19.9594      -0.0026
    -19.8793      -0.0075
    -19.7991      -0.0174
    -19.7189      -0.0347
    -19.6388      -0.0582
    -19.5586      -0.0831
    -19.4785      -0.1049
    -19.3983      -0.1281
    -19.3181      -0.1594
     -19.238      -0.2035
    -19.1578      -0.2646
    -19.0777      -0.3534
    -18.9975      -0.4949
    -18.9173      -0.7045
    -18.8372      -0.9373
     -18.757      -1.0711
    -18.6769      -0.9969
    -18.5967      -0.7346
    -18.5165      -0.4295
    -18.4364      -0.2178
    -18.3562      -0.1303
    -18.2761      -0.1239
    -18.1959      -0.1586
    -18.1157      -0.2265
    -18.0356      -0.3443
    -17.9554      -0.5256
    -17.8753      -0.7501
    -17.7951       -0.952
    -17.7149       -1.034
    -17.6348      -0.9405
    -17.5546      -0.7143
    -17.4745      -0.4775
    -17.3943      -0.3357
    -17.3141      -0.3145
     -17.234      -0.3748
    -17.1538      -0.4426
    -17.0737      -0.4395
    -16.9935      -0.3428
    -16.9133       -0.204
    -16.8332      -0.0904
     -16.753      -0.0296
    -16.6728      -0.0073
    -16.5927      -0.0011
    -16.5125           -0
    -16.4324           -0
    -16.3522           -0
     -16.272           -0
    -16.1919           -0
    -16.1117      -0.0005
    -16.0316      -0.0024
    -15.9514      -0.0066
    -15.8712      -0.0123
    -15.7911      -0.0163
    -15.7109       -0.017
    -15.6308      -0.0128
    -15.5506      -0.0078
    -15.4704      -0.0026
    -15.3903      -0.0006
    -15.3101           -0
      -15.23           -0
    -15.1498           -0
    -15.0696           -0
    -14.9895           -0
    -14.9093           -0
    -14.8292           -0
     -14.749           -0
    -14.6688           -0
    -14.5887           -0
    -14.5085           -0
    -14.4284           -0
    -14.3482           -0
     -14.268           -0
    -14.1879           -0
    -14.1077           -0
    -14.0276           -0
    -13.9474           -0
    -13.8672           -0
    -13.7871           -0
    -13.7069           -0
    -13.6268           -0
    -13.5466           -0
    -13.4664           -0
    -13.3863           -0
    -13.3061           -0
     -13.226           -0
    -13.1458           -0
    -13.0656           -0
    -12.9855           -0
    -12.9053           -0
    -12.8252           -0
     -12.745           -0
    -12.6648           -0
    -12.5847           -0
    -12.5045           -0
    -12.4244           -0
    -12.3442           -0
     -12.264           -0
    -12.1839           -0
    -12.1037           -0
    -12.0236           -0
    -11.9434           -0
    -11.8632           -0
    -11.7831           -0
    -11.7029           -0
    -11.6227           -0
    -11.5426           -0
    -11.4624           -0
    -11.3823           -0
    -11.3021           -0
    -11.2219           -0
    -11.1418           -0
    -11.0616           -0
    -10.9815           -0
    -10.9013           -0
    -10.8211           -0
     -10.741           -0
    -10.6608           -0
    -10.5807           -0
    -10.5005           -0
    -10.4203           -0
    -10.3402           -0
      -10.26           -0
    -10.1799           -0
    -10.0997           -0
    -10.0195           -0
    -9.93944           -0
    -9.85924           -0
    -9.77914      -0.0024
    -9.69894      -0.0159
    -9.61874      -0.0812
    -9.53864      -0.3176
    -9.45844      -0.9577
    -9.37834       -2.293
    -9.29814      -4.4967
    -9.21794      -7.5288
    -9.13784     -11.1703
    -9.05764     -15.0235
    -8.97754     -18.3511
    -8.89734     -20.2875
    -8.81714     -20.5372
    -8.73704     -19.6242
    -8.65684     -18.3152
    -8.57674     -16.9428
    -8.49654     -15.2041
    -8.41634     -12.7177
    -8.33624     -10.0571
    -8.25604      -8.7549
    -8.17594      -9.6726
    -8.09574     -11.7868
    -8.01554     -13.0353
    -7.93544     -12.3166
    -7.85524     -10.5196
    -7.77514      -9.4902
    -7.69494      -9.9746
    -7.61474     -10.9508
    -7.53464     -11.1423
    -7.45444     -10.5154
    -7.37434      -9.7172
    -7.29414      -8.6835
    -7.21394       -6.863
    -7.13384      -4.4464
    -7.05364      -2.3431
    -6.97354      -1.1199
    -6.89334      -0.6563
    -6.81314       -0.593
    -6.73304      -0.6913
    -6.65284      -0.8538
    -6.57264      -1.0355
    -6.49254       -1.172
    -6.41234      -1.2035
    -6.33224      -1.1345
    -6.25204      -1.0451
    -6.17184      -1.0183
    -6.09174      -1.0664
    -6.01154      -1.1501
    -5.93144      -1.2416
    -5.85124      -1.3432
    -5.77104      -1.4574
    -5.69094      -1.5693
    -5.61074      -1.6776
    -5.53064      -1.8346
    -5.45044      -2.0939
    -5.37024      -2.4592
    -5.29014      -2.8937
    -5.20994       -3.372
    -5.12984      -3.8362
    -5.04964       -4.146
    -4.96944       -4.173
    -4.88934       -3.925
    -4.80914      -3.5574
    -4.72904      -3.2884
    -4.64884      -3.3223
    -4.56864      -3.7527
    -4.48854      -4.4929
    -4.40834      -5.2938
    -4.32824      -5.9197
    -4.24804      -6.3138
    -4.16784      -6.5624
    -4.08774      -6.6939
    -4.00754      -6.6193
    -3.92744      -6.3181
    -3.84724      -5.9478
    -3.76704      -5.7323
    -3.68694      -5.7712
    -3.60674      -5.9711
    -3.52664      -6.1454
    -3.44644      -6.1909
    -3.36624      -6.1243
    -3.28614      -5.9698
    -3.20594      -5.7127
    -3.12584      -5.3278
    -3.04564      -4.7917
    -2.96544      -4.1066
    -2.88534       -3.379
    -2.80514      -2.8066
    -2.72504      -2.5145
    -2.64484      -2.4654
    -2.56464      -2.5546
    -2.48454       -2.698
    -2.40434      -2.8085
    -2.32424      -2.8086
    -2.24404      -2.7198
    -2.16384      -2.6476
    -2.08374      -2.6482
    -2.00354      -2.6596
    -1.92334      -2.5924
    -1.84324      -2.4256
    -1.76304      -2.2025
    -1.68294      -1.9666
    -1.60274      -1.7672
    -1.52254      -1.6866
    -1.44244      -1.8038
    -1.36224      -2.1124
    -1.28214      -2.4787
    -1.20194      -2.7125
    -1.12174      -2.6706
    -1.04164      -2.3023
   -0.961437      -1.6826
   -0.881337      -1.0044
   -0.801137      -0.4747
   -0.720937      -0.1735
   -0.640837      -0.0481
   -0.560637      -0.0093
   -0.480537      -0.0008
   -0.400337           -0
   -0.320137           -0
   -0.240037           -0
   -0.159837           -0
  -0.0797367           -0
  0.00046333           -0
   0.0806633           -0
    0.160763           -0
    0.240963           -0
    0.321063           -0
    0.401263      -0.0001
    0.481463      -0.0046
    0.561563      -0.0316
    0.641763      -0.1586
    0.721863      -0.6253
    0.802063      -1.9231
    0.882263      -4.7042
    0.962363      -9.2711
     1.04256     -14.9802
     1.12266     -20.4254
     1.20286     -24.5746
     1.28306     -27.5282
     1.36316     -29.9881
     1.44336     -32.5605
     1.52346     -35.6896
     1.60366     -39.2763
     1.68386     -42.1715
     1.76396     -43.1195
     1.84416     -42.3946
     1.92426     -41.4167
     2.00446     -40.6136
     2.08466     -39.1429
     2.16476     -36.9053
     2.24496     -35.0863
     2.32506     -34.3036
     2.40526     -33.6991
     2.48546     -32.2187
     2.56556     -29.6616
     2.64576     -26.1681
     2.72586     -21.6519
     2.80606     -16.2667
     2.88626     -10.9024
     2.96636      -6.7717
     3.04656      -4.5532
     3.12676      -3.9398
     3.20686      -3.9019
     3.28706      -3.4795
     3.36716      -2.4731
     3.44736      -1.3439
     3.52756      -0.5554
     3.60766       -0.183
     3.68786      -0.0632
     3.76796      -0.0404
     3.84816      -0.0371
     3.92836      -0.0318
     4.00846      -0.0248
     4.08866      -0.0223
     4.16876       -0.026
     4.24896      -0.0342
     4.32916      -0.0425
     4.40926      -0.0473
     4.48946      -0.0466
     4.56956      -0.0429
     4.64976      -0.0437
     4.72996      -0.0561
     4.81006      -0.0896
     4.89026      -0.1393
     4.97036       -0.191
     5.05056      -0.2284
     5.13076      -0.2382
     5.21086      -0.2203
     5.29106      -0.1857
     5.37116      -0.1476
     5.45136      -0.1115
     5.53156      -0.0852
     5.61166      -0.0716
     5.69186      -0.0743
     5.77196      -0.0842
     5.85216      -0.0884
     5.93236      -0.0844
     6.01246      -0.0747
     6.09266      -0.0669
     6.17276      -0.0642
     6.25296      -0.0659
     6.33316      -0.0709
     6.41326      -0.0797
     6.49346      -0.0893
     6.57356      -0.0948
     6.65376      -0.0879
     6.73396      -0.0681
     6.81406      -0.0417
     6.89426      -0.0216
     6.97436      -0.0075
     7.05456      -0.0011
     7.13476           -0
     7.21486           -0
     7.29506           -0
     7.37516           -0
     7.45536           -0
     7.53556           -0
     7.61566           -0
     7.69586           -0
     7.77596           -0
     7.85616           -0
     7.93636           -0
     8.01646           -0
     8.09666           -0
     8.17686           -0
     8.25696           -0
     8.33716           -0
     8.41726           -0
     8.49746           -0
     8.57766           -0
     8.65776           -0
     8.73796           -0
     8.81806           -0
     8.89826           -0
     8.97846           -0
     9.05856           -0
     9.13876           -0
     9.21886           -0
     9.29906           -0
     9.37926           -0
     9.45936           -0
     9.53956           -0
     9.61966           -0
     9.69986           -0
     9.78006           -0
     9.86016           -0
     9.94036           -0
     10.0205           -0
     10.1007           -0
     10.1809           -0
      10.261           -0
     10.3412           -0
     10.4213           -0
     10.5015           -0
     10.5817           -0
     10.6618           -0
      10.742           -0
     10.8221           -0
     10.9023           -0
     10.9825           -0
     11.0626           -0
     11.1428           -0
     11.2229           -0
     11.3031           -0
     11.3833           -0
     11.4634           -0
     11.5436           -0
     11.6237           -0
     11.7039           -0
     11.7841           -0
     11.8642           -0
     11.9444           -0
     12.0245           -0
     12.1047           -0
     12.1849           -0
      12.265           -0
     12.3452           -0
     12.4253           -0
     12.5055           -0
     12.5857           -0
     12.6658           -0
      12.746           -0
     12.8261           -0
     12.9063           -0
     12.9865           -0
     13.0666           -0
     13.1468           -0
      13.227           -0
     13.3071           -0
     13.3873           -0
     13.4674           -0
     13.5476           -0
     13.6278           -0
     13.7079           -0
     13.7881           -0
     13.8682           -0
     13.9484           -0
     14.0286           -0
     14.1087           -0
     14.1889           -0
      14.269           -0
     14.3492           -0
     14.4294           -0
     14.5095           -0
     14.5897           -0
     14.6698           -0
       14.75           -0
     14.8302           -0
     14.9103           -0
     14.9905           -0
     15.0706           -0
     15.1508           -0
      15.231           -0
     15.3111           -0
     15.3913           -0
     15.4714           -0
     15.5516           -0

    -24.4484       0.0002
    -24.3682            0
    -24.2881            0
    -24.2079            0
    -24.1278            0
    -24.0476            0
    -23.9674            0
    -23.8873            0
    -23.8071            0
     -23.727            0
    -23.6468            0
    -23.5666            0
    -23.4865            0
    -23.4063            0
    -23.3262            0
     -23.246            0
    -23.1658            0
    -23.0857            0
    -23.0055            0
    -22.9254            0
    -22.8452            0
     -22.765            0
    -22.6849            0
    -22.6047            0
    -22.5246            0
    -22.4444            0
    -22.3642            0
    -22.2841            0
    -22.2039            0
    -22.1238            0
    -22.0436            0
    -21.9634            0
    -21.8833            0
    -21.8031       0.0001
    -21.7229       0.0011
    -21.6428       0.0018
    -21.5626       0.0019
    -21.4825       0.0019
    -21.4023       0.0013
    -21.3221       0.0001
     -21.242            0
    -21.1618            0
    -21.0817            0
    -21.0015            0
    -20.9213            0
    -20.8412            0
     -20.761            0
    -20.6809            0
    -20.6007            0
    -20.5205            0
    -20.4404            0
    -20.3602            0
    -20.2801            0
    -20.1999            0
    -20.1197       0.0004
    -20.0396       0.0006
    -19.9594       0.0032
    -19.8793       0.0041
    -19.7991       0.0061
    -19.7189       0.0082
    -19.6388         0.01
    -19.5586       0.0108
    -19.4785       0.0125
    -19.3983       0.0145
    -19.3181        0.016
     -19.238       0.0173
    -19.1578       0.0185
    -19.0777       0.0188
    -18.9975       0.0171
    -18.9173       0.0164
    -18.8372        0.016
     -18.757       0.0171
    -18.6769       0.0227
    -18.5967       0.0291
    -18.5165        0.037
    -18.4364       0.0419
    -18.3562       0.0431
    -18.2761       0.0438
    -18.1959       0.0438
    -18.1157       0.0405
    -18.0356       0.0307
    -17.9554       0.0186
    -17.8753       0.0091
    -17.7951       0.0057
    -17.7149       0.0065
    -17.6348        0.009
    -17.5546       0.0103
    -17.4745       0.0108
    -17.3943       0.0108
    -17.3141       0.0126
     -17.234       0.0158
    -17.1538       0.0158
    -17.0737       0.0123
    -16.9935       0.0071
    -16.9133       0.0029
    -16.8332       0.0009
     -16.753            0
    -16.6728            0
    -16.5927            0
    -16.5125            0
    -16.4324            0
    -16.3522            0
     -16.272            0
    -16.1919       0.0001
    -16.1117       0.0011
    -16.0316       0.0033
    -15.9514       0.0076
    -15.8712       0.0124
    -15.7911       0.0156
    -15.7109        0.015
    -15.6308       0.0104
    -15.5506       0.0055
    -15.4704       0.0022
    -15.3903       0.0006
    -15.3101            0
      -15.23            0
    -15.1498            0
    -15.0696            0
    -14.9895            0
    -14.9093            0
    -14.8292            0
     -14.749            0
    -14.6688            0
    -14.5887            0
    -14.5085            0
    -14.4284            0
    -14.3482            0
     -14.268            0
    -14.1879            0
    -14.1077            0
    -14.0276            0
    -13.9474            0
    -13.8672            0
    -13.7871            0
    -13.7069            0
    -13.6268            0
    -13.5466            0
    -13.4664            0
    -13.3863            0
    -13.3061            0
     -13.226            0
    -13.1458            0
    -13.0656            0
    -12.9855            0
    -12.9053            0
    -12.8252            0
     -12.745            0
    -12.6648            0
    -12.5847            0
    -12.5045            0
    -12.4244            0
    -12.3442            0
     -12.264            0
    -12.1839            0
    -12.1037            0
    -12.0236            0
    -11.9434            0
    -11.8632            0
    -11.7831            0
    -11.7029            0
    -11.6227            0
    -11.5426            0
    -11.4624            0
    -11.3823            0
    -11.3021            0
    -11.2219            0
    -11.1418            0
    -11.0616            0
    -10.9815            0
    -10.9013            0
    -10.8211            0
     -10.741            0
    -10.6608            0
    -10.5807            0
    -10.5005            0
    -10.4203            0
    -10.3402            0
      -10.26            0
    -10.1799            0
    -10.0997            0
    -10.0195       0.0028
    -9.93944       0.0154
    -9.85924       0.0515
    -9.77914       0.1328
    -9.69894       0.2868
    -9.61874       0.5378
    -9.53864       0.9108
    -9.45844       1.4082
    -9.37834       1.9759
    -9.29814       2.5123
    -9.21794       2.9624
    -9.13784       3.3794
    -9.05764       3.8505
    -8.97754       4.3646
    -8.89734       4.7989
    -8.81714       5.0054
    -8.73704        4.933
    -8.65684       4.7037
    -8.57674       4.4817
    -8.49654       4.2907
    -8.41634       4.0377
    -8.33624       3.6891
    -8.25604       3.2883
    -8.17594       2.8928
    -8.09574       2.5799
    -8.01554       2.4338
    -7.93544       2.4171
    -7.85524       2.3556
    -7.77514       2.1229
    -7.69494       1.8052
    -7.61474       1.5912
    -7.53464       1.5193
    -7.45444        1.445
    -7.37434       1.2522
    -7.29414        0.987
    -7.21394       0.7337
    -7.13384       0.5059
    -7.05364        0.301
    -6.97354       0.1444
    -6.89334         0.06
    -6.81314       0.0433
    -6.73304       0.0815
    -6.65284       0.1845
    -6.57264       0.3777
    -6.49254       0.7071
    -6.41234       1.2377
    -6.33224       2.0262
    -6.25204       3.0631
    -6.17184       4.2294
    -6.09174       5.3212
    -6.01154       6.1488
    -5.93144       6.6714
    -5.85124       7.0582
    -5.77104        7.558
    -5.69094       8.2233
    -5.61074       8.7706
    -5.53064       8.8909
    -5.45044       8.6616
    -5.37024       8.4378
    -5.29014       8.3973
    -5.20994       8.4072
    -5.12984       8.3086
    -5.04964       8.0867
    -4.96944       7.7867
    -4.88934       7.4814
    -4.80914       7.3909
    -4.72904        7.861
    -4.64884       9.0113
    -4.56864      10.4523
    -4.48854      11.5926
    -4.40834      12.2261
    -4.32824      12.5456
    -4.24804      12.6957
    -4.16784      12.7119
    -4.08774      12.7331
    -4.00754      12.8685
    -3.92744      12.9721
    -3.84724       12.861
    -3.76704      12.5884
    -3.68694       12.345
    -3.60674      12.2758
    -3.52664      12.4343
    -3.44644      12.7853
    -3.36624      13.2791
    -3.28614      13.8869
    -3.20594      14.4266
    -3.12584       14.564
    -3.04564      14.1697
    -2.96544       13.493
    -2.88534      12.8995
    -2.80514      12.6356
    -2.72504      12.8299
    -2.64484      13.4211
    -2.56464      14.0425
    -2.48454      14.2515
    -2.40434      13.9319
    -2.32424      13.3142
    -2.24404      12.6601
    -2.16384       12.086
    -2.08374      11.6055
    -2.00354      11.3272
    -1.92334      11.6087
    -1.84324      12.7192
    -1.76304      14.2545
    -1.68294      15.3592
    -1.60274      15.6739
    -1.52254      15.6347
    -1.44244      15.6781
    -1.36224      15.4865
    -1.28214      14.3296
    -1.20194       12.021
    -1.12174       9.2623
    -1.04164       6.9775
   -0.961437       5.5326
   -0.881337       4.6399
   -0.801137       3.7977
   -0.720937       2.7677
   -0.640837       1.6906
   -0.560637       0.8368
   -0.480537       0.3295
   -0.400337       0.1006
   -0.320137       0.0241
   -0.240037       0.0033
   -0.159837       0.0004
  -0.0797367            0
  0.00046333            0
   0.0806633            0
    0.160763            0
    0.240963            0
    0.321063       0.0006
    0.401263       0.0043
    0.481463       0.0193
    0.561563       0.0665
    0.641763       0.1729
    0.721863       0.3667
    0.802063        0.648
    0.882263        0.995
    0.962363       1.3809
     1.04256       1.8104
     1.12266       2.3297
     1.20286       2.9497
     1.28306       3.5642
     1.36316       3.9224
     1.44336       3.7908
     1.52346       3.1849
     1.60366       2.3913
     1.68386       1.7009
     1.76396       1.2078
     1.84416       0.9055
     1.92426       0.7858
     2.00446       0.8133
     2.08466        0.904
     2.16476       0.9573
     2.24496       0.9136
     2.32506       0.8166
     2.40526       0.7919
     2.48546       0.9287
     2.56556       1.1871
     2.64576       1.4469
     2.72586       1.6105
     2.80606       1.6657
     2.88626       1.6767
     2.96636       1.7351
     3.04656       1.8728
     3.12676       1.9861
     3.20686       1.8845
     3.28706       1.4907
     3.36716       0.9479
     3.44736       0.4829
     3.52756       0.2086
     3.60766       0.0958
     3.68786       0.0639
     3.76796       0.0582
     3.84816       0.0585
     3.92836       0.0626
     4.00846       0.0749
     4.08866       0.0973
     4.16876       0.1228
     4.24896       0.1416
     4.32916       0.1439
     4.40926       0.1306
     4.48946       0.1137
     4.56956        0.115
     4.64976       0.1562
     4.72996       0.2422
     4.81006       0.3489
     4.89026       0.4435
     4.97036       0.5143
     5.05056       0.5765
     5.13076       0.6269
     5.21086       0.6372
     5.29106       0.5846
     5.37116       0.4815
     5.45136       0.3571
     5.53156       0.2508
     5.61166       0.1967
     5.69186       0.2057
     5.77196       0.2534
     5.85216       0.2987
     5.93236       0.3123
     6.01246       0.2958
     6.09266       0.2689
     6.17276       0.2418
     6.25296       0.2165
     6.33316       0.1933
     6.41326       0.1726
     6.49346       0.1537
     6.57356       0.1319
     6.65376       0.1012
     6.73396        0.067
     6.81406       0.0353
     6.89426       0.0152
     6.97436       0.0034
     7.05456            0
     7.13476            0
     7.21486            0
     7.29506            0
     7.37516            0
     7.45536            0
     7.53556            0
     7.61566            0
     7.69586            0
     7.77596            0
     7.85616            0
     7.93636            0
     8.01646            0
     8.09666            0
     8.17686            0
     8.25696            0
     8.33716            0
     8.41726            0
     8.49746            0
     8.57766            0
     8.65776            0
     8.73796            0
     8.81806            0
     8.89826            0
     8.97846            0
     9.05856            0
     9.13876            0
     9.21886            0
     9.29906            0
     9.37926            0
     9.45936            0
     9.53956            0
     9.61966            0
     9.69986            0
     9.78006            0
     9.86016            0
     9.94036            0
     10.0205            0
     10.1007            0
     10.1809            0
      10.261            0
     10.3412            0
     10.4213            0
     10.5015            0
     10.5817            0
     10.6618            0
      10.742            0
     10.8221            0
     10.9023            0
     10.9825            0
     11.0626            0
     11.1428            0
     11.2229            0
     11.3031            0
     11.3833            0
     11.4634            0
     11.5436            0
     11.6237            0
     11.7039            0
     11.7841            0
     11.8642            0
     11.9444            0
     12.0245            0
     12.1047            0
     12.1849            0
      12.265            0
     12.3452            0
     12.4253            0
     12.5055            0
     12.5857            0
     12.6658            0
      12.746            0
     12.8261            0
     12.9063            0
     12.9865            0
     13.0666            0
     13.1468            0
      13.227            0
     13.3071            0
     13.3873            0
     13.4674            0
     13.5476            0
     13.6278            0
     13.7079            0
     13.7881            0
     13.8682            0
     13.9484            0
     14.0286            0
     14.1087            0
     14.1889            0
      14.269            0
     14.3492            0
     14.4294            0
     14.5095            0
     14.5897            0
     14.6698            0
       14.75            0
     14.8302            0
     14.9103            0
     14.9905            0
     15.0706            0
     15.1508            0
      15.231            0
     15.3111            0
     15.3913            0
     15.4714            0
     15.5516            0

    -24.4484      -0.0002
    -24.3682           -0
    -24.2881           -0
    -24.2079           -0
    -24.1278           -0
    -24.0476           -0
    -23.9674           -0
    -23.8873           -0
    -23.8071           -0
     -23.727           -0
    -23.6468           -0
    -23.5666           -0
    -23.4865           -0
    -23.4063           -0
    -23.3262           -0
     -23.246           -0
    -23.1658           -0
    -23.0857           -0
    -23.0055           -0
    -22.9254           -0
    -22.8452           -0
     -22.765           -0
    -22.6849           -0
    -22.6047           -0
    -22.5246           -0
    -22.4444           -0
    -22.3642           -0
    -22.2841           -0
    -22.2039           -0
    -22.1238           -0
    -22.0436           -0
    -21.9634           -0
    -21.8833           -0
    -21.8031      -0.0001
    -21.7229      -0.0011
    -21.6428      -0.0018
    -21.5626      -0.0019
    -21.4825      -0.0018
    -21.4023       -0.001
    -21.3221      -0.0001
     -21.242           -0
    -21.1618           -0
    -21.0817           -0
    -21.0015           -0
    -20.9213           -0
    -20.8412           -0
     -20.761           -0
    -20.6809           -0
    -20.6007           -0
    -20.5205           -0
    -20.4404           -0
    -20.3602           -0
    -20.2801           -0
    -20.1999           -0
    -20.1197           -0
    -20.0396           -0
    -19.9594      -0.0001
    -19.8793      -0.0004
    -19.7991      -0.0014
    -19.7189      -0.0044
    -19.6388      -0.0052
    -19.5586      -0.0063
    -19.4785      -0.0063
    -19.3983      -0.0072
    -19.3181       -0.008
     -19.238        -0.01
    -19.1578      -0.0111
    -19.0777      -0.0129
    -18.9975      -0.0142
    -18.9173      -0.0146
    -18.8372      -0.0151
     -18.757      -0.0129
    -18.6769      -0.0103
    -18.5967      -0.0057
    -18.5165      -0.0037
    -18.4364      -0.0031
    -18.3562      -0.0047
    -18.2761      -0.0078
    -18.1959      -0.0112
    -18.1157      -0.0144
    -18.0356      -0.0189
    -17.9554      -0.0244
    -17.8753      -0.0304
    -17.7951      -0.0378
    -17.7149      -0.0411
    -17.6348      -0.0391
    -17.5546      -0.0326
    -17.4745      -0.0236
    -17.3943      -0.0177
    -17.3141      -0.0147
     -17.234      -0.0142
    -17.1538      -0.0133
    -17.0737      -0.0109
    -16.9935      -0.0077
    -16.9133      -0.0026
    -16.8332      -0.0006
     -16.753           -0
    -16.6728           -0
    -16.5927           -0
    -16.5125           -0
    -16.4324           -0
    -16.3522           -0
     -16.272           -0
    -16.1919           -0
    -16.1117      -0.0008
    -16.0316      -0.0025
    -15.9514      -0.0059
    -15.8712      -0.0105
    -15.7911       -0.014
    -15.7109       -0.014
    -15.6308      -0.0103
    -15.5506      -0.0061
    -15.4704      -0.0025
    -15.3903      -0.0006
    -15.3101           -0
      -15.23           -0
    -15.1498           -0
    -15.0696           -0
    -14.9895           -0
    -14.9093           -0
    -14.8292           -0
     -14.749           -0
    -14.6688           -0
    -14.5887           -0
    -14.5085           -0
    -14.4284           -0
    -14.3482           -0
     -14.268           -0
    -14.1879           -0
    -14.1077           -0
    -14.0276           -0
    -13.9474           -0
    -13.8672           -0
    -13.7871           -0
    -13.7069           -0
    -13.6268           -0
    -13.5466           -0
    -13.4664           -0
    -13.3863           -0
    -13.3061           -0
     -13.226           -0
    -13.1458           -0
    -13.0656           -0
    -12.9855           -0
    -12.9053           -0
    -12.8252           -0
     -12.745           -0
    -12.6648           -0
    -12.5847           -0
    -12.5045           -0
    -12.4244           -0
    -12.3442           -0
     -12.264           -0
    -12.1839           -0
    -12.1037           -0
    -12.0236           -0
    -11.9434           -0
    -11.8632           -0
    -11.7831           -0
    -11.7029           -0
    -11.6227           -0
    -11.5426           -0
    -11.4624           -0
    -11.3823           -0
    -11.3021           -0
    -11.2219           -0
    -11.1418           -0
    -11.0616           -0
    -10.9815           -0
    -10.9013           -0
    -10.8211           -0
     -10.741           -0
    -10.6608           -0
    -10.5807           -0
    -10.5005           -0
    -10.4203           -0
    -10.3402           -0
      -10.26           -0
    -10.1799           -0
    -10.0997           -0
    -10.0195           -0
    -9.93944           -0
    -9.85924           -0
    -9.77914      -0.0001
    -9.69894      -0.0031
    -9.61874      -0.0194
    -9.53864      -0.0732
    -9.45844       -0.219
    -9.37834      -0.5189
    -9.29814      -0.9975
    -9.21794      -1.6173
    -9.13784      -2.2939
    -9.05764      -2.9236
    -8.97754      -3.3653
    -8.89734      -3.4756
    -8.81714      -3.2162
    -8.73704      -2.7037
    -8.65684      -2.1219
    -8.57674      -1.6045
    -8.49654      -1.2058
    -8.41634      -0.9463
    -8.33624       -0.896
    -8.25604      -1.1541
    -8.17594      -1.6915
    -8.09574      -2.2492
    -8.01554      -2.4885
    -7.93544       -2.278
    -7.85524      -1.8193
    -7.77514      -1.4541
    -7.69494      -1.3537
    -7.61474      -1.4227
    -7.53464      -1.5084
    -7.45444        -1.59
    -7.37434      -1.7039
    -7.29414      -1.8022
    -7.21394      -1.8102
    -7.13384      -1.7568
    -7.05364      -1.7356
    -6.97354      -1.7979
    -6.89334      -1.9716
    -6.81314      -2.2807
    -6.73304      -2.7241
    -6.65284      -3.2768
    -6.57264       -3.876
    -6.49254      -4.3723
    -6.41234      -4.5873
    -6.33224      -4.4925
    -6.25204      -4.2963
    -6.17184      -4.2472
    -6.09174      -4.3985
    -6.01154      -4.6341
    -5.93144      -4.8802
    -5.85124      -5.1559
    -5.77104      -5.4443
    -5.69094      -5.6448
    -5.61074      -5.7347
    -5.53064      -5.8907
    -5.45044       -6.339
    -5.37024      -7.1034
    -5.29014      -8.0243
    -5.20994      -8.9843
    -5.12984      -9.8818
    -5.04964     -10.4771
    -4.96944     -10.5127
    -4.88934      -9.9861
    -4.80914      -9.2172
    -4.72904      -8.7008
    -4.64884      -8.8686
    -4.56864      -9.8692
    -4.48854     -11.4609
    -4.40834     -13.1404
    -4.32824      -14.463
    -4.24804     -15.3331
    -4.16784     -15.9103
    -4.08774     -16.2228
    -4.00754     -16.0563
    -3.92744     -15.3691
    -3.84724     -14.5525
    -3.76704      -14.149
    -3.68694      -14.386
    -3.60674     -14.9967
    -3.52664      -15.522
    -3.44644     -15.7986
    -3.36624     -16.0338
    -3.28614      -16.433
    -3.20594     -16.9317
    -3.12584     -17.2169
    -3.04564     -16.8344
    -2.96544     -15.4919
    -2.88534     -13.5067
    -2.80514     -11.7353
    -2.72504     -10.8442
    -2.64484      -10.821
    -2.56464     -11.2836
    -2.48454     -11.8759
    -2.40434     -12.3064
    -2.32424      -12.416
    -2.24404     -12.4203
    -2.16384     -12.7429
    -2.08374     -13.4042
    -2.00354     -13.7966
    -1.92334     -13.2436
    -1.84324     -11.6802
    -1.76304      -9.6564
    -1.68294       -7.766
    -1.60274      -6.2956
    -1.52254      -5.3939
    -1.44244      -5.2012
    -1.36224       -5.671
    -1.28214      -6.4325
    -1.20194      -6.9655
    -1.12174      -6.8632
    -1.04164      -5.9566
   -0.961437      -4.3903
   -0.881337      -2.6475
   -0.801137       -1.264
   -0.720937      -0.4673
   -0.640837       -0.132
   -0.560637      -0.0268
   -0.480537      -0.0037
   -0.400337      -0.0003
   -0.320137           -0
   -0.240037           -0
   -0.159837           -0
  -0.0797367           -0
  0.00046333           -0
   0.0806633           -0
    0.160763           -0
    0.240963           -0
    0.321063           -0
    0.401263           -0
    0.481463           -0
    0.561563      -0.0008
    0.641763      -0.0124
    0.721863      -0.0488
    0.802063      -0.1486
    0.882263      -0.3597
    0.962363      -0.6975
     1.04256      -1.1073
     1.12266       -1.484
     1.20286      -1.7711
     1.28306      -2.0157
     1.36316       -2.301
     1.44336      -2.6653
     1.52346      -3.0942
     1.60366      -3.5308
     1.68386      -3.8865
     1.76396      -4.1386
     1.84416      -4.3985
     1.92426      -4.8009
     2.00446      -5.3054
     2.08466      -5.7626
     2.16476      -6.1795
     2.24496      -6.7197
     2.32506      -7.3578
     2.40526      -7.7601
     2.48546      -7.6267
     2.56556      -7.0041
     2.64576      -6.1328
     2.72586      -5.1328
     2.80606      -4.0046
     2.88626      -2.8337
     2.96636      -1.8454
     3.04656      -1.2462
     3.12676       -1.033
     3.20686      -0.9863
     3.28706      -0.8695
     3.36716      -0.6167
     3.44736      -0.3399
     3.52756      -0.1491
     3.60766      -0.0675
     3.68786      -0.0533
     3.76796      -0.0628
     3.84816      -0.0731
     3.92836      -0.0736
     4.00846      -0.0661
     4.08866      -0.0647
     4.16876      -0.0808
     4.24896      -0.1125
     4.32916      -0.1482
     4.40926      -0.1694
     4.48946      -0.1714
     4.56956      -0.1548
     4.64976      -0.1396
     4.72996      -0.1503
     4.81006      -0.2099
     4.89026      -0.3169
     4.97036      -0.4416
     5.05056       -0.547
     5.13076      -0.6067
     5.21086      -0.6146
     5.29106      -0.5772
     5.37116      -0.5073
     5.45136      -0.4176
     5.53156      -0.3284
     5.61166      -0.2733
     5.69186      -0.2744
     5.77196      -0.3103
     5.85216      -0.3334
     5.93236      -0.3201
     6.01246      -0.2812
     6.09266      -0.2435
     6.17276      -0.2191
     6.25296      -0.2067
     6.33316      -0.2018
     6.41326      -0.2051
     6.49346      -0.2187
     6.57356      -0.2301
     6.65376       -0.219
     6.73396      -0.1766
     6.81406       -0.115
     6.89426      -0.0594
     6.97436      -0.0241
     7.05456      -0.0068
     7.13476      -0.0002
     7.21486           -0
     7.29506           -0
     7.37516           -0
     7.45536           -0
     7.53556           -0
     7.61566           -0
     7.69586           -0
     7.77596           -0
     7.85616           -0
     7.93636           -0
     8.01646           -0
     8.09666           -0
     8.17686           -0
     8.25696           -0
     8.33716           -0
     8.41726           -0
     8.49746           -0
     8.57766           -0
     8.65776           -0
     8.73796           -0
     8.81806           -0
     8.89826           -0
     8.97846           -0
     9.05856           -0
     9.13876           -0
     9.21886           -0
     9.29906           -0
     9.37926           -0
     9.45936           -0
     9.53956           -0
     9.61966           -0
     9.69986           -0
     9.78006           -0
     9.86016           -0
     9.94036           -0
     10.0205           -0
     10.1007           -0
     10.1809           -0
      10.261           -0
     10.3412           -0
     10.4213           -0
     10.5015           -0
     10.5817           -0
     10.6618           -0
      10.742           -0
     10.8221           -0
     10.9023           -0
     10.9825           -0
     11.0626           -0
     11.1428           -0
     11.2229           -0
     11.3031           -0
     11.3833           -0
     11.4634           -0
     11.5436           -0
     11.6237           -0
     11.7039           -0
     11.7841           -0
     11.8642           -0
     11.9444           -0
     12.0245           -0
     12.1047           -0
     12.1849           -0
      12.265           -0
     12.3452           -0
     12.4253           -0
     12.5055           -0
     12.5857           -0
     12.6658           -0
      12.746           -0
     12.8261           -0
     12.9063           -0
     12.9865           -0
     13.0666           -0
     13.1468           -0
      13.227           -0
     13.3071           -0
     13.3873           -0
     13.4674           -0
     13.5476           -0
     13.6278           -0
     13.7079           -0
     13.7881           -0
     13.8682           -0
     13.9484           -0
     14.0286           -0
     14.1087           -0
     14.1889           -0
      14.269           -0
     14.3492           -0
     14.4294           -0
     14.5095           -0
     14.5897           -0
     14.6698           -0
       14.75           -0
     14.8302           -0
     14.9103           -0
     14.9905           -0
     15.0706           -0
     15.1508           -0
      15.231           -0
     15.3111           -0
     15.3913           -0
     15.4714           -0
     15.5516           -0



