-24.4484 12.475 -24.4484 -12.475 -24.4484 0.0 -24.4484 -0.0 -24.4484 0.0001 -24.4484 -0.0001 
-24.3682 0.0 -24.3682 -0.0 -24.3682 0.0 -24.3682 -0.0 -24.3682 0.0 -24.3682 -0.0 
-24.2881 0.0 -24.2881 -0.0 -24.2881 0.0 -24.2881 -0.0 -24.2881 0.0 -24.2881 -0.0 
-24.2079 0.0 -24.2079 -0.0 -24.2079 0.0 -24.2079 -0.0 -24.2079 0.0 -24.2079 -0.0 
-24.1278 0.0 -24.1278 -0.0 -24.1278 0.0 -24.1278 -0.0 -24.1278 0.0 -24.1278 -0.0 
-24.0476 0.0 -24.0476 -0.0 -24.0476 0.0 -24.0476 -0.0 -24.0476 0.0 -24.0476 -0.0 
-23.9674 0.0 -23.9674 -0.0 -23.9674 0.0 -23.9674 -0.0 -23.9674 0.0 -23.9674 -0.0 
-23.8873 0.0 -23.8873 -0.0 -23.8873 0.0 -23.8873 -0.0 -23.8873 0.0 -23.8873 -0.0 
-23.8071 0.0 -23.8071 -0.0 -23.8071 0.0 -23.8071 -0.0 -23.8071 0.0 -23.8071 -0.0 
-23.727 0.0 -23.727 -0.0 -23.727 0.0 -23.727 -0.0 -23.727 0.0 -23.727 -0.0 
-23.6468 0.0 -23.6468 -0.0 -23.6468 0.0 -23.6468 -0.0 -23.6468 0.0 -23.6468 -0.0 
-23.5666 0.0 -23.5666 -0.0 -23.5666 0.0 -23.5666 -0.0 -23.5666 0.0 -23.5666 -0.0 
-23.4865 0.0 -23.4865 -0.0 -23.4865 0.0 -23.4865 -0.0 -23.4865 0.0 -23.4865 -0.0 
-23.4063 0.0 -23.4063 -0.0 -23.4063 0.0 -23.4063 -0.0 -23.4063 0.0 -23.4063 -0.0 
-23.3262 0.0 -23.3262 -0.0 -23.3262 0.0 -23.3262 -0.0 -23.3262 0.0 -23.3262 -0.0 
-23.246 0.0 -23.246 -0.0 -23.246 0.0 -23.246 -0.0 -23.246 0.0 -23.246 -0.0 
-23.1658 0.0 -23.1658 -0.0 -23.1658 0.0 -23.1658 -0.0 -23.1658 0.0 -23.1658 -0.0 
-23.0857 0.0 -23.0857 -0.0 -23.0857 0.0 -23.0857 -0.0 -23.0857 0.0 -23.0857 -0.0 
-23.0055 0.0 -23.0055 -0.0 -23.0055 0.0 -23.0055 -0.0 -23.0055 0.0 -23.0055 -0.0 
-22.9254 0.0 -22.9254 -0.0 -22.9254 0.0 -22.9254 -0.0 -22.9254 0.0 -22.9254 -0.0 
-22.8452 0.0 -22.8452 -0.0 -22.8452 0.0 -22.8452 -0.0 -22.8452 0.0 -22.8452 -0.0 
-22.765 0.0 -22.765 -0.0 -22.765 0.0 -22.765 -0.0 -22.765 0.0 -22.765 -0.0 
-22.6849 0.0 -22.6849 -0.0 -22.6849 0.0 -22.6849 -0.0 -22.6849 0.0 -22.6849 -0.0 
-22.6047 0.0 -22.6047 -0.0 -22.6047 0.0 -22.6047 -0.0 -22.6047 0.0 -22.6047 -0.0 
-22.5246 0.0 -22.5246 -0.0 -22.5246 0.0 -22.5246 -0.0 -22.5246 0.0 -22.5246 -0.0 
-22.4444 0.0 -22.4444 -0.0 -22.4444 0.0 -22.4444 -0.0 -22.4444 0.0 -22.4444 -0.0 
-22.3642 0.0 -22.3642 -0.0 -22.3642 0.0 -22.3642 -0.0 -22.3642 0.0 -22.3642 -0.0 
-22.2841 0.0 -22.2841 -0.0 -22.2841 0.0 -22.2841 -0.0 -22.2841 0.0 -22.2841 -0.0 
-22.2039 0.00015 -22.2039 -0.0002 -22.2039 0.0 -22.2039 -0.0 -22.2039 0.0 -22.2039 -0.0 
-22.1238 0.00185 -22.1238 -0.002 -22.1238 0.0 -22.1238 -0.0 -22.1238 0.0 -22.1238 -0.0 
-22.0436 0.01415 -22.0436 -0.01525 -22.0436 0.0 -22.0436 -0.0 -22.0436 0.0 -22.0436 -0.0 
-21.9634 0.0798 -21.9634 -0.08475 -21.9634 0.0 -21.9634 -0.0 -21.9634 0.0 -21.9634 -0.0 
-21.8833 0.32895 -21.8833 -0.345 -21.8833 0.0 -21.8833 -0.0 -21.8833 0.0 -21.8833 -0.0 
-21.8031 0.99185 -21.8031 -1.0273 -21.8031 5e-05 -21.8031 -0.0 -21.8031 5e-05 -21.8031 -5e-05 
-21.7229 2.1879 -21.7229 -2.23865 -21.7229 5e-05 -21.7229 -5e-05 -21.7229 0.00055 -21.7229 -0.00055 
-21.6428 3.5314 -21.6428 -3.57075 -21.6428 0.0002 -21.6428 -0.00025 -21.6428 0.0009 -21.6428 -0.0009 
-21.5626 4.1711 -21.5626 -4.1694 -21.5626 0.0005 -21.5626 -0.00025 -21.5626 0.00095 -21.5626 -0.00095 
-21.4825 3.60535 -21.4825 -3.56405 -21.4825 0.0003 -21.4825 -0.00025 -21.4825 0.00095 -21.4825 -0.0009 
-21.4023 2.28045 -21.4023 -2.2302 -21.4023 5e-05 -21.4023 -5e-05 -21.4023 0.00065 -21.4023 -0.0005 
-21.3221 1.0554 -21.3221 -1.02145 -21.3221 5e-05 -21.3221 -0.0 -21.3221 5e-05 -21.3221 -5e-05 
-21.242 0.3573 -21.242 -0.34235 -21.242 0.0 -21.242 -0.0 -21.242 0.0 -21.242 -0.0 
-21.1618 0.08845 -21.1618 -0.08395 -21.1618 0.0 -21.1618 -0.0 -21.1618 0.0 -21.1618 -0.0 
-21.0817 0.016 -21.0817 -0.01505 -21.0817 0.0 -21.0817 -0.0 -21.0817 0.0 -21.0817 -0.0 
-21.0015 0.0021 -21.0015 -0.00195 -21.0015 0.0 -21.0015 -0.0 -21.0015 0.0 -21.0015 -0.0 
-20.9213 0.0002 -20.9213 -0.0002 -20.9213 0.0 -20.9213 -0.0 -20.9213 0.0 -20.9213 -0.0 
-20.8412 0.0 -20.8412 -0.0 -20.8412 0.0 -20.8412 -0.0 -20.8412 0.0 -20.8412 -0.0 
-20.761 0.0 -20.761 -0.0 -20.761 0.0 -20.761 -0.0 -20.761 0.0 -20.761 -0.0 
-20.6809 0.0 -20.6809 -0.0 -20.6809 0.0 -20.6809 -0.0 -20.6809 0.0 -20.6809 -0.0 
-20.6007 0.0 -20.6007 -0.0 -20.6007 0.0 -20.6007 -0.0 -20.6007 0.0 -20.6007 -0.0 
-20.5205 0.0002 -20.5205 -0.0 -20.5205 0.0 -20.5205 -0.0 -20.5205 0.0 -20.5205 -0.0 
-20.4404 0.0015 -20.4404 -0.0 -20.4404 0.0 -20.4404 -0.0 -20.4404 0.0 -20.4404 -0.0 
-20.3602 0.0088 -20.3602 -0.0002 -20.3602 0.0 -20.3602 -0.0 -20.3602 0.0 -20.3602 -0.0 
-20.2801 0.0384 -20.2801 -0.0014 -20.2801 0.0 -20.2801 -0.0 -20.2801 0.0 -20.2801 -0.0 
-20.1999 0.12765 -20.1999 -0.0084 -20.1999 0.0 -20.1999 -0.0 -20.1999 0.0 -20.1999 -0.0 
-20.1197 0.32765 -20.1197 -0.03785 -20.1197 0.0004 -20.1197 -0.0 -20.1197 0.0002 -20.1197 -0.0 
-20.0396 0.6645 -20.0396 -0.12965 -20.0396 0.00185 -20.0396 -0.0003 -20.0396 0.0003 -20.0396 -0.0 
-19.9594 1.10075 -19.9594 -0.34315 -19.9594 0.00395 -19.9594 -0.0013 -19.9594 0.0016 -19.9594 -5e-05 
-19.8793 1.55645 -19.8793 -0.71815 -19.8793 0.0076 -19.8793 -0.00375 -19.8793 0.00205 -19.8793 -0.0002 
-19.7991 1.9715 -19.7991 -1.22535 -19.7991 0.0126 -19.7991 -0.0087 -19.7991 0.00305 -19.7991 -0.0007 
-19.7189 2.32525 -19.7189 -1.76675 -19.7189 0.0192 -19.7189 -0.01735 -19.7189 0.0041 -19.7189 -0.0022 
-19.6388 2.62555 -19.6388 -2.22925 -19.6388 0.0266 -19.6388 -0.0291 -19.6388 0.005 -19.6388 -0.0026 
-19.5586 2.93595 -19.5586 -2.54325 -19.5586 0.037 -19.5586 -0.04155 -19.5586 0.0054 -19.5586 -0.00315 
-19.4785 3.3891 -19.4785 -2.7457 -19.4785 0.05145 -19.4785 -0.05245 -19.4785 0.00625 -19.4785 -0.00315 
-19.3983 4.11495 -19.3983 -3.00595 -19.3983 0.07685 -19.3983 -0.06405 -19.3983 0.00725 -19.3983 -0.0036 
-19.3181 5.1869 -19.3181 -3.5102 -19.3181 0.12425 -19.3181 -0.0797 -19.3181 0.008 -19.3181 -0.004 
-19.238 6.65685 -19.238 -4.28345 -19.238 0.2065 -19.238 -0.10175 -19.238 0.00865 -19.238 -0.005 
-19.1578 8.51575 -19.1578 -5.20565 -19.1578 0.33145 -19.1578 -0.1323 -19.1578 0.00925 -19.1578 -0.00555 
-19.0777 10.50715 -19.0777 -6.25255 -19.0777 0.4814 -19.0777 -0.1767 -19.0777 0.0094 -19.0777 -0.00645 
-18.9975 12.03805 -18.9975 -7.6407 -18.9975 0.6058 -18.9975 -0.24745 -18.9975 0.00855 -18.9975 -0.0071 
-18.9173 12.43505 -18.9173 -9.5363 -18.9173 0.64645 -18.9173 -0.35225 -18.9173 0.0082 -18.9173 -0.0073 
-18.8372 11.5052 -18.8372 -11.46765 -18.8372 0.58375 -18.8372 -0.46865 -18.8372 0.008 -18.8372 -0.00755 
-18.757 9.93505 -18.757 -12.2414 -18.757 0.4649 -18.757 -0.53555 -18.757 0.00855 -18.757 -0.00645 
-18.6769 8.8627 -18.6769 -10.9351 -18.6769 0.37095 -18.6769 -0.49845 -18.6769 0.01135 -18.6769 -0.00515 
-18.5967 8.8402 -18.5967 -8.0442 -18.5967 0.34975 -18.5967 -0.3673 -18.5967 0.01455 -18.5967 -0.00285 
-18.5165 9.4438 -18.5165 -5.19745 -18.5165 0.38545 -18.5165 -0.21475 -18.5165 0.0185 -18.5165 -0.00185 
-18.4364 10.0213 -18.4364 -3.653 -18.4364 0.43595 -18.4364 -0.1089 -18.4364 0.02095 -18.4364 -0.00155 
-18.3562 10.5104 -18.3562 -3.4429 -18.3562 0.4843 -18.3562 -0.06515 -18.3562 0.02155 -18.3562 -0.00235 
-18.2761 11.2159 -18.2761 -3.89925 -18.2761 0.5394 -18.2761 -0.06195 -18.2761 0.0219 -18.2761 -0.0039 
-18.1959 11.87075 -18.1959 -4.53755 -18.1959 0.5915 -18.1959 -0.0793 -18.1959 0.0219 -18.1959 -0.0056 
-18.1157 11.43215 -18.1157 -5.3747 -18.1157 0.58715 -18.1157 -0.11325 -18.1157 0.02025 -18.1157 -0.0072 
-18.0356 9.225 -18.0356 -6.6972 -18.0356 0.48595 -18.0356 -0.17215 -18.0356 0.01535 -18.0356 -0.00945 
-17.9554 5.97685 -17.9554 -8.6481 -17.9554 0.31955 -17.9554 -0.2628 -17.9554 0.0093 -17.9554 -0.0122 
-17.8753 3.22905 -17.8753 -10.9279 -17.8753 0.16905 -17.8753 -0.37505 -17.8753 0.00455 -17.8753 -0.0152 
-17.7951 1.95005 -17.7951 -12.76855 -17.7951 0.08765 -17.7951 -0.476 -17.7951 0.00285 -17.7951 -0.0189 
-17.7149 2.00715 -17.7149 -13.2453 -17.7149 0.0724 -17.7149 -0.517 -17.7149 0.00325 -17.7149 -0.02055 
-17.6348 2.60785 -17.6348 -11.91905 -17.6348 0.08875 -17.6348 -0.47025 -17.6348 0.0045 -17.6348 -0.01955 
-17.5546 3.01115 -17.5546 -9.37625 -17.5546 0.10475 -17.5546 -0.35715 -17.5546 0.00515 -17.5546 -0.0163 
-17.4745 3.0881 -17.4745 -6.91395 -17.4745 0.1142 -17.4745 -0.23875 -17.4745 0.0054 -17.4745 -0.0118 
-17.3943 3.29445 -17.3943 -5.5145 -17.3943 0.13465 -17.3943 -0.16785 -17.3943 0.0054 -17.3943 -0.00885 
-17.3141 3.9787 -17.3141 -5.2833 -17.3141 0.1767 -17.3141 -0.15725 -17.3141 0.0063 -17.3141 -0.00735 
-17.234 4.80325 -17.234 -5.72695 -17.234 0.2229 -17.234 -0.1874 -17.234 0.0079 -17.234 -0.0071 
-17.1538 4.99215 -17.1538 -6.09915 -17.1538 0.2375 -17.1538 -0.2213 -17.1538 0.0079 -17.1538 -0.00665 
-17.0737 4.1402 -17.0737 -5.6656 -17.0737 0.1997 -17.0737 -0.21975 -17.0737 0.00615 -17.0737 -0.00545 
-16.9935 2.6492 -16.9935 -4.25125 -16.9935 0.129 -16.9935 -0.1714 -16.9935 0.00355 -16.9935 -0.00385 
-16.9133 1.28455 -16.9133 -2.4678 -16.9133 0.0625 -16.9133 -0.102 -16.9133 0.00145 -16.9133 -0.0013 
-16.8332 0.4666 -16.8332 -1.08335 -16.8332 0.02255 -16.8332 -0.0452 -16.8332 0.00045 -16.8332 -0.0003 
-16.753 0.126 -16.753 -0.35535 -16.753 0.00605 -16.753 -0.0148 -16.753 0.0 -16.753 -0.0 
-16.6728 0.02515 -16.6728 -0.0865 -16.6728 0.0012 -16.6728 -0.00365 -16.6728 0.0 -16.6728 -0.0 
-16.5927 0.0037 -16.5927 -0.01555 -16.5927 0.0002 -16.5927 -0.00055 -16.5927 0.0 -16.5927 -0.0 
-16.5125 0.0004 -16.5125 -0.00205 -16.5125 0.0 -16.5125 -0.0 -16.5125 0.0 -16.5125 -0.0 
-16.4324 0.00025 -16.4324 -0.00035 -16.4324 0.0 -16.4324 -0.0 -16.4324 0.0 -16.4324 -0.0 
-16.3522 0.00185 -16.3522 -0.00135 -16.3522 0.0 -16.3522 -0.0 -16.3522 0.0 -16.3522 -0.0 
-16.272 0.0129 -16.272 -0.0095 -16.272 0.0 -16.272 -0.0 -16.272 0.0 -16.272 -0.0 
-16.1919 0.06735 -16.1919 -0.0515 -16.1919 0.00015 -16.1919 -0.0 -16.1919 5e-05 -16.1919 -0.0 
-16.1117 0.2648 -16.1117 -0.21095 -16.1117 0.00065 -16.1117 -0.00025 -16.1117 0.00055 -16.1117 -0.0004 
-16.0316 0.78695 -16.0316 -0.65615 -16.0316 0.00295 -16.0316 -0.0012 -16.0316 0.00165 -16.0316 -0.00125 
-15.9514 1.77025 -15.9514 -1.55055 -15.9514 0.0063 -15.9514 -0.0033 -15.9514 0.0038 -15.9514 -0.00295 
-15.8712 3.0142 -15.8712 -2.7817 -15.8712 0.0109 -15.8712 -0.00615 -15.8712 0.0062 -15.8712 -0.00525 
-15.7911 3.88055 -15.7911 -3.78045 -15.7911 0.01375 -15.7911 -0.00815 -15.7911 0.0078 -15.7911 -0.007 
-15.7109 3.77055 -15.7109 -3.87975 -15.7109 0.01315 -15.7109 -0.0085 -15.7109 0.0075 -15.7109 -0.007 
-15.6308 2.7586 -15.6308 -2.99575 -15.6308 0.00975 -15.6308 -0.0064 -15.6308 0.0052 -15.6308 -0.00515 
-15.5506 1.5158 -15.5506 -1.734 -15.5506 0.00495 -15.5506 -0.0039 -15.5506 0.00275 -15.5506 -0.00305 
-15.4704 0.6239 -15.4704 -0.7498 -15.4704 0.00225 -15.4704 -0.0013 -15.4704 0.0011 -15.4704 -0.00125 
-15.3903 0.1919 -15.3903 -0.24145 -15.3903 0.0003 -15.3903 -0.0003 -15.3903 0.0003 -15.3903 -0.0003 
-15.3101 0.044 -15.3101 -0.05775 -15.3101 5e-05 -15.3101 -0.0 -15.3101 0.0 -15.3101 -0.0 
-15.23 0.0075 -15.23 -0.01025 -15.23 0.0 -15.23 -0.0 -15.23 0.0 -15.23 -0.0 
-15.1498 0.00095 -15.1498 -0.00135 -15.1498 0.0 -15.1498 -0.0 -15.1498 0.0 -15.1498 -0.0 
-15.0696 0.0001 -15.0696 -0.00015 -15.0696 0.0 -15.0696 -0.0 -15.0696 0.0 -15.0696 -0.0 
-14.9895 0.0 -14.9895 -0.0 -14.9895 0.0 -14.9895 -0.0 -14.9895 0.0 -14.9895 -0.0 
-14.9093 0.0 -14.9093 -0.0 -14.9093 0.0 -14.9093 -0.0 -14.9093 0.0 -14.9093 -0.0 
-14.8292 0.0 -14.8292 -0.0 -14.8292 0.0 -14.8292 -0.0 -14.8292 0.0 -14.8292 -0.0 
-14.749 0.0 -14.749 -0.0 -14.749 0.0 -14.749 -0.0 -14.749 0.0 -14.749 -0.0 
-14.6688 0.0 -14.6688 -0.0 -14.6688 0.0 -14.6688 -0.0 -14.6688 0.0 -14.6688 -0.0 
-14.5887 0.0 -14.5887 -0.0 -14.5887 0.0 -14.5887 -0.0 -14.5887 0.0 -14.5887 -0.0 
-14.5085 0.0 -14.5085 -0.0 -14.5085 0.0 -14.5085 -0.0 -14.5085 0.0 -14.5085 -0.0 
-14.4284 0.0 -14.4284 -0.0 -14.4284 0.0 -14.4284 -0.0 -14.4284 0.0 -14.4284 -0.0 
-14.3482 0.0 -14.3482 -0.0 -14.3482 0.0 -14.3482 -0.0 -14.3482 0.0 -14.3482 -0.0 
-14.268 0.0 -14.268 -0.0 -14.268 0.0 -14.268 -0.0 -14.268 0.0 -14.268 -0.0 
-14.1879 0.0 -14.1879 -0.0 -14.1879 0.0 -14.1879 -0.0 -14.1879 0.0 -14.1879 -0.0 
-14.1077 0.0 -14.1077 -0.0 -14.1077 0.0 -14.1077 -0.0 -14.1077 0.0 -14.1077 -0.0 
-14.0276 0.0 -14.0276 -0.0 -14.0276 0.0 -14.0276 -0.0 -14.0276 0.0 -14.0276 -0.0 
-13.9474 0.0 -13.9474 -0.0 -13.9474 0.0 -13.9474 -0.0 -13.9474 0.0 -13.9474 -0.0 
-13.8672 0.0 -13.8672 -0.0 -13.8672 0.0 -13.8672 -0.0 -13.8672 0.0 -13.8672 -0.0 
-13.7871 0.0 -13.7871 -0.0 -13.7871 0.0 -13.7871 -0.0 -13.7871 0.0 -13.7871 -0.0 
-13.7069 0.0 -13.7069 -0.0 -13.7069 0.0 -13.7069 -0.0 -13.7069 0.0 -13.7069 -0.0 
-13.6268 0.0 -13.6268 -0.0 -13.6268 0.0 -13.6268 -0.0 -13.6268 0.0 -13.6268 -0.0 
-13.5466 0.0 -13.5466 -0.0 -13.5466 0.0 -13.5466 -0.0 -13.5466 0.0 -13.5466 -0.0 
-13.4664 0.0 -13.4664 -0.0 -13.4664 0.0 -13.4664 -0.0 -13.4664 0.0 -13.4664 -0.0 
-13.3863 0.0 -13.3863 -0.0 -13.3863 0.0 -13.3863 -0.0 -13.3863 0.0 -13.3863 -0.0 
-13.3061 0.0 -13.3061 -0.0 -13.3061 0.0 -13.3061 -0.0 -13.3061 0.0 -13.3061 -0.0 
-13.226 0.0 -13.226 -0.0 -13.226 0.0 -13.226 -0.0 -13.226 0.0 -13.226 -0.0 
-13.1458 0.0 -13.1458 -0.0 -13.1458 0.0 -13.1458 -0.0 -13.1458 0.0 -13.1458 -0.0 
-13.0656 0.0 -13.0656 -0.0 -13.0656 0.0 -13.0656 -0.0 -13.0656 0.0 -13.0656 -0.0 
-12.9855 0.0 -12.9855 -0.0 -12.9855 0.0 -12.9855 -0.0 -12.9855 0.0 -12.9855 -0.0 
-12.9053 0.0 -12.9053 -0.0 -12.9053 0.0 -12.9053 -0.0 -12.9053 0.0 -12.9053 -0.0 
-12.8252 0.0 -12.8252 -0.0 -12.8252 0.0 -12.8252 -0.0 -12.8252 0.0 -12.8252 -0.0 
-12.745 0.0 -12.745 -0.0 -12.745 0.0 -12.745 -0.0 -12.745 0.0 -12.745 -0.0 
-12.6648 0.0 -12.6648 -0.0 -12.6648 0.0 -12.6648 -0.0 -12.6648 0.0 -12.6648 -0.0 
-12.5847 0.0 -12.5847 -0.0 -12.5847 0.0 -12.5847 -0.0 -12.5847 0.0 -12.5847 -0.0 
-12.5045 0.0 -12.5045 -0.0 -12.5045 0.0 -12.5045 -0.0 -12.5045 0.0 -12.5045 -0.0 
-12.4244 0.0 -12.4244 -0.0 -12.4244 0.0 -12.4244 -0.0 -12.4244 0.0 -12.4244 -0.0 
-12.3442 0.0 -12.3442 -0.0 -12.3442 0.0 -12.3442 -0.0 -12.3442 0.0 -12.3442 -0.0 
-12.264 0.0 -12.264 -0.0 -12.264 0.0 -12.264 -0.0 -12.264 0.0 -12.264 -0.0 
-12.1839 0.0 -12.1839 -0.0 -12.1839 0.0 -12.1839 -0.0 -12.1839 0.0 -12.1839 -0.0 
-12.1037 0.0 -12.1037 -0.0 -12.1037 0.0 -12.1037 -0.0 -12.1037 0.0 -12.1037 -0.0 
-12.0236 0.0 -12.0236 -0.0 -12.0236 0.0 -12.0236 -0.0 -12.0236 0.0 -12.0236 -0.0 
-11.9434 0.0 -11.9434 -0.0 -11.9434 0.0 -11.9434 -0.0 -11.9434 0.0 -11.9434 -0.0 
-11.8632 0.0 -11.8632 -0.0 -11.8632 0.0 -11.8632 -0.0 -11.8632 0.0 -11.8632 -0.0 
-11.7831 0.0 -11.7831 -0.0 -11.7831 0.0 -11.7831 -0.0 -11.7831 0.0 -11.7831 -0.0 
-11.7029 0.0 -11.7029 -0.0 -11.7029 0.0 -11.7029 -0.0 -11.7029 0.0 -11.7029 -0.0 
-11.6227 0.0 -11.6227 -0.0 -11.6227 0.0 -11.6227 -0.0 -11.6227 0.0 -11.6227 -0.0 
-11.5426 0.0 -11.5426 -0.0 -11.5426 0.0 -11.5426 -0.0 -11.5426 0.0 -11.5426 -0.0 
-11.4624 0.0 -11.4624 -0.0 -11.4624 0.0 -11.4624 -0.0 -11.4624 0.0 -11.4624 -0.0 
-11.3823 0.0 -11.3823 -0.0 -11.3823 0.0 -11.3823 -0.0 -11.3823 0.0 -11.3823 -0.0 
-11.3021 0.0 -11.3021 -0.0 -11.3021 0.0 -11.3021 -0.0 -11.3021 0.0 -11.3021 -0.0 
-11.2219 0.0 -11.2219 -0.0 -11.2219 0.0 -11.2219 -0.0 -11.2219 0.0 -11.2219 -0.0 
-11.1418 0.0 -11.1418 -0.0 -11.1418 0.0 -11.1418 -0.0 -11.1418 0.0 -11.1418 -0.0 
-11.0616 0.0 -11.0616 -0.0 -11.0616 0.0 -11.0616 -0.0 -11.0616 0.0 -11.0616 -0.0 
-10.9815 0.0 -10.9815 -0.0 -10.9815 0.0 -10.9815 -0.0 -10.9815 0.0 -10.9815 -0.0 
-10.9013 0.0 -10.9013 -0.0 -10.9013 0.0 -10.9013 -0.0 -10.9013 0.0 -10.9013 -0.0 
-10.8211 0.0 -10.8211 -0.0 -10.8211 0.0 -10.8211 -0.0 -10.8211 0.0 -10.8211 -0.0 
-10.741 0.0 -10.741 -0.0 -10.741 0.0 -10.741 -0.0 -10.741 0.0 -10.741 -0.0 
-10.6608 0.0 -10.6608 -0.0 -10.6608 0.0 -10.6608 -0.0 -10.6608 0.0 -10.6608 -0.0 
-10.5807 0.0 -10.5807 -0.0 -10.5807 0.0 -10.5807 -0.0 -10.5807 0.0 -10.5807 -0.0 
-10.5005 0.0 -10.5005 -0.0 -10.5005 0.0 -10.5005 -0.0 -10.5005 0.0 -10.5005 -0.0 
-10.4203 0.0 -10.4203 -0.0 -10.4203 0.0 -10.4203 -0.0 -10.4203 0.0 -10.4203 -0.0 
-10.3402 0.0 -10.3402 -0.0 -10.3402 0.0 -10.3402 -0.0 -10.3402 0.0 -10.3402 -0.0 
-10.26 5e-05 -10.26 -0.0 -10.26 0.0 -10.26 -0.0 -10.26 0.0 -10.26 -0.0 
-10.1799 0.00035 -10.1799 -0.0 -10.1799 0.0001 -10.1799 -0.0 -10.1799 0.0 -10.1799 -0.0 
-10.0997 0.0026 -10.0997 -0.0 -10.0997 0.0014 -10.0997 -0.0 -10.0997 0.0 -10.0997 -0.0 
-10.0195 0.0141 -10.0195 -0.0 -10.0195 0.00885 -10.0195 -0.0 -10.0195 0.0014 -10.0195 -0.0 
-9.93944 0.0582 -9.93944 -0.0 -9.93944 0.0376 -9.93944 -0.0 -9.93944 0.0077 -9.93944 -0.0 
-9.85924 0.18785 -9.85924 -0.0002 -9.85924 0.12265 -9.85924 -0.0 -9.85924 0.02575 -9.85924 -0.0 
-9.77914 0.48825 -9.77914 -0.0017 -9.77914 0.3237 -9.77914 -0.0012 -9.77914 0.0664 -9.77914 -5e-05 
-9.69894 1.0641 -9.69894 -0.01135 -9.69894 0.7206 -9.69894 -0.00795 -9.69894 0.1434 -9.69894 -0.00155 
-9.61874 2.0333 -9.61874 -0.0576 -9.61874 1.4164 -9.61874 -0.0406 -9.61874 0.2689 -9.61874 -0.0097 
-9.53864 3.5206 -9.53864 -0.22305 -9.53864 2.5266 -9.53864 -0.1588 -9.53864 0.4554 -9.53864 -0.0366 
-9.45844 5.56755 -9.45844 -0.6696 -9.45844 4.1019 -9.45844 -0.47885 -9.45844 0.7041 -9.45844 -0.1095 
-9.37834 7.9658 -9.37834 -1.5947 -9.37834 5.97885 -9.37834 -1.1465 -9.37834 0.98795 -9.37834 -0.25945 
-9.29814 10.2946 -9.29814 -3.1082 -9.29814 7.81155 -9.29814 -2.24835 -9.29814 1.25615 -9.29814 -0.49875 
-9.21794 12.33065 -9.21794 -5.1521 -9.21794 9.4138 -9.21794 -3.7644 -9.21794 1.4812 -9.21794 -0.80865 
-9.13784 14.3297 -9.13784 -7.5438 -9.13784 10.99795 -9.13784 -5.58515 -9.13784 1.6897 -9.13784 -1.14695 
-9.05764 16.6348 -9.05764 -9.9943 -9.05764 12.852 -9.05764 -7.51175 -9.05764 1.92525 -9.05764 -1.4618 
-8.97754 19.0919 -8.97754 -12.02955 -8.97754 14.8481 -8.97754 -9.17555 -8.97754 2.1823 -8.97754 -1.68265 
-8.89734 21.05875 -8.89734 -13.11925 -8.89734 16.4462 -8.89734 -10.14375 -8.89734 2.39945 -8.89734 -1.7378 
-8.81714 21.9209 -8.81714 -13.0979 -8.81714 17.13765 -8.81714 -10.2686 -8.81714 2.5027 -8.81714 -1.6081 
-8.73704 21.64855 -8.73704 -12.3137 -8.73704 16.9048 -8.73704 -9.8121 -8.73704 2.4665 -8.73704 -1.35185 
-8.65684 20.9803 -8.65684 -11.2614 -8.65684 16.36265 -8.65684 -9.1576 -8.65684 2.35185 -8.65684 -1.06095 
-8.57674 20.7881 -8.57674 -10.18055 -8.57674 16.2449 -8.57674 -8.4714 -8.57674 2.24085 -8.57674 -0.80225 
-8.49654 21.18525 -8.49654 -8.9537 -8.49654 16.6782 -8.49654 -7.60205 -8.49654 2.14535 -8.49654 -0.6029 
-8.41634 21.60085 -8.41634 -7.41995 -8.41634 17.21185 -8.41634 -6.35885 -8.41634 2.01885 -8.41634 -0.47315 
-8.33624 21.50955 -8.33624 -5.95345 -8.33624 17.37975 -8.33624 -5.02855 -8.33624 1.84455 -8.33624 -0.448 
-8.25604 20.7399 -8.25604 -5.4364 -8.25604 16.98295 -8.25604 -4.37745 -8.25604 1.64415 -8.25604 -0.57705 
-8.17594 19.58 -8.17594 -6.2973 -8.17594 16.2411 -8.17594 -4.8363 -8.17594 1.4464 -8.17594 -0.84575 
-8.09574 18.84005 -8.09574 -7.80685 -8.09574 15.8509 -8.09574 -5.8934 -8.09574 1.28995 -8.09574 -1.1246 
-8.01554 19.21605 -8.01554 -8.6407 -8.01554 16.4033 -8.01554 -6.51765 -8.01554 1.2169 -8.01554 -1.24425 
-7.93544 20.4035 -7.93544 -8.1329 -7.93544 17.62815 -7.93544 -6.1583 -7.93544 1.20855 -7.93544 -1.139 
-7.85524 21.2063 -7.85524 -6.9063 -7.85524 18.51185 -7.85524 -5.2598 -7.85524 1.1778 -7.85524 -0.90965 
-7.77514 20.5765 -7.77514 -6.18475 -7.77514 18.1417 -7.77514 -4.7451 -7.77514 1.06145 -7.77514 -0.72705 
-7.69494 18.43235 -7.69494 -6.4727 -7.69494 16.3693 -7.69494 -4.9873 -7.69494 0.9026 -7.69494 -0.67685 
-7.61474 15.5733 -7.61474 -7.1459 -7.61474 13.81705 -7.61474 -5.4754 -7.61474 0.7956 -7.61474 -0.71135 
-7.53464 12.8914 -7.53464 -7.4245 -7.53464 11.31095 -7.53464 -5.57115 -7.53464 0.75965 -7.53464 -0.7542 
-7.45444 10.7521 -7.45444 -7.31415 -7.45444 9.3057 -7.45444 -5.2577 -7.45444 0.7225 -7.45444 -0.795 
-7.37434 9.1884 -7.37434 -7.2165 -7.37434 7.9189 -7.37434 -4.8586 -7.37434 0.6261 -7.37434 -0.85195 
-7.29414 8.154 -7.29414 -7.03935 -7.29414 7.0863 -7.29414 -4.34175 -7.29414 0.4935 -7.29414 -0.9011 
-7.21394 7.2065 -7.21394 -6.3738 -7.21394 6.33705 -7.21394 -3.4315 -7.21394 0.36685 -7.21394 -0.9051 
-7.13384 5.6919 -7.13384 -5.2817 -7.13384 5.04595 -7.13384 -2.2232 -7.13384 0.25295 -7.13384 -0.8784 
-7.05364 3.63585 -7.05364 -4.22545 -7.05364 3.23655 -7.05364 -1.17155 -7.05364 0.1505 -7.05364 -0.8678 
-6.97354 1.7779 -6.97354 -3.4845 -6.97354 1.58405 -6.97354 -0.55995 -6.97354 0.0722 -6.97354 -0.89895 
-6.89334 0.6566 -6.89334 -3.11735 -6.89334 0.5784 -6.89334 -0.32815 -6.89334 0.03 -6.89334 -0.9858 
-6.81314 0.2066 -6.81314 -3.18995 -6.81314 0.1583 -6.81314 -0.2965 -6.81314 0.02165 -6.81314 -1.14035 
-6.73304 0.1242 -6.73304 -3.75545 -6.73304 0.04055 -6.73304 -0.34565 -6.73304 0.04075 -6.73304 -1.36205 
-6.65284 0.216 -6.65284 -4.7429 -6.65284 0.03165 -6.65284 -0.4269 -6.65284 0.09225 -6.65284 -1.6384 
-6.57264 0.43855 -6.57264 -5.87565 -6.57264 0.0649 -6.57264 -0.51775 -6.57264 0.18885 -6.57264 -1.938 
-6.49254 0.83095 -6.49254 -6.6817 -6.49254 0.1375 -6.49254 -0.586 -6.49254 0.35355 -6.49254 -2.18615 
-6.41234 1.47145 -6.41234 -6.77405 -6.41234 0.26895 -6.41234 -0.60175 -6.41234 0.61885 -6.41234 -2.29365 
-6.33224 2.43055 -6.33224 -6.22605 -6.33224 0.48045 -6.33224 -0.56725 -6.33224 1.0131 -6.33224 -2.24625 
-6.25204 3.6962 -6.25204 -5.54155 -6.25204 0.7733 -6.25204 -0.52255 -6.25204 1.53155 -6.25204 -2.14815 
-6.17184 5.11925 -6.17184 -5.1746 -6.17184 1.1156 -6.17184 -0.50915 -6.17184 2.1147 -6.17184 -2.1236 
-6.09174 6.4415 -6.09174 -5.1748 -6.09174 1.4405 -6.09174 -0.5332 -6.09174 2.6606 -6.09174 -2.19925 
-6.01154 7.42515 -6.01154 -5.33405 -6.01154 1.68415 -6.01154 -0.57505 -6.01154 3.0744 -6.01154 -2.31705 
-5.93144 8.02575 -5.93144 -5.5223 -5.93144 1.83095 -5.93144 -0.6208 -5.93144 3.3357 -5.93144 -2.4401 
-5.85124 8.4601 -5.85124 -5.7576 -5.85124 1.92865 -5.85124 -0.6716 -5.85124 3.5291 -5.85124 -2.57795 
-5.77104 9.0383 -5.77104 -6.03505 -5.77104 2.03945 -5.77104 -0.7287 -5.77104 3.779 -5.77104 -2.72215 
-5.69094 9.82355 -5.69094 -6.2583 -5.69094 2.1762 -5.69094 -0.78465 -5.69094 4.11165 -5.69094 -2.8224 
-5.61074 10.4714 -5.61074 -6.40075 -5.61074 2.2772 -5.61074 -0.8388 -5.61074 4.3853 -5.61074 -2.86735 
-5.53064 10.5791 -5.53064 -6.6403 -5.53064 2.25465 -5.53064 -0.9173 -5.53064 4.44545 -5.53064 -2.94535 
-5.45044 10.19355 -5.45044 -7.19765 -5.45044 2.09965 -5.45044 -1.04695 -5.45044 4.3308 -5.45044 -3.1695 
-5.37024 9.73595 -5.37024 -8.06965 -5.37024 1.9 -5.37024 -1.2296 -5.37024 4.2189 -5.37024 -3.5517 
-5.29014 9.46305 -5.29014 -9.0813 -5.29014 1.7391 -5.29014 -1.44685 -5.29014 4.19865 -5.29014 -4.01215 
-5.20994 9.2808 -5.20994 -10.12445 -5.20994 1.6347 -5.20994 -1.686 -5.20994 4.2036 -5.20994 -4.49215 
-5.12984 9.0341 -5.12984 -11.10445 -5.12984 1.56315 -5.12984 -1.9181 -5.12984 4.1543 -5.12984 -4.9409 
-5.04964 8.7008 -5.04964 -11.74955 -5.04964 1.50225 -5.04964 -2.073 -5.04964 4.04335 -5.04964 -5.23855 
-4.96944 8.3066 -4.96944 -11.7566 -4.96944 1.43385 -4.96944 -2.0865 -4.96944 3.89335 -4.96944 -5.25635 
-4.88934 7.8985 -4.88934 -11.1098 -4.88934 1.35145 -4.88934 -1.9625 -4.88934 3.7407 -4.88934 -4.99305 
-4.80914 7.6831 -4.80914 -10.15805 -4.80914 1.2888 -4.80914 -1.7787 -4.80914 3.69545 -4.80914 -4.6086 
-4.72904 8.0047 -4.72904 -9.44495 -4.72904 1.3078 -4.72904 -1.6442 -4.72904 3.9305 -4.72904 -4.3504 
-4.64884 8.9912 -4.64884 -9.44545 -4.64884 1.4359 -4.64884 -1.66115 -4.64884 4.50565 -4.64884 -4.4343 
-4.56864 10.27105 -4.56864 -10.32055 -4.56864 1.6166 -4.56864 -1.87635 -4.56864 5.22615 -4.56864 -4.9346 
-4.48854 11.2776 -4.48854 -11.8229 -4.48854 1.75295 -4.48854 -2.24645 -4.48854 5.7963 -4.48854 -5.73045 
-4.40834 11.81185 -4.40834 -13.43595 -4.40834 1.80365 -4.40834 -2.6469 -4.40834 6.11305 -4.40834 -6.5702 
-4.32824 12.04865 -4.32824 -14.69945 -4.32824 1.7945 -4.32824 -2.95985 -4.32824 6.2728 -4.32824 -7.2315 
-4.24804 12.11855 -4.24804 -15.49565 -4.24804 1.7585 -4.24804 -3.1569 -4.24804 6.34785 -4.24804 -7.66655 
-4.16784 12.05155 -4.16784 -15.9795 -4.16784 1.71385 -4.16784 -3.2812 -4.16784 6.35595 -4.16784 -7.95515 
-4.08774 11.97965 -4.08774 -16.1954 -4.08774 1.6826 -4.08774 -3.34695 -4.08774 6.36655 -4.08774 -8.1114 
-4.00754 12.01165 -4.00754 -15.95585 -4.00754 1.6706 -4.00754 -3.30965 -4.00754 6.43425 -4.00754 -8.02815 
-3.92744 12.03395 -3.92744 -15.21625 -3.92744 1.6592 -3.92744 -3.15905 -3.92744 6.48605 -3.92744 -7.68455 
-3.84724 11.89205 -3.84724 -14.34505 -3.84724 1.6363 -3.84724 -2.9739 -3.84724 6.4305 -3.84724 -7.27625 
-3.76704 11.6259 -3.76704 -13.8691 -3.76704 1.61395 -3.76704 -2.86615 -3.76704 6.2942 -3.76704 -7.0745 
-3.68694 11.3928 -3.68694 -14.0207 -3.68694 1.60785 -3.68694 -2.8856 -3.68694 6.1725 -3.68694 -7.193 
-3.60674 11.3199 -3.60674 -14.54675 -3.60674 1.6256 -3.60674 -2.98555 -3.60674 6.1379 -3.60674 -7.49835 
-3.52664 11.4644 -3.52664 -14.991 -3.52664 1.67655 -3.52664 -3.0727 -3.52664 6.21715 -3.52664 -7.761 
-3.44644 11.79655 -3.44644 -15.171 -3.44644 1.76785 -3.44644 -3.09545 -3.44644 6.39265 -3.44644 -7.8993 
-3.36624 12.25605 -3.36624 -15.25795 -3.36624 1.90215 -3.36624 -3.06215 -3.36624 6.63955 -3.36624 -8.0169 
-3.28614 12.7936 -3.28614 -15.4297 -3.28614 2.0693 -3.28614 -2.9849 -3.28614 6.94345 -3.28614 -8.2165 
-3.20594 13.24405 -3.20594 -15.6323 -3.20594 2.22715 -3.20594 -2.85635 -3.20594 7.2133 -3.20594 -8.46585 
-3.12584 13.32835 -3.12584 -15.6167 -3.12584 2.31255 -3.12584 -2.6639 -3.12584 7.282 -3.12584 -8.60845 
-3.04564 12.9467 -3.04564 -15.03805 -3.04564 2.29515 -3.04564 -2.39585 -3.04564 7.08485 -3.04564 -8.4172 
-2.96544 12.3191 -2.96544 -13.68405 -2.96544 2.20875 -2.96544 -2.0533 -2.96544 6.7465 -2.96544 -7.74595 
-2.88534 11.768 -2.88534 -11.83305 -2.88534 2.12095 -2.88534 -1.6895 -2.88534 6.44975 -2.88534 -6.75335 
-2.80514 11.51925 -2.80514 -10.2054 -2.80514 2.09135 -2.80514 -1.4033 -2.80514 6.3178 -2.80514 -5.86765 
-2.72504 11.68345 -2.72504 -9.35195 -2.72504 2.14895 -2.72504 -1.25725 -2.72504 6.41495 -2.72504 -5.4221 
-2.64484 12.18005 -2.64484 -9.25595 -2.64484 2.2671 -2.64484 -1.2327 -2.64484 6.71055 -2.64484 -5.4105 
-2.56464 12.66135 -2.56464 -9.58935 -2.56464 2.36635 -2.56464 -1.2773 -2.56464 7.02125 -2.56464 -5.6418 
-2.48454 12.74545 -2.48454 -10.0508 -2.48454 2.38135 -2.48454 -1.349 -2.48454 7.12575 -2.48454 -5.93795 
-2.40434 12.36245 -2.40434 -10.38505 -2.40434 2.31835 -2.40434 -1.40425 -2.40434 6.96595 -2.40434 -6.1532 
-2.32424 11.7344 -2.32424 -10.4445 -2.32424 2.2265 -2.32424 -1.4043 -2.32424 6.6571 -2.32424 -6.208 
-2.24404 11.0853 -2.24404 -10.3987 -2.24404 2.13175 -2.24404 -1.3599 -2.24404 6.33005 -2.24404 -6.21015 
-2.16384 10.49905 -2.16384 -10.6006 -2.16384 2.0256 -2.16384 -1.3238 -2.16384 6.043 -2.16384 -6.37145 
-2.08374 9.98195 -2.08374 -11.0759 -2.08374 1.9014 -2.08374 -1.3241 -2.08374 5.80275 -2.08374 -6.7021 
-2.00354 9.6303 -2.00354 -11.34415 -2.00354 1.7841 -2.00354 -1.3298 -2.00354 5.6636 -2.00354 -6.8983 
-1.92334 9.74685 -1.92334 -10.88395 -1.92334 1.7388 -1.92334 -1.2962 -1.92334 5.80435 -1.92334 -6.6218 
-1.84324 10.5519 -1.84324 -9.6629 -1.84324 1.81325 -1.84324 -1.2128 -1.84324 6.3596 -1.84324 -5.8401 
-1.76304 11.71055 -1.76304 -8.1044 -1.76304 1.9637 -1.76304 -1.10125 -1.76304 7.12725 -1.76304 -4.8282 
-1.68294 12.5241 -1.68294 -6.63585 -1.68294 2.08265 -1.68294 -0.9833 -1.68294 7.6796 -1.68294 -3.883 
-1.60274 12.70655 -1.60274 -5.46405 -1.60274 2.12175 -1.60274 -0.8836 -1.60274 7.83695 -1.60274 -3.1478 
-1.52254 12.6104 -1.52254 -4.7325 -1.52254 2.11475 -1.52254 -0.8433 -1.52254 7.81735 -1.52254 -2.69695 
-1.44244 12.5734 -1.44244 -4.6022 -1.44244 2.08745 -1.44244 -0.9019 -1.44244 7.83905 -1.44244 -2.6006 
-1.36224 12.34755 -1.36224 -5.0647 -1.36224 1.99445 -1.36224 -1.0562 -1.36224 7.74325 -1.36224 -2.8355 
-1.28214 11.38525 -1.28214 -5.8115 -1.28214 1.77105 -1.28214 -1.23935 -1.28214 7.1648 -1.28214 -3.21625 
-1.20194 9.5779 -1.20194 -6.37675 -1.20194 1.42795 -1.20194 -1.35625 -1.20194 6.0105 -1.20194 -3.48275 
-1.12174 7.47765 -1.12174 -6.3672 -1.12174 1.06855 -1.12174 -1.3353 -1.12174 4.63115 -1.12174 -3.4316 
-1.04164 5.7636 -1.04164 -5.5901 -1.04164 0.80195 -1.04164 -1.15115 -1.04164 3.48875 -1.04164 -2.9783 
-0.961437 4.6702 -0.961437 -4.15865 -0.961437 0.6587 -0.961437 -0.8413 -0.961437 2.7663 -0.961437 -2.19515 
-0.881337 3.9482 -0.881337 -2.5246 -0.881337 0.58335 -0.881337 -0.5022 -0.881337 2.31995 -0.881337 -1.32375 
-0.801137 3.2172 -0.801137 -1.2123 -0.801137 0.49925 -0.801137 -0.23735 -0.801137 1.89885 -0.801137 -0.632 
-0.720937 2.3202 -0.720937 -0.45035 -0.720937 0.37395 -0.720937 -0.08675 -0.720937 1.38385 -0.720937 -0.23365 
-0.640837 1.40005 -0.640837 -0.1275 -0.640837 0.2319 -0.640837 -0.02405 -0.640837 0.8453 -0.640837 -0.066 
-0.560637 0.68495 -0.560637 -0.02725 -0.560637 0.1157 -0.560637 -0.00465 -0.560637 0.4184 -0.560637 -0.0134 
-0.480537 0.2665 -0.480537 -0.00435 -0.480537 0.0454 -0.480537 -0.0004 -0.480537 0.16475 -0.480537 -0.00185 
-0.400337 0.08125 -0.400337 -0.0005 -0.400337 0.0139 -0.400337 -0.0 -0.400337 0.0503 -0.400337 -0.00015 
-0.320137 0.01915 -0.320137 -5e-05 -0.320137 0.00275 -0.320137 -0.0 -0.320137 0.01205 -0.320137 -0.0 
-0.240037 0.00345 -0.240037 -0.0 -0.240037 0.00045 -0.240037 -0.0 -0.240037 0.00165 -0.240037 -0.0 
-0.159837 0.00045 -0.159837 -0.0 -0.159837 5e-05 -0.159837 -0.0 -0.159837 0.0002 -0.159837 -0.0 
-0.0797367 5e-05 -0.0797367 -0.0 -0.0797367 0.0 -0.0797367 -0.0 -0.0797367 0.0 -0.0797367 -0.0 
0.00046333 0.0 0.00046333 -0.0 0.00046333 0.0 0.00046333 -0.0 0.00046333 0.0 0.00046333 -0.0 
0.0806633 0.0 0.0806633 -0.0 0.0806633 0.0 0.0806633 -0.0 0.0806633 0.0 0.0806633 -0.0 
0.160763 5e-05 0.160763 -0.0 0.160763 0.0 0.160763 -0.0 0.160763 0.0 0.160763 -0.0 
0.240963 0.00055 0.240963 -0.0 0.240963 0.0 0.240963 -0.0 0.240963 0.0 0.240963 -0.0 
0.321063 0.00425 0.321063 -5e-05 0.321063 0.00025 0.321063 -0.0 0.321063 0.0003 0.321063 -0.0 
0.401263 0.02415 0.401263 -0.00035 0.401263 0.00175 0.401263 -5e-05 0.401263 0.00215 0.401263 -0.0 
0.481463 0.10255 0.481463 -0.003 0.481463 0.00915 0.481463 -0.0023 0.481463 0.00965 0.481463 -0.0 
0.561563 0.3332 0.561563 -0.0196 0.561563 0.03385 0.561563 -0.0158 0.561563 0.03325 0.561563 -0.0004 
0.641763 0.84635 0.641763 -0.0985 0.641763 0.1079 0.641763 -0.0793 0.641763 0.08645 0.641763 -0.0062 
0.721863 1.73505 0.721863 -0.38425 0.721863 0.30455 0.721863 -0.31265 0.721863 0.18335 0.721863 -0.0244 
0.802063 2.98425 0.802063 -1.17755 0.802063 0.75805 0.802063 -0.96155 0.802063 0.324 0.802063 -0.0743 
0.882263 4.4892 0.882263 -2.86825 0.882263 1.6305 0.882263 -2.3521 0.882263 0.4975 0.882263 -0.17985 
0.962363 6.1651 0.962363 -5.6268 0.962363 3.01625 0.962363 -4.63555 0.962363 0.69045 0.962363 -0.34875 
1.04256 8.0928 1.04256 -9.05125 1.04256 4.9185 1.04256 -7.4901 1.04256 0.9052 1.04256 -0.55365 
1.12266 10.53375 1.12266 -12.29015 1.12266 7.33465 1.12266 -10.2127 1.12266 1.16485 1.12266 -0.742 
1.20286 13.5709 1.20286 -14.7355 1.20286 10.16115 1.20286 -12.2873 1.20286 1.47485 1.20286 -0.88555 
1.28306 16.5478 1.28306 -16.47105 1.28306 12.82235 1.28306 -13.7641 1.28306 1.7821 1.28306 -1.00785 
1.36316 18.06895 1.36316 -17.9284 1.36316 14.2038 1.36316 -14.99405 1.36316 1.9612 1.36316 -1.1505 
1.44336 17.00935 1.44336 -19.45495 1.44336 13.42135 1.44336 -16.28025 1.44336 1.8954 1.44336 -1.33265 
1.52346 13.6793 1.52346 -21.28685 1.52346 10.75665 1.52346 -17.8448 1.52346 1.59245 1.52346 -1.5471 
1.60366 9.6583 1.60366 -23.35965 1.60366 7.50775 1.60366 -19.63815 1.60366 1.19565 1.60366 -1.7654 
1.68386 6.3632 1.68386 -25.0348 1.68386 4.8045 1.68386 -21.08575 1.68386 0.85045 1.68386 -1.94325 
1.76396 4.1829 1.76396 -25.6363 1.76396 2.91425 1.76396 -21.55975 1.76396 0.6039 1.76396 -2.0693 
1.84416 2.92295 1.84416 -25.37075 1.84416 1.6472 1.84416 -21.1973 1.84416 0.45275 1.84416 -2.19925 
1.92426 2.3782 1.92426 -25.06655 1.92426 0.8782 1.92426 -20.70835 1.92426 0.3929 1.92426 -2.40045 
2.00446 2.361 2.00446 -24.92875 2.00446 0.5585 2.00446 -20.3068 2.00446 0.40665 2.00446 -2.6527 
2.08466 2.6295 2.08466 -24.4182 2.08466 0.6023 2.08466 -19.57145 2.08466 0.452 2.08466 -2.8813 
2.16476 2.94505 2.16476 -23.47685 2.16476 0.90195 2.16476 -18.45265 2.16476 0.47865 2.16476 -3.08975 
2.24496 3.20785 2.24496 -22.82015 2.24496 1.4101 2.24496 -17.54315 2.24496 0.4568 2.24496 -3.35985 
2.32506 3.63445 2.32506 -22.76465 2.32506 2.21775 2.32506 -17.1518 2.32506 0.4083 2.32506 -3.6789 
2.40526 4.6797 2.40526 -22.6694 2.40526 3.52145 2.40526 -16.84955 2.40526 0.39595 2.40526 -3.88005 
2.48546 6.52365 2.48546 -21.8015 2.48546 5.33965 2.48546 -16.10935 2.48546 0.46435 2.48546 -3.81335 
2.56556 8.64315 2.56556 -20.07015 2.56556 7.21545 2.56556 -14.8308 2.56556 0.59355 2.56556 -3.50205 
2.64576 10.1008 2.64576 -17.6851 2.64576 8.40695 2.64576 -13.08405 2.64576 0.72345 2.64576 -3.0664 
2.72586 10.28845 2.72586 -14.6839 2.72586 8.4567 2.72586 -10.82595 2.72586 0.80525 2.72586 -2.5664 
2.80606 9.31935 2.80606 -11.15435 2.80606 7.5043 2.80606 -8.13335 2.80606 0.83285 2.80606 -2.0023 
2.88626 7.84875 2.88626 -7.60745 2.88626 6.13545 2.88626 -5.4512 2.88626 0.83835 2.88626 -1.41685 
2.96636 6.62455 2.96636 -4.81005 2.96636 4.99675 2.96636 -3.38585 2.96636 0.86755 2.96636 -0.9227 
3.04656 6.0011 3.04656 -3.2497 3.04656 4.38945 3.04656 -2.2766 3.04656 0.9364 3.04656 -0.6231 
3.12676 5.69655 3.12676 -2.77335 3.12676 4.09535 3.12676 -1.9699 3.12676 0.99305 3.12676 -0.5165 
3.20686 5.09955 3.20686 -2.708 3.20686 3.63615 3.20686 -1.95095 3.20686 0.94225 3.20686 -0.49315 
3.28706 3.92 3.28706 -2.4014 3.28706 2.7723 3.28706 -1.73975 3.28706 0.74535 3.28706 -0.43475 
3.36716 2.4752 3.36716 -1.71255 3.36716 1.713 3.36716 -1.23655 3.36716 0.47395 3.36716 -0.30835 
3.44736 1.30165 3.44736 -0.9557 3.44736 0.83485 3.44736 -0.67195 3.44736 0.24145 3.44736 -0.16995 
3.52756 0.64305 3.52756 -0.44715 3.52756 0.3183 3.52756 -0.2777 3.52756 0.1043 3.52756 -0.07455 
3.60766 0.38375 3.60766 -0.24315 3.60766 0.0974 3.60766 -0.0915 3.60766 0.0479 3.60766 -0.03375 
3.68786 0.30555 3.68786 -0.2304 3.68786 0.02805 3.68786 -0.0316 3.68786 0.03195 3.68786 -0.02665 
3.76796 0.27495 3.76796 -0.2821 3.76796 0.0124 3.76796 -0.0202 3.76796 0.0291 3.76796 -0.0314 
3.84816 0.25465 3.84816 -0.31525 3.84816 0.00895 3.84816 -0.01855 3.84816 0.02925 3.84816 -0.03655 
3.92836 0.2546 3.92836 -0.29885 3.92836 0.0078 3.92836 -0.0159 3.92836 0.0313 3.92836 -0.0368 
4.00846 0.29205 4.00846 -0.25315 4.00846 0.0076 4.00846 -0.0124 4.00846 0.03745 4.00846 -0.03305 
4.08866 0.3658 4.08866 -0.23 4.08866 0.0083 4.08866 -0.01115 4.08866 0.04865 4.08866 -0.03235 
4.16876 0.4509 4.16876 -0.2694 4.16876 0.00955 4.16876 -0.013 4.16876 0.0614 4.16876 -0.0404 
4.24896 0.5115 4.24896 -0.3642 4.24896 0.01125 4.24896 -0.0171 4.24896 0.0708 4.24896 -0.05625 
4.32916 0.52265 4.32916 -0.46985 4.32916 0.01165 4.32916 -0.02125 4.32916 0.07195 4.32916 -0.0741 
4.40926 0.49615 4.40926 -0.5441 4.40926 0.0111 4.40926 -0.02365 4.40926 0.0653 4.40926 -0.0847 
4.48946 0.4934 4.48946 -0.57705 4.48946 0.01135 4.48946 -0.0233 4.48946 0.05685 4.48946 -0.0857 
4.56956 0.6168 4.56956 -0.6044 4.56956 0.0157 4.56956 -0.02145 4.56956 0.0575 4.56956 -0.0774 
4.64976 0.9665 4.64976 -0.7079 4.64976 0.0269 4.64976 -0.02185 4.64976 0.0781 4.64976 -0.0698 
4.72996 1.5484 4.72996 -0.9835 4.72996 0.0444 4.72996 -0.02805 4.72996 0.1211 4.72996 -0.07515 
4.81006 2.22295 4.81006 -1.4838 4.81006 0.0622 4.81006 -0.0448 4.81006 0.17445 4.81006 -0.10495 
4.89026 2.8337 4.89026 -2.18875 4.89026 0.07245 4.89026 -0.06965 4.89026 0.22175 4.89026 -0.15845 
4.97036 3.38415 4.97036 -3.0218 4.97036 0.07415 4.97036 -0.0955 4.97036 0.25715 4.97036 -0.2208 
5.05056 3.93825 5.05056 -3.843 5.05056 0.0716 5.05056 -0.1142 5.05056 0.28825 5.05056 -0.2735 
5.13076 4.35115 5.13076 -4.41865 5.13076 0.068 5.13076 -0.1191 5.13076 0.31345 5.13076 -0.30335 
5.21086 4.32875 5.21086 -4.5071 5.21086 0.06145 5.21086 -0.11015 5.21086 0.3186 5.21086 -0.3073 
5.29106 3.78345 5.29106 -4.06205 5.29106 0.0508 5.29106 -0.09285 5.29106 0.2923 5.29106 -0.2886 
5.37116 2.92585 5.37116 -3.28635 5.37116 0.03795 5.37116 -0.0738 5.37116 0.24075 5.37116 -0.25365 
5.45136 2.0307 5.45136 -2.4417 5.45136 0.0259 5.45136 -0.05575 5.45136 0.17855 5.45136 -0.2088 
5.53156 1.2928 5.53156 -1.7042 5.53156 0.0175 5.53156 -0.0426 5.53156 0.1254 5.53156 -0.1642 
5.61166 0.8393 5.61166 -1.1907 5.61166 0.0141 5.61166 -0.0358 5.61166 0.09835 5.61166 -0.13665 
5.69186 0.70405 5.69186 -0.9525 5.69186 0.01545 5.69186 -0.03715 5.69186 0.10285 5.69186 -0.1372 
5.77196 0.78745 5.77196 -0.91225 5.77196 0.02 5.77196 -0.0421 5.77196 0.1267 5.77196 -0.15515 
5.85216 0.9174 5.85216 -0.9141 5.85216 0.0246 5.85216 -0.0442 5.85216 0.14935 5.85216 -0.1667 
5.93236 0.974 5.93236 -0.8601 5.93236 0.0268 5.93236 -0.0422 5.93236 0.15615 5.93236 -0.16005 
6.01246 0.9509 6.01246 -0.7624 6.01246 0.02665 6.01246 -0.03735 6.01246 0.1479 6.01246 -0.1406 
6.09266 0.89815 6.09266 -0.68225 6.09266 0.02545 6.09266 -0.03345 6.09266 0.13445 6.09266 -0.12175 
6.17276 0.84225 6.17276 -0.6537 6.17276 0.02365 6.17276 -0.0321 6.17276 0.1209 6.17276 -0.10955 
6.25296 0.77955 6.25296 -0.6637 6.25296 0.02215 6.25296 -0.03295 6.25296 0.10825 6.25296 -0.10335 
6.33316 0.70765 6.33316 -0.68895 6.33316 0.02035 6.33316 -0.03545 6.33316 0.09665 6.33316 -0.1009 
6.41326 0.62885 6.41326 -0.7261 6.41326 0.0182 6.41326 -0.03985 6.41326 0.0863 6.41326 -0.10255 
6.49346 0.54 6.49346 -0.77085 6.49346 0.0163 6.49346 -0.04465 6.49346 0.07685 6.49346 -0.10935 
6.57356 0.43645 6.57356 -0.7893 6.57356 0.01355 6.57356 -0.0474 6.57356 0.06595 6.57356 -0.11505 
6.65376 0.3202 6.65376 -0.73145 6.65376 0.01045 6.65376 -0.04395 6.65376 0.0506 6.65376 -0.1095 
6.73396 0.20335 6.73396 -0.5795 6.73396 0.00665 6.73396 -0.03405 6.73396 0.0335 6.73396 -0.0883 
6.81406 0.1061 6.81406 -0.3771 6.81406 0.00295 6.81406 -0.02085 6.81406 0.01765 6.81406 -0.0575 
6.89426 0.0435 6.89426 -0.19655 6.89426 0.0009 6.89426 -0.0108 6.89426 0.0076 6.89426 -0.0297 
6.97436 0.0136 6.97436 -0.0809 6.97436 5e-05 6.97436 -0.00375 6.97436 0.0017 6.97436 -0.01205 
7.05456 0.0032 7.05456 -0.02605 7.05456 0.0 7.05456 -0.00055 7.05456 0.0 7.05456 -0.0034 
7.13476 0.00055 7.13476 -0.0065 7.13476 0.0 7.13476 -0.0 7.13476 0.0 7.13476 -0.0001 
7.21486 5e-05 7.21486 -0.00125 7.21486 0.0 7.21486 -0.0 7.21486 0.0 7.21486 -0.0 
7.29506 0.0 7.29506 -0.0002 7.29506 0.0 7.29506 -0.0 7.29506 0.0 7.29506 -0.0 
7.37516 0.0 7.37516 -0.0 7.37516 0.0 7.37516 -0.0 7.37516 0.0 7.37516 -0.0 
7.45536 0.0 7.45536 -0.0 7.45536 0.0 7.45536 -0.0 7.45536 0.0 7.45536 -0.0 
7.53556 0.0 7.53556 -0.0 7.53556 0.0 7.53556 -0.0 7.53556 0.0 7.53556 -0.0 
7.61566 0.0 7.61566 -0.0 7.61566 0.0 7.61566 -0.0 7.61566 0.0 7.61566 -0.0 
7.69586 0.0 7.69586 -0.0 7.69586 0.0 7.69586 -0.0 7.69586 0.0 7.69586 -0.0 
7.77596 0.0 7.77596 -0.0 7.77596 0.0 7.77596 -0.0 7.77596 0.0 7.77596 -0.0 
7.85616 0.0 7.85616 -0.0 7.85616 0.0 7.85616 -0.0 7.85616 0.0 7.85616 -0.0 
7.93636 0.0 7.93636 -0.0 7.93636 0.0 7.93636 -0.0 7.93636 0.0 7.93636 -0.0 
8.01646 0.0 8.01646 -0.0 8.01646 0.0 8.01646 -0.0 8.01646 0.0 8.01646 -0.0 
8.09666 0.0 8.09666 -0.0 8.09666 0.0 8.09666 -0.0 8.09666 0.0 8.09666 -0.0 
8.17686 0.0 8.17686 -0.0 8.17686 0.0 8.17686 -0.0 8.17686 0.0 8.17686 -0.0 
8.25696 0.0 8.25696 -0.0 8.25696 0.0 8.25696 -0.0 8.25696 0.0 8.25696 -0.0 
8.33716 0.0 8.33716 -0.0 8.33716 0.0 8.33716 -0.0 8.33716 0.0 8.33716 -0.0 
8.41726 0.0 8.41726 -0.0 8.41726 0.0 8.41726 -0.0 8.41726 0.0 8.41726 -0.0 
8.49746 0.0 8.49746 -0.0 8.49746 0.0 8.49746 -0.0 8.49746 0.0 8.49746 -0.0 
8.57766 0.0 8.57766 -0.0 8.57766 0.0 8.57766 -0.0 8.57766 0.0 8.57766 -0.0 
8.65776 0.0 8.65776 -0.0 8.65776 0.0 8.65776 -0.0 8.65776 0.0 8.65776 -0.0 
8.73796 0.0 8.73796 -0.0 8.73796 0.0 8.73796 -0.0 8.73796 0.0 8.73796 -0.0 
8.81806 0.0 8.81806 -0.0 8.81806 0.0 8.81806 -0.0 8.81806 0.0 8.81806 -0.0 
8.89826 0.0 8.89826 -0.0 8.89826 0.0 8.89826 -0.0 8.89826 0.0 8.89826 -0.0 
8.97846 0.0 8.97846 -0.0 8.97846 0.0 8.97846 -0.0 8.97846 0.0 8.97846 -0.0 
9.05856 0.0 9.05856 -0.0 9.05856 0.0 9.05856 -0.0 9.05856 0.0 9.05856 -0.0 
9.13876 0.0 9.13876 -0.0 9.13876 0.0 9.13876 -0.0 9.13876 0.0 9.13876 -0.0 
9.21886 0.0 9.21886 -0.0 9.21886 0.0 9.21886 -0.0 9.21886 0.0 9.21886 -0.0 
9.29906 0.0 9.29906 -0.0 9.29906 0.0 9.29906 -0.0 9.29906 0.0 9.29906 -0.0 
9.37926 0.0 9.37926 -0.0 9.37926 0.0 9.37926 -0.0 9.37926 0.0 9.37926 -0.0 
9.45936 0.0 9.45936 -0.0 9.45936 0.0 9.45936 -0.0 9.45936 0.0 9.45936 -0.0 
9.53956 0.0 9.53956 -0.0 9.53956 0.0 9.53956 -0.0 9.53956 0.0 9.53956 -0.0 
9.61966 0.0 9.61966 -0.0 9.61966 0.0 9.61966 -0.0 9.61966 0.0 9.61966 -0.0 
9.69986 0.0 9.69986 -0.0 9.69986 0.0 9.69986 -0.0 9.69986 0.0 9.69986 -0.0 
9.78006 0.0 9.78006 -0.0 9.78006 0.0 9.78006 -0.0 9.78006 0.0 9.78006 -0.0 
9.86016 0.0 9.86016 -0.0 9.86016 0.0 9.86016 -0.0 9.86016 0.0 9.86016 -0.0 
9.94036 0.0 9.94036 -0.0 9.94036 0.0 9.94036 -0.0 9.94036 0.0 9.94036 -0.0 
10.0205 0.0 10.0205 -0.0 10.0205 0.0 10.0205 -0.0 10.0205 0.0 10.0205 -0.0 
10.1007 0.0 10.1007 -0.0 10.1007 0.0 10.1007 -0.0 10.1007 0.0 10.1007 -0.0 
10.1809 0.0 10.1809 -0.0 10.1809 0.0 10.1809 -0.0 10.1809 0.0 10.1809 -0.0 
10.261 0.0 10.261 -0.0 10.261 0.0 10.261 -0.0 10.261 0.0 10.261 -0.0 
10.3412 0.0 10.3412 -0.0 10.3412 0.0 10.3412 -0.0 10.3412 0.0 10.3412 -0.0 
10.4213 0.0 10.4213 -0.0 10.4213 0.0 10.4213 -0.0 10.4213 0.0 10.4213 -0.0 
10.5015 0.0 10.5015 -0.0 10.5015 0.0 10.5015 -0.0 10.5015 0.0 10.5015 -0.0 
10.5817 0.0 10.5817 -0.0 10.5817 0.0 10.5817 -0.0 10.5817 0.0 10.5817 -0.0 
10.6618 0.0 10.6618 -0.0 10.6618 0.0 10.6618 -0.0 10.6618 0.0 10.6618 -0.0 
10.742 0.0 10.742 -0.0 10.742 0.0 10.742 -0.0 10.742 0.0 10.742 -0.0 
10.8221 0.0 10.8221 -0.0 10.8221 0.0 10.8221 -0.0 10.8221 0.0 10.8221 -0.0 
10.9023 0.0 10.9023 -0.0 10.9023 0.0 10.9023 -0.0 10.9023 0.0 10.9023 -0.0 
10.9825 0.0 10.9825 -0.0 10.9825 0.0 10.9825 -0.0 10.9825 0.0 10.9825 -0.0 
11.0626 0.0 11.0626 -0.0 11.0626 0.0 11.0626 -0.0 11.0626 0.0 11.0626 -0.0 
11.1428 0.0 11.1428 -0.0 11.1428 0.0 11.1428 -0.0 11.1428 0.0 11.1428 -0.0 
11.2229 0.0 11.2229 -0.0 11.2229 0.0 11.2229 -0.0 11.2229 0.0 11.2229 -0.0 
11.3031 0.0 11.3031 -0.0 11.3031 0.0 11.3031 -0.0 11.3031 0.0 11.3031 -0.0 
11.3833 0.0 11.3833 -0.0 11.3833 0.0 11.3833 -0.0 11.3833 0.0 11.3833 -0.0 
11.4634 0.0 11.4634 -0.0 11.4634 0.0 11.4634 -0.0 11.4634 0.0 11.4634 -0.0 
11.5436 0.0 11.5436 -0.0 11.5436 0.0 11.5436 -0.0 11.5436 0.0 11.5436 -0.0 
11.6237 0.0 11.6237 -0.0 11.6237 0.0 11.6237 -0.0 11.6237 0.0 11.6237 -0.0 
11.7039 0.0 11.7039 -0.0 11.7039 0.0 11.7039 -0.0 11.7039 0.0 11.7039 -0.0 
11.7841 0.0 11.7841 -0.0 11.7841 0.0 11.7841 -0.0 11.7841 0.0 11.7841 -0.0 
11.8642 0.0 11.8642 -0.0 11.8642 0.0 11.8642 -0.0 11.8642 0.0 11.8642 -0.0 
11.9444 0.0 11.9444 -0.0 11.9444 0.0 11.9444 -0.0 11.9444 0.0 11.9444 -0.0 
12.0245 0.0 12.0245 -0.0 12.0245 0.0 12.0245 -0.0 12.0245 0.0 12.0245 -0.0 
12.1047 0.0 12.1047 -0.0 12.1047 0.0 12.1047 -0.0 12.1047 0.0 12.1047 -0.0 
12.1849 0.0 12.1849 -0.0 12.1849 0.0 12.1849 -0.0 12.1849 0.0 12.1849 -0.0 
12.265 0.0 12.265 -0.0 12.265 0.0 12.265 -0.0 12.265 0.0 12.265 -0.0 
12.3452 0.0 12.3452 -0.0 12.3452 0.0 12.3452 -0.0 12.3452 0.0 12.3452 -0.0 
12.4253 0.0 12.4253 -0.0 12.4253 0.0 12.4253 -0.0 12.4253 0.0 12.4253 -0.0 
12.5055 0.0 12.5055 -0.0 12.5055 0.0 12.5055 -0.0 12.5055 0.0 12.5055 -0.0 
12.5857 0.0 12.5857 -0.0 12.5857 0.0 12.5857 -0.0 12.5857 0.0 12.5857 -0.0 
12.6658 0.0 12.6658 -0.0 12.6658 0.0 12.6658 -0.0 12.6658 0.0 12.6658 -0.0 
12.746 0.0 12.746 -0.0 12.746 0.0 12.746 -0.0 12.746 0.0 12.746 -0.0 
12.8261 0.0 12.8261 -0.0 12.8261 0.0 12.8261 -0.0 12.8261 0.0 12.8261 -0.0 
12.9063 0.0 12.9063 -0.0 12.9063 0.0 12.9063 -0.0 12.9063 0.0 12.9063 -0.0 
12.9865 0.0 12.9865 -0.0 12.9865 0.0 12.9865 -0.0 12.9865 0.0 12.9865 -0.0 
13.0666 0.0 13.0666 -0.0 13.0666 0.0 13.0666 -0.0 13.0666 0.0 13.0666 -0.0 
13.1468 0.0 13.1468 -0.0 13.1468 0.0 13.1468 -0.0 13.1468 0.0 13.1468 -0.0 
13.227 0.0 13.227 -0.0 13.227 0.0 13.227 -0.0 13.227 0.0 13.227 -0.0 
13.3071 0.0 13.3071 -0.0 13.3071 0.0 13.3071 -0.0 13.3071 0.0 13.3071 -0.0 
13.3873 0.0 13.3873 -0.0 13.3873 0.0 13.3873 -0.0 13.3873 0.0 13.3873 -0.0 
13.4674 0.0 13.4674 -0.0 13.4674 0.0 13.4674 -0.0 13.4674 0.0 13.4674 -0.0 
13.5476 0.0 13.5476 -0.0 13.5476 0.0 13.5476 -0.0 13.5476 0.0 13.5476 -0.0 
13.6278 0.0 13.6278 -0.0 13.6278 0.0 13.6278 -0.0 13.6278 0.0 13.6278 -0.0 
13.7079 0.0 13.7079 -0.0 13.7079 0.0 13.7079 -0.0 13.7079 0.0 13.7079 -0.0 
13.7881 0.0 13.7881 -0.0 13.7881 0.0 13.7881 -0.0 13.7881 0.0 13.7881 -0.0 
13.8682 0.0 13.8682 -0.0 13.8682 0.0 13.8682 -0.0 13.8682 0.0 13.8682 -0.0 
13.9484 0.0 13.9484 -0.0 13.9484 0.0 13.9484 -0.0 13.9484 0.0 13.9484 -0.0 
14.0286 0.0 14.0286 -0.0 14.0286 0.0 14.0286 -0.0 14.0286 0.0 14.0286 -0.0 
14.1087 0.0 14.1087 -0.0 14.1087 0.0 14.1087 -0.0 14.1087 0.0 14.1087 -0.0 
14.1889 0.0 14.1889 -0.0 14.1889 0.0 14.1889 -0.0 14.1889 0.0 14.1889 -0.0 
14.269 0.0 14.269 -0.0 14.269 0.0 14.269 -0.0 14.269 0.0 14.269 -0.0 
14.3492 0.0 14.3492 -0.0 14.3492 0.0 14.3492 -0.0 14.3492 0.0 14.3492 -0.0 
14.4294 0.0 14.4294 -0.0 14.4294 0.0 14.4294 -0.0 14.4294 0.0 14.4294 -0.0 
14.5095 0.0 14.5095 -0.0 14.5095 0.0 14.5095 -0.0 14.5095 0.0 14.5095 -0.0 
14.5897 0.0 14.5897 -0.0 14.5897 0.0 14.5897 -0.0 14.5897 0.0 14.5897 -0.0 
14.6698 0.0 14.6698 -0.0 14.6698 0.0 14.6698 -0.0 14.6698 0.0 14.6698 -0.0 
14.75 0.0 14.75 -0.0 14.75 0.0 14.75 -0.0 14.75 0.0 14.75 -0.0 
14.8302 0.0 14.8302 -0.0 14.8302 0.0 14.8302 -0.0 14.8302 0.0 14.8302 -0.0 
14.9103 0.0 14.9103 -0.0 14.9103 0.0 14.9103 -0.0 14.9103 0.0 14.9103 -0.0 
14.9905 0.0 14.9905 -0.0 14.9905 0.0 14.9905 -0.0 14.9905 0.0 14.9905 -0.0 
15.0706 0.0 15.0706 -0.0 15.0706 0.0 15.0706 -0.0 15.0706 0.0 15.0706 -0.0 
15.1508 0.0 15.1508 -0.0 15.1508 0.0 15.1508 -0.0 15.1508 0.0 15.1508 -0.0 
15.231 0.0 15.231 -0.0 15.231 0.0 15.231 -0.0 15.231 0.0 15.231 -0.0 
15.3111 0.0 15.3111 -0.0 15.3111 0.0 15.3111 -0.0 15.3111 0.0 15.3111 -0.0 
15.3913 0.0 15.3913 -0.0 15.3913 0.0 15.3913 -0.0 15.3913 0.0 15.3913 -0.0 
15.4714 0.0 15.4714 -0.0 15.4714 0.0 15.4714 -0.0 15.4714 0.0 15.4714 -0.0 
15.5516 0.0 15.5516 -0.0 15.5516 0.0 15.5516 -0.0 15.5516 0.0 15.5516 -0.0 
