-24.8654 12.475 -24.8654 -12.475 -24.8654 0.0 -24.8654 -0.0 -24.8654 0.0004 -24.8654 -0.0004 
-24.7852 0.0 -24.7852 -0.0 -24.7852 0.0 -24.7852 -0.0 -24.7852 0.0 -24.7852 -0.0 
-24.7051 0.0 -24.7051 -0.0 -24.7051 0.0 -24.7051 -0.0 -24.7051 0.0 -24.7051 -0.0 
-24.6249 0.0 -24.6249 -0.0 -24.6249 0.0 -24.6249 -0.0 -24.6249 0.0 -24.6249 -0.0 
-24.5448 0.0 -24.5448 -0.0 -24.5448 0.0 -24.5448 -0.0 -24.5448 0.0 -24.5448 -0.0 
-24.4646 0.0 -24.4646 -0.0 -24.4646 0.0 -24.4646 -0.0 -24.4646 0.0 -24.4646 -0.0 
-24.3844 0.0 -24.3844 -0.0 -24.3844 0.0 -24.3844 -0.0 -24.3844 0.0 -24.3844 -0.0 
-24.3043 0.0 -24.3043 -0.0 -24.3043 0.0 -24.3043 -0.0 -24.3043 0.0 -24.3043 -0.0 
-24.2241 0.0 -24.2241 -0.0 -24.2241 0.0 -24.2241 -0.0 -24.2241 0.0 -24.2241 -0.0 
-24.144 0.0 -24.144 -0.0 -24.144 0.0 -24.144 -0.0 -24.144 0.0 -24.144 -0.0 
-24.0638 0.0 -24.0638 -0.0 -24.0638 0.0 -24.0638 -0.0 -24.0638 0.0 -24.0638 -0.0 
-23.9836 0.0 -23.9836 -0.0 -23.9836 0.0 -23.9836 -0.0 -23.9836 0.0 -23.9836 -0.0 
-23.9035 0.0 -23.9035 -0.0 -23.9035 0.0 -23.9035 -0.0 -23.9035 0.0 -23.9035 -0.0 
-23.8233 0.0 -23.8233 -0.0 -23.8233 0.0 -23.8233 -0.0 -23.8233 0.0 -23.8233 -0.0 
-23.7432 0.0 -23.7432 -0.0 -23.7432 0.0 -23.7432 -0.0 -23.7432 0.0 -23.7432 -0.0 
-23.663 0.0 -23.663 -0.0 -23.663 0.0 -23.663 -0.0 -23.663 0.0 -23.663 -0.0 
-23.5828 0.0 -23.5828 -0.0 -23.5828 0.0 -23.5828 -0.0 -23.5828 0.0 -23.5828 -0.0 
-23.5027 0.0 -23.5027 -0.0 -23.5027 0.0 -23.5027 -0.0 -23.5027 0.0 -23.5027 -0.0 
-23.4225 0.0 -23.4225 -0.0 -23.4225 0.0 -23.4225 -0.0 -23.4225 0.0 -23.4225 -0.0 
-23.3424 0.0 -23.3424 -0.0 -23.3424 0.0 -23.3424 -0.0 -23.3424 0.0 -23.3424 -0.0 
-23.2622 0.0 -23.2622 -0.0 -23.2622 0.0 -23.2622 -0.0 -23.2622 0.0 -23.2622 -0.0 
-23.182 0.0 -23.182 -0.0 -23.182 0.0 -23.182 -0.0 -23.182 0.0 -23.182 -0.0 
-23.1019 0.0 -23.1019 -0.0 -23.1019 0.0 -23.1019 -0.0 -23.1019 0.0 -23.1019 -0.0 
-23.0217 0.0 -23.0217 -0.0 -23.0217 0.0 -23.0217 -0.0 -23.0217 0.0 -23.0217 -0.0 
-22.9416 0.0 -22.9416 -0.0 -22.9416 0.0 -22.9416 -0.0 -22.9416 0.0 -22.9416 -0.0 
-22.8614 0.0 -22.8614 -0.0 -22.8614 0.0 -22.8614 -0.0 -22.8614 0.0 -22.8614 -0.0 
-22.7812 0.0 -22.7812 -0.0 -22.7812 0.0 -22.7812 -0.0 -22.7812 0.0 -22.7812 -0.0 
-22.7011 0.0 -22.7011 -0.0 -22.7011 0.0 -22.7011 -0.0 -22.7011 0.0 -22.7011 -0.0 
-22.6209 0.0 -22.6209 -0.0 -22.6209 0.0 -22.6209 -0.0 -22.6209 0.0 -22.6209 -0.0 
-22.5408 0.0 -22.5408 -0.0 -22.5408 0.0 -22.5408 -0.0 -22.5408 0.0 -22.5408 -0.0 
-22.4606 0.0 -22.4606 -0.0 -22.4606 0.0 -22.4606 -0.0 -22.4606 0.0 -22.4606 -0.0 
-22.3804 0.0 -22.3804 -0.0 -22.3804 0.0 -22.3804 -0.0 -22.3804 0.0 -22.3804 -0.0 
-22.3003 0.0 -22.3003 -0.0 -22.3003 0.0 -22.3003 -0.0 -22.3003 0.0 -22.3003 -0.0 
-22.2201 0.0 -22.2201 -0.0 -22.2201 0.0 -22.2201 -0.0 -22.2201 0.0 -22.2201 -0.0 
-22.1399 0.0 -22.1399 -0.0 -22.1399 0.0 -22.1399 -0.0 -22.1399 0.0 -22.1399 -0.0 
-22.0598 0.0 -22.0598 -0.0 -22.0598 0.0 -22.0598 -0.0 -22.0598 0.0 -22.0598 -0.0 
-21.9796 0.0 -21.9796 -0.0 -21.9796 0.0 -21.9796 -0.0 -21.9796 0.0 -21.9796 -0.0 
-21.8995 0.0 -21.8995 -0.0 -21.8995 0.0 -21.8995 -0.0 -21.8995 0.0 -21.8995 -0.0 
-21.8193 0.00015 -21.8193 -0.00015 -21.8193 0.0 -21.8193 -0.0 -21.8193 0.0 -21.8193 -0.0 
-21.7391 0.0016 -21.7391 -0.0016 -21.7391 0.0 -21.7391 -0.0 -21.7391 0.0 -21.7391 -0.0 
-21.659 0.0124 -21.659 -0.0124 -21.659 0.0 -21.659 -0.0 -21.659 0.0 -21.659 -0.0 
-21.5788 0.0712 -21.5788 -0.07145 -21.5788 0.0 -21.5788 -0.0 -21.5788 0.0 -21.5788 -0.0 
-21.4987 0.29915 -21.4987 -0.3009 -21.4987 0.0 -21.4987 -0.0 -21.4987 0.0 -21.4987 -0.0 
-21.4185 0.92075 -21.4185 -0.92665 -21.4185 0.0 -21.4185 -0.0 -21.4185 0.00015 -21.4185 -5e-05 
-21.3383 2.0761 -21.3383 -2.0886 -21.3383 0.0008 -21.3383 -0.00025 -21.3383 0.0008 -21.3383 -0.0008 
-21.2582 3.43015 -21.2582 -3.4457 -21.2582 0.0011 -21.2582 -0.00055 -21.2582 0.00125 -21.2582 -0.00135 
-21.178 4.15325 -21.178 -4.16165 -21.178 0.0016 -21.178 -0.001 -21.178 0.00175 -21.178 -0.00155 
-21.0979 3.6856 -21.0979 -3.67995 -21.0979 0.0012 -21.0979 -0.00055 -21.0979 0.00125 -21.0979 -0.00135 
-21.0177 2.397 -21.0177 -2.3823 -21.0177 0.00095 -21.0177 -0.00025 -21.0177 0.00085 -21.0177 -0.00085 
-20.9375 1.14285 -20.9375 -1.129 -20.9375 5e-05 -20.9375 -0.0 -20.9375 0.0002 -20.9375 -0.0004 
-20.8574 0.40235 -20.8574 -0.39165 -20.8574 0.0 -20.8574 -0.0 -20.8574 0.0 -20.8574 -0.0 
-20.7772 0.11985 -20.7772 -0.0999 -20.7772 0.0 -20.7772 -0.0 -20.7772 0.0 -20.7772 -0.0 
-20.6971 0.08795 -20.6971 -0.0219 -20.6971 0.0 -20.6971 -0.0 -20.6971 0.0 -20.6971 -0.0 
-20.6169 0.2059 -20.6169 -0.02045 -20.6169 0.0002 -20.6169 -0.0 -20.6169 0.0 -20.6169 -0.0 
-20.5367 0.46815 -20.5367 -0.07095 -20.5367 0.0012 -20.5367 -0.0 -20.5367 0.0001 -20.5367 -0.0 
-20.4566 0.86245 -20.4566 -0.2137 -20.4566 0.0033 -20.4566 -0.0008 -20.4566 0.0012 -20.4566 -0.0 
-20.3764 1.32115 -20.3764 -0.5043 -20.3764 0.0063 -20.3764 -0.0027 -20.3764 0.0016 -20.3764 -0.0001 
-20.2963 1.7559 -20.2963 -0.954 -20.2963 0.0114 -20.2963 -0.0064 -20.2963 0.0026 -20.2963 -0.0003 
-20.2161 2.1041 -20.2161 -1.4941 -20.2161 0.0174 -20.2161 -0.0139 -20.2161 0.0036 -20.2161 -0.0014 
-20.1359 2.34125 -20.1359 -2.0019 -20.1359 0.02325 -20.1359 -0.0248 -20.1359 0.0044 -20.1359 -0.0024 
-20.0558 2.51675 -20.0558 -2.36065 -20.0558 0.0298 -20.0558 -0.0364 -20.0558 0.0047 -20.0558 -0.003 
-19.9756 2.79455 -19.9756 -2.53445 -19.9756 0.03945 -19.9756 -0.0466 -19.9756 0.0048 -19.9756 -0.003 
-19.8955 3.3771 -19.8955 -2.646 -19.8955 0.058 -19.8955 -0.05545 -19.8955 0.0057 -19.8955 -0.0032 
-19.8153 4.36245 -19.8153 -2.9382 -19.8153 0.09555 -19.8153 -0.06635 -19.8153 0.0066 -19.8153 -0.0034 
-19.7351 5.7366 -19.7351 -3.5677 -19.7351 0.1628 -19.7351 -0.08455 -19.7351 0.0075 -19.7351 -0.0038 
-19.655 7.4614 -19.655 -4.4667 -19.655 0.2716 -19.655 -0.11085 -19.655 0.0085 -19.655 -0.0045 
-19.5748 9.39885 -19.5748 -5.4904 -19.5748 0.41455 -19.5748 -0.14915 -19.5748 0.0087 -19.5748 -0.0053 
-19.4947 11.11515 -19.4947 -6.6827 -19.4947 0.5556 -19.4947 -0.20665 -19.4947 0.0086 -19.4947 -0.0064 
-19.4145 11.9581 -19.4145 -8.2557 -19.4145 0.6358 -19.4145 -0.29665 -19.4145 0.0078 -19.4145 -0.0067 
-19.3343 11.51275 -19.3343 -10.1542 -19.3343 0.61725 -19.3343 -0.4122 -19.3343 0.007 -19.3343 -0.0068 
-19.2542 9.97865 -19.2542 -11.6661 -19.2542 0.5169 -19.2542 -0.5141 -19.2542 0.00625 -19.2542 -0.0067 
-19.174 8.08055 -19.174 -11.73965 -19.174 0.38655 -19.174 -0.54395 -19.174 0.00555 -19.174 -0.0056 
-19.0939 6.6332 -19.0939 -9.94265 -19.0939 0.28375 -19.0939 -0.47105 -19.0939 0.00645 -19.0939 -0.0034 
-19.0137 6.09105 -19.0137 -7.0459 -19.0137 0.2388 -19.0137 -0.3284 -19.0137 0.0082 -19.0137 -0.0025 
-18.9335 6.3875 -18.9335 -4.4407 -18.9335 0.2495 -18.9335 -0.18625 -18.9335 0.0107 -18.9335 -0.0013 
-18.8534 7.2033 -18.8534 -3.00055 -18.8534 0.2966 -18.8534 -0.09325 -18.8534 0.01295 -18.8534 -0.0015 
-18.7732 8.3352 -18.7732 -2.6435 -18.7732 0.3644 -18.7732 -0.05495 -18.7732 0.0156 -18.7732 -0.0019 
-18.6931 9.6259 -18.6931 -2.8328 -18.6931 0.44545 -18.6931 -0.05175 -18.6931 0.0181 -18.6931 -0.0027 
-18.6129 10.63385 -18.6129 -3.21385 -18.6129 0.51895 -18.6129 -0.06415 -18.6129 0.01985 -18.6129 -0.0035 
-18.5327 10.82415 -18.5327 -3.80245 -18.5327 0.5538 -18.5327 -0.0903 -18.5327 0.0203 -18.5327 -0.0045 
-18.4526 10.13765 -18.4526 -4.7899 -18.4526 0.53955 -18.4526 -0.133 -18.4526 0.0189 -18.4526 -0.0061 
-18.3724 8.9274 -18.3724 -6.23715 -18.3724 0.49135 -18.3724 -0.1984 -18.3724 0.017 -18.3724 -0.00875 
-18.2923 7.39845 -18.2923 -7.907 -18.2923 0.4169 -18.2923 -0.2796 -18.2923 0.01465 -18.2923 -0.01075 
-18.2121 5.6261 -18.2121 -9.37805 -18.2121 0.31785 -18.2121 -0.3602 -18.2121 0.01085 -18.2121 -0.0137 
-18.1319 3.9405 -18.1319 -10.30745 -18.1319 0.2131 -18.1319 -0.4191 -18.1319 0.0073 -18.1319 -0.0155 
-18.0518 2.7251 -18.0518 -10.5723 -18.0518 0.13255 -18.0518 -0.4463 -18.0518 0.0047 -18.0518 -0.01625 
-17.9716 2.00915 -17.9716 -10.229 -17.9716 0.08695 -17.9716 -0.4417 -17.9716 0.00385 -17.9716 -0.0163 
-17.8915 1.64335 -17.8915 -9.43095 -17.8915 0.0689 -17.8915 -0.40945 -17.8915 0.0031 -17.8915 -0.0151 
-17.8113 1.634 -17.8113 -8.37215 -17.8113 0.07375 -17.8113 -0.358 -17.8113 0.00265 -17.8113 -0.01335 
-17.7311 2.04205 -17.7311 -7.22825 -17.7311 0.09845 -17.7311 -0.30165 -17.7311 0.0034 -17.7311 -0.0114 
-17.651 2.7207 -17.651 -6.107 -17.651 0.13355 -17.651 -0.2548 -17.651 0.00445 -17.651 -0.00915 
-17.5708 3.28785 -17.5708 -5.0335 -17.5708 0.15965 -17.5708 -0.2175 -17.5708 0.0055 -17.5708 -0.0067 
-17.4907 3.3574 -17.4907 -4.00195 -17.4907 0.15915 -17.4907 -0.1786 -17.4907 0.0057 -17.4907 -0.00515 
-17.4105 2.8726 -17.4105 -3.101 -17.4105 0.1326 -17.4105 -0.13565 -17.4105 0.0048 -17.4105 -0.0041 
-17.3303 2.22215 -17.3303 -2.5321 -17.3303 0.10305 -17.3303 -0.10015 -17.3303 0.00385 -17.3303 -0.0038 
-17.2502 1.92705 -17.2502 -2.42925 -17.2502 0.0954 -17.2502 -0.0907 -17.2502 0.00345 -17.2502 -0.00405 
-17.17 2.1551 -17.17 -2.72215 -17.17 0.1158 -17.17 -0.1118 -17.17 0.00325 -17.17 -0.0043 
-17.0898 2.55135 -17.0898 -3.12695 -17.0898 0.1428 -17.0898 -0.1479 -17.0898 0.00385 -17.0898 -0.0039 
-17.0097 2.57935 -17.0097 -3.20745 -17.0097 0.1467 -17.0097 -0.16655 -17.0097 0.00385 -17.0097 -0.00365 
-16.9295 2.04495 -16.9295 -2.6751 -16.9295 0.1172 -16.9295 -0.14625 -16.9295 0.00275 -16.9295 -0.0026 
-16.8494 1.23625 -16.8494 -1.7216 -16.8494 0.07155 -16.8494 -0.09665 -16.8494 0.0018 -16.8494 -0.0018 
-16.7692 0.5629 -16.7692 -0.83295 -16.7692 0.0321 -16.7692 -0.0473 -16.7692 0.00045 -16.7692 -0.0005 
-16.689 0.1923 -16.689 -0.29975 -16.689 0.01085 -16.689 -0.01685 -16.689 0.0001 -16.689 -0.0001 
-16.6089 0.0551 -16.6089 -0.0842 -16.6089 0.00275 -16.6089 -0.00445 -16.6089 0.0 -16.6089 -0.0 
-16.5287 0.0479 -16.5287 -0.04465 -16.5287 0.00065 -16.5287 -0.00095 -16.5287 0.0 -16.5287 -0.0 
-16.4486 0.16945 -16.4486 -0.1339 -16.4486 0.00035 -16.4486 -0.0003 -16.4486 0.0004 -16.4486 -0.0001 
-16.3684 0.55065 -16.3684 -0.45125 -16.3684 0.0021 -16.3684 -0.001 -16.3684 0.00125 -16.3684 -0.0009 
-16.2882 1.36475 -16.2882 -1.1746 -16.2882 0.00545 -16.2882 -0.0036 -16.2882 0.00305 -16.2882 -0.00255 
-16.2081 2.56395 -16.2081 -2.325 -16.2081 0.01015 -16.2081 -0.00695 -16.2081 0.00605 -16.2081 -0.00505 
-16.1279 3.64845 -16.1279 -3.49135 -16.1279 0.01415 -16.1279 -0.0104 -16.1279 0.00845 -16.1279 -0.0074 
-16.0478 3.9265 -16.0478 -3.96585 -16.0478 0.01535 -16.0478 -0.01185 -16.0478 0.0087 -16.0478 -0.00835 
-15.9676 3.1896 -15.9676 -3.3962 -15.9676 0.01245 -15.9676 -0.01015 -15.9676 0.0069 -15.9676 -0.0071 
-15.8874 1.95115 -15.8874 -2.1851 -15.8874 0.00745 -15.8874 -0.0067 -15.8874 0.0041 -15.8874 -0.00425 
-15.8073 0.89665 -15.8073 -1.0529 -15.8073 0.0036 -15.8073 -0.0033 -15.8073 0.0016 -15.8073 -0.00195 
-15.7271 0.3088 -15.7271 -0.37885 -15.7271 0.00075 -15.7271 -0.0009 -15.7271 0.0004 -15.7271 -0.0006 
-15.647 0.0795 -15.647 -0.10155 -15.647 0.00015 -15.647 -0.0001 -15.647 0.0 -15.647 -0.0 
-15.5668 0.01525 -15.5668 -0.02025 -15.5668 0.0 -15.5668 -0.0 -15.5668 0.0 -15.5668 -0.0 
-15.4866 0.0022 -15.4866 -0.003 -15.4866 0.0 -15.4866 -0.0 -15.4866 0.0 -15.4866 -0.0 
-15.4065 0.00025 -15.4065 -0.00035 -15.4065 0.0 -15.4065 -0.0 -15.4065 0.0 -15.4065 -0.0 
-15.3263 0.0 -15.3263 -5e-05 -15.3263 0.0 -15.3263 -0.0 -15.3263 0.0 -15.3263 -0.0 
-15.2462 0.0 -15.2462 -0.0 -15.2462 0.0 -15.2462 -0.0 -15.2462 0.0 -15.2462 -0.0 
-15.166 0.0 -15.166 -0.0 -15.166 0.0 -15.166 -0.0 -15.166 0.0 -15.166 -0.0 
-15.0858 0.0 -15.0858 -0.0 -15.0858 0.0 -15.0858 -0.0 -15.0858 0.0 -15.0858 -0.0 
-15.0057 0.0 -15.0057 -0.0 -15.0057 0.0 -15.0057 -0.0 -15.0057 0.0 -15.0057 -0.0 
-14.9255 0.0 -14.9255 -0.0 -14.9255 0.0 -14.9255 -0.0 -14.9255 0.0 -14.9255 -0.0 
-14.8454 0.0 -14.8454 -0.0 -14.8454 0.0 -14.8454 -0.0 -14.8454 0.0 -14.8454 -0.0 
-14.7652 0.0 -14.7652 -0.0 -14.7652 0.0 -14.7652 -0.0 -14.7652 0.0 -14.7652 -0.0 
-14.685 0.0 -14.685 -0.0 -14.685 0.0 -14.685 -0.0 -14.685 0.0 -14.685 -0.0 
-14.6049 0.0 -14.6049 -0.0 -14.6049 0.0 -14.6049 -0.0 -14.6049 0.0 -14.6049 -0.0 
-14.5247 0.0 -14.5247 -0.0 -14.5247 0.0 -14.5247 -0.0 -14.5247 0.0 -14.5247 -0.0 
-14.4446 0.0 -14.4446 -0.0 -14.4446 0.0 -14.4446 -0.0 -14.4446 0.0 -14.4446 -0.0 
-14.3644 0.0 -14.3644 -0.0 -14.3644 0.0 -14.3644 -0.0 -14.3644 0.0 -14.3644 -0.0 
-14.2842 0.0 -14.2842 -0.0 -14.2842 0.0 -14.2842 -0.0 -14.2842 0.0 -14.2842 -0.0 
-14.2041 0.0 -14.2041 -0.0 -14.2041 0.0 -14.2041 -0.0 -14.2041 0.0 -14.2041 -0.0 
-14.1239 0.0 -14.1239 -0.0 -14.1239 0.0 -14.1239 -0.0 -14.1239 0.0 -14.1239 -0.0 
-14.0438 0.0 -14.0438 -0.0 -14.0438 0.0 -14.0438 -0.0 -14.0438 0.0 -14.0438 -0.0 
-13.9636 0.0 -13.9636 -0.0 -13.9636 0.0 -13.9636 -0.0 -13.9636 0.0 -13.9636 -0.0 
-13.8834 0.0 -13.8834 -0.0 -13.8834 0.0 -13.8834 -0.0 -13.8834 0.0 -13.8834 -0.0 
-13.8033 0.0 -13.8033 -0.0 -13.8033 0.0 -13.8033 -0.0 -13.8033 0.0 -13.8033 -0.0 
-13.7231 0.0 -13.7231 -0.0 -13.7231 0.0 -13.7231 -0.0 -13.7231 0.0 -13.7231 -0.0 
-13.643 0.0 -13.643 -0.0 -13.643 0.0 -13.643 -0.0 -13.643 0.0 -13.643 -0.0 
-13.5628 0.0 -13.5628 -0.0 -13.5628 0.0 -13.5628 -0.0 -13.5628 0.0 -13.5628 -0.0 
-13.4826 0.0 -13.4826 -0.0 -13.4826 0.0 -13.4826 -0.0 -13.4826 0.0 -13.4826 -0.0 
-13.4025 0.0 -13.4025 -0.0 -13.4025 0.0 -13.4025 -0.0 -13.4025 0.0 -13.4025 -0.0 
-13.3223 0.0 -13.3223 -0.0 -13.3223 0.0 -13.3223 -0.0 -13.3223 0.0 -13.3223 -0.0 
-13.2422 0.0 -13.2422 -0.0 -13.2422 0.0 -13.2422 -0.0 -13.2422 0.0 -13.2422 -0.0 
-13.162 0.0 -13.162 -0.0 -13.162 0.0 -13.162 -0.0 -13.162 0.0 -13.162 -0.0 
-13.0818 0.0 -13.0818 -0.0 -13.0818 0.0 -13.0818 -0.0 -13.0818 0.0 -13.0818 -0.0 
-13.0017 0.0 -13.0017 -0.0 -13.0017 0.0 -13.0017 -0.0 -13.0017 0.0 -13.0017 -0.0 
-12.9215 0.0 -12.9215 -0.0 -12.9215 0.0 -12.9215 -0.0 -12.9215 0.0 -12.9215 -0.0 
-12.8414 0.0 -12.8414 -0.0 -12.8414 0.0 -12.8414 -0.0 -12.8414 0.0 -12.8414 -0.0 
-12.7612 0.0 -12.7612 -0.0 -12.7612 0.0 -12.7612 -0.0 -12.7612 0.0 -12.7612 -0.0 
-12.681 0.0 -12.681 -0.0 -12.681 0.0 -12.681 -0.0 -12.681 0.0 -12.681 -0.0 
-12.6009 0.0 -12.6009 -0.0 -12.6009 0.0 -12.6009 -0.0 -12.6009 0.0 -12.6009 -0.0 
-12.5207 0.0 -12.5207 -0.0 -12.5207 0.0 -12.5207 -0.0 -12.5207 0.0 -12.5207 -0.0 
-12.4406 0.0 -12.4406 -0.0 -12.4406 0.0 -12.4406 -0.0 -12.4406 0.0 -12.4406 -0.0 
-12.3604 0.0 -12.3604 -0.0 -12.3604 0.0 -12.3604 -0.0 -12.3604 0.0 -12.3604 -0.0 
-12.2802 0.0 -12.2802 -0.0 -12.2802 0.0 -12.2802 -0.0 -12.2802 0.0 -12.2802 -0.0 
-12.2001 0.0 -12.2001 -0.0 -12.2001 0.0 -12.2001 -0.0 -12.2001 0.0 -12.2001 -0.0 
-12.1199 0.0 -12.1199 -0.0 -12.1199 0.0 -12.1199 -0.0 -12.1199 0.0 -12.1199 -0.0 
-12.0397 0.0 -12.0397 -0.0 -12.0397 0.0 -12.0397 -0.0 -12.0397 0.0 -12.0397 -0.0 
-11.9596 0.0 -11.9596 -0.0 -11.9596 0.0 -11.9596 -0.0 -11.9596 0.0 -11.9596 -0.0 
-11.8794 0.0 -11.8794 -0.0 -11.8794 0.0 -11.8794 -0.0 -11.8794 0.0 -11.8794 -0.0 
-11.7993 0.0 -11.7993 -0.0 -11.7993 0.0 -11.7993 -0.0 -11.7993 0.0 -11.7993 -0.0 
-11.7191 0.0 -11.7191 -0.0 -11.7191 0.0 -11.7191 -0.0 -11.7191 0.0 -11.7191 -0.0 
-11.6389 0.0 -11.6389 -0.0 -11.6389 0.0 -11.6389 -0.0 -11.6389 0.0 -11.6389 -0.0 
-11.5588 0.0 -11.5588 -0.0 -11.5588 0.0 -11.5588 -0.0 -11.5588 0.0 -11.5588 -0.0 
-11.4786 0.0 -11.4786 -0.0 -11.4786 0.0 -11.4786 -0.0 -11.4786 0.0 -11.4786 -0.0 
-11.3985 0.0 -11.3985 -0.0 -11.3985 0.0 -11.3985 -0.0 -11.3985 0.0 -11.3985 -0.0 
-11.3183 0.0 -11.3183 -0.0 -11.3183 0.0 -11.3183 -0.0 -11.3183 0.0 -11.3183 -0.0 
-11.2381 0.0 -11.2381 -0.0 -11.2381 0.0 -11.2381 -0.0 -11.2381 0.0 -11.2381 -0.0 
-11.158 0.0 -11.158 -0.0 -11.158 0.0 -11.158 -0.0 -11.158 0.0 -11.158 -0.0 
-11.0778 0.0 -11.0778 -0.0 -11.0778 0.0 -11.0778 -0.0 -11.0778 0.0 -11.0778 -0.0 
-10.9977 0.0 -10.9977 -0.0 -10.9977 0.0 -10.9977 -0.0 -10.9977 0.0 -10.9977 -0.0 
-10.9175 0.0 -10.9175 -0.0 -10.9175 0.0 -10.9175 -0.0 -10.9175 0.0 -10.9175 -0.0 
-10.8373 0.0 -10.8373 -0.0 -10.8373 0.0 -10.8373 -0.0 -10.8373 0.0 -10.8373 -0.0 
-10.7572 0.0 -10.7572 -0.0 -10.7572 0.0 -10.7572 -0.0 -10.7572 0.0 -10.7572 -0.0 
-10.677 5e-05 -10.677 -0.0 -10.677 0.0 -10.677 -0.0 -10.677 0.0 -10.677 -0.0 
-10.5969 0.0003 -10.5969 -0.0 -10.5969 0.0001 -10.5969 -0.0 -10.5969 0.0 -10.5969 -0.0 
-10.5167 0.00215 -10.5167 -0.0 -10.5167 0.0009 -10.5167 -0.0 -10.5167 0.0 -10.5167 -0.0 
-10.4365 0.01195 -10.4365 -0.0 -10.4365 0.0077 -10.4365 -0.0 -10.4365 0.0013 -10.4365 -0.0 
-10.3564 0.05045 -10.3564 -0.0 -10.3564 0.03205 -10.3564 -0.0 -10.3564 0.0072 -10.3564 -0.0 
-10.2762 0.1659 -10.2762 -0.0001 -10.2762 0.10645 -10.2762 -0.0 -10.2762 0.0236 -10.2762 -0.0 
-10.1961 0.4388 -10.1961 -0.0009 -10.1961 0.286 -10.1961 -0.0008 -10.1961 0.0628 -10.1961 -0.0 
-10.1159 0.97155 -10.1159 -0.0065 -10.1159 0.6475 -10.1159 -0.0047 -10.1159 0.1376 -10.1159 -0.001 
-10.0357 1.87885 -10.0357 -0.0357 -10.0357 1.29065 -10.0357 -0.0248 -10.0357 0.25915 -10.0357 -0.0062 
-9.95565 3.2628 -9.95565 -0.1491 -9.95565 2.31535 -9.95565 -0.1044 -9.95565 0.43865 -9.95565 -0.0256 
-9.87545 5.0974 -9.87545 -0.4789 -9.87545 3.72275 -9.87545 -0.3374 -9.87545 0.66875 -9.87545 -0.0823 
-9.79535 7.07555 -9.79535 -1.2073 -9.79535 5.27715 -9.79535 -0.85365 -9.79535 0.90915 -9.79535 -0.20675 
-9.71515 8.7303 -9.71515 -2.45545 -9.71515 6.5881 -9.71515 -1.74515 -9.71515 1.1038 -9.71515 -0.41645 
-9.63495 9.9046 -9.63495 -4.18055 -9.63495 7.50115 -9.63495 -2.9949 -9.63495 1.2355 -9.63495 -0.69775 
-9.55485 10.96425 -9.55485 -6.22595 -9.55485 8.30495 -9.55485 -4.5159 -9.55485 1.34605 -9.55485 -1.01045 
-9.47465 12.3662 -9.47465 -8.43765 -9.47465 9.38955 -9.47465 -6.21885 -9.47465 1.4903 -9.47465 -1.3198 
-9.39455 14.1987 -9.39455 -10.59235 -9.39455 10.8423 -9.39455 -7.93795 -9.39455 1.68855 -9.39455 -1.58635 
-9.31435 16.20635 -9.31435 -12.24075 -9.31435 12.4458 -9.31435 -9.31025 -9.31435 1.92345 -9.31435 -1.7485 
-9.23415 18.01295 -9.23415 -12.9083 -9.23415 13.88275 -9.23415 -9.9464 -9.23415 2.1528 -9.23415 -1.74145 
-9.15405 19.3208 -9.15405 -12.53835 -9.15405 14.9121 -9.15405 -9.78995 -9.15405 2.3277 -9.15405 -1.5604 
-9.07385 20.08195 -9.07385 -11.53885 -9.07385 15.50285 -9.07385 -9.1577 -9.07385 2.42415 -9.07385 -1.27765 
-8.99375 20.4808 -8.99375 -10.40565 -8.99375 15.8128 -8.99375 -8.43455 -8.99375 2.44855 -8.99375 -0.98555 
-8.91355 20.73665 -8.91355 -9.3663 -8.91355 16.03335 -8.91355 -7.77555 -8.91355 2.41975 -8.91355 -0.7452 
-8.83335 20.92245 -8.83335 -8.2556 -8.83335 16.2442 -8.83335 -6.98955 -8.83335 2.3489 -8.83335 -0.57095 
-8.75325 20.90975 -8.75325 -6.84775 -8.75325 16.35845 -8.75325 -5.83895 -8.75325 2.22645 -8.75325 -0.4623 
-8.67305 20.5347 -8.67305 -5.44575 -8.67305 16.2392 -8.67305 -4.56475 -8.67305 2.04725 -8.67305 -0.44055 
-8.59295 19.82085 -8.59295 -4.7752 -8.59295 15.8722 -8.59295 -3.8141 -8.59295 1.83335 -8.59295 -0.53565 
-8.51275 18.96565 -8.51275 -5.11175 -8.51275 15.3901 -8.51275 -3.89105 -8.51275 1.62235 -8.51275 -0.7182 
-8.43255 18.27925 -8.43255 -5.90435 -8.43255 15.0527 -8.43255 -4.40145 -8.43255 1.44195 -8.43255 -0.89355 
-8.35245 18.11685 -8.35245 -6.4257 -8.35245 15.16635 -8.35245 -4.75905 -8.35245 1.3087 -8.35245 -0.98615 
-8.27225 18.457 -8.27225 -6.55005 -8.27225 15.7019 -8.27225 -4.82125 -8.27225 1.2165 -8.27225 -1.01425 
-8.19215 18.664 -8.19215 -6.7802 -8.19215 16.10555 -8.19215 -4.94885 -8.19215 1.12245 -8.19215 -1.05985 
-8.11195 18.1189 -8.11195 -7.5652 -8.11195 15.835 -8.11195 -5.5 -8.11195 0.98875 -8.11195 -1.17125 
-8.03175 16.87955 -8.03175 -8.62395 -8.03175 14.906 -8.03175 -6.2891 -8.03175 0.8459 -8.03175 -1.29645 
-7.95165 15.3894 -7.95165 -9.1252 -7.95165 13.6525 -7.95165 -6.6777 -7.95165 0.7558 -7.95165 -1.33405 
-7.87145 13.8031 -7.87145 -8.72875 -7.87145 12.1965 -7.87145 -6.38005 -7.87145 0.7327 -7.87145 -1.2541 
-7.79135 11.9559 -7.79135 -8.13345 -7.79135 10.4439 -7.79135 -5.92335 -7.79135 0.72905 -7.79135 -1.14185 
-7.71115 9.8986 -7.71115 -8.13175 -7.71115 8.5212 -7.71115 -5.91875 -7.71115 0.68975 -7.71115 -1.09615 
-7.63095 8.04475 -7.63095 -8.41845 -7.63095 6.84415 -7.63095 -6.1066 -7.63095 0.60795 -7.63095 -1.10905 
-7.55085 6.66015 -7.55085 -8.03275 -7.55085 5.63375 -7.55085 -5.6956 -7.55085 0.51505 -7.55085 -1.10955 
-7.47065 5.5846 -7.47065 -6.83375 -7.47065 4.69625 -7.47065 -4.5623 -7.47065 0.44665 -7.47065 -1.08445 
-7.39055 4.6131 -7.39055 -5.7462 -7.39055 3.8215 -7.39055 -3.4648 -7.39055 0.4147 -7.39055 -1.10195 
-7.31035 3.78655 -7.31035 -5.51845 -7.31035 3.0576 -7.31035 -3.05065 -7.31035 0.40285 -7.31035 -1.2029 
-7.23015 3.2156 -7.23015 -5.8814 -7.23015 2.5323 -7.23015 -3.14915 -7.23015 0.3901 -7.23015 -1.3383 
-7.15005 2.9513 -7.15005 -6.0475 -7.15005 2.2902 -7.15005 -3.1214 -7.15005 0.37025 -7.15005 -1.4412 
-7.06985 3.02285 -7.06985 -5.6636 -7.06985 2.327 -7.06985 -2.61365 -7.06985 0.36595 -7.06985 -1.5177 
-6.98965 3.31005 -6.98965 -5.05835 -6.98965 2.50525 -6.98965 -1.83035 -6.98965 0.3989 -6.98965 -1.6267 
-6.90955 3.4793 -6.90955 -4.6715 -6.90955 2.5113 -6.90955 -1.1691 -6.90955 0.47115 -6.90955 -1.78255 
-6.82935 3.34325 -6.82935 -4.5306 -6.82935 2.14565 -6.82935 -0.79665 -6.82935 0.59325 -6.82935 -1.9089 
-6.74925 3.16875 -6.74925 -4.3907 -6.74925 1.58915 -6.74925 -0.63055 -6.74925 0.80535 -6.74925 -1.922 
-6.66905 3.39615 -6.66905 -4.182 -6.66905 1.2003 -6.66905 -0.5559 -6.66905 1.14555 -6.66905 -1.8493 
-6.58885 4.1881 -6.58885 -4.0983 -6.58885 1.15145 -6.58885 -0.53325 -6.58885 1.60725 -6.58885 -1.81675 
-6.50875 5.3673 -6.50875 -4.2725 -6.50875 1.36345 -6.50875 -0.55395 -6.50875 2.1398 -6.50875 -1.8992 
-6.42855 6.5825 -6.42855 -4.59435 -6.42855 1.6573 -6.42855 -0.5972 -6.42855 2.65355 -6.42855 -2.05355 
-6.34845 7.476 -6.34845 -4.89885 -6.34845 1.8785 -6.34845 -0.64105 -6.34845 3.03505 -6.34845 -2.2046 
-6.26825 7.9725 -6.26825 -5.12455 -6.26825 1.9868 -6.26825 -0.68035 -6.26825 3.2626 -6.26825 -2.3211 
-6.18805 8.42305 -6.18805 -5.2546 -6.18805 2.0738 -6.18805 -0.7163 -6.18805 3.4726 -6.18805 -2.3872 
-6.10795 9.16635 -6.10795 -5.30505 -6.10795 2.2311 -6.10795 -0.75215 -6.10795 3.7947 -6.10795 -2.40495 
-6.02775 10.0181 -6.02775 -5.4161 -6.02775 2.414 -6.02775 -0.8083 -6.02775 4.15065 -6.02775 -2.4388 
-5.94765 10.44895 -5.94765 -5.8186 -5.94765 2.4858 -5.94765 -0.9144 -5.94765 4.33465 -5.94765 -2.60005 
-5.86745 10.17425 -5.86745 -6.6198 -5.86745 2.36695 -5.86745 -1.08165 -5.86745 4.2466 -5.86745 -2.9474 
-5.78725 9.449 -5.78725 -7.64725 -5.78725 2.11255 -5.78725 -1.28565 -5.78725 4.00295 -5.78725 -3.4082 
-5.70715 8.8059 -5.70715 -8.61235 -5.70715 1.8603 -5.70715 -1.49305 -5.70715 3.8188 -5.70715 -3.8483 
-5.62695 8.51965 -5.62695 -9.4256 -5.62695 1.7059 -5.62695 -1.7018 -5.62695 3.7885 -5.62695 -4.21825 
-5.54685 8.438 -5.54685 -10.1707 -5.54685 1.6413 -5.54685 -1.92275 -5.54685 3.82655 -5.54685 -4.55095 
-5.46665 8.3515 -5.46665 -10.8001 -5.46665 1.6187 -5.46665 -2.12105 -5.46665 3.84055 -5.46665 -4.8303 
-5.38645 8.26275 -5.38645 -11.13095 -5.38645 1.61155 -5.38645 -2.23995 -5.38645 3.8406 -5.38645 -4.9851 
-5.30635 8.22255 -5.30635 -11.10225 -5.30635 1.60265 -5.30635 -2.2583 -5.30635 3.86145 -5.30635 -4.99625 
-5.22615 8.20115 -5.22615 -10.8006 -5.22615 1.5754 -5.22615 -2.1941 -5.22615 3.89895 -5.22615 -4.90665 
-5.14605 8.25455 -5.14605 -10.36195 -5.14605 1.54385 -5.14605 -2.08015 -5.14605 3.9893 -5.14605 -4.7761 
-5.06585 8.6108 -5.06585 -10.04525 -5.06585 1.5588 -5.06585 -1.98625 -5.06585 4.2468 -5.06585 -4.721 
-4.98565 9.4067 -4.98565 -10.21425 -4.98565 1.65625 -4.98565 -2.01175 -4.98565 4.7336 -4.98565 -4.90165 
-4.90555 10.3848 -4.90555 -11.01075 -4.90555 1.7958 -4.90555 -2.19775 -4.90555 5.30535 -4.90555 -5.3734 
-4.82535 11.083 -4.82535 -12.13475 -4.82535 1.89025 -4.82535 -2.4721 -4.82535 5.7178 -4.82535 -5.98625 
-4.74525 11.3673 -4.74525 -13.12455 -4.74525 1.90615 -4.74525 -2.7184 -4.74525 5.9057 -4.74525 -6.5198 
-4.66505 11.48465 -4.66505 -13.79295 -4.66505 1.884 -4.66505 -2.8895 -4.66505 6.008 -4.66505 -6.8889 
-4.58485 11.5875 -4.58485 -14.2515 -4.58485 1.85955 -4.58485 -3.0141 -4.58485 6.109 -4.58485 -7.1543 
-4.50475 11.5984 -4.50475 -14.5906 -4.50475 1.82975 -4.50475 -3.1125 -4.50475 6.1655 -4.50475 -7.3612 
-4.42455 11.48815 -4.42455 -14.72425 -4.42455 1.78935 -4.42455 -3.1631 -4.42455 6.1603 -4.42455 -7.45775 
-4.34445 11.3102 -4.34445 -14.56585 -4.34445 1.74445 -4.34445 -3.14635 -4.34445 6.11615 -4.34445 -7.39355 
-4.26425 11.0729 -4.26425 -14.21665 -4.26425 1.70255 -4.26425 -3.0897 -4.26425 6.02675 -4.26425 -7.2232 
-4.18405 10.82285 -4.18405 -13.89355 -4.18405 1.6759 -4.18405 -3.03995 -4.18405 5.91425 -4.18405 -7.06795 
-4.10395 10.70355 -4.10395 -13.7651 -4.10395 1.6815 -4.10395 -3.02435 -4.10395 5.86085 -4.10395 -7.0202 
-4.02375 10.8166 -4.02375 -13.8918 -4.02375 1.7262 -4.02375 -3.0542 -4.02375 5.92905 -4.02375 -7.11 
-3.94365 11.12335 -3.94365 -14.18905 -3.94365 1.80145 -3.94365 -3.11495 -3.94365 6.0973 -3.94365 -7.2896 
-3.86345 11.4923 -3.86345 -14.47065 -3.86345 1.8948 -3.86345 -3.1699 -3.86345 6.2908 -3.86345 -7.46585 
-3.78325 11.82175 -3.78325 -14.64235 -3.78325 1.99955 -3.78325 -3.1879 -3.78325 6.45885 -3.78325 -7.5999 
-3.70315 12.1206 -3.70315 -14.77605 -3.70315 2.11885 -3.70315 -3.1664 -3.70315 6.61655 -3.70315 -7.74045 
-3.62295 12.40685 -3.62295 -14.93515 -3.62295 2.2486 -3.62295 -3.1057 -3.62295 6.7783 -3.62295 -7.923 
-3.54285 12.5697 -3.54285 -15.0314 -3.54285 2.35295 -3.54285 -2.9939 -3.54285 6.88255 -3.54285 -8.0929 
-3.46265 12.4766 -3.46265 -14.87615 -3.46265 2.38755 -3.46265 -2.8206 -3.46265 6.8477 -3.46265 -8.12725 
-3.38245 12.14685 -3.38245 -14.27695 -3.38245 2.34865 -3.38245 -2.583 -3.38245 6.68135 -3.38245 -7.8951 
-3.30235 11.69665 -3.30235 -13.12875 -3.30235 2.2702 -3.30235 -2.28215 -3.30235 6.44165 -3.30235 -7.3278 
-3.22215 11.25895 -3.22215 -11.5752 -3.22215 2.19765 -3.22215 -1.94025 -3.22215 6.19985 -3.22215 -6.5135 
-3.14205 11.04385 -3.14205 -10.0639 -3.14205 2.17885 -3.14205 -1.6253 -3.14205 6.0778 -3.14205 -5.7153 
-3.06185 11.26215 -3.06185 -9.0821 -3.06185 2.24735 -3.06185 -1.4162 -3.06185 6.20205 -3.06185 -5.21145 
-2.98165 11.8812 -2.98165 -8.79795 -2.98165 2.38775 -2.98165 -1.33815 -2.98165 6.56365 -2.98165 -5.0977 
-2.90155 12.57675 -2.90155 -9.01345 -2.90155 2.53725 -2.90155 -1.34905 -2.90155 6.98195 -2.90155 -5.26645 
-2.82135 12.9485 -2.82135 -9.40475 -2.82135 2.6211 -2.82135 -1.384 -2.82135 7.22655 -2.82135 -5.5415 
-2.74125 12.77465 -2.74125 -9.72055 -2.74125 2.59645 -2.74125 -1.397 -2.74125 7.17005 -2.74125 -5.77865 
-2.66105 12.1318 -2.66105 -9.86415 -2.66105 2.4784 -2.66105 -1.37745 -2.66105 6.85215 -2.66105 -5.91425 
-2.58085 11.28205 -2.58085 -9.92115 -2.58085 2.3206 -2.58085 -1.3475 -2.58085 6.4139 -2.58085 -5.98915 
-2.50075 10.4571 -2.50075 -10.00395 -2.50075 2.16925 -2.50075 -1.33175 -2.50075 5.98205 -2.50075 -6.06745 
-2.42055 9.8094 -2.42055 -9.98125 -2.42055 2.04775 -2.42055 -1.3179 -2.42055 5.64415 -2.42055 -6.0727 
-2.34035 9.484 -2.34035 -9.55275 -2.34035 1.97085 -2.34035 -1.27035 -2.34035 5.49405 -2.34035 -5.8199 
-2.26025 9.54325 -2.26025 -8.75025 -2.26025 1.9426 -2.26025 -1.1933 -2.26025 5.5794 -2.26025 -5.3189 
-2.18005 9.8071 -2.18005 -8.0791 -2.18005 1.9314 -2.18005 -1.1435 -2.18005 5.79925 -2.18005 -4.8755 
-2.09995 9.9467 -2.09995 -7.85165 -2.09995 1.89185 -2.09995 -1.15195 -2.09995 5.95405 -2.09995 -4.6896 
-2.01975 9.8225 -2.01975 -7.6964 -2.01975 1.8217 -2.01975 -1.16995 -2.01975 5.95005 -2.01975 -4.5493 
-1.93955 9.64875 -1.93955 -7.10535 -1.93955 1.7713 -1.93955 -1.13965 -1.93955 5.9054 -1.93955 -4.15325 
-1.85945 9.75785 -1.85945 -6.15605 -1.85945 1.78955 -1.85945 -1.0777 -1.85945 6.02545 -1.85945 -3.5504 
-1.77925 10.21825 -1.77925 -5.3689 -1.77925 1.8614 -1.77925 -1.0531 -1.77925 6.3608 -1.77925 -3.04835 
-1.69915 10.6734 -1.69915 -5.09895 -1.69915 1.9129 -1.69915 -1.1111 -1.69915 6.69005 -1.69915 -2.8521 
-1.61895 10.5727 -1.61895 -5.269 -1.61895 1.8625 -1.61895 -1.23385 -1.61895 6.65255 -1.61895 -2.91095 
-1.53875 9.6657 -1.53875 -5.53155 -1.53875 1.6884 -1.53875 -1.3548 -1.53875 6.07925 -1.53875 -3.02525 
-1.45865 8.27915 -1.45865 -5.53655 -1.45865 1.4437 -1.45865 -1.40145 -1.45865 5.1916 -1.45865 -3.00325 
-1.37845 7.005 -1.37845 -5.0965 -1.37845 1.21085 -1.37845 -1.32345 -1.37845 4.3915 -1.37845 -2.7494 
-1.29835 6.14495 -1.29835 -4.27915 -1.29835 1.0363 -1.29835 -1.1256 -1.29835 3.8754 -1.29835 -2.30765 
-1.21815 5.57195 -1.21815 -3.4173 -1.21815 0.91265 -1.21815 -0.89085 -1.21815 3.542 -1.21815 -1.85655 
-1.13795 5.0445 -1.13795 -2.8875 -1.13795 0.817 -1.13795 -0.7356 -1.13795 3.2164 -1.13795 -1.5837 
-1.05785 4.43375 -1.05785 -2.79965 -1.05785 0.73165 -1.05785 -0.71545 -1.05785 2.81385 -1.05785 -1.53375 
-0.977648 3.7067 -0.977648 -2.944 -0.977648 0.63585 -0.977648 -0.7796 -0.977648 2.32855 -0.977648 -1.591 
-0.897548 2.93365 -0.897548 -2.9843 -0.897548 0.52465 -0.897548 -0.8235 -0.897548 1.8184 -0.897548 -1.5883 
-0.817348 2.2861 -0.817348 -2.6667 -0.817348 0.4241 -0.817348 -0.7594 -0.817348 1.3985 -0.817348 -1.4028 
-0.737148 1.87305 -0.737148 -1.9783 -0.737148 0.3582 -0.737148 -0.57485 -0.737148 1.13585 -0.737148 -1.03285 
-0.657048 1.6158 -0.657048 -1.16805 -0.657048 0.31555 -0.657048 -0.3436 -0.657048 0.97755 -0.657048 -0.60655 
-0.576848 1.3488 -0.576848 -0.5334 -0.576848 0.26745 -0.576848 -0.1578 -0.576848 0.817 -0.576848 -0.2759 
-0.496748 0.99675 -0.496748 -0.18495 -0.496748 0.19905 -0.496748 -0.0553 -0.496748 0.60675 -0.496748 -0.09535 
-0.416548 0.6175 -0.416548 -0.04815 -0.416548 0.1243 -0.416548 -0.01435 -0.416548 0.37705 -0.416548 -0.02455 
-0.336348 0.31075 -0.336348 -0.00935 -0.336348 0.0625 -0.336348 -0.00275 -0.336348 0.19045 -0.336348 -0.00445 
-0.256248 0.12425 -0.256248 -0.00135 -0.256248 0.0251 -0.256248 -0.0004 -0.256248 0.0764 -0.256248 -0.0005 
-0.176048 0.03875 -0.176048 -0.00015 -0.176048 0.00795 -0.176048 -0.0 -0.176048 0.02345 -0.176048 -0.0 
-0.0959482 0.0093 -0.0959482 -0.0 -0.0959482 0.00155 -0.0959482 -0.0 -0.0959482 0.00585 -0.0959482 -0.0 
-0.0157482 0.0017 -0.0157482 -0.0001 -0.0157482 0.00025 -0.0157482 -0.0 -0.0157482 0.00085 -0.0157482 -0.0 
0.0644518 0.00045 0.0644518 -0.0008 0.0644518 0.0 0.0644518 -0.0002 0.0644518 5e-05 0.0644518 -0.0 
0.144552 0.00205 0.144552 -0.00605 0.144552 0.0015 0.144552 -0.00485 0.144552 0.0 0.144552 -0.0 
0.224752 0.01445 0.224752 -0.0356 0.224752 0.0105 0.224752 -0.02865 0.224752 0.0013 0.224752 -0.0017 
0.304852 0.07675 0.304852 -0.162 0.304852 0.05605 0.304852 -0.1315 0.304852 0.0076 0.304852 -0.01005 
0.385052 0.30595 0.385052 -0.5735 0.385052 0.22535 0.385052 -0.4681 0.385052 0.0322 0.385052 -0.03745 
0.465252 0.9284 0.465252 -1.593 0.465252 0.6845 0.465252 -1.30605 0.465252 0.099 0.465252 -0.1039 
0.545352 2.19505 0.545352 -3.50595 0.545352 1.62 0.545352 -2.8874 0.545352 0.23885 0.545352 -0.22945 
0.625552 4.1919 0.625552 -6.19385 0.625552 3.10545 0.625552 -5.12225 0.625552 0.46295 0.625552 -0.40365 
0.705652 6.7934 0.705652 -8.9717 0.705652 5.07585 0.705652 -7.4487 0.705652 0.7573 0.705652 -0.5798 
0.785852 9.838 0.785852 -11.0756 0.785852 7.46195 0.785852 -9.2229 0.785852 1.0924 0.785852 -0.7101 
0.866052 13.1236 0.866052 -12.43555 0.866052 10.1377 0.866052 -10.36885 0.866052 1.4379 0.866052 -0.8007 
0.946152 16.04355 0.946152 -13.7045 0.946152 12.59125 0.946152 -11.4166 0.946152 1.74105 0.946152 -0.90815 
1.02635 17.4814 1.02635 -15.3809 1.02635 13.849 1.02635 -12.7902 1.02635 1.90905 1.02635 -1.07065 
1.10645 16.5288 1.10645 -17.20075 1.10645 13.1258 1.10645 -14.2923 1.10645 1.84955 1.10645 -1.2615 
1.18665 13.4534 1.18665 -18.58705 1.18665 10.645 1.18665 -15.4605 1.18665 1.57025 1.18665 -1.42315 
1.26685 9.6373 1.26685 -19.3986 1.26685 7.55975 1.26685 -16.17805 1.26685 1.19165 1.26685 -1.52955 
1.34695 6.3586 1.34695 -19.993 1.34695 4.9297 1.34695 -16.72925 1.34695 0.84145 1.34695 -1.603 
1.42715 3.9556 1.42715 -20.78165 1.42715 3.03295 1.42715 -17.4319 1.42715 0.55675 1.42715 -1.68885 
1.50725 2.2308 1.50725 -21.9244 1.50725 1.6975 1.50725 -18.3887 1.50725 0.32685 1.50725 -1.8276 
1.58745 1.0696 1.58745 -23.22525 1.58745 0.81095 1.58745 -19.40535 1.58745 0.15905 1.58745 -2.03505 
1.66765 0.453 1.66765 -24.1769 1.66765 0.34515 1.66765 -20.0395 1.66765 0.0647 1.66765 -2.2849 
1.74775 0.29195 1.74775 -24.38445 1.74775 0.22865 1.74775 -19.96905 1.74775 0.0318 1.74775 -2.536 
1.82795 0.4645 1.82795 -24.01665 1.82795 0.37175 1.82795 -19.35275 1.82795 0.0398 1.82795 -2.7902 
1.90805 0.8855 1.90805 -23.56295 1.90805 0.7156 1.90805 -18.6119 1.90805 0.0736 1.90805 -3.08655 
1.98825 1.5038 1.98825 -23.16465 1.98825 1.2279 1.98825 -17.90255 1.98825 0.12165 1.98825 -3.4072 
2.06845 2.32865 2.06845 -22.4571 2.06845 1.9281 2.06845 -17.0132 2.06845 0.1794 2.06845 -3.6305 
2.14855 3.44885 2.14855 -21.05985 2.14855 2.8916 2.14855 -15.72585 2.14855 0.25105 2.14855 -3.6227 
2.22875 4.87305 2.22875 -18.99435 2.22875 4.11245 2.22875 -14.0789 2.22875 0.34205 2.22875 -3.3668 
2.30885 6.3162 2.30885 -16.58825 2.30885 5.33115 2.30885 -12.27445 2.30885 0.44285 2.30885 -2.9647 
2.38905 7.3034 2.38905 -14.1342 2.38905 6.14405 2.38905 -10.46125 2.38905 0.52325 2.38905 -2.53035 
2.46925 7.59695 2.46925 -11.6917 2.46925 6.3546 2.46925 -8.6402 2.46925 0.56515 2.46925 -2.10805 
2.54935 7.4934 2.54935 -9.15715 2.54935 6.2143 2.54935 -6.7368 2.54935 0.5899 2.54935 -1.67565 
2.62955 7.6029 2.62955 -6.558 2.62955 6.2377 2.62955 -4.7946 2.62955 0.64235 2.62955 -1.2197 
2.70975 8.24915 2.70975 -4.2761 2.70975 6.7038 2.70975 -3.1084 2.70975 0.7456 2.70975 -0.79925 
2.78985 9.1346 2.78985 -2.8581 2.78985 7.36845 2.78985 -2.0729 2.78985 0.87715 2.78985 -0.51295 
2.87005 9.6222 2.87005 -2.56185 2.87005 7.6938 2.87005 -1.86975 2.87005 0.99095 2.87005 -0.413 
2.95015 9.2452 2.95015 -3.12395 2.95015 7.29245 2.95015 -2.3033 2.95015 1.0376 2.95015 -0.45855 
3.03035 8.0212 3.03035 -3.968 3.03035 6.19435 3.03035 -2.95315 3.03035 0.99325 3.03035 -0.5554 
3.11055 6.4404 3.11055 -4.61325 3.11055 4.82095 3.11055 -3.45245 3.11055 0.878 3.11055 -0.63405 
3.19065 5.11365 3.19065 -4.83695 3.19065 3.67285 3.19065 -3.61255 3.19065 0.7586 3.19065 -0.66985 
3.27085 4.35735 3.27085 -4.52825 3.27085 3.0003 3.27085 -3.3359 3.27085 0.69355 3.27085 -0.64635 
3.35095 4.06395 3.35095 -3.66745 3.35095 2.7239 3.35095 -2.6204 3.35095 0.6905 3.35095 -0.5449 
3.43115 3.8507 3.43115 -2.5015 3.43115 2.55755 3.43115 -1.6822 3.43115 0.6916 3.43115 -0.38475 
3.51135 3.35105 3.51135 -1.45985 3.51135 2.21815 3.51135 -0.8673 3.51135 0.62765 3.51135 -0.2279 
3.59145 2.5031 3.59145 -0.817 3.59145 1.6342 3.59145 -0.38315 3.59145 0.4805 3.59145 -0.12585 
3.67165 1.57855 3.67165 -0.57445 3.67165 0.9774 3.67165 -0.21855 3.67165 0.30495 3.67165 -0.0864 
3.75175 0.90065 3.75175 -0.6204 3.75175 0.46725 3.75175 -0.26915 3.75175 0.1689 3.75175 -0.09455 
3.83195 0.5788 3.83195 -0.8572 3.83195 0.18325 3.83195 -0.4438 3.83195 0.09935 3.83195 -0.1358 
3.91215 0.5077 3.91215 -1.18565 3.91215 0.06885 3.91215 -0.66075 3.91215 0.0808 3.91215 -0.1949 
3.99225 0.52215 3.99225 -1.4628 3.99225 0.0356 3.99225 -0.81685 3.99225 0.0822 3.99225 -0.2474 
4.07245 0.50765 4.07245 -1.53825 4.07245 0.02655 4.07245 -0.81895 4.07245 0.0811 4.07245 -0.2658 
4.15255 0.42725 4.15255 -1.36155 4.15255 0.02065 4.15255 -0.6542 4.15255 0.06895 4.15255 -0.2401 
4.23275 0.3089 4.23275 -1.0246 4.23275 0.0146 4.23275 -0.4148 4.23275 0.05115 4.23275 -0.18445 
4.31295 0.21955 4.31295 -0.66905 4.31295 0.00945 4.31295 -0.2119 4.31295 0.03725 4.31295 -0.1225 
4.39305 0.23005 4.39305 -0.39145 4.39305 0.008 4.39305 -0.09025 4.39305 0.04025 4.39305 -0.073 
4.47325 0.3696 4.47325 -0.2457 4.47325 0.0124 4.47325 -0.0367 4.47325 0.06555 4.47325 -0.0478 
4.55335 0.5816 4.55335 -0.2659 4.55335 0.0189 4.55335 -0.02285 4.55335 0.1038 4.55335 -0.05485 
4.63355 0.7435 4.63355 -0.4388 4.63355 0.0237 4.63355 -0.029 4.63355 0.132 4.63355 -0.0926 
4.71375 0.77985 4.71375 -0.66575 4.71375 0.0244 4.71375 -0.0412 4.71375 0.13545 4.71375 -0.13935 
4.79385 0.7407 4.79385 -0.81275 4.79385 0.02225 4.79385 -0.0493 4.79385 0.12215 4.79385 -0.16645 
4.87405 0.72885 4.87405 -0.8401 4.87405 0.0206 4.87405 -0.0478 4.87405 0.10875 4.87405 -0.16315 
4.95415 0.8033 4.95415 -0.8317 4.95415 0.02215 4.95415 -0.0413 4.95415 0.101 4.95415 -0.1444 
5.03435 1.00005 5.03435 -0.88275 5.03435 0.02855 5.03435 -0.03745 5.03435 0.09855 5.03435 -0.1256 
5.11455 1.35245 5.11455 -1.04315 5.11455 0.04095 5.11455 -0.0393 5.11455 0.107 5.11455 -0.115 
5.19465 1.8109 5.19465 -1.3407 5.19465 0.0559 5.19465 -0.0495 5.19465 0.131 5.19465 -0.11845 
5.27485 2.2387 5.27485 -1.742 5.27485 0.068 5.27485 -0.06675 5.27485 0.1673 5.27485 -0.141 
5.35495 2.581 5.35495 -2.1395 5.35495 0.0737 5.35495 -0.0861 5.35495 0.2106 5.35495 -0.17575 
5.43515 2.95045 5.43515 -2.48955 5.43515 0.0767 5.43515 -0.1017 5.43515 0.25905 5.43515 -0.21035 
5.51535 3.43785 5.51535 -2.8953 5.51535 0.07945 5.51535 -0.11095 5.51535 0.3081 5.51535 -0.2445 
5.59545 3.90615 5.59545 -3.4309 5.59545 0.082 5.59545 -0.1182 5.59545 0.3452 5.59545 -0.28445 
5.67565 4.0732 5.67565 -3.93115 5.67565 0.0803 5.67565 -0.12325 5.67565 0.3552 5.67565 -0.3235 
5.75575 3.7719 5.75575 -4.08445 5.75575 0.07315 5.75575 -0.12115 5.75575 0.33025 5.75575 -0.34195 
5.83595 3.09425 5.83595 -3.74285 5.83595 0.0619 5.83595 -0.1106 5.83595 0.27855 5.83595 -0.3261 
5.91615 2.3178 5.91615 -3.06425 5.91615 0.0496 5.91615 -0.09555 5.91615 0.21945 5.91615 -0.28365 
5.99625 1.70445 5.99625 -2.35565 5.99625 0.04125 5.99625 -0.0818 5.99625 0.1749 5.99625 -0.23495 
6.07645 1.3455 6.07645 -1.83325 6.07645 0.03705 6.07645 -0.0733 6.07645 0.15195 6.07645 -0.19835 
6.15655 1.16425 6.15655 -1.5195 6.15655 0.0353 6.15655 -0.0693 6.15655 0.1438 6.15655 -0.17475 
6.23675 1.0244 6.23675 -1.31165 6.23675 0.03245 6.23675 -0.06665 6.23675 0.1348 6.23675 -0.15505 
6.31695 0.83475 6.31695 -1.111 6.31695 0.0273 6.31695 -0.06155 6.31695 0.1146 6.31695 -0.1319 
6.39705 0.5993 6.39705 -0.8847 6.39705 0.01955 6.39705 -0.0533 6.39705 0.0853 6.39705 -0.10435 
6.47725 0.38555 6.47725 -0.64275 6.47725 0.0122 6.47725 -0.0412 6.47725 0.0552 6.47725 -0.0753 
6.55735 0.2393 6.55735 -0.4096 6.55735 0.0066 6.55735 -0.02715 6.55735 0.03415 6.55735 -0.0484 
6.63755 0.1489 6.63755 -0.2182 6.63755 0.00335 6.63755 -0.01485 6.63755 0.0213 6.63755 -0.026 
6.71775 0.0859 6.71775 -0.09295 6.71775 0.0013 6.71775 -0.00615 6.71775 0.01155 6.71775 -0.0111 
6.79785 0.0409 6.79785 -0.03065 6.79785 0.00045 6.79785 -0.00165 6.79785 0.0054 6.79785 -0.0034 
6.87805 0.015 6.87805 -0.00765 6.87805 0.0001 6.87805 -0.00015 6.87805 0.00175 6.87805 -0.00015 
6.95815 0.0041 6.95815 -0.00145 6.95815 0.0 6.95815 -0.0 6.95815 0.00025 6.95815 -0.0 
7.03835 0.0008 7.03835 -0.0002 7.03835 0.0 7.03835 -0.0 7.03835 0.0 7.03835 -0.0 
7.11855 0.0001 7.11855 -0.0 7.11855 0.0 7.11855 -0.0 7.11855 0.0 7.11855 -0.0 
7.19865 0.0 7.19865 -0.0 7.19865 0.0 7.19865 -0.0 7.19865 0.0 7.19865 -0.0 
7.27885 0.0 7.27885 -0.0 7.27885 0.0 7.27885 -0.0 7.27885 0.0 7.27885 -0.0 
7.35895 0.0 7.35895 -0.0 7.35895 0.0 7.35895 -0.0 7.35895 0.0 7.35895 -0.0 
7.43915 0.0 7.43915 -0.0 7.43915 0.0 7.43915 -0.0 7.43915 0.0 7.43915 -0.0 
7.51935 0.0 7.51935 -0.0 7.51935 0.0 7.51935 -0.0 7.51935 0.0 7.51935 -0.0 
7.59945 0.0 7.59945 -0.0 7.59945 0.0 7.59945 -0.0 7.59945 0.0 7.59945 -0.0 
7.67965 0.0 7.67965 -0.0 7.67965 0.0 7.67965 -0.0 7.67965 0.0 7.67965 -0.0 
7.75985 0.0 7.75985 -0.0 7.75985 0.0 7.75985 -0.0 7.75985 0.0 7.75985 -0.0 
7.83995 0.0 7.83995 -0.0 7.83995 0.0 7.83995 -0.0 7.83995 0.0 7.83995 -0.0 
7.92015 0.0 7.92015 -0.0 7.92015 0.0 7.92015 -0.0 7.92015 0.0 7.92015 -0.0 
8.00025 0.0 8.00025 -0.0 8.00025 0.0 8.00025 -0.0 8.00025 0.0 8.00025 -0.0 
8.08045 0.0 8.08045 -0.0 8.08045 0.0 8.08045 -0.0 8.08045 0.0 8.08045 -0.0 
8.16065 0.0 8.16065 -0.0 8.16065 0.0 8.16065 -0.0 8.16065 0.0 8.16065 -0.0 
8.24075 0.0 8.24075 -0.0 8.24075 0.0 8.24075 -0.0 8.24075 0.0 8.24075 -0.0 
8.32095 0.0 8.32095 -0.0 8.32095 0.0 8.32095 -0.0 8.32095 0.0 8.32095 -0.0 
8.40105 0.0 8.40105 -0.0 8.40105 0.0 8.40105 -0.0 8.40105 0.0 8.40105 -0.0 
8.48125 0.0 8.48125 -0.0 8.48125 0.0 8.48125 -0.0 8.48125 0.0 8.48125 -0.0 
8.56145 0.0 8.56145 -0.0 8.56145 0.0 8.56145 -0.0 8.56145 0.0 8.56145 -0.0 
8.64155 0.0 8.64155 -0.0 8.64155 0.0 8.64155 -0.0 8.64155 0.0 8.64155 -0.0 
8.72175 0.0 8.72175 -0.0 8.72175 0.0 8.72175 -0.0 8.72175 0.0 8.72175 -0.0 
8.80185 0.0 8.80185 -0.0 8.80185 0.0 8.80185 -0.0 8.80185 0.0 8.80185 -0.0 
8.88205 0.0 8.88205 -0.0 8.88205 0.0 8.88205 -0.0 8.88205 0.0 8.88205 -0.0 
8.96225 0.0 8.96225 -0.0 8.96225 0.0 8.96225 -0.0 8.96225 0.0 8.96225 -0.0 
9.04235 0.0 9.04235 -0.0 9.04235 0.0 9.04235 -0.0 9.04235 0.0 9.04235 -0.0 
9.12255 0.0 9.12255 -0.0 9.12255 0.0 9.12255 -0.0 9.12255 0.0 9.12255 -0.0 
9.20265 0.0 9.20265 -0.0 9.20265 0.0 9.20265 -0.0 9.20265 0.0 9.20265 -0.0 
9.28285 0.0 9.28285 -0.0 9.28285 0.0 9.28285 -0.0 9.28285 0.0 9.28285 -0.0 
9.36305 0.0 9.36305 -0.0 9.36305 0.0 9.36305 -0.0 9.36305 0.0 9.36305 -0.0 
9.44315 0.0 9.44315 -0.0 9.44315 0.0 9.44315 -0.0 9.44315 0.0 9.44315 -0.0 
9.52335 0.0 9.52335 -0.0 9.52335 0.0 9.52335 -0.0 9.52335 0.0 9.52335 -0.0 
9.60345 0.0 9.60345 -0.0 9.60345 0.0 9.60345 -0.0 9.60345 0.0 9.60345 -0.0 
9.68365 0.0 9.68365 -0.0 9.68365 0.0 9.68365 -0.0 9.68365 0.0 9.68365 -0.0 
9.76385 0.0 9.76385 -0.0 9.76385 0.0 9.76385 -0.0 9.76385 0.0 9.76385 -0.0 
9.84395 0.0 9.84395 -0.0 9.84395 0.0 9.84395 -0.0 9.84395 0.0 9.84395 -0.0 
9.92415 0.0 9.92415 -0.0 9.92415 0.0 9.92415 -0.0 9.92415 0.0 9.92415 -0.0 
10.0043 0.0 10.0043 -0.0 10.0043 0.0 10.0043 -0.0 10.0043 0.0 10.0043 -0.0 
10.0845 0.0 10.0845 -0.0 10.0845 0.0 10.0845 -0.0 10.0845 0.0 10.0845 -0.0 
10.1647 0.0 10.1647 -0.0 10.1647 0.0 10.1647 -0.0 10.1647 0.0 10.1647 -0.0 
10.2448 0.0 10.2448 -0.0 10.2448 0.0 10.2448 -0.0 10.2448 0.0 10.2448 -0.0 
10.325 0.0 10.325 -0.0 10.325 0.0 10.325 -0.0 10.325 0.0 10.325 -0.0 
10.4051 0.0 10.4051 -0.0 10.4051 0.0 10.4051 -0.0 10.4051 0.0 10.4051 -0.0 
10.4853 0.0 10.4853 -0.0 10.4853 0.0 10.4853 -0.0 10.4853 0.0 10.4853 -0.0 
10.5655 0.0 10.5655 -0.0 10.5655 0.0 10.5655 -0.0 10.5655 0.0 10.5655 -0.0 
10.6456 0.0 10.6456 -0.0 10.6456 0.0 10.6456 -0.0 10.6456 0.0 10.6456 -0.0 
10.7258 0.0 10.7258 -0.0 10.7258 0.0 10.7258 -0.0 10.7258 0.0 10.7258 -0.0 
10.8059 0.0 10.8059 -0.0 10.8059 0.0 10.8059 -0.0 10.8059 0.0 10.8059 -0.0 
10.8861 0.0 10.8861 -0.0 10.8861 0.0 10.8861 -0.0 10.8861 0.0 10.8861 -0.0 
10.9663 0.0 10.9663 -0.0 10.9663 0.0 10.9663 -0.0 10.9663 0.0 10.9663 -0.0 
11.0464 0.0 11.0464 -0.0 11.0464 0.0 11.0464 -0.0 11.0464 0.0 11.0464 -0.0 
11.1266 0.0 11.1266 -0.0 11.1266 0.0 11.1266 -0.0 11.1266 0.0 11.1266 -0.0 
11.2067 0.0 11.2067 -0.0 11.2067 0.0 11.2067 -0.0 11.2067 0.0 11.2067 -0.0 
11.2869 0.0 11.2869 -0.0 11.2869 0.0 11.2869 -0.0 11.2869 0.0 11.2869 -0.0 
11.3671 0.0 11.3671 -0.0 11.3671 0.0 11.3671 -0.0 11.3671 0.0 11.3671 -0.0 
11.4472 0.0 11.4472 -0.0 11.4472 0.0 11.4472 -0.0 11.4472 0.0 11.4472 -0.0 
11.5274 0.0 11.5274 -0.0 11.5274 0.0 11.5274 -0.0 11.5274 0.0 11.5274 -0.0 
11.6075 0.0 11.6075 -0.0 11.6075 0.0 11.6075 -0.0 11.6075 0.0 11.6075 -0.0 
11.6877 0.0 11.6877 -0.0 11.6877 0.0 11.6877 -0.0 11.6877 0.0 11.6877 -0.0 
11.7679 0.0 11.7679 -0.0 11.7679 0.0 11.7679 -0.0 11.7679 0.0 11.7679 -0.0 
11.848 0.0 11.848 -0.0 11.848 0.0 11.848 -0.0 11.848 0.0 11.848 -0.0 
11.9282 0.0 11.9282 -0.0 11.9282 0.0 11.9282 -0.0 11.9282 0.0 11.9282 -0.0 
12.0083 0.0 12.0083 -0.0 12.0083 0.0 12.0083 -0.0 12.0083 0.0 12.0083 -0.0 
12.0885 0.0 12.0885 -0.0 12.0885 0.0 12.0885 -0.0 12.0885 0.0 12.0885 -0.0 
12.1687 0.0 12.1687 -0.0 12.1687 0.0 12.1687 -0.0 12.1687 0.0 12.1687 -0.0 
12.2488 0.0 12.2488 -0.0 12.2488 0.0 12.2488 -0.0 12.2488 0.0 12.2488 -0.0 
12.329 0.0 12.329 -0.0 12.329 0.0 12.329 -0.0 12.329 0.0 12.329 -0.0 
12.4091 0.0 12.4091 -0.0 12.4091 0.0 12.4091 -0.0 12.4091 0.0 12.4091 -0.0 
12.4893 0.0 12.4893 -0.0 12.4893 0.0 12.4893 -0.0 12.4893 0.0 12.4893 -0.0 
12.5695 0.0 12.5695 -0.0 12.5695 0.0 12.5695 -0.0 12.5695 0.0 12.5695 -0.0 
12.6496 0.0 12.6496 -0.0 12.6496 0.0 12.6496 -0.0 12.6496 0.0 12.6496 -0.0 
12.7298 0.0 12.7298 -0.0 12.7298 0.0 12.7298 -0.0 12.7298 0.0 12.7298 -0.0 
12.81 0.0 12.81 -0.0 12.81 0.0 12.81 -0.0 12.81 0.0 12.81 -0.0 
12.8901 0.0 12.8901 -0.0 12.8901 0.0 12.8901 -0.0 12.8901 0.0 12.8901 -0.0 
12.9703 0.0 12.9703 -0.0 12.9703 0.0 12.9703 -0.0 12.9703 0.0 12.9703 -0.0 
13.0504 0.0 13.0504 -0.0 13.0504 0.0 13.0504 -0.0 13.0504 0.0 13.0504 -0.0 
13.1306 0.0 13.1306 -0.0 13.1306 0.0 13.1306 -0.0 13.1306 0.0 13.1306 -0.0 
13.2108 0.0 13.2108 -0.0 13.2108 0.0 13.2108 -0.0 13.2108 0.0 13.2108 -0.0 
13.2909 0.0 13.2909 -0.0 13.2909 0.0 13.2909 -0.0 13.2909 0.0 13.2909 -0.0 
13.3711 0.0 13.3711 -0.0 13.3711 0.0 13.3711 -0.0 13.3711 0.0 13.3711 -0.0 
13.4512 0.0 13.4512 -0.0 13.4512 0.0 13.4512 -0.0 13.4512 0.0 13.4512 -0.0 
13.5314 0.0 13.5314 -0.0 13.5314 0.0 13.5314 -0.0 13.5314 0.0 13.5314 -0.0 
13.6116 0.0 13.6116 -0.0 13.6116 0.0 13.6116 -0.0 13.6116 0.0 13.6116 -0.0 
13.6917 0.0 13.6917 -0.0 13.6917 0.0 13.6917 -0.0 13.6917 0.0 13.6917 -0.0 
13.7719 0.0 13.7719 -0.0 13.7719 0.0 13.7719 -0.0 13.7719 0.0 13.7719 -0.0 
13.852 0.0 13.852 -0.0 13.852 0.0 13.852 -0.0 13.852 0.0 13.852 -0.0 
13.9322 0.0 13.9322 -0.0 13.9322 0.0 13.9322 -0.0 13.9322 0.0 13.9322 -0.0 
14.0124 0.0 14.0124 -0.0 14.0124 0.0 14.0124 -0.0 14.0124 0.0 14.0124 -0.0 
14.0925 0.0 14.0925 -0.0 14.0925 0.0 14.0925 -0.0 14.0925 0.0 14.0925 -0.0 
14.1727 0.0 14.1727 -0.0 14.1727 0.0 14.1727 -0.0 14.1727 0.0 14.1727 -0.0 
14.2528 0.0 14.2528 -0.0 14.2528 0.0 14.2528 -0.0 14.2528 0.0 14.2528 -0.0 
14.333 0.0 14.333 -0.0 14.333 0.0 14.333 -0.0 14.333 0.0 14.333 -0.0 
14.4132 0.0 14.4132 -0.0 14.4132 0.0 14.4132 -0.0 14.4132 0.0 14.4132 -0.0 
14.4933 0.0 14.4933 -0.0 14.4933 0.0 14.4933 -0.0 14.4933 0.0 14.4933 -0.0 
14.5735 0.0 14.5735 -0.0 14.5735 0.0 14.5735 -0.0 14.5735 0.0 14.5735 -0.0 
14.6536 0.0 14.6536 -0.0 14.6536 0.0 14.6536 -0.0 14.6536 0.0 14.6536 -0.0 
14.7338 0.0 14.7338 -0.0 14.7338 0.0 14.7338 -0.0 14.7338 0.0 14.7338 -0.0 
14.814 0.0 14.814 -0.0 14.814 0.0 14.814 -0.0 14.814 0.0 14.814 -0.0 
14.8941 0.0 14.8941 -0.0 14.8941 0.0 14.8941 -0.0 14.8941 0.0 14.8941 -0.0 
14.9743 0.0 14.9743 -0.0 14.9743 0.0 14.9743 -0.0 14.9743 0.0 14.9743 -0.0 
15.0544 0.0 15.0544 -0.0 15.0544 0.0 15.0544 -0.0 15.0544 0.0 15.0544 -0.0 
15.1346 0.0 15.1346 -0.0 15.1346 0.0 15.1346 -0.0 15.1346 0.0 15.1346 -0.0 
