    -24.8654        24.95
    -24.7852            0
    -24.7051            0
    -24.6249            0
    -24.5448            0
    -24.4646            0
    -24.3844            0
    -24.3043            0
    -24.2241            0
     -24.144            0
    -24.0638            0
    -23.9836            0
    -23.9035            0
    -23.8233            0
    -23.7432            0
     -23.663            0
    -23.5828            0
    -23.5027            0
    -23.4225            0
    -23.3424            0
    -23.2622            0
     -23.182            0
    -23.1019            0
    -23.0217            0
    -22.9416            0
    -22.8614            0
    -22.7812            0
    -22.7011            0
    -22.6209            0
    -22.5408            0
    -22.4606            0
    -22.3804            0
    -22.3003            0
    -22.2201            0
    -22.1399            0
    -22.0598            0
    -21.9796            0
    -21.8995            0
    -21.8193       0.0003
    -21.7391       0.0032
     -21.659       0.0248
    -21.5788       0.1424
    -21.4987       0.5983
    -21.4185       1.8415
    -21.3383       4.1522
    -21.2582       6.8603
     -21.178       8.3065
    -21.0979       7.3712
    -21.0177        4.794
    -20.9375       2.2857
    -20.8574       0.8047
    -20.7772       0.2397
    -20.6971       0.1759
    -20.6169       0.4118
    -20.5367       0.9363
    -20.4566       1.7249
    -20.3764       2.6423
    -20.2963       3.5118
    -20.2161       4.2082
    -20.1359       4.6825
    -20.0558       5.0335
    -19.9756       5.5891
    -19.8955       6.7542
    -19.8153       8.7249
    -19.7351      11.4732
     -19.655      14.9228
    -19.5748      18.7977
    -19.4947      22.2303
    -19.4145      23.9162
    -19.3343      23.0255
    -19.2542      19.9573
     -19.174      16.1611
    -19.0939      13.2664
    -19.0137      12.1821
    -18.9335       12.775
    -18.8534      14.4066
    -18.7732      16.6704
    -18.6931      19.2518
    -18.6129      21.2677
    -18.5327      21.6483
    -18.4526      20.2753
    -18.3724      17.8548
    -18.2923      14.7969
    -18.2121      11.2522
    -18.1319        7.881
    -18.0518       5.4502
    -17.9716       4.0183
    -17.8915       3.2867
    -17.8113        3.268
    -17.7311       4.0841
     -17.651       5.4414
    -17.5708       6.5757
    -17.4907       6.7148
    -17.4105       5.7452
    -17.3303       4.4443
    -17.2502       3.8541
      -17.17       4.3102
    -17.0898       5.1027
    -17.0097       5.1587
    -16.9295       4.0899
    -16.8494       2.4725
    -16.7692       1.1258
     -16.689       0.3846
    -16.6089       0.1102
    -16.5287       0.0958
    -16.4486       0.3389
    -16.3684       1.1013
    -16.2882       2.7295
    -16.2081       5.1279
    -16.1279       7.2969
    -16.0478        7.853
    -15.9676       6.3792
    -15.8874       3.9023
    -15.8073       1.7933
    -15.7271       0.6176
     -15.647        0.159
    -15.5668       0.0305
    -15.4866       0.0044
    -15.4065       0.0005
    -15.3263            0
    -15.2462            0
     -15.166            0
    -15.0858            0
    -15.0057            0
    -14.9255            0
    -14.8454            0
    -14.7652            0
     -14.685            0
    -14.6049            0
    -14.5247            0
    -14.4446            0
    -14.3644            0
    -14.2842            0
    -14.2041            0
    -14.1239            0
    -14.0438            0
    -13.9636            0
    -13.8834            0
    -13.8033            0
    -13.7231            0
     -13.643            0
    -13.5628            0
    -13.4826            0
    -13.4025            0
    -13.3223            0
    -13.2422            0
     -13.162            0
    -13.0818            0
    -13.0017            0
    -12.9215            0
    -12.8414            0
    -12.7612            0
     -12.681            0
    -12.6009            0
    -12.5207            0
    -12.4406            0
    -12.3604            0
    -12.2802            0
    -12.2001            0
    -12.1199            0
    -12.0397            0
    -11.9596            0
    -11.8794            0
    -11.7993            0
    -11.7191            0
    -11.6389            0
    -11.5588            0
    -11.4786            0
    -11.3985            0
    -11.3183            0
    -11.2381            0
     -11.158            0
    -11.0778            0
    -10.9977            0
    -10.9175            0
    -10.8373            0
    -10.7572            0
     -10.677       0.0001
    -10.5969       0.0006
    -10.5167       0.0043
    -10.4365       0.0239
    -10.3564       0.1009
    -10.2762       0.3318
    -10.1961       0.8776
    -10.1159       1.9431
    -10.0357       3.7577
    -9.95565       6.5256
    -9.87545      10.1948
    -9.79535      14.1511
    -9.71515      17.4606
    -9.63495      19.8092
    -9.55485      21.9285
    -9.47465      24.7324
    -9.39455      28.3974
    -9.31435      32.4127
    -9.23415      36.0259
    -9.15405      38.6416
    -9.07385      40.1639
    -8.99375      40.9616
    -8.91355      41.4733
    -8.83335      41.8449
    -8.75325      41.8195
    -8.67305      41.0694
    -8.59295      39.6417
    -8.51275      37.9313
    -8.43255      36.5585
    -8.35245      36.2337
    -8.27225       36.914
    -8.19215       37.328
    -8.11195      36.2378
    -8.03175      33.7591
    -7.95165      30.7788
    -7.87145      27.6062
    -7.79135      23.9118
    -7.71115      19.7972
    -7.63095      16.0895
    -7.55085      13.3203
    -7.47065      11.1692
    -7.39055       9.2262
    -7.31035       7.5731
    -7.23015       6.4312
    -7.15005       5.9026
    -7.06985       6.0457
    -6.98965       6.6201
    -6.90955       6.9586
    -6.82935       6.6865
    -6.74925       6.3375
    -6.66905       6.7923
    -6.58885       8.3762
    -6.50875      10.7346
    -6.42855       13.165
    -6.34845       14.952
    -6.26825       15.945
    -6.18805      16.8461
    -6.10795      18.3327
    -6.02775      20.0362
    -5.94765      20.8979
    -5.86745      20.3485
    -5.78725       18.898
    -5.70715      17.6118
    -5.62695      17.0393
    -5.54685       16.876
    -5.46665       16.703
    -5.38645      16.5255
    -5.30635      16.4451
    -5.22615      16.4023
    -5.14605      16.5091
    -5.06585      17.2216
    -4.98565      18.8134
    -4.90555      20.7696
    -4.82535       22.166
    -4.74525      22.7346
    -4.66505      22.9693
    -4.58485       23.175
    -4.50475      23.1968
    -4.42455      22.9763
    -4.34445      22.6204
    -4.26425      22.1458
    -4.18405      21.6457
    -4.10395      21.4071
    -4.02375      21.6332
    -3.94365      22.2467
    -3.86345      22.9846
    -3.78325      23.6435
    -3.70315      24.2412
    -3.62295      24.8137
    -3.54285      25.1394
    -3.46265      24.9532
    -3.38245      24.2937
    -3.30235      23.3933
    -3.22215      22.5179
    -3.14205      22.0877
    -3.06185      22.5243
    -2.98165      23.7624
    -2.90155      25.1535
    -2.82135       25.897
    -2.74125      25.5493
    -2.66105      24.2636
    -2.58085      22.5641
    -2.50075      20.9142
    -2.42055      19.6188
    -2.34035       18.968
    -2.26025      19.0865
    -2.18005      19.6142
    -2.09995      19.8934
    -2.01975       19.645
    -1.93955      19.2975
    -1.85945      19.5157
    -1.77925      20.4365
    -1.69915      21.3468
    -1.61895      21.1454
    -1.53875      19.3314
    -1.45865      16.5583
    -1.37845        14.01
    -1.29835      12.2899
    -1.21815      11.1439
    -1.13795       10.089
    -1.05785       8.8675
   -0.977648       7.4134
   -0.897548       5.8673
   -0.817348       4.5722
   -0.737148       3.7461
   -0.657048       3.2316
   -0.576848       2.6976
   -0.496748       1.9935
   -0.416548        1.235
   -0.336348       0.6215
   -0.256248       0.2485
   -0.176048       0.0775
  -0.0959482       0.0186
  -0.0157482       0.0034
   0.0644518       0.0009
    0.144552       0.0041
    0.224752       0.0289
    0.304852       0.1535
    0.385052       0.6119
    0.465252       1.8568
    0.545352       4.3901
    0.625552       8.3838
    0.705652      13.5868
    0.785852       19.676
    0.866052      26.2472
    0.946152      32.0871
     1.02635      34.9628
     1.10645      33.0576
     1.18665      26.9068
     1.26685      19.2746
     1.34695      12.7172
     1.42715       7.9112
     1.50725       4.4616
     1.58745       2.1392
     1.66765        0.906
     1.74775       0.5839
     1.82795        0.929
     1.90805        1.771
     1.98825       3.0076
     2.06845       4.6573
     2.14855       6.8977
     2.22875       9.7461
     2.30885      12.6324
     2.38905      14.6068
     2.46925      15.1939
     2.54935      14.9868
     2.62955      15.2058
     2.70975      16.4983
     2.78985      18.2692
     2.87005      19.2444
     2.95015      18.4904
     3.03035      16.0424
     3.11055      12.8808
     3.19065      10.2273
     3.27085       8.7147
     3.35095       8.1279
     3.43115       7.7014
     3.51135       6.7021
     3.59145       5.0062
     3.67165       3.1571
     3.75175       1.8013
     3.83195       1.1576
     3.91215       1.0154
     3.99225       1.0443
     4.07245       1.0153
     4.15255       0.8545
     4.23275       0.6178
     4.31295       0.4391
     4.39305       0.4601
     4.47325       0.7392
     4.55335       1.1632
     4.63355        1.487
     4.71375       1.5597
     4.79385       1.4814
     4.87405       1.4577
     4.95415       1.6066
     5.03435       2.0001
     5.11455       2.7049
     5.19465       3.6218
     5.27485       4.4774
     5.35495        5.162
     5.43515       5.9009
     5.51535       6.8757
     5.59545       7.8123
     5.67565       8.1464
     5.75575       7.5438
     5.83595       6.1885
     5.91615       4.6356
     5.99625       3.4089
     6.07645        2.691
     6.15655       2.3285
     6.23675       2.0488
     6.31695       1.6695
     6.39705       1.1986
     6.47725       0.7711
     6.55735       0.4786
     6.63755       0.2978
     6.71775       0.1718
     6.79785       0.0818
     6.87805         0.03
     6.95815       0.0082
     7.03835       0.0016
     7.11855       0.0002
     7.19865            0
     7.27885            0
     7.35895            0
     7.43915            0
     7.51935            0
     7.59945            0
     7.67965            0
     7.75985            0
     7.83995            0
     7.92015            0
     8.00025            0
     8.08045            0
     8.16065            0
     8.24075            0
     8.32095            0
     8.40105            0
     8.48125            0
     8.56145            0
     8.64155            0
     8.72175            0
     8.80185            0
     8.88205            0
     8.96225            0
     9.04235            0
     9.12255            0
     9.20265            0
     9.28285            0
     9.36305            0
     9.44315            0
     9.52335            0
     9.60345            0
     9.68365            0
     9.76385            0
     9.84395            0
     9.92415            0
     10.0043            0
     10.0845            0
     10.1647            0
     10.2448            0
      10.325            0
     10.4051            0
     10.4853            0
     10.5655            0
     10.6456            0
     10.7258            0
     10.8059            0
     10.8861            0
     10.9663            0
     11.0464            0
     11.1266            0
     11.2067            0
     11.2869            0
     11.3671            0
     11.4472            0
     11.5274            0
     11.6075            0
     11.6877            0
     11.7679            0
      11.848            0
     11.9282            0
     12.0083            0
     12.0885            0
     12.1687            0
     12.2488            0
      12.329            0
     12.4091            0
     12.4893            0
     12.5695            0
     12.6496            0
     12.7298            0
       12.81            0
     12.8901            0
     12.9703            0
     13.0504            0
     13.1306            0
     13.2108            0
     13.2909            0
     13.3711            0
     13.4512            0
     13.5314            0
     13.6116            0
     13.6917            0
     13.7719            0
      13.852            0
     13.9322            0
     14.0124            0
     14.0925            0
     14.1727            0
     14.2528            0
      14.333            0
     14.4132            0
     14.4933            0
     14.5735            0
     14.6536            0
     14.7338            0
      14.814            0
     14.8941            0
     14.9743            0
     15.0544            0
     15.1346            0

    -24.8654       -24.95
    -24.7852           -0
    -24.7051           -0
    -24.6249           -0
    -24.5448           -0
    -24.4646           -0
    -24.3844           -0
    -24.3043           -0
    -24.2241           -0
     -24.144           -0
    -24.0638           -0
    -23.9836           -0
    -23.9035           -0
    -23.8233           -0
    -23.7432           -0
     -23.663           -0
    -23.5828           -0
    -23.5027           -0
    -23.4225           -0
    -23.3424           -0
    -23.2622           -0
     -23.182           -0
    -23.1019           -0
    -23.0217           -0
    -22.9416           -0
    -22.8614           -0
    -22.7812           -0
    -22.7011           -0
    -22.6209           -0
    -22.5408           -0
    -22.4606           -0
    -22.3804           -0
    -22.3003           -0
    -22.2201           -0
    -22.1399           -0
    -22.0598           -0
    -21.9796           -0
    -21.8995           -0
    -21.8193      -0.0003
    -21.7391      -0.0032
     -21.659      -0.0248
    -21.5788      -0.1429
    -21.4987      -0.6018
    -21.4185      -1.8533
    -21.3383      -4.1772
    -21.2582      -6.8914
     -21.178      -8.3233
    -21.0979      -7.3599
    -21.0177      -4.7646
    -20.9375       -2.258
    -20.8574      -0.7833
    -20.7772      -0.1998
    -20.6971      -0.0438
    -20.6169      -0.0409
    -20.5367      -0.1419
    -20.4566      -0.4274
    -20.3764      -1.0086
    -20.2963       -1.908
    -20.2161      -2.9882
    -20.1359      -4.0038
    -20.0558      -4.7213
    -19.9756      -5.0689
    -19.8955       -5.292
    -19.8153      -5.8764
    -19.7351      -7.1354
     -19.655      -8.9334
    -19.5748     -10.9808
    -19.4947     -13.3654
    -19.4145     -16.5114
    -19.3343     -20.3084
    -19.2542     -23.3322
     -19.174     -23.4793
    -19.0939     -19.8853
    -19.0137     -14.0918
    -18.9335      -8.8814
    -18.8534      -6.0011
    -18.7732       -5.287
    -18.6931      -5.6656
    -18.6129      -6.4277
    -18.5327      -7.6049
    -18.4526      -9.5798
    -18.3724     -12.4743
    -18.2923      -15.814
    -18.2121     -18.7561
    -18.1319     -20.6149
    -18.0518     -21.1446
    -17.9716      -20.458
    -17.8915     -18.8619
    -17.8113     -16.7443
    -17.7311     -14.4565
     -17.651      -12.214
    -17.5708      -10.067
    -17.4907      -8.0039
    -17.4105       -6.202
    -17.3303      -5.0642
    -17.2502      -4.8585
      -17.17      -5.4443
    -17.0898      -6.2539
    -17.0097      -6.4149
    -16.9295      -5.3502
    -16.8494      -3.4432
    -16.7692      -1.6659
     -16.689      -0.5995
    -16.6089      -0.1684
    -16.5287      -0.0893
    -16.4486      -0.2678
    -16.3684      -0.9025
    -16.2882      -2.3492
    -16.2081        -4.65
    -16.1279      -6.9827
    -16.0478      -7.9317
    -15.9676      -6.7924
    -15.8874      -4.3702
    -15.8073      -2.1058
    -15.7271      -0.7577
     -15.647      -0.2031
    -15.5668      -0.0405
    -15.4866       -0.006
    -15.4065      -0.0007
    -15.3263      -0.0001
    -15.2462           -0
     -15.166           -0
    -15.0858           -0
    -15.0057           -0
    -14.9255           -0
    -14.8454           -0
    -14.7652           -0
     -14.685           -0
    -14.6049           -0
    -14.5247           -0
    -14.4446           -0
    -14.3644           -0
    -14.2842           -0
    -14.2041           -0
    -14.1239           -0
    -14.0438           -0
    -13.9636           -0
    -13.8834           -0
    -13.8033           -0
    -13.7231           -0
     -13.643           -0
    -13.5628           -0
    -13.4826           -0
    -13.4025           -0
    -13.3223           -0
    -13.2422           -0
     -13.162           -0
    -13.0818           -0
    -13.0017           -0
    -12.9215           -0
    -12.8414           -0
    -12.7612           -0
     -12.681           -0
    -12.6009           -0
    -12.5207           -0
    -12.4406           -0
    -12.3604           -0
    -12.2802           -0
    -12.2001           -0
    -12.1199           -0
    -12.0397           -0
    -11.9596           -0
    -11.8794           -0
    -11.7993           -0
    -11.7191           -0
    -11.6389           -0
    -11.5588           -0
    -11.4786           -0
    -11.3985           -0
    -11.3183           -0
    -11.2381           -0
     -11.158           -0
    -11.0778           -0
    -10.9977           -0
    -10.9175           -0
    -10.8373           -0
    -10.7572           -0
     -10.677           -0
    -10.5969           -0
    -10.5167           -0
    -10.4365           -0
    -10.3564           -0
    -10.2762      -0.0002
    -10.1961      -0.0018
    -10.1159       -0.013
    -10.0357      -0.0714
    -9.95565      -0.2982
    -9.87545      -0.9578
    -9.79535      -2.4146
    -9.71515      -4.9109
    -9.63495      -8.3611
    -9.55485     -12.4519
    -9.47465     -16.8753
    -9.39455     -21.1847
    -9.31435     -24.4815
    -9.23415     -25.8166
    -9.15405     -25.0767
    -9.07385     -23.0777
    -8.99375     -20.8113
    -8.91355     -18.7326
    -8.83335     -16.5112
    -8.75325     -13.6955
    -8.67305     -10.8915
    -8.59295      -9.5504
    -8.51275     -10.2235
    -8.43255     -11.8087
    -8.35245     -12.8514
    -8.27225     -13.1001
    -8.19215     -13.5604
    -8.11195     -15.1304
    -8.03175     -17.2479
    -7.95165     -18.2504
    -7.87145     -17.4575
    -7.79135     -16.2669
    -7.71115     -16.2635
    -7.63095     -16.8369
    -7.55085     -16.0655
    -7.47065     -13.6675
    -7.39055     -11.4924
    -7.31035     -11.0369
    -7.23015     -11.7628
    -7.15005      -12.095
    -7.06985     -11.3272
    -6.98965     -10.1167
    -6.90955       -9.343
    -6.82935      -9.0612
    -6.74925      -8.7814
    -6.66905       -8.364
    -6.58885      -8.1966
    -6.50875       -8.545
    -6.42855      -9.1887
    -6.34845      -9.7977
    -6.26825     -10.2491
    -6.18805     -10.5092
    -6.10795     -10.6101
    -6.02775     -10.8322
    -5.94765     -11.6372
    -5.86745     -13.2396
    -5.78725     -15.2945
    -5.70715     -17.2247
    -5.62695     -18.8512
    -5.54685     -20.3414
    -5.46665     -21.6002
    -5.38645     -22.2619
    -5.30635     -22.2045
    -5.22615     -21.6012
    -5.14605     -20.7239
    -5.06585     -20.0905
    -4.98565     -20.4285
    -4.90555     -22.0215
    -4.82535     -24.2695
    -4.74525     -26.2491
    -4.66505     -27.5859
    -4.58485      -28.503
    -4.50475     -29.1812
    -4.42455     -29.4485
    -4.34445     -29.1317
    -4.26425     -28.4333
    -4.18405     -27.7871
    -4.10395     -27.5302
    -4.02375     -27.7836
    -3.94365     -28.3781
    -3.86345     -28.9413
    -3.78325     -29.2847
    -3.70315     -29.5521
    -3.62295     -29.8703
    -3.54285     -30.0628
    -3.46265     -29.7523
    -3.38245     -28.5539
    -3.30235     -26.2575
    -3.22215     -23.1504
    -3.14205     -20.1278
    -3.06185     -18.1642
    -2.98165     -17.5959
    -2.90155     -18.0269
    -2.82135     -18.8095
    -2.74125     -19.4411
    -2.66105     -19.7283
    -2.58085     -19.8423
    -2.50075     -20.0079
    -2.42055     -19.9625
    -2.34035     -19.1055
    -2.26025     -17.5005
    -2.18005     -16.1582
    -2.09995     -15.7033
    -2.01975     -15.3928
    -1.93955     -14.2107
    -1.85945     -12.3121
    -1.77925     -10.7378
    -1.69915     -10.1979
    -1.61895      -10.538
    -1.53875     -11.0631
    -1.45865     -11.0731
    -1.37845      -10.193
    -1.29835      -8.5583
    -1.21815      -6.8346
    -1.13795       -5.775
    -1.05785      -5.5993
   -0.977648       -5.888
   -0.897548      -5.9686
   -0.817348      -5.3334
   -0.737148      -3.9566
   -0.657048      -2.3361
   -0.576848      -1.0668
   -0.496748      -0.3699
   -0.416548      -0.0963
   -0.336348      -0.0187
   -0.256248      -0.0027
   -0.176048      -0.0003
  -0.0959482           -0
  -0.0157482      -0.0002
   0.0644518      -0.0016
    0.144552      -0.0121
    0.224752      -0.0712
    0.304852       -0.324
    0.385052       -1.147
    0.465252       -3.186
    0.545352      -7.0119
    0.625552     -12.3877
    0.705652     -17.9434
    0.785852     -22.1512
    0.866052     -24.8711
    0.946152      -27.409
     1.02635     -30.7618
     1.10645     -34.4015
     1.18665     -37.1741
     1.26685     -38.7972
     1.34695      -39.986
     1.42715     -41.5633
     1.50725     -43.8488
     1.58745     -46.4505
     1.66765     -48.3538
     1.74775     -48.7689
     1.82795     -48.0333
     1.90805     -47.1259
     1.98825     -46.3293
     2.06845     -44.9142
     2.14855     -42.1197
     2.22875     -37.9887
     2.30885     -33.1765
     2.38905     -28.2684
     2.46925     -23.3834
     2.54935     -18.3143
     2.62955      -13.116
     2.70975      -8.5522
     2.78985      -5.7162
     2.87005      -5.1237
     2.95015      -6.2479
     3.03035       -7.936
     3.11055      -9.2265
     3.19065      -9.6739
     3.27085      -9.0565
     3.35095      -7.3349
     3.43115       -5.003
     3.51135      -2.9197
     3.59145       -1.634
     3.67165      -1.1489
     3.75175      -1.2408
     3.83195      -1.7144
     3.91215      -2.3713
     3.99225      -2.9256
     4.07245      -3.0765
     4.15255      -2.7231
     4.23275      -2.0492
     4.31295      -1.3381
     4.39305      -0.7829
     4.47325      -0.4914
     4.55335      -0.5318
     4.63355      -0.8776
     4.71375      -1.3315
     4.79385      -1.6255
     4.87405      -1.6802
     4.95415      -1.6634
     5.03435      -1.7655
     5.11455      -2.0863
     5.19465      -2.6814
     5.27485       -3.484
     5.35495       -4.279
     5.43515      -4.9791
     5.51535      -5.7906
     5.59545      -6.8618
     5.67565      -7.8623
     5.75575      -8.1689
     5.83595      -7.4857
     5.91615      -6.1285
     5.99625      -4.7113
     6.07645      -3.6665
     6.15655       -3.039
     6.23675      -2.6233
     6.31695       -2.222
     6.39705      -1.7694
     6.47725      -1.2855
     6.55735      -0.8192
     6.63755      -0.4364
     6.71775      -0.1859
     6.79785      -0.0613
     6.87805      -0.0153
     6.95815      -0.0029
     7.03835      -0.0004
     7.11855           -0
     7.19865           -0
     7.27885           -0
     7.35895           -0
     7.43915           -0
     7.51935           -0
     7.59945           -0
     7.67965           -0
     7.75985           -0
     7.83995           -0
     7.92015           -0
     8.00025           -0
     8.08045           -0
     8.16065           -0
     8.24075           -0
     8.32095           -0
     8.40105           -0
     8.48125           -0
     8.56145           -0
     8.64155           -0
     8.72175           -0
     8.80185           -0
     8.88205           -0
     8.96225           -0
     9.04235           -0
     9.12255           -0
     9.20265           -0
     9.28285           -0
     9.36305           -0
     9.44315           -0
     9.52335           -0
     9.60345           -0
     9.68365           -0
     9.76385           -0
     9.84395           -0
     9.92415           -0
     10.0043           -0
     10.0845           -0
     10.1647           -0
     10.2448           -0
      10.325           -0
     10.4051           -0
     10.4853           -0
     10.5655           -0
     10.6456           -0
     10.7258           -0
     10.8059           -0
     10.8861           -0
     10.9663           -0
     11.0464           -0
     11.1266           -0
     11.2067           -0
     11.2869           -0
     11.3671           -0
     11.4472           -0
     11.5274           -0
     11.6075           -0
     11.6877           -0
     11.7679           -0
      11.848           -0
     11.9282           -0
     12.0083           -0
     12.0885           -0
     12.1687           -0
     12.2488           -0
      12.329           -0
     12.4091           -0
     12.4893           -0
     12.5695           -0
     12.6496           -0
     12.7298           -0
       12.81           -0
     12.8901           -0
     12.9703           -0
     13.0504           -0
     13.1306           -0
     13.2108           -0
     13.2909           -0
     13.3711           -0
     13.4512           -0
     13.5314           -0
     13.6116           -0
     13.6917           -0
     13.7719           -0
      13.852           -0
     13.9322           -0
     14.0124           -0
     14.0925           -0
     14.1727           -0
     14.2528           -0
      14.333           -0
     14.4132           -0
     14.4933           -0
     14.5735           -0
     14.6536           -0
     14.7338           -0
      14.814           -0
     14.8941           -0
     14.9743           -0
     15.0544           -0
     15.1346           -0

    -24.8654            0
    -24.7852            0
    -24.7051            0
    -24.6249            0
    -24.5448            0
    -24.4646            0
    -24.3844            0
    -24.3043            0
    -24.2241            0
     -24.144            0
    -24.0638            0
    -23.9836            0
    -23.9035            0
    -23.8233            0
    -23.7432            0
     -23.663            0
    -23.5828            0
    -23.5027            0
    -23.4225            0
    -23.3424            0
    -23.2622            0
     -23.182            0
    -23.1019            0
    -23.0217            0
    -22.9416            0
    -22.8614            0
    -22.7812            0
    -22.7011            0
    -22.6209            0
    -22.5408            0
    -22.4606            0
    -22.3804            0
    -22.3003            0
    -22.2201            0
    -22.1399            0
    -22.0598            0
    -21.9796            0
    -21.8995            0
    -21.8193            0
    -21.7391            0
     -21.659            0
    -21.5788            0
    -21.4987            0
    -21.4185            0
    -21.3383       0.0016
    -21.2582       0.0022
     -21.178       0.0032
    -21.0979       0.0024
    -21.0177       0.0019
    -20.9375       0.0001
    -20.8574            0
    -20.7772            0
    -20.6971            0
    -20.6169       0.0004
    -20.5367       0.0024
    -20.4566       0.0066
    -20.3764       0.0126
    -20.2963       0.0228
    -20.2161       0.0348
    -20.1359       0.0465
    -20.0558       0.0596
    -19.9756       0.0789
    -19.8955        0.116
    -19.8153       0.1911
    -19.7351       0.3256
     -19.655       0.5432
    -19.5748       0.8291
    -19.4947       1.1112
    -19.4145       1.2716
    -19.3343       1.2345
    -19.2542       1.0338
     -19.174       0.7731
    -19.0939       0.5675
    -19.0137       0.4776
    -18.9335        0.499
    -18.8534       0.5932
    -18.7732       0.7288
    -18.6931       0.8909
    -18.6129       1.0379
    -18.5327       1.1076
    -18.4526       1.0791
    -18.3724       0.9827
    -18.2923       0.8338
    -18.2121       0.6357
    -18.1319       0.4262
    -18.0518       0.2651
    -17.9716       0.1739
    -17.8915       0.1378
    -17.8113       0.1475
    -17.7311       0.1969
     -17.651       0.2671
    -17.5708       0.3193
    -17.4907       0.3183
    -17.4105       0.2652
    -17.3303       0.2061
    -17.2502       0.1908
      -17.17       0.2316
    -17.0898       0.2856
    -17.0097       0.2934
    -16.9295       0.2344
    -16.8494       0.1431
    -16.7692       0.0642
     -16.689       0.0217
    -16.6089       0.0055
    -16.5287       0.0013
    -16.4486       0.0007
    -16.3684       0.0042
    -16.2882       0.0109
    -16.2081       0.0203
    -16.1279       0.0283
    -16.0478       0.0307
    -15.9676       0.0249
    -15.8874       0.0149
    -15.8073       0.0072
    -15.7271       0.0015
     -15.647       0.0003
    -15.5668            0
    -15.4866            0
    -15.4065            0
    -15.3263            0
    -15.2462            0
     -15.166            0
    -15.0858            0
    -15.0057            0
    -14.9255            0
    -14.8454            0
    -14.7652            0
     -14.685            0
    -14.6049            0
    -14.5247            0
    -14.4446            0
    -14.3644            0
    -14.2842            0
    -14.2041            0
    -14.1239            0
    -14.0438            0
    -13.9636            0
    -13.8834            0
    -13.8033            0
    -13.7231            0
     -13.643            0
    -13.5628            0
    -13.4826            0
    -13.4025            0
    -13.3223            0
    -13.2422            0
     -13.162            0
    -13.0818            0
    -13.0017            0
    -12.9215            0
    -12.8414            0
    -12.7612            0
     -12.681            0
    -12.6009            0
    -12.5207            0
    -12.4406            0
    -12.3604            0
    -12.2802            0
    -12.2001            0
    -12.1199            0
    -12.0397            0
    -11.9596            0
    -11.8794            0
    -11.7993            0
    -11.7191            0
    -11.6389            0
    -11.5588            0
    -11.4786            0
    -11.3985            0
    -11.3183            0
    -11.2381            0
     -11.158            0
    -11.0778            0
    -10.9977            0
    -10.9175            0
    -10.8373            0
    -10.7572            0
     -10.677            0
    -10.5969       0.0002
    -10.5167       0.0018
    -10.4365       0.0154
    -10.3564       0.0641
    -10.2762       0.2129
    -10.1961        0.572
    -10.1159        1.295
    -10.0357       2.5813
    -9.95565       4.6307
    -9.87545       7.4455
    -9.79535      10.5543
    -9.71515      13.1762
    -9.63495      15.0023
    -9.55485      16.6099
    -9.47465      18.7791
    -9.39455      21.6846
    -9.31435      24.8916
    -9.23415      27.7655
    -9.15405      29.8242
    -9.07385      31.0057
    -8.99375      31.6256
    -8.91355      32.0667
    -8.83335      32.4884
    -8.75325      32.7169
    -8.67305      32.4784
    -8.59295      31.7444
    -8.51275      30.7802
    -8.43255      30.1054
    -8.35245      30.3327
    -8.27225      31.4038
    -8.19215      32.2111
    -8.11195        31.67
    -8.03175       29.812
    -7.95165       27.305
    -7.87145       24.393
    -7.79135      20.8878
    -7.71115      17.0424
    -7.63095      13.6883
    -7.55085      11.2675
    -7.47065       9.3925
    -7.39055        7.643
    -7.31035       6.1152
    -7.23015       5.0646
    -7.15005       4.5804
    -7.06985        4.654
    -6.98965       5.0105
    -6.90955       5.0226
    -6.82935       4.2913
    -6.74925       3.1783
    -6.66905       2.4006
    -6.58885       2.3029
    -6.50875       2.7269
    -6.42855       3.3146
    -6.34845        3.757
    -6.26825       3.9736
    -6.18805       4.1476
    -6.10795       4.4622
    -6.02775        4.828
    -5.94765       4.9716
    -5.86745       4.7339
    -5.78725       4.2251
    -5.70715       3.7206
    -5.62695       3.4118
    -5.54685       3.2826
    -5.46665       3.2374
    -5.38645       3.2231
    -5.30635       3.2053
    -5.22615       3.1508
    -5.14605       3.0877
    -5.06585       3.1176
    -4.98565       3.3125
    -4.90555       3.5916
    -4.82535       3.7805
    -4.74525       3.8123
    -4.66505        3.768
    -4.58485       3.7191
    -4.50475       3.6595
    -4.42455       3.5787
    -4.34445       3.4889
    -4.26425       3.4051
    -4.18405       3.3518
    -4.10395        3.363
    -4.02375       3.4524
    -3.94365       3.6029
    -3.86345       3.7896
    -3.78325       3.9991
    -3.70315       4.2377
    -3.62295       4.4972
    -3.54285       4.7059
    -3.46265       4.7751
    -3.38245       4.6973
    -3.30235       4.5404
    -3.22215       4.3953
    -3.14205       4.3577
    -3.06185       4.4947
    -2.98165       4.7755
    -2.90155       5.0745
    -2.82135       5.2422
    -2.74125       5.1929
    -2.66105       4.9568
    -2.58085       4.6412
    -2.50075       4.3385
    -2.42055       4.0955
    -2.34035       3.9417
    -2.26025       3.8852
    -2.18005       3.8628
    -2.09995       3.7837
    -2.01975       3.6434
    -1.93955       3.5426
    -1.85945       3.5791
    -1.77925       3.7228
    -1.69915       3.8258
    -1.61895        3.725
    -1.53875       3.3768
    -1.45865       2.8874
    -1.37845       2.4217
    -1.29835       2.0726
    -1.21815       1.8253
    -1.13795        1.634
    -1.05785       1.4633
   -0.977648       1.2717
   -0.897548       1.0493
   -0.817348       0.8482
   -0.737148       0.7164
   -0.657048       0.6311
   -0.576848       0.5349
   -0.496748       0.3981
   -0.416548       0.2486
   -0.336348        0.125
   -0.256248       0.0502
   -0.176048       0.0159
  -0.0959482       0.0031
  -0.0157482       0.0005
   0.0644518            0
    0.144552        0.003
    0.224752        0.021
    0.304852       0.1121
    0.385052       0.4507
    0.465252        1.369
    0.545352         3.24
    0.625552       6.2109
    0.705652      10.1517
    0.785852      14.9239
    0.866052      20.2754
    0.946152      25.1825
     1.02635       27.698
     1.10645      26.2516
     1.18665        21.29
     1.26685      15.1195
     1.34695       9.8594
     1.42715       6.0659
     1.50725        3.395
     1.58745       1.6219
     1.66765       0.6903
     1.74775       0.4573
     1.82795       0.7435
     1.90805       1.4312
     1.98825       2.4558
     2.06845       3.8562
     2.14855       5.7832
     2.22875       8.2249
     2.30885      10.6623
     2.38905      12.2881
     2.46925      12.7092
     2.54935      12.4286
     2.62955      12.4754
     2.70975      13.4076
     2.78985      14.7369
     2.87005      15.3876
     2.95015      14.5849
     3.03035      12.3887
     3.11055       9.6419
     3.19065       7.3457
     3.27085       6.0006
     3.35095       5.4478
     3.43115       5.1151
     3.51135       4.4363
     3.59145       3.2684
     3.67165       1.9548
     3.75175       0.9345
     3.83195       0.3665
     3.91215       0.1377
     3.99225       0.0712
     4.07245       0.0531
     4.15255       0.0413
     4.23275       0.0292
     4.31295       0.0189
     4.39305        0.016
     4.47325       0.0248
     4.55335       0.0378
     4.63355       0.0474
     4.71375       0.0488
     4.79385       0.0445
     4.87405       0.0412
     4.95415       0.0443
     5.03435       0.0571
     5.11455       0.0819
     5.19465       0.1118
     5.27485        0.136
     5.35495       0.1474
     5.43515       0.1534
     5.51535       0.1589
     5.59545        0.164
     5.67565       0.1606
     5.75575       0.1463
     5.83595       0.1238
     5.91615       0.0992
     5.99625       0.0825
     6.07645       0.0741
     6.15655       0.0706
     6.23675       0.0649
     6.31695       0.0546
     6.39705       0.0391
     6.47725       0.0244
     6.55735       0.0132
     6.63755       0.0067
     6.71775       0.0026
     6.79785       0.0009
     6.87805       0.0002
     6.95815            0
     7.03835            0
     7.11855            0
     7.19865            0
     7.27885            0
     7.35895            0
     7.43915            0
     7.51935            0
     7.59945            0
     7.67965            0
     7.75985            0
     7.83995            0
     7.92015            0
     8.00025            0
     8.08045            0
     8.16065            0
     8.24075            0
     8.32095            0
     8.40105            0
     8.48125            0
     8.56145            0
     8.64155            0
     8.72175            0
     8.80185            0
     8.88205            0
     8.96225            0
     9.04235            0
     9.12255            0
     9.20265            0
     9.28285            0
     9.36305            0
     9.44315            0
     9.52335            0
     9.60345            0
     9.68365            0
     9.76385            0
     9.84395            0
     9.92415            0
     10.0043            0
     10.0845            0
     10.1647            0
     10.2448            0
      10.325            0
     10.4051            0
     10.4853            0
     10.5655            0
     10.6456            0
     10.7258            0
     10.8059            0
     10.8861            0
     10.9663            0
     11.0464            0
     11.1266            0
     11.2067            0
     11.2869            0
     11.3671            0
     11.4472            0
     11.5274            0
     11.6075            0
     11.6877            0
     11.7679            0
      11.848            0
     11.9282            0
     12.0083            0
     12.0885            0
     12.1687            0
     12.2488            0
      12.329            0
     12.4091            0
     12.4893            0
     12.5695            0
     12.6496            0
     12.7298            0
       12.81            0
     12.8901            0
     12.9703            0
     13.0504            0
     13.1306            0
     13.2108            0
     13.2909            0
     13.3711            0
     13.4512            0
     13.5314            0
     13.6116            0
     13.6917            0
     13.7719            0
      13.852            0
     13.9322            0
     14.0124            0
     14.0925            0
     14.1727            0
     14.2528            0
      14.333            0
     14.4132            0
     14.4933            0
     14.5735            0
     14.6536            0
     14.7338            0
      14.814            0
     14.8941            0
     14.9743            0
     15.0544            0
     15.1346            0

    -24.8654           -0
    -24.7852           -0
    -24.7051           -0
    -24.6249           -0
    -24.5448           -0
    -24.4646           -0
    -24.3844           -0
    -24.3043           -0
    -24.2241           -0
     -24.144           -0
    -24.0638           -0
    -23.9836           -0
    -23.9035           -0
    -23.8233           -0
    -23.7432           -0
     -23.663           -0
    -23.5828           -0
    -23.5027           -0
    -23.4225           -0
    -23.3424           -0
    -23.2622           -0
     -23.182           -0
    -23.1019           -0
    -23.0217           -0
    -22.9416           -0
    -22.8614           -0
    -22.7812           -0
    -22.7011           -0
    -22.6209           -0
    -22.5408           -0
    -22.4606           -0
    -22.3804           -0
    -22.3003           -0
    -22.2201           -0
    -22.1399           -0
    -22.0598           -0
    -21.9796           -0
    -21.8995           -0
    -21.8193           -0
    -21.7391           -0
     -21.659           -0
    -21.5788           -0
    -21.4987           -0
    -21.4185           -0
    -21.3383      -0.0005
    -21.2582      -0.0011
     -21.178       -0.002
    -21.0979      -0.0011
    -21.0177      -0.0005
    -20.9375           -0
    -20.8574           -0
    -20.7772           -0
    -20.6971           -0
    -20.6169           -0
    -20.5367           -0
    -20.4566      -0.0016
    -20.3764      -0.0054
    -20.2963      -0.0128
    -20.2161      -0.0278
    -20.1359      -0.0496
    -20.0558      -0.0728
    -19.9756      -0.0932
    -19.8955      -0.1109
    -19.8153      -0.1327
    -19.7351      -0.1691
     -19.655      -0.2217
    -19.5748      -0.2983
    -19.4947      -0.4133
    -19.4145      -0.5933
    -19.3343      -0.8244
    -19.2542      -1.0282
     -19.174      -1.0879
    -19.0939      -0.9421
    -19.0137      -0.6568
    -18.9335      -0.3725
    -18.8534      -0.1865
    -18.7732      -0.1099
    -18.6931      -0.1035
    -18.6129      -0.1283
    -18.5327      -0.1806
    -18.4526       -0.266
    -18.3724      -0.3968
    -18.2923      -0.5592
    -18.2121      -0.7204
    -18.1319      -0.8382
    -18.0518      -0.8926
    -17.9716      -0.8834
    -17.8915      -0.8189
    -17.8113       -0.716
    -17.7311      -0.6033
     -17.651      -0.5096
    -17.5708       -0.435
    -17.4907      -0.3572
    -17.4105      -0.2713
    -17.3303      -0.2003
    -17.2502      -0.1814
      -17.17      -0.2236
    -17.0898      -0.2958
    -17.0097      -0.3331
    -16.9295      -0.2925
    -16.8494      -0.1933
    -16.7692      -0.0946
     -16.689      -0.0337
    -16.6089      -0.0089
    -16.5287      -0.0019
    -16.4486      -0.0006
    -16.3684       -0.002
    -16.2882      -0.0072
    -16.2081      -0.0139
    -16.1279      -0.0208
    -16.0478      -0.0237
    -15.9676      -0.0203
    -15.8874      -0.0134
    -15.8073      -0.0066
    -15.7271      -0.0018
     -15.647      -0.0002
    -15.5668           -0
    -15.4866           -0
    -15.4065           -0
    -15.3263           -0
    -15.2462           -0
     -15.166           -0
    -15.0858           -0
    -15.0057           -0
    -14.9255           -0
    -14.8454           -0
    -14.7652           -0
     -14.685           -0
    -14.6049           -0
    -14.5247           -0
    -14.4446           -0
    -14.3644           -0
    -14.2842           -0
    -14.2041           -0
    -14.1239           -0
    -14.0438           -0
    -13.9636           -0
    -13.8834           -0
    -13.8033           -0
    -13.7231           -0
     -13.643           -0
    -13.5628           -0
    -13.4826           -0
    -13.4025           -0
    -13.3223           -0
    -13.2422           -0
     -13.162           -0
    -13.0818           -0
    -13.0017           -0
    -12.9215           -0
    -12.8414           -0
    -12.7612           -0
     -12.681           -0
    -12.6009           -0
    -12.5207           -0
    -12.4406           -0
    -12.3604           -0
    -12.2802           -0
    -12.2001           -0
    -12.1199           -0
    -12.0397           -0
    -11.9596           -0
    -11.8794           -0
    -11.7993           -0
    -11.7191           -0
    -11.6389           -0
    -11.5588           -0
    -11.4786           -0
    -11.3985           -0
    -11.3183           -0
    -11.2381           -0
     -11.158           -0
    -11.0778           -0
    -10.9977           -0
    -10.9175           -0
    -10.8373           -0
    -10.7572           -0
     -10.677           -0
    -10.5969           -0
    -10.5167           -0
    -10.4365           -0
    -10.3564           -0
    -10.2762           -0
    -10.1961      -0.0016
    -10.1159      -0.0094
    -10.0357      -0.0496
    -9.95565      -0.2088
    -9.87545      -0.6748
    -9.79535      -1.7073
    -9.71515      -3.4903
    -9.63495      -5.9898
    -9.55485      -9.0318
    -9.47465     -12.4377
    -9.39455     -15.8759
    -9.31435     -18.6205
    -9.23415     -19.8928
    -9.15405     -19.5799
    -9.07385     -18.3154
    -8.99375     -16.8691
    -8.91355     -15.5511
    -8.83335     -13.9791
    -8.75325     -11.6779
    -8.67305      -9.1295
    -8.59295      -7.6282
    -8.51275      -7.7821
    -8.43255      -8.8029
    -8.35245      -9.5181
    -8.27225      -9.6425
    -8.19215      -9.8977
    -8.11195          -11
    -8.03175     -12.5782
    -7.95165     -13.3554
    -7.87145     -12.7601
    -7.79135     -11.8467
    -7.71115     -11.8375
    -7.63095     -12.2132
    -7.55085     -11.3912
    -7.47065      -9.1246
    -7.39055      -6.9296
    -7.31035      -6.1013
    -7.23015      -6.2983
    -7.15005      -6.2428
    -7.06985      -5.2273
    -6.98965      -3.6607
    -6.90955      -2.3382
    -6.82935      -1.5933
    -6.74925      -1.2611
    -6.66905      -1.1118
    -6.58885      -1.0665
    -6.50875      -1.1079
    -6.42855      -1.1944
    -6.34845      -1.2821
    -6.26825      -1.3607
    -6.18805      -1.4326
    -6.10795      -1.5043
    -6.02775      -1.6166
    -5.94765      -1.8288
    -5.86745      -2.1633
    -5.78725      -2.5713
    -5.70715      -2.9861
    -5.62695      -3.4036
    -5.54685      -3.8455
    -5.46665      -4.2421
    -5.38645      -4.4799
    -5.30635      -4.5166
    -5.22615      -4.3882
    -5.14605      -4.1603
    -5.06585      -3.9725
    -4.98565      -4.0235
    -4.90555      -4.3955
    -4.82535      -4.9442
    -4.74525      -5.4368
    -4.66505       -5.779
    -4.58485      -6.0282
    -4.50475       -6.225
    -4.42455      -6.3262
    -4.34445      -6.2927
    -4.26425      -6.1794
    -4.18405      -6.0799
    -4.10395      -6.0487
    -4.02375      -6.1084
    -3.94365      -6.2299
    -3.86345      -6.3398
    -3.78325      -6.3758
    -3.70315      -6.3328
    -3.62295      -6.2114
    -3.54285      -5.9878
    -3.46265      -5.6412
    -3.38245       -5.166
    -3.30235      -4.5643
    -3.22215      -3.8805
    -3.14205      -3.2506
    -3.06185      -2.8324
    -2.98165      -2.6763
    -2.90155      -2.6981
    -2.82135       -2.768
    -2.74125       -2.794
    -2.66105      -2.7549
    -2.58085       -2.695
    -2.50075      -2.6635
    -2.42055      -2.6358
    -2.34035      -2.5407
    -2.26025      -2.3866
    -2.18005       -2.287
    -2.09995      -2.3039
    -2.01975      -2.3399
    -1.93955      -2.2793
    -1.85945      -2.1554
    -1.77925      -2.1062
    -1.69915      -2.2222
    -1.61895      -2.4677
    -1.53875      -2.7096
    -1.45865      -2.8029
    -1.37845      -2.6469
    -1.29835      -2.2512
    -1.21815      -1.7817
    -1.13795      -1.4712
    -1.05785      -1.4309
   -0.977648      -1.5592
   -0.897548       -1.647
   -0.817348      -1.5188
   -0.737148      -1.1497
   -0.657048      -0.6872
   -0.576848      -0.3156
   -0.496748      -0.1106
   -0.416548      -0.0287
   -0.336348      -0.0055
   -0.256248      -0.0008
   -0.176048           -0
  -0.0959482           -0
  -0.0157482           -0
   0.0644518      -0.0004
    0.144552      -0.0097
    0.224752      -0.0573
    0.304852       -0.263
    0.385052      -0.9362
    0.465252      -2.6121
    0.545352      -5.7748
    0.625552     -10.2445
    0.705652     -14.8974
    0.785852     -18.4458
    0.866052     -20.7377
    0.946152     -22.8332
     1.02635     -25.5804
     1.10645     -28.5846
     1.18665      -30.921
     1.26685     -32.3561
     1.34695     -33.4585
     1.42715     -34.8638
     1.50725     -36.7774
     1.58745     -38.8107
     1.66765      -40.079
     1.74775     -39.9381
     1.82795     -38.7055
     1.90805     -37.2238
     1.98825     -35.8051
     2.06845     -34.0264
     2.14855     -31.4517
     2.22875     -28.1578
     2.30885     -24.5489
     2.38905     -20.9225
     2.46925     -17.2804
     2.54935     -13.4736
     2.62955      -9.5892
     2.70975      -6.2168
     2.78985      -4.1458
     2.87005      -3.7395
     2.95015      -4.6066
     3.03035      -5.9063
     3.11055      -6.9049
     3.19065      -7.2251
     3.27085      -6.6718
     3.35095      -5.2408
     3.43115      -3.3644
     3.51135      -1.7346
     3.59145      -0.7663
     3.67165      -0.4371
     3.75175      -0.5383
     3.83195      -0.8876
     3.91215      -1.3215
     3.99225      -1.6337
     4.07245      -1.6379
     4.15255      -1.3084
     4.23275      -0.8296
     4.31295      -0.4238
     4.39305      -0.1805
     4.47325      -0.0734
     4.55335      -0.0457
     4.63355       -0.058
     4.71375      -0.0824
     4.79385      -0.0986
     4.87405      -0.0956
     4.95415      -0.0826
     5.03435      -0.0749
     5.11455      -0.0786
     5.19465       -0.099
     5.27485      -0.1335
     5.35495      -0.1722
     5.43515      -0.2034
     5.51535      -0.2219
     5.59545      -0.2364
     5.67565      -0.2465
     5.75575      -0.2423
     5.83595      -0.2212
     5.91615      -0.1911
     5.99625      -0.1636
     6.07645      -0.1466
     6.15655      -0.1386
     6.23675      -0.1333
     6.31695      -0.1231
     6.39705      -0.1066
     6.47725      -0.0824
     6.55735      -0.0543
     6.63755      -0.0297
     6.71775      -0.0123
     6.79785      -0.0033
     6.87805      -0.0003
     6.95815           -0
     7.03835           -0
     7.11855           -0
     7.19865           -0
     7.27885           -0
     7.35895           -0
     7.43915           -0
     7.51935           -0
     7.59945           -0
     7.67965           -0
     7.75985           -0
     7.83995           -0
     7.92015           -0
     8.00025           -0
     8.08045           -0
     8.16065           -0
     8.24075           -0
     8.32095           -0
     8.40105           -0
     8.48125           -0
     8.56145           -0
     8.64155           -0
     8.72175           -0
     8.80185           -0
     8.88205           -0
     8.96225           -0
     9.04235           -0
     9.12255           -0
     9.20265           -0
     9.28285           -0
     9.36305           -0
     9.44315           -0
     9.52335           -0
     9.60345           -0
     9.68365           -0
     9.76385           -0
     9.84395           -0
     9.92415           -0
     10.0043           -0
     10.0845           -0
     10.1647           -0
     10.2448           -0
      10.325           -0
     10.4051           -0
     10.4853           -0
     10.5655           -0
     10.6456           -0
     10.7258           -0
     10.8059           -0
     10.8861           -0
     10.9663           -0
     11.0464           -0
     11.1266           -0
     11.2067           -0
     11.2869           -0
     11.3671           -0
     11.4472           -0
     11.5274           -0
     11.6075           -0
     11.6877           -0
     11.7679           -0
      11.848           -0
     11.9282           -0
     12.0083           -0
     12.0885           -0
     12.1687           -0
     12.2488           -0
      12.329           -0
     12.4091           -0
     12.4893           -0
     12.5695           -0
     12.6496           -0
     12.7298           -0
       12.81           -0
     12.8901           -0
     12.9703           -0
     13.0504           -0
     13.1306           -0
     13.2108           -0
     13.2909           -0
     13.3711           -0
     13.4512           -0
     13.5314           -0
     13.6116           -0
     13.6917           -0
     13.7719           -0
      13.852           -0
     13.9322           -0
     14.0124           -0
     14.0925           -0
     14.1727           -0
     14.2528           -0
      14.333           -0
     14.4132           -0
     14.4933           -0
     14.5735           -0
     14.6536           -0
     14.7338           -0
      14.814           -0
     14.8941           -0
     14.9743           -0
     15.0544           -0
     15.1346           -0

    -24.8654       0.0008
    -24.7852            0
    -24.7051            0
    -24.6249            0
    -24.5448            0
    -24.4646            0
    -24.3844            0
    -24.3043            0
    -24.2241            0
     -24.144            0
    -24.0638            0
    -23.9836            0
    -23.9035            0
    -23.8233            0
    -23.7432            0
     -23.663            0
    -23.5828            0
    -23.5027            0
    -23.4225            0
    -23.3424            0
    -23.2622            0
     -23.182            0
    -23.1019            0
    -23.0217            0
    -22.9416            0
    -22.8614            0
    -22.7812            0
    -22.7011            0
    -22.6209            0
    -22.5408            0
    -22.4606            0
    -22.3804            0
    -22.3003            0
    -22.2201            0
    -22.1399            0
    -22.0598            0
    -21.9796            0
    -21.8995            0
    -21.8193            0
    -21.7391            0
     -21.659            0
    -21.5788            0
    -21.4987            0
    -21.4185       0.0003
    -21.3383       0.0016
    -21.2582       0.0025
     -21.178       0.0035
    -21.0979       0.0025
    -21.0177       0.0017
    -20.9375       0.0004
    -20.8574            0
    -20.7772            0
    -20.6971            0
    -20.6169            0
    -20.5367       0.0002
    -20.4566       0.0024
    -20.3764       0.0032
    -20.2963       0.0052
    -20.2161       0.0072
    -20.1359       0.0088
    -20.0558       0.0094
    -19.9756       0.0096
    -19.8955       0.0114
    -19.8153       0.0132
    -19.7351        0.015
     -19.655        0.017
    -19.5748       0.0174
    -19.4947       0.0172
    -19.4145       0.0156
    -19.3343        0.014
    -19.2542       0.0125
     -19.174       0.0111
    -19.0939       0.0129
    -19.0137       0.0164
    -18.9335       0.0214
    -18.8534       0.0259
    -18.7732       0.0312
    -18.6931       0.0362
    -18.6129       0.0397
    -18.5327       0.0406
    -18.4526       0.0378
    -18.3724        0.034
    -18.2923       0.0293
    -18.2121       0.0217
    -18.1319       0.0146
    -18.0518       0.0094
    -17.9716       0.0077
    -17.8915       0.0062
    -17.8113       0.0053
    -17.7311       0.0068
     -17.651       0.0089
    -17.5708        0.011
    -17.4907       0.0114
    -17.4105       0.0096
    -17.3303       0.0077
    -17.2502       0.0069
      -17.17       0.0065
    -17.0898       0.0077
    -17.0097       0.0077
    -16.9295       0.0055
    -16.8494       0.0036
    -16.7692       0.0009
     -16.689       0.0002
    -16.6089            0
    -16.5287            0
    -16.4486       0.0008
    -16.3684       0.0025
    -16.2882       0.0061
    -16.2081       0.0121
    -16.1279       0.0169
    -16.0478       0.0174
    -15.9676       0.0138
    -15.8874       0.0082
    -15.8073       0.0032
    -15.7271       0.0008
     -15.647            0
    -15.5668            0
    -15.4866            0
    -15.4065            0
    -15.3263            0
    -15.2462            0
     -15.166            0
    -15.0858            0
    -15.0057            0
    -14.9255            0
    -14.8454            0
    -14.7652            0
     -14.685            0
    -14.6049            0
    -14.5247            0
    -14.4446            0
    -14.3644            0
    -14.2842            0
    -14.2041            0
    -14.1239            0
    -14.0438            0
    -13.9636            0
    -13.8834            0
    -13.8033            0
    -13.7231            0
     -13.643            0
    -13.5628            0
    -13.4826            0
    -13.4025            0
    -13.3223            0
    -13.2422            0
     -13.162            0
    -13.0818            0
    -13.0017            0
    -12.9215            0
    -12.8414            0
    -12.7612            0
     -12.681            0
    -12.6009            0
    -12.5207            0
    -12.4406            0
    -12.3604            0
    -12.2802            0
    -12.2001            0
    -12.1199            0
    -12.0397            0
    -11.9596            0
    -11.8794            0
    -11.7993            0
    -11.7191            0
    -11.6389            0
    -11.5588            0
    -11.4786            0
    -11.3985            0
    -11.3183            0
    -11.2381            0
     -11.158            0
    -11.0778            0
    -10.9977            0
    -10.9175            0
    -10.8373            0
    -10.7572            0
     -10.677            0
    -10.5969            0
    -10.5167            0
    -10.4365       0.0026
    -10.3564       0.0144
    -10.2762       0.0472
    -10.1961       0.1256
    -10.1159       0.2752
    -10.0357       0.5183
    -9.95565       0.8773
    -9.87545       1.3375
    -9.79535       1.8183
    -9.71515       2.2076
    -9.63495        2.471
    -9.55485       2.6921
    -9.47465       2.9806
    -9.39455       3.3771
    -9.31435       3.8469
    -9.23415       4.3056
    -9.15405       4.6554
    -9.07385       4.8483
    -8.99375       4.8971
    -8.91355       4.8395
    -8.83335       4.6978
    -8.75325       4.4529
    -8.67305       4.0945
    -8.59295       3.6667
    -8.51275       3.2447
    -8.43255       2.8839
    -8.35245       2.6174
    -8.27225        2.433
    -8.19215       2.2449
    -8.11195       1.9775
    -8.03175       1.6918
    -7.95165       1.5116
    -7.87145       1.4654
    -7.79135       1.4581
    -7.71115       1.3795
    -7.63095       1.2159
    -7.55085       1.0301
    -7.47065       0.8933
    -7.39055       0.8294
    -7.31035       0.8057
    -7.23015       0.7802
    -7.15005       0.7405
    -7.06985       0.7319
    -6.98965       0.7978
    -6.90955       0.9423
    -6.82935       1.1865
    -6.74925       1.6107
    -6.66905       2.2911
    -6.58885       3.2145
    -6.50875       4.2796
    -6.42855       5.3071
    -6.34845       6.0701
    -6.26825       6.5252
    -6.18805       6.9452
    -6.10795       7.5894
    -6.02775       8.3013
    -5.94765       8.6693
    -5.86745       8.4932
    -5.78725       8.0059
    -5.70715       7.6376
    -5.62695        7.577
    -5.54685       7.6531
    -5.46665       7.6811
    -5.38645       7.6812
    -5.30635       7.7229
    -5.22615       7.7979
    -5.14605       7.9786
    -5.06585       8.4936
    -4.98565       9.4672
    -4.90555      10.6107
    -4.82535      11.4356
    -4.74525      11.8114
    -4.66505       12.016
    -4.58485       12.218
    -4.50475       12.331
    -4.42455      12.3206
    -4.34445      12.2323
    -4.26425      12.0535
    -4.18405      11.8285
    -4.10395      11.7217
    -4.02375      11.8581
    -3.94365      12.1946
    -3.86345      12.5816
    -3.78325      12.9177
    -3.70315      13.2331
    -3.62295      13.5566
    -3.54285      13.7651
    -3.46265      13.6954
    -3.38245      13.3627
    -3.30235      12.8833
    -3.22215      12.3997
    -3.14205      12.1556
    -3.06185      12.4041
    -2.98165      13.1273
    -2.90155      13.9639
    -2.82135      14.4531
    -2.74125      14.3401
    -2.66105      13.7043
    -2.58085      12.8278
    -2.50075      11.9641
    -2.42055      11.2883
    -2.34035      10.9881
    -2.26025      11.1588
    -2.18005      11.5985
    -2.09995      11.9081
    -2.01975      11.9001
    -1.93955      11.8108
    -1.85945      12.0509
    -1.77925      12.7216
    -1.69915      13.3801
    -1.61895      13.3051
    -1.53875      12.1585
    -1.45865      10.3832
    -1.37845        8.783
    -1.29835       7.7508
    -1.21815        7.084
    -1.13795       6.4328
    -1.05785       5.6277
   -0.977648       4.6571
   -0.897548       3.6368
   -0.817348        2.797
   -0.737148       2.2717
   -0.657048       1.9551
   -0.576848        1.634
   -0.496748       1.2135
   -0.416548       0.7541
   -0.336348       0.3809
   -0.256248       0.1528
   -0.176048       0.0469
  -0.0959482       0.0117
  -0.0157482       0.0017
   0.0644518       0.0001
    0.144552            0
    0.224752       0.0026
    0.304852       0.0152
    0.385052       0.0644
    0.465252        0.198
    0.545352       0.4777
    0.625552       0.9259
    0.705652       1.5146
    0.785852       2.1848
    0.866052       2.8758
    0.946152       3.4821
     1.02635       3.8181
     1.10645       3.6991
     1.18665       3.1405
     1.26685       2.3833
     1.34695       1.6829
     1.42715       1.1135
     1.50725       0.6537
     1.58745       0.3181
     1.66765       0.1294
     1.74775       0.0636
     1.82795       0.0796
     1.90805       0.1472
     1.98825       0.2433
     2.06845       0.3588
     2.14855       0.5021
     2.22875       0.6841
     2.30885       0.8857
     2.38905       1.0465
     2.46925       1.1303
     2.54935       1.1798
     2.62955       1.2847
     2.70975       1.4912
     2.78985       1.7543
     2.87005       1.9819
     2.95015       2.0752
     3.03035       1.9865
     3.11055        1.756
     3.19065       1.5172
     3.27085       1.3871
     3.35095        1.381
     3.43115       1.3832
     3.51135       1.2553
     3.59145        0.961
     3.67165       0.6099
     3.75175       0.3378
     3.83195       0.1987
     3.91215       0.1616
     3.99225       0.1644
     4.07245       0.1622
     4.15255       0.1379
     4.23275       0.1023
     4.31295       0.0745
     4.39305       0.0805
     4.47325       0.1311
     4.55335       0.2076
     4.63355        0.264
     4.71375       0.2709
     4.79385       0.2443
     4.87405       0.2175
     4.95415        0.202
     5.03435       0.1971
     5.11455        0.214
     5.19465        0.262
     5.27485       0.3346
     5.35495       0.4212
     5.43515       0.5181
     5.51535       0.6162
     5.59545       0.6904
     5.67565       0.7104
     5.75575       0.6605
     5.83595       0.5571
     5.91615       0.4389
     5.99625       0.3498
     6.07645       0.3039
     6.15655       0.2876
     6.23675       0.2696
     6.31695       0.2292
     6.39705       0.1706
     6.47725       0.1104
     6.55735       0.0683
     6.63755       0.0426
     6.71775       0.0231
     6.79785       0.0108
     6.87805       0.0035
     6.95815       0.0005
     7.03835            0
     7.11855            0
     7.19865            0
     7.27885            0
     7.35895            0
     7.43915            0
     7.51935            0
     7.59945            0
     7.67965            0
     7.75985            0
     7.83995            0
     7.92015            0
     8.00025            0
     8.08045            0
     8.16065            0
     8.24075            0
     8.32095            0
     8.40105            0
     8.48125            0
     8.56145            0
     8.64155            0
     8.72175            0
     8.80185            0
     8.88205            0
     8.96225            0
     9.04235            0
     9.12255            0
     9.20265            0
     9.28285            0
     9.36305            0
     9.44315            0
     9.52335            0
     9.60345            0
     9.68365            0
     9.76385            0
     9.84395            0
     9.92415            0
     10.0043            0
     10.0845            0
     10.1647            0
     10.2448            0
      10.325            0
     10.4051            0
     10.4853            0
     10.5655            0
     10.6456            0
     10.7258            0
     10.8059            0
     10.8861            0
     10.9663            0
     11.0464            0
     11.1266            0
     11.2067            0
     11.2869            0
     11.3671            0
     11.4472            0
     11.5274            0
     11.6075            0
     11.6877            0
     11.7679            0
      11.848            0
     11.9282            0
     12.0083            0
     12.0885            0
     12.1687            0
     12.2488            0
      12.329            0
     12.4091            0
     12.4893            0
     12.5695            0
     12.6496            0
     12.7298            0
       12.81            0
     12.8901            0
     12.9703            0
     13.0504            0
     13.1306            0
     13.2108            0
     13.2909            0
     13.3711            0
     13.4512            0
     13.5314            0
     13.6116            0
     13.6917            0
     13.7719            0
      13.852            0
     13.9322            0
     14.0124            0
     14.0925            0
     14.1727            0
     14.2528            0
      14.333            0
     14.4132            0
     14.4933            0
     14.5735            0
     14.6536            0
     14.7338            0
      14.814            0
     14.8941            0
     14.9743            0
     15.0544            0
     15.1346            0

    -24.8654      -0.0008
    -24.7852           -0
    -24.7051           -0
    -24.6249           -0
    -24.5448           -0
    -24.4646           -0
    -24.3844           -0
    -24.3043           -0
    -24.2241           -0
     -24.144           -0
    -24.0638           -0
    -23.9836           -0
    -23.9035           -0
    -23.8233           -0
    -23.7432           -0
     -23.663           -0
    -23.5828           -0
    -23.5027           -0
    -23.4225           -0
    -23.3424           -0
    -23.2622           -0
     -23.182           -0
    -23.1019           -0
    -23.0217           -0
    -22.9416           -0
    -22.8614           -0
    -22.7812           -0
    -22.7011           -0
    -22.6209           -0
    -22.5408           -0
    -22.4606           -0
    -22.3804           -0
    -22.3003           -0
    -22.2201           -0
    -22.1399           -0
    -22.0598           -0
    -21.9796           -0
    -21.8995           -0
    -21.8193           -0
    -21.7391           -0
     -21.659           -0
    -21.5788           -0
    -21.4987           -0
    -21.4185      -0.0001
    -21.3383      -0.0016
    -21.2582      -0.0027
     -21.178      -0.0031
    -21.0979      -0.0027
    -21.0177      -0.0017
    -20.9375      -0.0008
    -20.8574           -0
    -20.7772           -0
    -20.6971           -0
    -20.6169           -0
    -20.5367           -0
    -20.4566           -0
    -20.3764      -0.0002
    -20.2963      -0.0006
    -20.2161      -0.0028
    -20.1359      -0.0048
    -20.0558       -0.006
    -19.9756       -0.006
    -19.8955      -0.0064
    -19.8153      -0.0068
    -19.7351      -0.0076
     -19.655       -0.009
    -19.5748      -0.0106
    -19.4947      -0.0128
    -19.4145      -0.0134
    -19.3343      -0.0136
    -19.2542      -0.0134
     -19.174      -0.0112
    -19.0939      -0.0068
    -19.0137       -0.005
    -18.9335      -0.0026
    -18.8534       -0.003
    -18.7732      -0.0038
    -18.6931      -0.0054
    -18.6129       -0.007
    -18.5327       -0.009
    -18.4526      -0.0122
    -18.3724      -0.0175
    -18.2923      -0.0215
    -18.2121      -0.0274
    -18.1319       -0.031
    -18.0518      -0.0325
    -17.9716      -0.0326
    -17.8915      -0.0302
    -17.8113      -0.0267
    -17.7311      -0.0228
     -17.651      -0.0183
    -17.5708      -0.0134
    -17.4907      -0.0103
    -17.4105      -0.0082
    -17.3303      -0.0076
    -17.2502      -0.0081
      -17.17      -0.0086
    -17.0898      -0.0078
    -17.0097      -0.0073
    -16.9295      -0.0052
    -16.8494      -0.0036
    -16.7692       -0.001
     -16.689      -0.0002
    -16.6089           -0
    -16.5287           -0
    -16.4486      -0.0002
    -16.3684      -0.0018
    -16.2882      -0.0051
    -16.2081      -0.0101
    -16.1279      -0.0148
    -16.0478      -0.0167
    -15.9676      -0.0142
    -15.8874      -0.0085
    -15.8073      -0.0039
    -15.7271      -0.0012
     -15.647           -0
    -15.5668           -0
    -15.4866           -0
    -15.4065           -0
    -15.3263           -0
    -15.2462           -0
     -15.166           -0
    -15.0858           -0
    -15.0057           -0
    -14.9255           -0
    -14.8454           -0
    -14.7652           -0
     -14.685           -0
    -14.6049           -0
    -14.5247           -0
    -14.4446           -0
    -14.3644           -0
    -14.2842           -0
    -14.2041           -0
    -14.1239           -0
    -14.0438           -0
    -13.9636           -0
    -13.8834           -0
    -13.8033           -0
    -13.7231           -0
     -13.643           -0
    -13.5628           -0
    -13.4826           -0
    -13.4025           -0
    -13.3223           -0
    -13.2422           -0
     -13.162           -0
    -13.0818           -0
    -13.0017           -0
    -12.9215           -0
    -12.8414           -0
    -12.7612           -0
     -12.681           -0
    -12.6009           -0
    -12.5207           -0
    -12.4406           -0
    -12.3604           -0
    -12.2802           -0
    -12.2001           -0
    -12.1199           -0
    -12.0397           -0
    -11.9596           -0
    -11.8794           -0
    -11.7993           -0
    -11.7191           -0
    -11.6389           -0
    -11.5588           -0
    -11.4786           -0
    -11.3985           -0
    -11.3183           -0
    -11.2381           -0
     -11.158           -0
    -11.0778           -0
    -10.9977           -0
    -10.9175           -0
    -10.8373           -0
    -10.7572           -0
     -10.677           -0
    -10.5969           -0
    -10.5167           -0
    -10.4365           -0
    -10.3564           -0
    -10.2762           -0
    -10.1961           -0
    -10.1159       -0.002
    -10.0357      -0.0124
    -9.95565      -0.0512
    -9.87545      -0.1646
    -9.79535      -0.4135
    -9.71515      -0.8329
    -9.63495      -1.3955
    -9.55485      -2.0209
    -9.47465      -2.6396
    -9.39455      -3.1727
    -9.31435       -3.497
    -9.23415      -3.4829
    -9.15405      -3.1208
    -9.07385      -2.5553
    -8.99375      -1.9711
    -8.91355      -1.4904
    -8.83335      -1.1419
    -8.75325      -0.9246
    -8.67305      -0.8811
    -8.59295      -1.0713
    -8.51275      -1.4364
    -8.43255      -1.7871
    -8.35245      -1.9723
    -8.27225      -2.0285
    -8.19215      -2.1197
    -8.11195      -2.3425
    -8.03175      -2.5929
    -7.95165      -2.6681
    -7.87145      -2.5082
    -7.79135      -2.2837
    -7.71115      -2.1923
    -7.63095      -2.2181
    -7.55085      -2.2191
    -7.47065      -2.1689
    -7.39055      -2.2039
    -7.31035      -2.4058
    -7.23015      -2.6766
    -7.15005      -2.8824
    -7.06985      -3.0354
    -6.98965      -3.2534
    -6.90955      -3.5651
    -6.82935      -3.8178
    -6.74925       -3.844
    -6.66905      -3.6986
    -6.58885      -3.6335
    -6.50875      -3.7984
    -6.42855      -4.1071
    -6.34845      -4.4092
    -6.26825      -4.6422
    -6.18805      -4.7744
    -6.10795      -4.8099
    -6.02775      -4.8776
    -5.94765      -5.2001
    -5.86745      -5.8948
    -5.78725      -6.8164
    -5.70715      -7.6966
    -5.62695      -8.4365
    -5.54685      -9.1019
    -5.46665      -9.6606
    -5.38645      -9.9702
    -5.30635      -9.9925
    -5.22615      -9.8133
    -5.14605      -9.5522
    -5.06585       -9.442
    -4.98565      -9.8033
    -4.90555     -10.7468
    -4.82535     -11.9725
    -4.74525     -13.0396
    -4.66505     -13.7778
    -4.58485     -14.3086
    -4.50475     -14.7224
    -4.42455     -14.9155
    -4.34445     -14.7871
    -4.26425     -14.4464
    -4.18405     -14.1359
    -4.10395     -14.0404
    -4.02375       -14.22
    -3.94365     -14.5792
    -3.86345     -14.9317
    -3.78325     -15.1998
    -3.70315     -15.4809
    -3.62295      -15.846
    -3.54285     -16.1858
    -3.46265     -16.2545
    -3.38245     -15.7902
    -3.30235     -14.6556
    -3.22215      -13.027
    -3.14205     -11.4306
    -3.06185     -10.4229
    -2.98165     -10.1954
    -2.90155     -10.5329
    -2.82135      -11.083
    -2.74125     -11.5573
    -2.66105     -11.8285
    -2.58085     -11.9783
    -2.50075     -12.1349
    -2.42055     -12.1454
    -2.34035     -11.6398
    -2.26025     -10.6378
    -2.18005       -9.751
    -2.09995      -9.3792
    -2.01975      -9.0986
    -1.93955      -8.3065
    -1.85945      -7.1008
    -1.77925      -6.0967
    -1.69915      -5.7042
    -1.61895      -5.8219
    -1.53875      -6.0505
    -1.45865      -6.0065
    -1.37845      -5.4988
    -1.29835      -4.6153
    -1.21815      -3.7131
    -1.13795      -3.1674
    -1.05785      -3.0675
   -0.977648       -3.182
   -0.897548      -3.1766
   -0.817348      -2.8056
   -0.737148      -2.0657
   -0.657048      -1.2131
   -0.576848      -0.5518
   -0.496748      -0.1907
   -0.416548      -0.0491
   -0.336348      -0.0089
   -0.256248       -0.001
   -0.176048           -0
  -0.0959482           -0
  -0.0157482           -0
   0.0644518           -0
    0.144552           -0
    0.224752      -0.0034
    0.304852      -0.0201
    0.385052      -0.0749
    0.465252      -0.2078
    0.545352      -0.4589
    0.625552      -0.8073
    0.705652      -1.1596
    0.785852      -1.4202
    0.866052      -1.6014
    0.946152      -1.8163
     1.02635      -2.1413
     1.10645       -2.523
     1.18665      -2.8463
     1.26685      -3.0591
     1.34695       -3.206
     1.42715      -3.3777
     1.50725      -3.6552
     1.58745      -4.0701
     1.66765      -4.5698
     1.74775       -5.072
     1.82795      -5.5804
     1.90805      -6.1731
     1.98825      -6.8144
     2.06845       -7.261
     2.14855      -7.2454
     2.22875      -6.7336
     2.30885      -5.9294
     2.38905      -5.0607
     2.46925      -4.2161
     2.54935      -3.3513
     2.62955      -2.4394
     2.70975      -1.5985
     2.78985      -1.0259
     2.87005       -0.826
     2.95015      -0.9171
     3.03035      -1.1108
     3.11055      -1.2681
     3.19065      -1.3397
     3.27085      -1.2927
     3.35095      -1.0898
     3.43115      -0.7695
     3.51135      -0.4558
     3.59145      -0.2517
     3.67165      -0.1728
     3.75175      -0.1891
     3.83195      -0.2716
     3.91215      -0.3898
     3.99225      -0.4948
     4.07245      -0.5316
     4.15255      -0.4802
     4.23275      -0.3689
     4.31295       -0.245
     4.39305       -0.146
     4.47325      -0.0956
     4.55335      -0.1097
     4.63355      -0.1852
     4.71375      -0.2787
     4.79385      -0.3329
     4.87405      -0.3263
     4.95415      -0.2888
     5.03435      -0.2512
     5.11455        -0.23
     5.19465      -0.2369
     5.27485       -0.282
     5.35495      -0.3515
     5.43515      -0.4207
     5.51535       -0.489
     5.59545      -0.5689
     5.67565       -0.647
     5.75575      -0.6839
     5.83595      -0.6522
     5.91615      -0.5673
     5.99625      -0.4699
     6.07645      -0.3967
     6.15655      -0.3495
     6.23675      -0.3101
     6.31695      -0.2638
     6.39705      -0.2087
     6.47725      -0.1506
     6.55735      -0.0968
     6.63755       -0.052
     6.71775      -0.0222
     6.79785      -0.0068
     6.87805      -0.0003
     6.95815           -0
     7.03835           -0
     7.11855           -0
     7.19865           -0
     7.27885           -0
     7.35895           -0
     7.43915           -0
     7.51935           -0
     7.59945           -0
     7.67965           -0
     7.75985           -0
     7.83995           -0
     7.92015           -0
     8.00025           -0
     8.08045           -0
     8.16065           -0
     8.24075           -0
     8.32095           -0
     8.40105           -0
     8.48125           -0
     8.56145           -0
     8.64155           -0
     8.72175           -0
     8.80185           -0
     8.88205           -0
     8.96225           -0
     9.04235           -0
     9.12255           -0
     9.20265           -0
     9.28285           -0
     9.36305           -0
     9.44315           -0
     9.52335           -0
     9.60345           -0
     9.68365           -0
     9.76385           -0
     9.84395           -0
     9.92415           -0
     10.0043           -0
     10.0845           -0
     10.1647           -0
     10.2448           -0
      10.325           -0
     10.4051           -0
     10.4853           -0
     10.5655           -0
     10.6456           -0
     10.7258           -0
     10.8059           -0
     10.8861           -0
     10.9663           -0
     11.0464           -0
     11.1266           -0
     11.2067           -0
     11.2869           -0
     11.3671           -0
     11.4472           -0
     11.5274           -0
     11.6075           -0
     11.6877           -0
     11.7679           -0
      11.848           -0
     11.9282           -0
     12.0083           -0
     12.0885           -0
     12.1687           -0
     12.2488           -0
      12.329           -0
     12.4091           -0
     12.4893           -0
     12.5695           -0
     12.6496           -0
     12.7298           -0
       12.81           -0
     12.8901           -0
     12.9703           -0
     13.0504           -0
     13.1306           -0
     13.2108           -0
     13.2909           -0
     13.3711           -0
     13.4512           -0
     13.5314           -0
     13.6116           -0
     13.6917           -0
     13.7719           -0
      13.852           -0
     13.9322           -0
     14.0124           -0
     14.0925           -0
     14.1727           -0
     14.2528           -0
      14.333           -0
     14.4132           -0
     14.4933           -0
     14.5735           -0
     14.6536           -0
     14.7338           -0
      14.814           -0
     14.8941           -0
     14.9743           -0
     15.0544           -0
     15.1346           -0



