-24.1631 12.475 -24.1631 -12.475 -24.1631 0.0 -24.1631 -0.0 -24.1631 0.00025 -24.1631 -0.00025 
-24.0829 0.0 -24.0829 -0.0 -24.0829 0.0 -24.0829 -0.0 -24.0829 0.0 -24.0829 -0.0 
-24.0028 0.0 -24.0028 -0.0 -24.0028 0.0 -24.0028 -0.0 -24.0028 0.0 -24.0028 -0.0 
-23.9226 0.0 -23.9226 -0.0 -23.9226 0.0 -23.9226 -0.0 -23.9226 0.0 -23.9226 -0.0 
-23.8425 0.0 -23.8425 -0.0 -23.8425 0.0 -23.8425 -0.0 -23.8425 0.0 -23.8425 -0.0 
-23.7623 0.0 -23.7623 -0.0 -23.7623 0.0 -23.7623 -0.0 -23.7623 0.0 -23.7623 -0.0 
-23.6821 0.0 -23.6821 -0.0 -23.6821 0.0 -23.6821 -0.0 -23.6821 0.0 -23.6821 -0.0 
-23.602 0.0 -23.602 -0.0 -23.602 0.0 -23.602 -0.0 -23.602 0.0 -23.602 -0.0 
-23.5218 0.0 -23.5218 -0.0 -23.5218 0.0 -23.5218 -0.0 -23.5218 0.0 -23.5218 -0.0 
-23.4417 0.0 -23.4417 -0.0 -23.4417 0.0 -23.4417 -0.0 -23.4417 0.0 -23.4417 -0.0 
-23.3615 0.0 -23.3615 -0.0 -23.3615 0.0 -23.3615 -0.0 -23.3615 0.0 -23.3615 -0.0 
-23.2813 0.0 -23.2813 -0.0 -23.2813 0.0 -23.2813 -0.0 -23.2813 0.0 -23.2813 -0.0 
-23.2012 0.0 -23.2012 -0.0 -23.2012 0.0 -23.2012 -0.0 -23.2012 0.0 -23.2012 -0.0 
-23.121 0.0 -23.121 -0.0 -23.121 0.0 -23.121 -0.0 -23.121 0.0 -23.121 -0.0 
-23.0409 0.0 -23.0409 -0.0 -23.0409 0.0 -23.0409 -0.0 -23.0409 0.0 -23.0409 -0.0 
-22.9607 0.0 -22.9607 -0.0 -22.9607 0.0 -22.9607 -0.0 -22.9607 0.0 -22.9607 -0.0 
-22.8805 0.0 -22.8805 -0.0 -22.8805 0.0 -22.8805 -0.0 -22.8805 0.0 -22.8805 -0.0 
-22.8004 0.0 -22.8004 -0.0 -22.8004 0.0 -22.8004 -0.0 -22.8004 0.0 -22.8004 -0.0 
-22.7202 0.0 -22.7202 -0.0 -22.7202 0.0 -22.7202 -0.0 -22.7202 0.0 -22.7202 -0.0 
-22.6401 0.0 -22.6401 -0.0 -22.6401 0.0 -22.6401 -0.0 -22.6401 0.0 -22.6401 -0.0 
-22.5599 0.0 -22.5599 -0.0 -22.5599 0.0 -22.5599 -0.0 -22.5599 0.0 -22.5599 -0.0 
-22.4797 0.0 -22.4797 -0.0 -22.4797 0.0 -22.4797 -0.0 -22.4797 0.0 -22.4797 -0.0 
-22.3996 0.0 -22.3996 -0.0 -22.3996 0.0 -22.3996 -0.0 -22.3996 0.0 -22.3996 -0.0 
-22.3194 0.0 -22.3194 -0.0 -22.3194 0.0 -22.3194 -0.0 -22.3194 0.0 -22.3194 -0.0 
-22.2393 0.0 -22.2393 -0.0 -22.2393 0.0 -22.2393 -0.0 -22.2393 0.0 -22.2393 -0.0 
-22.1591 0.0 -22.1591 -0.0 -22.1591 0.0 -22.1591 -0.0 -22.1591 0.0 -22.1591 -0.0 
-22.0789 0.0 -22.0789 -0.0 -22.0789 0.0 -22.0789 -0.0 -22.0789 0.0 -22.0789 -0.0 
-21.9988 0.0 -21.9988 -0.0 -21.9988 0.0 -21.9988 -0.0 -21.9988 0.0 -21.9988 -0.0 
-21.9186 0.0 -21.9186 -0.0 -21.9186 0.0 -21.9186 -0.0 -21.9186 0.0 -21.9186 -0.0 
-21.8385 0.0 -21.8385 -0.0 -21.8385 0.0 -21.8385 -0.0 -21.8385 0.0 -21.8385 -0.0 
-21.7583 0.0 -21.7583 -0.0 -21.7583 0.0 -21.7583 -0.0 -21.7583 0.0 -21.7583 -0.0 
-21.6781 0.0 -21.6781 -0.0 -21.6781 0.0 -21.6781 -0.0 -21.6781 0.0 -21.6781 -0.0 
-21.598 0.0001 -21.598 -0.0001 -21.598 0.0 -21.598 -0.0 -21.598 0.0 -21.598 -0.0 
-21.5178 0.00095 -21.5178 -0.0009 -21.5178 0.0 -21.5178 -0.0 -21.5178 0.0 -21.5178 -0.0 
-21.4376 0.0082 -21.4376 -0.0078 -21.4376 0.0 -21.4376 -0.0 -21.4376 0.0 -21.4376 -0.0 
-21.3575 0.0508 -21.3575 -0.04855 -21.3575 0.0 -21.3575 -0.0 -21.3575 0.0 -21.3575 -0.0 
-21.2773 0.23105 -21.2773 -0.2205 -21.2773 0.0 -21.2773 -0.0 -21.2773 0.0 -21.2773 -0.0 
-21.1972 0.7702 -21.1972 -0.73265 -21.1972 0.0003 -21.1972 -0.0 -21.1972 0.00015 -21.1972 -5e-05 
-21.117 1.8857 -21.117 -1.7829 -21.117 0.00165 -21.117 -0.0002 -21.117 0.00065 -21.117 -0.00045 
-21.0368 3.40105 -21.0368 -3.1842 -21.0368 0.00375 -21.0368 -0.00065 -21.0368 0.00185 -21.0368 -0.00125 
-20.9567 4.5479 -20.9567 -4.1938 -20.9567 0.00665 -20.9567 -0.00135 -20.9567 0.0027 -20.9567 -0.00145 
-20.8765 4.576 -20.8765 -4.12645 -20.8765 0.0094 -20.8765 -0.0022 -20.8765 0.0033 -20.8765 -0.0017 
-20.7964 3.59145 -20.7964 -3.1484 -20.7964 0.012 -20.7964 -0.0036 -20.7964 0.0039 -20.7964 -0.0016 
-20.7162 2.3868 -20.7162 -2.0647 -20.7162 0.01395 -20.7162 -0.00565 -20.7162 0.0037 -20.7162 -0.0018 
-20.636 1.55405 -20.636 -1.4265 -20.636 0.01545 -20.636 -0.00925 -20.636 0.0034 -20.636 -0.0021 
-20.5559 1.163 -20.5559 -1.2027 -20.5559 0.01725 -20.5559 -0.0127 -20.5559 0.0032 -20.5559 -0.00235 
-20.4757 1.0981 -20.4757 -1.1377 -20.4757 0.0221 -20.4757 -0.0156 -20.4757 0.00305 -20.4757 -0.0025 
-20.3956 1.27815 -20.3956 -1.11675 -20.3956 0.0313 -20.3956 -0.01855 -20.3956 0.00345 -20.3956 -0.00235 
-20.3154 1.5867 -20.3154 -1.20885 -20.3154 0.04275 -20.3154 -0.02375 -20.3154 0.00385 -20.3154 -0.00255 
-20.2352 1.8824 -20.2352 -1.47375 -20.2352 0.05315 -20.2352 -0.03245 -20.2352 0.00435 -20.2352 -0.0028 
-20.1551 2.14535 -20.1551 -1.81225 -20.1551 0.0643 -20.1551 -0.0423 -20.1551 0.0043 -20.1551 -0.00315 
-20.0749 2.48545 -20.0749 -2.06995 -20.0749 0.0849 -20.0749 -0.0492 -20.0749 0.0043 -20.0749 -0.00345 
-19.9948 3.0024 -19.9948 -2.224 -19.9948 0.1242 -19.9948 -0.05395 -19.9948 0.00405 -19.9948 -0.0034 
-19.9146 3.70715 -19.9146 -2.4082 -19.9146 0.18215 -19.9146 -0.06255 -19.9146 0.00395 -19.9146 -0.00315 
-19.8344 4.50785 -19.8344 -2.83245 -19.8344 0.2461 -19.8344 -0.08455 -19.8344 0.00415 -19.8344 -0.00295 
-19.7543 5.19425 -19.7543 -3.62585 -19.7543 0.2956 -19.7543 -0.1276 -19.7543 0.00435 -19.7543 -0.00325 
-19.6741 5.47755 -19.6741 -4.5755 -19.6741 0.31175 -19.6741 -0.1839 -19.6741 0.00425 -19.6741 -0.00345 
-19.594 5.1476 -19.594 -5.1001 -19.594 0.28795 -19.594 -0.22525 -19.594 0.00415 -19.594 -0.0032 
-19.5138 4.29975 -19.5138 -4.7559 -19.5138 0.2342 -19.5138 -0.22395 -19.5138 0.0032 -19.5138 -0.00265 
-19.4336 3.34055 -19.4336 -3.7846 -19.4336 0.17555 -19.4336 -0.183 -19.4336 0.00245 -19.4336 -0.00175 
-19.3535 2.6344 -19.3535 -2.91725 -19.3535 0.132 -19.3535 -0.1346 -19.3535 0.0022 -19.3535 -0.0013 
-19.2733 2.2649 -19.2733 -2.5943 -19.2733 0.1088 -19.2733 -0.10485 -19.2733 0.00255 -19.2733 -0.0015 
-19.1932 2.1784 -19.1932 -2.59765 -19.1932 0.10195 -19.1932 -0.0917 -19.1932 0.0033 -19.1932 -0.0018 
-19.113 2.33275 -19.113 -2.4574 -19.113 0.10685 -19.113 -0.0787 -19.113 0.0045 -19.113 -0.002 
-19.0328 2.727 -19.0328 -2.0014 -19.0328 0.12195 -19.0328 -0.0602 -19.0328 0.0064 -19.0328 -0.00185 
-18.9527 3.40885 -18.9527 -1.4827 -18.9527 0.14845 -18.9527 -0.043 -18.9527 0.0085 -18.9527 -0.00155 
-18.8725 4.31475 -18.8725 -1.30785 -18.8725 0.18495 -18.8725 -0.0375 -18.8725 0.0111 -18.8725 -0.00155 
-18.7924 5.11525 -18.7924 -1.66485 -18.7924 0.21755 -18.7924 -0.04675 -18.7924 0.01355 -18.7924 -0.00255 
-18.7122 5.4773 -18.7122 -2.3798 -18.7122 0.2295 -18.7122 -0.0638 -18.7122 0.01465 -18.7122 -0.0039 
-18.632 5.46235 -18.632 -3.13685 -18.632 0.2245 -18.632 -0.07995 -18.632 0.0148 -18.632 -0.00545 
-18.5519 5.4232 -18.5519 -3.7853 -18.5519 0.2204 -18.5519 -0.09275 -18.5519 0.01405 -18.5519 -0.00665 
-18.4717 5.52555 -18.4717 -4.3627 -18.4717 0.2291 -18.4717 -0.1079 -18.4717 0.01365 -18.4717 -0.00835 
-18.3916 5.55755 -18.3916 -4.8968 -18.3916 0.2355 -18.3916 -0.12825 -18.3916 0.01315 -18.3916 -0.0094 
-18.3114 5.22095 -18.3114 -5.32965 -18.3114 0.2185 -18.3114 -0.1512 -18.3114 0.0121 -18.3114 -0.0102 
-18.2312 4.5301 -18.2312 -5.65205 -18.2312 0.1764 -18.2312 -0.16965 -18.2312 0.01045 -18.2312 -0.0104 
-18.1511 3.88455 -18.1511 -5.9676 -18.1511 0.1338 -18.1511 -0.1869 -18.1511 0.00925 -18.1511 -0.01045 
-18.0709 3.75685 -18.0709 -6.32495 -18.0709 0.12185 -18.0709 -0.2059 -18.0709 0.00875 -18.0709 -0.01085 
-17.9908 4.35815 -17.9908 -6.64965 -17.9908 0.15675 -17.9908 -0.2261 -17.9908 0.00975 -17.9908 -0.01145 
-17.9106 5.58645 -17.9106 -6.9418 -17.9106 0.24 -17.9106 -0.2419 -17.9106 0.01105 -17.9106 -0.01225 
-17.8304 7.13235 -17.8304 -7.2866 -17.8304 0.3538 -17.8304 -0.2536 -17.8304 0.01245 -17.8304 -0.01265 
-17.7503 8.54345 -17.7503 -7.5861 -17.7503 0.4595 -17.7503 -0.2595 -17.7503 0.0132 -17.7503 -0.0127 
-17.6701 9.3836 -17.6701 -7.58965 -17.6701 0.51585 -17.6701 -0.2551 -17.6701 0.0136 -17.6701 -0.01205 
-17.59 9.5162 -17.59 -7.30645 -17.59 0.51085 -17.59 -0.241 -17.59 0.01375 -17.59 -0.00995 
-17.5098 9.12965 -17.5098 -7.12345 -17.5098 0.4668 -17.5098 -0.23445 -17.5098 0.0137 -17.5098 -0.00805 
-17.4296 8.50185 -17.4296 -7.32885 -17.4296 0.41345 -17.4296 -0.2486 -17.4296 0.014 -17.4296 -0.0068 
-17.3495 7.9257 -17.3495 -7.7146 -17.3495 0.3731 -17.3495 -0.2757 -17.3495 0.01345 -17.3495 -0.00615 
-17.2693 7.6497 -17.2693 -7.9184 -17.2693 0.35845 -17.2693 -0.2983 -17.2693 0.01265 -17.2693 -0.0059 
-17.1892 7.5443 -17.1892 -7.99485 -17.1892 0.3578 -17.1892 -0.31335 -17.1892 0.01155 -17.1892 -0.00605 
-17.109 7.05625 -17.109 -8.2411 -17.109 0.34025 -17.109 -0.3301 -17.109 0.0101 -17.109 -0.0071 
-17.0288 5.87845 -17.0288 -8.51425 -17.0288 0.28705 -17.0288 -0.34465 -17.0288 0.00845 -17.0288 -0.00795 
-16.9487 4.4609 -16.9487 -8.24945 -16.9487 0.2225 -16.9487 -0.3379 -16.9487 0.0064 -16.9487 -0.00835 
-16.8685 3.5072 -16.8685 -7.29515 -16.8685 0.1831 -16.8685 -0.3057 -16.8685 0.0052 -16.8685 -0.0082 
-16.7884 3.13375 -16.7884 -6.1855 -16.7884 0.17225 -16.7884 -0.26905 -16.7884 0.00465 -16.7884 -0.008 
-16.7082 2.83785 -16.7082 -5.33495 -16.7082 0.16155 -16.7082 -0.2392 -16.7082 0.0041 -16.7082 -0.0091 
-16.628 2.20445 -16.628 -4.50725 -16.628 0.1273 -16.628 -0.2031 -16.628 0.003 -16.628 -0.0098 
-16.5479 1.3452 -16.5479 -3.36055 -16.5479 0.07825 -16.5479 -0.14895 -16.5479 0.00185 -16.5479 -0.009 
-16.4677 0.62345 -16.4677 -2.0411 -16.4677 0.03615 -16.4677 -0.08815 -16.4677 0.0006 -16.4677 -0.00605 
-16.3875 0.21935 -16.3875 -0.97145 -16.3875 0.01255 -16.3875 -0.04045 -16.3875 0.0002 -16.3875 -0.00325 
-16.3074 0.07665 -16.3074 -0.36755 -16.3074 0.0031 -16.3074 -0.01435 -16.3074 0.0 -16.3074 -0.0012 
-16.2272 0.10795 -16.2272 -0.16935 -16.2272 0.00085 -16.2272 -0.0039 -16.2272 0.0001 -16.2272 -0.00045 
-16.1471 0.34095 -16.1471 -0.28625 -16.1471 0.0016 -16.1471 -0.0016 -16.1471 0.00075 -16.1471 -0.00065 
-16.0669 0.8987 -16.0669 -0.7483 -16.0669 0.00435 -16.0669 -0.003 -16.0669 0.0019 -16.0669 -0.00135 
-15.9867 1.8259 -15.9867 -1.5985 -15.9867 0.0089 -15.9867 -0.00605 -15.9867 0.0039 -15.9867 -0.00305 
-15.9066 2.88435 -15.9066 -2.6564 -15.9066 0.0135 -15.9066 -0.01035 -15.9066 0.00625 -15.9066 -0.00525 
-15.8264 3.58225 -15.8264 -3.4651 -15.8264 0.0166 -15.8264 -0.0139 -15.8264 0.00775 -15.8264 -0.0069 
-15.7463 3.5197 -15.7463 -3.5808 -15.7463 0.0158 -15.7463 -0.0149 -15.7463 0.0076 -15.7463 -0.0071 
-15.6661 2.7315 -15.6661 -2.9385 -15.6661 0.012 -15.6661 -0.0125 -15.6661 0.00605 -15.6661 -0.0061 
-15.5859 1.6592 -15.5859 -1.90305 -15.5859 0.007 -15.5859 -0.00895 -15.5859 0.0038 -15.5859 -0.00405 
-15.5058 0.7785 -15.5058 -0.9604 -15.5058 0.0034 -15.5058 -0.00435 -15.5058 0.00175 -15.5058 -0.0021 
-15.4256 0.27835 -15.4256 -0.3721 -15.4256 0.00105 -15.4256 -0.00155 -15.4256 0.00065 -15.4256 -0.0008 
-15.3455 0.07495 -15.3455 -0.10915 -15.3455 0.0 -15.3455 -0.00025 -15.3455 0.0 -15.3455 -0.0002 
-15.2653 0.01505 -15.2653 -0.024 -15.2653 0.0 -15.2653 -0.0 -15.2653 0.0 -15.2653 -0.0 
-15.1851 0.00225 -15.1851 -0.0039 -15.1851 0.0 -15.1851 -0.0 -15.1851 0.0 -15.1851 -0.0 
-15.105 0.00025 -15.105 -0.00045 -15.105 0.0 -15.105 -0.0 -15.105 0.0 -15.105 -0.0 
-15.0248 0.0 -15.0248 -5e-05 -15.0248 0.0 -15.0248 -0.0 -15.0248 0.0 -15.0248 -0.0 
-14.9447 0.0 -14.9447 -0.0 -14.9447 0.0 -14.9447 -0.0 -14.9447 0.0 -14.9447 -0.0 
-14.8645 0.0 -14.8645 -0.0 -14.8645 0.0 -14.8645 -0.0 -14.8645 0.0 -14.8645 -0.0 
-14.7843 0.0 -14.7843 -0.0 -14.7843 0.0 -14.7843 -0.0 -14.7843 0.0 -14.7843 -0.0 
-14.7042 0.0 -14.7042 -0.0 -14.7042 0.0 -14.7042 -0.0 -14.7042 0.0 -14.7042 -0.0 
-14.624 0.0 -14.624 -0.0 -14.624 0.0 -14.624 -0.0 -14.624 0.0 -14.624 -0.0 
-14.5439 0.0 -14.5439 -0.0 -14.5439 0.0 -14.5439 -0.0 -14.5439 0.0 -14.5439 -0.0 
-14.4637 0.0 -14.4637 -0.0 -14.4637 0.0 -14.4637 -0.0 -14.4637 0.0 -14.4637 -0.0 
-14.3835 0.0 -14.3835 -0.0 -14.3835 0.0 -14.3835 -0.0 -14.3835 0.0 -14.3835 -0.0 
-14.3034 0.0 -14.3034 -0.0 -14.3034 0.0 -14.3034 -0.0 -14.3034 0.0 -14.3034 -0.0 
-14.2232 0.0 -14.2232 -0.0 -14.2232 0.0 -14.2232 -0.0 -14.2232 0.0 -14.2232 -0.0 
-14.1431 0.0 -14.1431 -0.0 -14.1431 0.0 -14.1431 -0.0 -14.1431 0.0 -14.1431 -0.0 
-14.0629 0.0 -14.0629 -0.0 -14.0629 0.0 -14.0629 -0.0 -14.0629 0.0 -14.0629 -0.0 
-13.9827 0.0 -13.9827 -0.0 -13.9827 0.0 -13.9827 -0.0 -13.9827 0.0 -13.9827 -0.0 
-13.9026 0.0 -13.9026 -0.0 -13.9026 0.0 -13.9026 -0.0 -13.9026 0.0 -13.9026 -0.0 
-13.8224 0.0 -13.8224 -0.0 -13.8224 0.0 -13.8224 -0.0 -13.8224 0.0 -13.8224 -0.0 
-13.7423 0.0 -13.7423 -0.0 -13.7423 0.0 -13.7423 -0.0 -13.7423 0.0 -13.7423 -0.0 
-13.6621 0.0 -13.6621 -0.0 -13.6621 0.0 -13.6621 -0.0 -13.6621 0.0 -13.6621 -0.0 
-13.5819 0.0 -13.5819 -0.0 -13.5819 0.0 -13.5819 -0.0 -13.5819 0.0 -13.5819 -0.0 
-13.5018 0.0 -13.5018 -0.0 -13.5018 0.0 -13.5018 -0.0 -13.5018 0.0 -13.5018 -0.0 
-13.4216 0.0 -13.4216 -0.0 -13.4216 0.0 -13.4216 -0.0 -13.4216 0.0 -13.4216 -0.0 
-13.3415 0.0 -13.3415 -0.0 -13.3415 0.0 -13.3415 -0.0 -13.3415 0.0 -13.3415 -0.0 
-13.2613 0.0 -13.2613 -0.0 -13.2613 0.0 -13.2613 -0.0 -13.2613 0.0 -13.2613 -0.0 
-13.1811 0.0 -13.1811 -0.0 -13.1811 0.0 -13.1811 -0.0 -13.1811 0.0 -13.1811 -0.0 
-13.101 0.0 -13.101 -0.0 -13.101 0.0 -13.101 -0.0 -13.101 0.0 -13.101 -0.0 
-13.0208 0.0 -13.0208 -0.0 -13.0208 0.0 -13.0208 -0.0 -13.0208 0.0 -13.0208 -0.0 
-12.9407 0.0 -12.9407 -0.0 -12.9407 0.0 -12.9407 -0.0 -12.9407 0.0 -12.9407 -0.0 
-12.8605 0.0 -12.8605 -0.0 -12.8605 0.0 -12.8605 -0.0 -12.8605 0.0 -12.8605 -0.0 
-12.7803 0.0 -12.7803 -0.0 -12.7803 0.0 -12.7803 -0.0 -12.7803 0.0 -12.7803 -0.0 
-12.7002 0.0 -12.7002 -0.0 -12.7002 0.0 -12.7002 -0.0 -12.7002 0.0 -12.7002 -0.0 
-12.62 0.0 -12.62 -0.0 -12.62 0.0 -12.62 -0.0 -12.62 0.0 -12.62 -0.0 
-12.5399 0.0 -12.5399 -0.0 -12.5399 0.0 -12.5399 -0.0 -12.5399 0.0 -12.5399 -0.0 
-12.4597 0.0 -12.4597 -0.0 -12.4597 0.0 -12.4597 -0.0 -12.4597 0.0 -12.4597 -0.0 
-12.3795 0.0 -12.3795 -0.0 -12.3795 0.0 -12.3795 -0.0 -12.3795 0.0 -12.3795 -0.0 
-12.2994 0.0 -12.2994 -0.0 -12.2994 0.0 -12.2994 -0.0 -12.2994 0.0 -12.2994 -0.0 
-12.2192 0.0 -12.2192 -0.0 -12.2192 0.0 -12.2192 -0.0 -12.2192 0.0 -12.2192 -0.0 
-12.1391 0.0 -12.1391 -0.0 -12.1391 0.0 -12.1391 -0.0 -12.1391 0.0 -12.1391 -0.0 
-12.0589 0.0 -12.0589 -0.0 -12.0589 0.0 -12.0589 -0.0 -12.0589 0.0 -12.0589 -0.0 
-11.9787 0.0 -11.9787 -0.0 -11.9787 0.0 -11.9787 -0.0 -11.9787 0.0 -11.9787 -0.0 
-11.8986 0.0 -11.8986 -0.0 -11.8986 0.0 -11.8986 -0.0 -11.8986 0.0 -11.8986 -0.0 
-11.8184 0.0 -11.8184 -0.0 -11.8184 0.0 -11.8184 -0.0 -11.8184 0.0 -11.8184 -0.0 
-11.7383 0.0 -11.7383 -0.0 -11.7383 0.0 -11.7383 -0.0 -11.7383 0.0 -11.7383 -0.0 
-11.6581 0.0 -11.6581 -0.0 -11.6581 0.0 -11.6581 -0.0 -11.6581 0.0 -11.6581 -0.0 
-11.5779 0.0 -11.5779 -0.0 -11.5779 0.0 -11.5779 -0.0 -11.5779 0.0 -11.5779 -0.0 
-11.4978 0.0 -11.4978 -0.0 -11.4978 0.0 -11.4978 -0.0 -11.4978 0.0 -11.4978 -0.0 
-11.4176 0.0 -11.4176 -0.0 -11.4176 0.0 -11.4176 -0.0 -11.4176 0.0 -11.4176 -0.0 
-11.3374 0.0 -11.3374 -0.0 -11.3374 0.0 -11.3374 -0.0 -11.3374 0.0 -11.3374 -0.0 
-11.2573 0.0 -11.2573 -0.0 -11.2573 0.0 -11.2573 -0.0 -11.2573 0.0 -11.2573 -0.0 
-11.1771 0.0 -11.1771 -0.0 -11.1771 0.0 -11.1771 -0.0 -11.1771 0.0 -11.1771 -0.0 
-11.097 0.0 -11.097 -0.0 -11.097 0.0 -11.097 -0.0 -11.097 0.0 -11.097 -0.0 
-11.0168 0.0 -11.0168 -0.0 -11.0168 0.0 -11.0168 -0.0 -11.0168 0.0 -11.0168 -0.0 
-10.9366 5e-05 -10.9366 -0.0 -10.9366 0.0 -10.9366 -0.0 -10.9366 0.0 -10.9366 -0.0 
-10.8565 0.00025 -10.8565 -0.0 -10.8565 0.0 -10.8565 -0.0 -10.8565 0.0 -10.8565 -0.0 
-10.7763 0.0016 -10.7763 -0.0 -10.7763 0.00095 -10.7763 -0.0 -10.7763 0.00025 -10.7763 -0.0 
-10.6962 0.00795 -10.6962 -5e-05 -10.6962 0.0045 -10.6962 -0.0 -10.6962 0.0013 -10.6962 -0.0 
-10.616 0.0296 -10.616 -0.00045 -10.616 0.0173 -10.616 -0.00035 -10.616 0.00555 -10.616 -0.0 
-10.5358 0.0847 -10.5358 -0.00345 -10.5358 0.04925 -10.5358 -0.00245 -10.5358 0.01595 -10.5358 -0.00045 
-10.4557 0.19045 -10.4557 -0.019 -10.4557 0.1115 -10.4557 -0.01365 -10.4557 0.03575 -10.4557 -0.00305 
-10.3755 0.3479 -10.3755 -0.07715 -10.3755 0.20525 -10.3755 -0.05585 -10.3755 0.0654 -10.3755 -0.01255 
-10.2954 0.5406 -10.2954 -0.23365 -10.2954 0.32265 -10.2954 -0.16945 -10.2954 0.10125 -10.2954 -0.03815 
-10.2152 0.7549 -10.2152 -0.53355 -10.2152 0.45795 -10.2152 -0.388 -10.2152 0.1405 -10.2152 -0.08675 
-10.135 1.0008 -10.135 -0.94045 -10.135 0.62255 -10.135 -0.68745 -10.135 0.1845 -10.135 -0.15095 
-10.0549 1.3199 -10.0549 -1.33975 -10.0549 0.8486 -10.0549 -0.9893 -10.0549 0.2386 -10.0549 -0.2097 
-9.97472 1.7818 -9.97472 -1.6577 -9.97472 1.188 -9.97472 -1.2446 -9.97472 0.3146 -9.97472 -0.24785 
-9.89462 2.44355 -9.89462 -1.9048 -9.89462 1.67565 -9.89462 -1.4583 -9.89462 0.4216 -9.89462 -0.2685 
-9.81442 3.2717 -9.81442 -2.05885 -9.81442 2.27705 -9.81442 -1.59995 -9.81442 0.5544 -9.81442 -0.277 
-9.73422 4.11985 -9.73422 -2.06085 -9.73422 2.88275 -9.73422 -1.61065 -9.73422 0.68895 -9.73422 -0.27215 
-9.65412 4.8182 -9.65412 -1.9683 -9.65412 3.3776 -9.65412 -1.53245 -9.65412 0.79685 -9.65412 -0.2632 
-9.57392 5.30375 -9.57392 -1.91385 -9.57392 3.72965 -9.57392 -1.47535 -9.57392 0.86625 -9.57392 -0.26305 
-9.49382 5.68185 -9.49382 -1.95615 -9.49382 4.02185 -9.49382 -1.4909 -9.49382 0.9152 -9.49382 -0.2733 
-9.41362 6.1527 -9.41362 -2.2077 -9.41362 4.3906 -9.41362 -1.6639 -9.41362 0.9759 -9.41362 -0.30695 
-9.33342 6.85345 -9.33342 -2.9092 -9.33342 4.9224 -9.33342 -2.17525 -9.33342 1.07065 -9.33342 -0.3974 
-9.25332 7.7623 -9.25332 -4.0046 -9.25332 5.5991 -9.25332 -2.9877 -9.25332 1.1922 -9.25332 -0.5398 
-9.17312 8.73615 -9.17312 -4.86505 -9.17312 6.3268 -9.17312 -3.6345 -9.17312 1.31585 -9.17312 -0.6528 
-9.09302 9.5834 -9.09302 -4.88815 -9.09302 6.97395 -9.09302 -3.6609 -9.09302 1.4129 -9.09302 -0.6575 
-9.01282 10.0947 -9.01282 -4.2388 -9.01282 7.3852 -9.01282 -3.18885 -9.01282 1.45705 -9.01282 -0.5714 
-8.93262 10.1525 -8.93262 -3.63585 -8.93262 7.4638 -8.93262 -2.76335 -8.93262 1.4337 -8.93262 -0.48045 
-8.85252 9.8755 -8.85252 -3.5512 -8.85252 7.2918 -8.85252 -2.7441 -8.85252 1.36005 -8.85252 -0.44205 
-8.77232 9.51595 -8.77232 -3.8893 -8.77232 7.0599 -8.77232 -3.04555 -8.77232 1.26935 -8.77232 -0.45575 
-8.69222 9.22935 -8.69222 -4.2999 -8.69222 6.89665 -8.69222 -3.37795 -8.69222 1.1793 -8.69222 -0.49625 
-8.61202 9.10605 -8.61202 -4.5455 -8.61202 6.88095 -8.61202 -3.54625 -8.61202 1.1011 -8.61202 -0.54495 
-8.53182 9.29075 -8.53182 -4.59795 -8.53182 7.11705 -8.53182 -3.5409 -8.53182 1.05895 -8.53182 -0.58555 
-8.45172 9.84595 -8.45172 -4.52725 -8.45172 7.6383 -8.45172 -3.44685 -8.45172 1.0693 -8.45172 -0.60055 
-8.37152 10.62685 -8.37152 -4.35985 -8.37152 8.32625 -8.37152 -3.30165 -8.37152 1.11805 -8.37152 -0.57915 
-8.29142 11.4572 -8.29142 -4.12925 -8.29142 9.05675 -8.29142 -3.11905 -8.29142 1.17605 -8.29142 -0.5343 
-8.21122 12.3418 -8.21122 -4.0524 -8.21122 9.85505 -8.21122 -3.0437 -8.21122 1.2303 -8.21122 -0.5127 
-8.13102 13.42565 -8.13102 -4.34845 -8.13102 10.82835 -8.13102 -3.23435 -8.13102 1.3014 -8.13102 -0.5554 
-8.05092 14.73 -8.05092 -4.8035 -8.05092 11.96015 -8.05092 -3.5353 -8.05092 1.41125 -8.05092 -0.6375 
-7.97072 15.9034 -7.97072 -4.97185 -7.97072 12.94345 -7.97072 -3.6089 -7.97072 1.53125 -7.97072 -0.7062 
-7.89062 16.37895 -7.89062 -4.9184 -7.89062 13.3222 -7.89062 -3.48805 -7.89062 1.59435 -7.89062 -0.7719 
-7.81042 15.9722 -7.81042 -5.2339 -7.81042 12.9507 -7.81042 -3.60365 -7.81042 1.57065 -7.81042 -0.90785 
-7.73022 15.15135 -7.73022 -6.25095 -7.73022 12.2046 -7.73022 -4.20855 -7.73022 1.51255 -7.73022 -1.1435 
-7.65012 14.4242 -7.65012 -7.6946 -7.65012 11.5033 -7.65012 -5.1218 -7.65012 1.47795 -7.65012 -1.4288 
-7.56992 13.7215 -7.56992 -9.0464 -7.56992 10.80985 -7.56992 -5.98745 -7.56992 1.4623 -7.56992 -1.6809 
-7.48982 12.79505 -7.48982 -9.9202 -7.48982 9.9315 -7.48982 -6.53215 -7.48982 1.43885 -7.48982 -1.847 
-7.40962 11.8678 -7.40962 -10.2337 -7.40962 9.05255 -7.40962 -6.68495 -7.40962 1.4196 -7.40962 -1.92575 
-7.32942 11.40335 -7.32942 -10.2658 -7.32942 8.5696 -7.32942 -6.64055 -7.32942 1.4293 -7.32942 -1.963 
-7.24932 11.52585 -7.24932 -10.3693 -7.24932 8.6099 -7.24932 -6.67385 -7.24932 1.46275 -7.24932 -1.99355 
-7.16912 11.99025 -7.16912 -10.5469 -7.16912 8.9818 -7.16912 -6.8183 -7.16912 1.5012 -7.16912 -1.98845 
-7.08902 12.46575 -7.08902 -10.55405 -7.08902 9.3984 -7.08902 -6.9083 -7.08902 1.5293 -7.08902 -1.90115 
-7.00882 12.66875 -7.00882 -10.27635 -7.00882 9.6072 -7.00882 -6.8129 -7.00882 1.5287 -7.00882 -1.7573 
-6.92862 12.4485 -6.92862 -9.743 -6.92862 9.4669 -6.92862 -6.46675 -6.92862 1.48605 -6.92862 -1.629 
-6.84852 11.95015 -6.84852 -9.0008 -6.84852 9.06285 -6.84852 -5.87115 -6.84852 1.427 -6.84852 -1.54815 
-6.76832 11.63815 -6.76832 -8.11865 -6.76832 8.73835 -6.76832 -5.14145 -6.76832 1.41885 -6.76832 -1.48035 
-6.68822 11.9581 -6.68822 -7.1273 -6.68822 8.84845 -6.68822 -4.358 -6.68822 1.5154 -6.68822 -1.38855 
-6.60802 12.8448 -6.60802 -6.007 -6.60802 9.35765 -6.60802 -3.45905 -6.60802 1.7079 -6.60802 -1.29215 
-6.52782 13.6616 -6.52782 -4.89425 -6.52782 9.76425 -6.52782 -2.45895 -6.52782 1.93195 -6.52782 -1.25625 
-6.44772 13.7461 -6.44772 -4.1231 -6.44772 9.55025 -6.44772 -1.58885 -6.44772 2.1138 -6.44772 -1.3292 
-6.36752 12.93605 -6.36752 -3.91565 -6.36752 8.63055 -6.36752 -1.0642 -6.36752 2.206 -6.36752 -1.51045 
-6.28732 11.54125 -6.28732 -4.17295 -6.28732 7.3088 -6.28732 -0.86925 -6.28732 2.2019 -6.28732 -1.7524 
-6.20722 10.0224 -6.20722 -4.63345 -6.20722 5.95585 -6.20722 -0.84845 -6.20722 2.14395 -6.20722 -1.9937 
-6.12702 8.8066 -6.12702 -5.1354 -6.12702 4.85125 -6.12702 -0.88755 -6.12702 2.1108 -6.12702 -2.2109 
-6.04692 8.16005 -6.04692 -5.6546 -6.04692 4.15165 -6.04692 -0.9589 -6.04692 2.1616 -6.04692 -2.4223 
-5.96672 7.96495 -5.96672 -6.1245 -5.96672 3.79515 -5.96672 -1.05665 -5.96672 2.2685 -5.96672 -2.62065 
-5.88652 7.7261 -5.88652 -6.3833 -5.88652 3.4946 -5.88652 -1.14005 -5.88652 2.31875 -5.88652 -2.7431 
-5.80642 7.0491 -5.80642 -6.3982 -5.80642 2.9917 -5.80642 -1.16955 -5.80642 2.23965 -5.80642 -2.76025 
-5.72622 6.05825 -5.72622 -6.44115 -5.72622 2.3121 -5.72622 -1.16295 -5.72622 2.083 -5.72622 -2.76075 
-5.64612 5.20125 -5.64612 -6.9271 -5.64612 1.6881 -5.64612 -1.18945 -5.64612 1.96005 -5.64612 -2.89815 
-5.56592 4.8116 -5.56592 -8.0531 -5.56592 1.3049 -5.56592 -1.3033 -5.56592 1.9319 -5.56592 -3.2566 
-5.48572 4.98625 -5.48572 -9.5829 -5.48572 1.1871 -5.48572 -1.4937 -5.48572 2.0042 -5.48572 -3.7657 
-5.40562 5.6649 -5.40562 -11.03135 -5.40562 1.25755 -5.40562 -1.7031 -5.40562 2.15405 -5.40562 -4.2595 
-5.32542 6.66915 -5.32542 -12.05475 -5.32542 1.40735 -5.32542 -1.87775 -5.32542 2.3393 -5.32542 -4.62245 
-5.24532 7.7951 -5.24532 -12.54015 -5.24532 1.54975 -5.24532 -1.98835 -5.24532 2.54165 -5.24532 -4.8305 
-5.16512 8.9381 -5.16512 -12.44955 -5.16512 1.6561 -5.16512 -2.0179 -5.16512 2.7959 -5.16512 -4.892 
-5.08492 9.98045 -5.08492 -11.87295 -5.08492 1.73615 -5.08492 -1.97585 -5.08492 3.124 -5.08492 -4.84265 
-5.00482 10.5945 -5.00482 -11.1154 -5.00482 1.77165 -5.00482 -1.9021 -5.00482 3.44095 -5.00482 -4.7591 
-4.92462 10.49495 -4.92462 -10.448 -4.92462 1.73235 -4.92462 -1.8239 -4.92462 3.64295 -4.92462 -4.6823 
-4.84452 9.90495 -4.84452 -9.892 -4.84452 1.6445 -4.84452 -1.73295 -4.84452 3.7669 -4.84452 -4.5766 
-4.76432 9.4017 -4.76432 -9.41415 -4.76432 1.57915 -4.76432 -1.62945 -4.76432 3.9461 -4.76432 -4.4347 
-4.68412 9.3148 -4.68412 -9.1489 -4.68412 1.573 -4.68412 -1.55845 -4.68412 4.2182 -4.68412 -4.3532 
-4.60402 9.5802 -4.60402 -9.2466 -4.60402 1.6172 -4.60402 -1.56035 -4.60402 4.51875 -4.60402 -4.43405 
-4.52382 10.02215 -4.52382 -9.63955 -4.52382 1.69675 -4.52382 -1.62485 -4.52382 4.79685 -4.52382 -4.6629 
-4.44372 10.4708 -4.44372 -10.1547 -4.44372 1.79215 -4.44372 -1.71715 -4.44372 5.02255 -4.44372 -4.9567 
-4.36352 10.77855 -4.36352 -10.77545 -4.36352 1.8732 -4.36352 -1.83525 -4.36352 5.1612 -4.36352 -5.2986 
-4.28332 10.9454 -4.28332 -11.57805 -4.28332 1.92865 -4.28332 -1.99775 -4.28332 5.2269 -4.28332 -5.71865 
-4.20322 11.10575 -4.20322 -12.4273 -4.20322 1.9776 -4.20322 -2.17855 -4.20322 5.285 -4.20322 -6.1522 
-4.12302 11.3297 -4.12302 -12.97735 -4.12302 2.0312 -4.12302 -2.30165 -4.12302 5.37515 -4.12302 -6.4389 
-4.04292 11.5472 -4.04292 -13.0486 -4.04292 2.0761 -4.04292 -2.3207 -4.04292 5.47715 -4.04292 -6.4992 
-3.96272 11.64865 -3.96272 -12.81145 -3.96272 2.0934 -3.96272 -2.26355 -3.96272 5.54175 -3.96272 -6.4112 
-3.88252 11.57945 -3.88252 -12.5309 -3.88252 2.0821 -3.88252 -2.18765 -3.88252 5.53045 -3.88252 -6.28535 
-3.80242 11.3653 -3.80242 -12.28565 -3.80242 2.0603 -3.80242 -2.11615 -3.80242 5.44555 -3.80242 -6.1516 
-3.72222 11.0714 -3.72222 -11.98505 -3.72222 2.0439 -3.72222 -2.03885 -3.72222 5.3243 -3.72222 -5.98325 
-3.64212 10.7228 -3.64212 -11.5784 -3.64212 2.0226 -3.64212 -1.9596 -3.64212 5.19055 -3.64212 -5.7877 
-3.56192 10.3033 -3.56192 -11.21955 -3.56192 1.97705 -3.56192 -1.9185 -3.56192 5.0396 -3.56192 -5.65645 
-3.48172 9.85405 -3.48172 -11.1728 -3.48172 1.911 -3.48172 -1.95935 -3.48172 4.8791 -3.48172 -5.70715 
-3.40162 9.5215 -3.40162 -11.5074 -3.40162 1.86265 -3.40162 -2.07345 -3.40162 4.76505 -3.40162 -5.94715 
-3.32142 9.4852 -3.32142 -11.9881 -3.32142 1.873 -3.32142 -2.19965 -3.32142 4.78245 -3.32142 -6.2378 
-3.24132 9.83715 -3.24132 -12.3489 -3.24132 1.95235 -3.24132 -2.2875 -3.24132 4.98815 -3.24132 -6.4444 
-3.16112 10.5054 -3.16112 -12.5555 -3.16112 2.0774 -3.16112 -2.34025 -3.16112 5.3589 -3.16112 -6.5647 
-3.08092 11.29485 -3.08092 -12.71845 -3.08092 2.2088 -3.08092 -2.38065 -3.08092 5.80335 -3.08092 -6.67395 
-3.00082 11.98 -3.00082 -12.86825 -3.00082 2.31095 -3.00082 -2.40695 -3.00082 6.2067 -3.00082 -6.8007 
-2.92062 12.3323 -2.92062 -12.8991 -2.92062 2.348 -2.92062 -2.38515 -2.92062 6.4469 -2.92062 -6.89175 
-2.84052 12.20575 -2.84052 -12.7131 -2.84052 2.2918 -2.84052 -2.2918 -2.84052 6.43925 -2.84052 -6.88895 
-2.76032 11.75775 -2.76032 -12.3839 -2.76032 2.17185 -2.76032 -2.14435 -2.76032 6.25925 -2.76032 -6.8148 
-2.68012 11.4381 -2.68012 -12.1052 -2.68012 2.07965 -2.68012 -1.99715 -2.68012 6.14275 -2.68012 -6.7512 
-2.60002 11.55985 -2.60002 -11.95995 -2.60002 2.07815 -2.60002 -1.89085 -2.60002 6.2624 -2.60002 -6.722 
-2.51982 11.9741 -2.51982 -11.82075 -2.51982 2.1386 -2.51982 -1.8248 -2.51982 6.54545 -2.51982 -6.6491 
-2.43972 12.2749 -2.43972 -11.5182 -2.43972 2.1854 -2.43972 -1.7683 -2.43972 6.768 -2.43972 -6.45475 
-2.35952 12.21925 -2.35952 -11.056 -2.35952 2.17865 -2.35952 -1.7077 -2.35952 6.78715 -2.35952 -6.1655 
-2.27932 11.8956 -2.27932 -10.62325 -2.27932 2.13535 -2.27932 -1.6618 -2.27932 6.64175 -2.27932 -5.9095 
-2.19922 11.5549 -2.19922 -10.43975 -2.19922 2.09355 -2.19922 -1.6667 -2.19922 6.4747 -2.19922 -5.8105 
-2.11902 11.31255 -2.11902 -10.5913 -2.11902 2.0669 -2.11902 -1.7393 -2.11902 6.36215 -2.11902 -5.90455 
-2.03892 11.0664 -2.03892 -10.91965 -2.03892 2.0343 -2.03892 -1.8424 -2.03892 6.2555 -2.03892 -6.0978 
-1.95872 10.7496 -1.95872 -11.06755 -1.95872 1.98715 -1.95872 -1.89165 -1.95872 6.12375 -1.95872 -6.1996 
-1.87852 10.5234 -1.87852 -10.76315 -1.87852 1.95205 -1.87852 -1.8239 -1.87852 6.0591 -1.87852 -6.06555 
-1.79842 10.5548 -1.79842 -10.11005 -1.79842 1.95355 -1.79842 -1.66475 -1.79842 6.15255 -1.79842 -5.75045 
-1.71822 10.7165 -1.71822 -9.4889 -1.71822 1.9672 -1.71822 -1.5039 -1.71822 6.31605 -1.71822 -5.45885 
-1.63802 10.7232 -1.63802 -9.12745 -1.63802 1.945 -1.63802 -1.39835 -1.63802 6.37045 -1.63802 -5.31105 
-1.55792 10.47585 -1.55792 -8.89065 -1.55792 1.86955 -1.55792 -1.3268 -1.55792 6.25805 -1.55792 -5.229 
-1.47772 10.0791 -1.47772 -8.5306 -1.47772 1.7568 -1.47772 -1.244 -1.47772 6.0489 -1.47772 -5.06725 
-1.39762 9.63335 -1.39762 -7.9933 -1.39762 1.62885 -1.39762 -1.14515 -1.39762 5.8072 -1.39762 -4.787 
-1.31742 9.17955 -1.31742 -7.4076 -1.31742 1.51025 -1.31742 -1.0614 -1.31742 5.55195 -1.31742 -4.45775 
-1.23722 8.7669 -1.23722 -6.87205 -1.23722 1.42625 -1.23722 -1.0047 -1.23722 5.3052 -1.23722 -4.1406 
-1.15712 8.45595 -1.15712 -6.36265 -1.15712 1.3899 -1.15712 -0.9581 -1.15712 5.1045 -1.15712 -3.83285 
-1.07692 8.2557 -1.07692 -5.85275 -1.07692 1.3939 -1.07692 -0.90825 -1.07692 4.96345 -1.07692 -3.5279 
-0.996821 8.097 -0.996821 -5.40385 -0.996821 1.4151 -0.996821 -0.8633 -0.996821 4.8477 -0.996821 -3.264 
-0.916621 7.9039 -0.916621 -5.05915 -0.916621 1.43305 -0.916621 -0.8335 -0.916621 4.71125 -0.916621 -3.063 
-0.836421 7.6806 -0.836421 -4.74625 -0.836421 1.4441 -0.836421 -0.813 -0.836421 4.558 -0.836421 -2.87355 
-0.756321 7.47225 -0.756321 -4.37875 -0.756321 1.45215 -0.756321 -0.7972 -0.756321 4.419 -0.756321 -2.6359 
-0.676121 7.25955 -0.676121 -3.9945 -0.676121 1.4527 -0.676121 -0.79965 -0.676121 4.28495 -0.676121 -2.3679 
-0.596021 6.9629 -0.596021 -3.69425 -0.596021 1.4335 -0.596021 -0.8315 -0.596021 4.10535 -0.596021 -2.13505 
-0.515821 6.536 -0.515821 -3.44135 -0.515821 1.3886 -0.515821 -0.85905 -0.515821 3.84985 -0.515821 -1.93465 
-0.435621 6.011 -0.435621 -3.0225 -0.435621 1.32205 -0.435621 -0.8071 -0.435621 3.53595 -0.435621 -1.66315 
-0.355521 5.5024 -0.355521 -2.2956 -0.355521 1.265 -0.355521 -0.63555 -0.355521 3.2279 -0.355521 -1.24695 
-0.275321 5.24035 -0.275321 -1.41155 -0.275321 1.3016 -0.275321 -0.39775 -0.275321 3.03695 -0.275321 -0.76165 
-0.195221 5.5035 -0.195221 -0.6756 -0.195221 1.56305 -0.195221 -0.19195 -0.195221 3.0721 -0.195221 -0.36295 
-0.115021 6.3457 -0.115021 -0.24795 -0.115021 2.1417 -0.115021 -0.07165 -0.115021 3.2949 -0.115021 -0.1322 
-0.0348214 7.37975 -0.0348214 -0.07945 -0.0348214 2.9553 -0.0348214 -0.02875 -0.0348214 3.4569 -0.0348214 -0.03685 
0.0452786 7.94625 0.0452786 -0.06945 0.0452786 3.703 0.0452786 -0.0489 0.0452786 3.27775 0.0452786 -0.0112 
0.125479 7.59145 0.125479 -0.20115 0.125479 4.02505 0.125479 -0.16255 0.125479 2.6976 0.125479 -0.01505 
0.205579 6.4166 0.205579 -0.5608 0.205579 3.7837 0.205579 -0.45805 0.205579 1.9254 0.205579 -0.04025 
0.285779 4.93275 0.285779 -1.26055 0.285779 3.15355 0.285779 -1.03335 0.285779 1.23695 0.285779 -0.09075 
0.365979 3.60265 0.365979 -2.28995 0.365979 2.43075 0.365979 -1.88455 0.365979 0.76585 0.365979 -0.1649 
0.446079 2.62315 0.446079 -3.39855 0.446079 1.83075 0.446079 -2.8058 0.446079 0.48765 0.446079 -0.2467 
0.526279 2.0408 0.526279 -4.1869 0.526279 1.46605 0.526279 -3.4653 0.526279 0.33745 0.526279 -0.30575 
0.606379 1.79045 0.606379 -4.4199 0.606379 1.3224 0.606379 -3.66425 0.606379 0.26545 0.606379 -0.32365 
0.686579 1.66195 0.686579 -4.25605 0.686579 1.24955 0.686579 -3.53225 0.686579 0.2273 0.686579 -0.3084 
0.766779 1.51075 0.766779 -4.131 0.766779 1.14635 0.766779 -3.43295 0.766779 0.1926 0.766779 -0.2917 
0.846879 1.4689 0.846879 -4.4414 0.846879 1.1236 0.846879 -3.69925 0.846879 0.1683 0.846879 -0.302 
0.927079 1.77605 0.927079 -5.2957 0.927079 1.37605 0.927079 -4.4271 0.927079 0.1821 0.927079 -0.3476 
1.00718 2.4779 1.00718 -6.4587 1.00718 1.9485 1.00718 -5.426 1.00718 0.24005 1.00718 -0.41335 
1.08738 3.36575 1.08738 -7.57525 1.08738 2.6788 1.08738 -6.4033 1.08738 0.32175 1.08738 -0.4771 
1.16758 4.115 1.16758 -8.4982 1.16758 3.2966 1.16758 -7.23445 1.16758 0.39805 1.16758 -0.5318 
1.24768 4.46985 1.24768 -9.315 1.24768 3.58055 1.24768 -7.9817 1.24768 0.445 1.24768 -0.58505 
1.32788 4.35155 1.32788 -10.0757 1.32788 3.46485 1.32788 -8.6711 1.32788 0.4513 1.32788 -0.63975 
1.40798 3.80045 1.40798 -10.62925 1.40798 2.9998 1.40798 -9.15695 1.40798 0.4091 1.40798 -0.687 
1.48818 2.9258 1.48818 -10.77545 1.48818 2.29265 1.48818 -9.24755 1.48818 0.3217 1.48818 -0.72435 
1.56838 1.99215 1.56838 -10.60565 1.56838 1.5595 1.56838 -9.00245 1.56838 0.21645 1.56838 -0.7755 
1.64848 1.3889 1.64848 -10.5829 1.64848 1.10425 1.64848 -8.8189 1.64848 0.13775 1.64848 -0.88035 
1.72868 1.37905 1.72868 -11.0542 1.72868 1.13145 1.72868 -9.0217 1.72868 0.11335 1.72868 -1.05175 
1.80878 1.92125 1.80878 -11.8177 1.80878 1.60855 1.80878 -9.47225 1.80878 0.14125 1.80878 -1.2563 
1.88898 2.73235 1.88898 -12.4569 1.88898 2.30685 1.88898 -9.8301 1.88898 0.19585 1.88898 -1.4534 
1.96918 3.4447 1.96918 -12.90745 1.96918 2.91535 1.96918 -10.0367 1.96918 0.25035 1.96918 -1.63565 
2.04928 3.7458 2.04928 -13.3851 2.04928 3.1567 2.04928 -10.27745 2.04928 0.28975 2.04928 -1.81 
2.12948 3.53755 2.12948 -13.9545 2.12948 2.9385 2.12948 -10.6324 2.12948 0.3098 2.12948 -1.9579 
2.20958 3.0281 2.20958 -14.493 2.20958 2.44655 2.20958 -11.02465 2.20958 0.32065 2.20958 -2.05165 
2.28978 2.6056 2.28978 -14.95235 2.28978 2.02895 2.28978 -11.4111 2.28978 0.3403 2.28978 -2.0919 
2.36998 2.6109 2.36998 -15.34875 2.36998 1.98785 2.36998 -11.78575 2.36998 0.3871 2.36998 -2.09495 
2.45008 3.2117 2.45008 -15.49845 2.45008 2.47 2.45008 -11.9905 2.45008 0.4627 2.45008 -2.04645 
2.53028 4.37345 2.53028 -15.0409 2.53028 3.45225 2.53028 -11.7406 2.53028 0.5482 2.53028 -1.9004 
2.61038 5.89155 2.61038 -13.86295 2.61038 4.7584 2.61038 -10.9556 2.61038 0.6231 2.61038 -1.63675 
2.69058 7.5026 2.69058 -12.3709 2.69058 6.14365 2.69058 -9.96125 2.69058 0.69045 2.69058 -1.30295 
2.77078 8.99275 2.77078 -11.245 2.77078 7.3982 2.77078 -9.2827 2.77078 0.76785 2.77078 -0.9963 
2.85088 10.17465 2.85088 -10.93315 2.85088 8.3427 2.85088 -9.23615 2.85088 0.86765 2.85088 -0.80125 
2.93108 10.78495 2.93108 -11.39585 2.93108 8.7506 2.93108 -9.7396 2.93108 0.97395 2.93108 -0.74665 
3.01118 10.51905 3.01118 -12.3234 3.01118 8.3901 3.01118 -10.51645 3.01118 1.038 3.01118 -0.8127 
3.09138 9.30075 3.09138 -13.3914 3.09138 7.24905 3.09138 -11.3107 3.09138 1.0116 3.09138 -0.96005 
3.17158 7.5531 3.17158 -14.1776 3.17158 5.7259 3.17158 -11.80175 3.17158 0.9061 3.17158 -1.1336 
3.25168 6.0445 3.25168 -14.1902 3.25168 4.4594 3.25168 -11.6031 3.25168 0.7971 3.25168 -1.27355 
3.33188 5.29515 3.33188 -13.3289 3.33188 3.85935 3.33188 -10.6529 3.33188 0.74675 3.33188 -1.3604 
3.41208 5.1852 3.41208 -12.11905 3.41208 3.81475 3.41208 -9.4228 3.41208 0.73645 3.41208 -1.42555 
3.49218 5.22845 3.49218 -11.2089 3.49218 3.92155 3.49218 -8.4893 3.49218 0.7033 3.49218 -1.50715 
3.57238 5.11275 3.57238 -10.77895 3.57238 3.90575 3.57238 -8.01475 3.57238 0.6249 3.57238 -1.60615 
3.65248 4.82845 3.65248 -10.59015 3.65248 3.7244 3.65248 -7.77865 3.65248 0.5331 3.65248 -1.6977 
3.73268 4.39895 3.73268 -10.38175 3.73268 3.37295 3.73268 -7.53385 3.73268 0.45905 3.73268 -1.76955 
3.81288 3.78245 3.81288 -10.0243 3.81288 2.83195 3.81288 -7.1696 3.81288 0.40195 3.81288 -1.8162 
3.89298 3.05225 3.89298 -9.40185 3.89298 2.1969 3.89298 -6.6205 3.89298 0.354 3.89298 -1.80975 
3.97318 2.4325 3.97318 -8.36915 3.97318 1.6756 3.97318 -5.8098 3.97318 0.3238 3.97318 -1.7031 
4.05328 2.0986 4.05328 -6.9204 4.05328 1.407 4.05328 -4.7503 4.05328 0.3231 4.05328 -1.4714 
4.13348 2.0188 4.13348 -5.29975 4.13348 1.34695 4.13348 -3.61135 4.13348 0.34605 4.13348 -1.1544 
4.21368 1.98055 4.21368 -3.8246 4.21368 1.3079 4.21368 -2.5884 4.21368 0.35955 4.21368 -0.83265 
4.29378 1.7858 4.29378 -2.64515 4.29378 1.11935 4.29378 -1.75565 4.29378 0.33195 4.29378 -0.5639 
4.37398 1.4359 4.37398 -1.7574 4.37398 0.7792 4.37398 -1.0913 4.37398 0.26665 4.37398 -0.36665 
4.45408 1.0741 4.45408 -1.14565 4.45408 0.4296 4.45408 -0.59505 4.45408 0.1949 4.45408 -0.238 
4.53428 0.79295 4.53428 -0.78865 4.53428 0.1908 4.53428 -0.2837 4.53428 0.1388 4.53428 -0.1661 
4.61448 0.59595 4.61448 -0.61355 4.61448 0.07435 4.61448 -0.1291 4.61448 0.1007 4.61448 -0.1289 
4.69458 0.47665 4.69458 -0.5308 4.69458 0.03105 4.69458 -0.06535 4.69458 0.07945 4.69458 -0.10705 
4.77478 0.43725 4.77478 -0.47885 4.77478 0.01815 4.77478 -0.04095 4.77478 0.07145 4.77478 -0.0914 
4.85488 0.4686 4.85488 -0.44335 4.85488 0.01555 4.85488 -0.03125 4.85488 0.07455 4.85488 -0.08335 
4.93508 0.5561 4.93508 -0.4564 4.93508 0.01665 4.93508 -0.03015 4.93508 0.08795 4.93508 -0.0896 
5.01528 0.6893 5.01528 -0.54445 5.01528 0.02125 5.01528 -0.03505 5.01528 0.10965 5.01528 -0.1109 
5.09538 0.8641 5.09538 -0.6851 5.09538 0.0286 5.09538 -0.04235 5.09538 0.1375 5.09538 -0.13505 
5.17558 1.09195 5.17558 -0.85465 5.17558 0.03905 5.17558 -0.0482 5.17558 0.1634 5.17558 -0.153 
5.25568 1.414 5.25568 -1.09155 5.25568 0.0526 5.25568 -0.05625 5.25568 0.18505 5.25568 -0.1701 
5.33588 1.8705 5.33588 -1.4608 5.33588 0.0698 5.33588 -0.07015 5.33588 0.2097 5.33588 -0.19665 
5.41608 2.4189 5.41608 -1.9632 5.41608 0.08815 5.41608 -0.09265 5.41608 0.24405 5.41608 -0.2339 
5.49618 2.94235 5.49618 -2.52735 5.49618 0.1014 5.49618 -0.11955 5.49618 0.28495 5.49618 -0.27315 
5.57638 3.41175 5.57638 -3.1013 5.57638 0.10555 5.57638 -0.1478 5.57638 0.326 5.57638 -0.31 
5.65648 3.95775 5.65648 -3.716 5.65648 0.1064 5.65648 -0.17085 5.65648 0.3709 5.65648 -0.3478 
5.73668 4.65215 5.73668 -4.41205 5.73668 0.11115 5.73668 -0.1845 5.73668 0.42655 5.73668 -0.39105 
5.81688 5.29915 5.81688 -5.0897 5.81688 0.12045 5.81688 -0.18895 5.81688 0.4873 5.81688 -0.43805 
5.89698 5.59455 5.89698 -5.49455 5.89698 0.1317 5.89698 -0.1866 5.89698 0.5375 5.89698 -0.4788 
5.97718 5.41235 5.97718 -5.42655 5.97718 0.1389 5.97718 -0.1795 5.97718 0.5601 5.97718 -0.5007 
6.05728 4.83345 6.05728 -4.91965 6.05728 0.1394 6.05728 -0.17205 6.05728 0.54555 6.05728 -0.49785 
6.13748 4.0355 6.13748 -4.18535 6.13748 0.1307 6.13748 -0.1676 6.13748 0.4935 6.13748 -0.47265 
6.21768 3.2572 6.21768 -3.4832 6.21768 0.116 6.21768 -0.16955 6.21768 0.4183 6.21768 -0.43635 
6.29778 2.73125 6.29778 -3.04555 6.29778 0.1024 6.29778 -0.1812 6.29778 0.349 6.29778 -0.41235 
6.37798 2.55115 6.37798 -2.9712 6.37798 0.09475 6.37798 -0.20465 6.37798 0.30705 6.37798 -0.4187 
6.45808 2.65575 6.45808 -3.15995 6.45808 0.0929 6.45808 -0.23245 6.45808 0.2975 6.45808 -0.4485 
6.53828 2.93545 6.53828 -3.4343 6.53828 0.09575 6.53828 -0.25365 6.53828 0.31805 6.53828 -0.4764 
6.61848 3.2864 6.61848 -3.7015 6.61848 0.10325 6.61848 -0.26005 6.61848 0.36255 6.61848 -0.48945 
6.69858 3.5943 6.69858 -3.93115 6.69858 0.1135 6.69858 -0.2503 6.69858 0.4183 6.69858 -0.4893 
6.77878 3.74275 6.77878 -4.0442 6.77878 0.12315 6.77878 -0.22855 6.77878 0.46525 6.77878 -0.47925 
6.85888 3.67785 6.85888 -3.92655 6.85888 0.1274 6.85888 -0.1986 6.85888 0.4883 6.85888 -0.45605 
6.93908 3.45955 6.93908 -3.56885 6.93908 0.12365 6.93908 -0.165 6.93908 0.4857 6.93908 -0.42285 
7.01928 3.2027 7.01928 -3.1342 7.01928 0.1151 7.01928 -0.1357 7.01928 0.4683 7.01928 -0.3948 
7.09938 2.97055 7.09938 -2.82575 7.09938 0.1065 7.09938 -0.11795 7.09938 0.4463 7.09938 -0.38745 
7.17958 2.7825 7.17958 -2.6934 7.17958 0.10265 7.17958 -0.1113 7.17958 0.4276 7.17958 -0.3968 
7.25968 2.6953 7.25968 -2.6298 7.25968 0.10825 7.25968 -0.1086 7.25968 0.4234 7.25968 -0.40685 
7.33988 2.76395 7.33988 -2.5533 7.33988 0.1242 7.33988 -0.107 7.33988 0.4431 7.33988 -0.4133 
7.42008 2.90325 7.42008 -2.5013 7.42008 0.14235 7.42008 -0.1075 7.42008 0.4714 7.42008 -0.42395 
7.50018 2.90855 7.50018 -2.50765 7.50018 0.1483 7.50018 -0.1114 7.50018 0.47595 7.50018 -0.44045 
7.58038 2.68225 7.58038 -2.5057 7.58038 0.13635 7.58038 -0.11575 7.58038 0.4428 7.58038 -0.44705 
7.66048 2.35525 7.66048 -2.4221 7.66048 0.1162 7.66048 -0.1163 7.66048 0.3912 7.66048 -0.4319 
7.74068 2.13345 7.74068 -2.2695 7.74068 0.1014 7.74068 -0.1143 7.74068 0.35555 7.74068 -0.4 
7.82088 2.09425 7.82088 -2.10515 7.82088 0.0974 7.82088 -0.10945 7.82088 0.3487 7.82088 -0.36445 
7.90098 2.15385 7.90098 -1.9874 7.90098 0.1005 7.90098 -0.10545 7.90098 0.35745 7.90098 -0.33755 
7.98118 2.1798 7.98118 -1.9704 7.98118 0.10325 7.98118 -0.1057 7.98118 0.35945 7.98118 -0.32945 
8.06128 2.11705 8.06128 -2.05275 8.06128 0.10215 8.06128 -0.11185 8.06128 0.3469 8.06128 -0.3403 
8.14148 2.01705 8.14148 -2.1525 8.14148 0.0996 8.14148 -0.12015 8.14148 0.32885 8.14148 -0.35595 
8.22168 1.95645 8.22168 -2.18515 8.22168 0.09855 8.22168 -0.124 8.22168 0.31925 8.22168 -0.3607 
8.30178 1.955 8.30178 -2.1361 8.30178 0.1001 8.30178 -0.12205 8.30178 0.3201 8.30178 -0.3526 
8.38198 1.98565 8.38198 -2.048 8.38198 0.10295 8.38198 -0.1157 8.38198 0.3258 8.38198 -0.33885 
8.46218 2.027 8.46218 -1.9822 8.46218 0.10765 8.46218 -0.10975 8.46218 0.3301 8.46218 -0.32835 
8.54228 2.059 8.54228 -1.98745 8.54228 0.1127 8.54228 -0.10865 8.54228 0.33205 8.54228 -0.3284 
8.62248 2.0349 8.62248 -2.05725 8.62248 0.1146 8.62248 -0.1119 8.62248 0.32565 8.62248 -0.3392 
8.70258 1.9133 8.70258 -2.1125 8.70258 0.1106 8.70258 -0.1159 8.70258 0.30785 8.70258 -0.34845 
8.78278 1.7067 8.78278 -2.063 8.78278 0.09995 8.78278 -0.1141 8.78278 0.278 8.78278 -0.3431 
8.86298 1.4783 8.86298 -1.8879 8.86298 0.0869 8.86298 -0.1048 8.86298 0.24365 8.86298 -0.31905 
8.94308 1.3084 8.94308 -1.6372 8.94308 0.0772 8.94308 -0.09005 8.94308 0.21785 8.94308 -0.2825 
9.02328 1.2421 9.02328 -1.3811 9.02328 0.0739 9.02328 -0.07415 9.02328 0.2083 9.02328 -0.2428 
9.10338 1.2339 9.10338 -1.17495 9.10338 0.0746 9.10338 -0.06105 9.10338 0.2088 9.10338 -0.2095 
9.18358 1.17035 9.18358 -1.03185 9.18358 0.0716 9.18358 -0.0522 9.18358 0.19885 9.18358 -0.1845 
9.26378 0.9819 9.26378 -0.9077 9.26378 0.06075 9.26378 -0.0452 9.26378 0.167 9.26378 -0.16165 
9.34388 0.71005 9.34388 -0.74505 9.34388 0.044 9.34388 -0.03675 9.34388 0.12115 9.34388 -0.13205 
9.42408 0.44985 9.42408 -0.54385 9.42408 0.028 9.42408 -0.02645 9.42408 0.07675 9.42408 -0.0953 
9.50418 0.25975 9.50418 -0.3577 9.50418 0.0163 9.50418 -0.01735 9.50418 0.04425 9.50418 -0.06235 
9.58438 0.1407 9.58438 -0.22395 9.58438 0.0088 9.58438 -0.0107 9.58438 0.02415 9.58438 -0.0393 
9.66458 0.0702 9.66458 -0.13515 9.66458 0.00405 9.66458 -0.00655 9.66458 0.0121 9.66458 -0.02415 
9.74468 0.0304 9.74468 -0.073 9.74468 0.0013 9.74468 -0.0029 9.74468 0.0049 9.74468 -0.0132 
9.82488 0.0107 9.82488 -0.0321 9.82488 0.0003 9.82488 -0.00095 9.82488 0.0012 9.82488 -0.00565 
9.90498 0.00295 9.90498 -0.01085 9.90498 0.0 9.90498 -0.00015 9.90498 5e-05 9.90498 -0.0013 
9.98518 0.0006 9.98518 -0.00275 9.98518 0.0 9.98518 -0.0 9.98518 0.0 9.98518 -0.0 
10.0654 0.0001 10.0654 -0.0005 10.0654 0.0 10.0654 -0.0 10.0654 0.0 10.0654 -0.0 
10.1455 0.0 10.1455 -5e-05 10.1455 0.0 10.1455 -0.0 10.1455 0.0 10.1455 -0.0 
10.2257 0.0 10.2257 -0.0 10.2257 0.0 10.2257 -0.0 10.2257 0.0 10.2257 -0.0 
10.3058 0.0 10.3058 -0.0 10.3058 0.0 10.3058 -0.0 10.3058 0.0 10.3058 -0.0 
10.386 0.0 10.386 -0.0 10.386 0.0 10.386 -0.0 10.386 0.0 10.386 -0.0 
10.4662 0.0 10.4662 -0.0 10.4662 0.0 10.4662 -0.0 10.4662 0.0 10.4662 -0.0 
10.5463 0.0 10.5463 -0.0 10.5463 0.0 10.5463 -0.0 10.5463 0.0 10.5463 -0.0 
10.6265 0.0 10.6265 -0.0 10.6265 0.0 10.6265 -0.0 10.6265 0.0 10.6265 -0.0 
10.7066 0.0 10.7066 -0.0 10.7066 0.0 10.7066 -0.0 10.7066 0.0 10.7066 -0.0 
10.7868 0.0 10.7868 -0.0 10.7868 0.0 10.7868 -0.0 10.7868 0.0 10.7868 -0.0 
10.867 0.0 10.867 -0.0 10.867 0.0 10.867 -0.0 10.867 0.0 10.867 -0.0 
10.9471 0.0 10.9471 -0.0 10.9471 0.0 10.9471 -0.0 10.9471 0.0 10.9471 -0.0 
11.0273 0.0 11.0273 -0.0 11.0273 0.0 11.0273 -0.0 11.0273 0.0 11.0273 -0.0 
11.1074 0.0 11.1074 -0.0 11.1074 0.0 11.1074 -0.0 11.1074 0.0 11.1074 -0.0 
11.1876 0.0 11.1876 -0.0 11.1876 0.0 11.1876 -0.0 11.1876 0.0 11.1876 -0.0 
11.2678 0.0 11.2678 -0.0 11.2678 0.0 11.2678 -0.0 11.2678 0.0 11.2678 -0.0 
11.3479 0.0 11.3479 -0.0 11.3479 0.0 11.3479 -0.0 11.3479 0.0 11.3479 -0.0 
11.4281 0.0 11.4281 -0.0 11.4281 0.0 11.4281 -0.0 11.4281 0.0 11.4281 -0.0 
11.5082 0.0 11.5082 -0.0 11.5082 0.0 11.5082 -0.0 11.5082 0.0 11.5082 -0.0 
11.5884 0.0 11.5884 -0.0 11.5884 0.0 11.5884 -0.0 11.5884 0.0 11.5884 -0.0 
11.6686 0.0 11.6686 -0.0 11.6686 0.0 11.6686 -0.0 11.6686 0.0 11.6686 -0.0 
11.7487 0.0 11.7487 -0.0 11.7487 0.0 11.7487 -0.0 11.7487 0.0 11.7487 -0.0 
11.8289 0.0 11.8289 -0.0 11.8289 0.0 11.8289 -0.0 11.8289 0.0 11.8289 -0.0 
11.909 0.0 11.909 -0.0 11.909 0.0 11.909 -0.0 11.909 0.0 11.909 -0.0 
11.9892 0.0 11.9892 -0.0 11.9892 0.0 11.9892 -0.0 11.9892 0.0 11.9892 -0.0 
12.0694 0.0 12.0694 -0.0 12.0694 0.0 12.0694 -0.0 12.0694 0.0 12.0694 -0.0 
12.1495 0.0 12.1495 -0.0 12.1495 0.0 12.1495 -0.0 12.1495 0.0 12.1495 -0.0 
12.2297 0.0 12.2297 -0.0 12.2297 0.0 12.2297 -0.0 12.2297 0.0 12.2297 -0.0 
12.3098 0.0 12.3098 -0.0 12.3098 0.0 12.3098 -0.0 12.3098 0.0 12.3098 -0.0 
12.39 0.0 12.39 -0.0 12.39 0.0 12.39 -0.0 12.39 0.0 12.39 -0.0 
12.4702 0.0 12.4702 -0.0 12.4702 0.0 12.4702 -0.0 12.4702 0.0 12.4702 -0.0 
12.5503 0.0 12.5503 -0.0 12.5503 0.0 12.5503 -0.0 12.5503 0.0 12.5503 -0.0 
12.6305 0.0 12.6305 -0.0 12.6305 0.0 12.6305 -0.0 12.6305 0.0 12.6305 -0.0 
12.7106 0.0 12.7106 -0.0 12.7106 0.0 12.7106 -0.0 12.7106 0.0 12.7106 -0.0 
12.7908 0.0 12.7908 -0.0 12.7908 0.0 12.7908 -0.0 12.7908 0.0 12.7908 -0.0 
12.871 0.0 12.871 -0.0 12.871 0.0 12.871 -0.0 12.871 0.0 12.871 -0.0 
12.9511 0.0 12.9511 -0.0 12.9511 0.0 12.9511 -0.0 12.9511 0.0 12.9511 -0.0 
13.0313 0.0 13.0313 -0.0 13.0313 0.0 13.0313 -0.0 13.0313 0.0 13.0313 -0.0 
13.1114 0.0 13.1114 -0.0 13.1114 0.0 13.1114 -0.0 13.1114 0.0 13.1114 -0.0 
13.1916 0.0 13.1916 -0.0 13.1916 0.0 13.1916 -0.0 13.1916 0.0 13.1916 -0.0 
13.2718 0.0 13.2718 -0.0 13.2718 0.0 13.2718 -0.0 13.2718 0.0 13.2718 -0.0 
13.3519 0.0 13.3519 -0.0 13.3519 0.0 13.3519 -0.0 13.3519 0.0 13.3519 -0.0 
13.4321 0.0 13.4321 -0.0 13.4321 0.0 13.4321 -0.0 13.4321 0.0 13.4321 -0.0 
13.5123 0.0 13.5123 -0.0 13.5123 0.0 13.5123 -0.0 13.5123 0.0 13.5123 -0.0 
13.5924 0.0 13.5924 -0.0 13.5924 0.0 13.5924 -0.0 13.5924 0.0 13.5924 -0.0 
13.6726 0.0 13.6726 -0.0 13.6726 0.0 13.6726 -0.0 13.6726 0.0 13.6726 -0.0 
13.7527 0.0 13.7527 -0.0 13.7527 0.0 13.7527 -0.0 13.7527 0.0 13.7527 -0.0 
13.8329 0.0 13.8329 -0.0 13.8329 0.0 13.8329 -0.0 13.8329 0.0 13.8329 -0.0 
13.9131 0.0 13.9131 -0.0 13.9131 0.0 13.9131 -0.0 13.9131 0.0 13.9131 -0.0 
13.9932 0.0 13.9932 -0.0 13.9932 0.0 13.9932 -0.0 13.9932 0.0 13.9932 -0.0 
14.0734 0.0 14.0734 -0.0 14.0734 0.0 14.0734 -0.0 14.0734 0.0 14.0734 -0.0 
14.1535 0.0 14.1535 -0.0 14.1535 0.0 14.1535 -0.0 14.1535 0.0 14.1535 -0.0 
14.2337 0.0 14.2337 -0.0 14.2337 0.0 14.2337 -0.0 14.2337 0.0 14.2337 -0.0 
14.3139 0.0 14.3139 -0.0 14.3139 0.0 14.3139 -0.0 14.3139 0.0 14.3139 -0.0 
14.394 0.0 14.394 -0.0 14.394 0.0 14.394 -0.0 14.394 0.0 14.394 -0.0 
14.4742 0.0 14.4742 -0.0 14.4742 0.0 14.4742 -0.0 14.4742 0.0 14.4742 -0.0 
14.5543 0.0 14.5543 -0.0 14.5543 0.0 14.5543 -0.0 14.5543 0.0 14.5543 -0.0 
14.6345 0.0 14.6345 -0.0 14.6345 0.0 14.6345 -0.0 14.6345 0.0 14.6345 -0.0 
14.7147 0.0 14.7147 -0.0 14.7147 0.0 14.7147 -0.0 14.7147 0.0 14.7147 -0.0 
14.7948 0.0 14.7948 -0.0 14.7948 0.0 14.7948 -0.0 14.7948 0.0 14.7948 -0.0 
14.875 0.0 14.875 -0.0 14.875 0.0 14.875 -0.0 14.875 0.0 14.875 -0.0 
14.9551 0.0 14.9551 -0.0 14.9551 0.0 14.9551 -0.0 14.9551 0.0 14.9551 -0.0 
15.0353 0.0 15.0353 -0.0 15.0353 0.0 15.0353 -0.0 15.0353 0.0 15.0353 -0.0 
15.1155 0.0 15.1155 -0.0 15.1155 0.0 15.1155 -0.0 15.1155 0.0 15.1155 -0.0 
15.1956 0.0 15.1956 -0.0 15.1956 0.0 15.1956 -0.0 15.1956 0.0 15.1956 -0.0 
15.2758 0.0 15.2758 -0.0 15.2758 0.0 15.2758 -0.0 15.2758 0.0 15.2758 -0.0 
15.3559 0.0 15.3559 -0.0 15.3559 0.0 15.3559 -0.0 15.3559 0.0 15.3559 -0.0 
15.4361 0.0 15.4361 -0.0 15.4361 0.0 15.4361 -0.0 15.4361 0.0 15.4361 -0.0 
15.5163 0.0 15.5163 -0.0 15.5163 0.0 15.5163 -0.0 15.5163 0.0 15.5163 -0.0 
15.5964 0.0 15.5964 -0.0 15.5964 0.0 15.5964 -0.0 15.5964 0.0 15.5964 -0.0 
15.6766 0.0 15.6766 -0.0 15.6766 0.0 15.6766 -0.0 15.6766 0.0 15.6766 -0.0 
15.7567 0.0 15.7567 -0.0 15.7567 0.0 15.7567 -0.0 15.7567 0.0 15.7567 -0.0 
15.8369 0.0 15.8369 -0.0 15.8369 0.0 15.8369 -0.0 15.8369 0.0 15.8369 -0.0 
