    -24.1631        24.95
    -24.0829            0
    -24.0028            0
    -23.9226            0
    -23.8425            0
    -23.7623            0
    -23.6821            0
     -23.602            0
    -23.5218            0
    -23.4417            0
    -23.3615            0
    -23.2813            0
    -23.2012            0
     -23.121            0
    -23.0409            0
    -22.9607            0
    -22.8805            0
    -22.8004            0
    -22.7202            0
    -22.6401            0
    -22.5599            0
    -22.4797            0
    -22.3996            0
    -22.3194            0
    -22.2393            0
    -22.1591            0
    -22.0789            0
    -21.9988            0
    -21.9186            0
    -21.8385            0
    -21.7583            0
    -21.6781            0
     -21.598       0.0002
    -21.5178       0.0019
    -21.4376       0.0164
    -21.3575       0.1016
    -21.2773       0.4621
    -21.1972       1.5404
     -21.117       3.7714
    -21.0368       6.8021
    -20.9567       9.0958
    -20.8765        9.152
    -20.7964       7.1829
    -20.7162       4.7736
     -20.636       3.1081
    -20.5559        2.326
    -20.4757       2.1962
    -20.3956       2.5563
    -20.3154       3.1734
    -20.2352       3.7648
    -20.1551       4.2907
    -20.0749       4.9709
    -19.9948       6.0048
    -19.9146       7.4143
    -19.8344       9.0157
    -19.7543      10.3885
    -19.6741      10.9551
     -19.594      10.2952
    -19.5138       8.5995
    -19.4336       6.6811
    -19.3535       5.2688
    -19.2733       4.5298
    -19.1932       4.3568
     -19.113       4.6655
    -19.0328        5.454
    -18.9527       6.8177
    -18.8725       8.6295
    -18.7924      10.2305
    -18.7122      10.9546
     -18.632      10.9247
    -18.5519      10.8464
    -18.4717      11.0511
    -18.3916      11.1151
    -18.3114      10.4419
    -18.2312       9.0602
    -18.1511       7.7691
    -18.0709       7.5137
    -17.9908       8.7163
    -17.9106      11.1729
    -17.8304      14.2647
    -17.7503      17.0869
    -17.6701      18.7672
      -17.59      19.0324
    -17.5098      18.2593
    -17.4296      17.0037
    -17.3495      15.8514
    -17.2693      15.2994
    -17.1892      15.0886
     -17.109      14.1125
    -17.0288      11.7569
    -16.9487       8.9218
    -16.8685       7.0144
    -16.7884       6.2675
    -16.7082       5.6757
     -16.628       4.4089
    -16.5479       2.6904
    -16.4677       1.2469
    -16.3875       0.4387
    -16.3074       0.1533
    -16.2272       0.2159
    -16.1471       0.6819
    -16.0669       1.7974
    -15.9867       3.6518
    -15.9066       5.7687
    -15.8264       7.1645
    -15.7463       7.0394
    -15.6661        5.463
    -15.5859       3.3184
    -15.5058        1.557
    -15.4256       0.5567
    -15.3455       0.1499
    -15.2653       0.0301
    -15.1851       0.0045
     -15.105       0.0005
    -15.0248            0
    -14.9447            0
    -14.8645            0
    -14.7843            0
    -14.7042            0
     -14.624            0
    -14.5439            0
    -14.4637            0
    -14.3835            0
    -14.3034            0
    -14.2232            0
    -14.1431            0
    -14.0629            0
    -13.9827            0
    -13.9026            0
    -13.8224            0
    -13.7423            0
    -13.6621            0
    -13.5819            0
    -13.5018            0
    -13.4216            0
    -13.3415            0
    -13.2613            0
    -13.1811            0
     -13.101            0
    -13.0208            0
    -12.9407            0
    -12.8605            0
    -12.7803            0
    -12.7002            0
      -12.62            0
    -12.5399            0
    -12.4597            0
    -12.3795            0
    -12.2994            0
    -12.2192            0
    -12.1391            0
    -12.0589            0
    -11.9787            0
    -11.8986            0
    -11.8184            0
    -11.7383            0
    -11.6581            0
    -11.5779            0
    -11.4978            0
    -11.4176            0
    -11.3374            0
    -11.2573            0
    -11.1771            0
     -11.097            0
    -11.0168            0
    -10.9366       0.0001
    -10.8565       0.0005
    -10.7763       0.0032
    -10.6962       0.0159
     -10.616       0.0592
    -10.5358       0.1694
    -10.4557       0.3809
    -10.3755       0.6958
    -10.2954       1.0812
    -10.2152       1.5098
     -10.135       2.0016
    -10.0549       2.6398
    -9.97472       3.5636
    -9.89462       4.8871
    -9.81442       6.5434
    -9.73422       8.2397
    -9.65412       9.6364
    -9.57392      10.6075
    -9.49382      11.3637
    -9.41362      12.3054
    -9.33342      13.7069
    -9.25332      15.5246
    -9.17312      17.4723
    -9.09302      19.1668
    -9.01282      20.1894
    -8.93262       20.305
    -8.85252       19.751
    -8.77232      19.0319
    -8.69222      18.4587
    -8.61202      18.2121
    -8.53182      18.5815
    -8.45172      19.6919
    -8.37152      21.2537
    -8.29142      22.9144
    -8.21122      24.6836
    -8.13102      26.8513
    -8.05092        29.46
    -7.97072      31.8068
    -7.89062      32.7579
    -7.81042      31.9444
    -7.73022      30.3027
    -7.65012      28.8484
    -7.56992       27.443
    -7.48982      25.5901
    -7.40962      23.7356
    -7.32942      22.8067
    -7.24932      23.0517
    -7.16912      23.9805
    -7.08902      24.9315
    -7.00882      25.3375
    -6.92862       24.897
    -6.84852      23.9003
    -6.76832      23.2763
    -6.68822      23.9162
    -6.60802      25.6896
    -6.52782      27.3232
    -6.44772      27.4922
    -6.36752      25.8721
    -6.28732      23.0825
    -6.20722      20.0448
    -6.12702      17.6132
    -6.04692      16.3201
    -5.96672      15.9299
    -5.88652      15.4522
    -5.80642      14.0982
    -5.72622      12.1165
    -5.64612      10.4025
    -5.56592       9.6232
    -5.48572       9.9725
    -5.40562      11.3298
    -5.32542      13.3383
    -5.24532      15.5902
    -5.16512      17.8762
    -5.08492      19.9609
    -5.00482       21.189
    -4.92462      20.9899
    -4.84452      19.8099
    -4.76432      18.8034
    -4.68412      18.6296
    -4.60402      19.1604
    -4.52382      20.0443
    -4.44372      20.9416
    -4.36352      21.5571
    -4.28332      21.8908
    -4.20322      22.2115
    -4.12302      22.6594
    -4.04292      23.0944
    -3.96272      23.2973
    -3.88252      23.1589
    -3.80242      22.7306
    -3.72222      22.1428
    -3.64212      21.4456
    -3.56192      20.6066
    -3.48172      19.7081
    -3.40162       19.043
    -3.32142      18.9704
    -3.24132      19.6743
    -3.16112      21.0108
    -3.08092      22.5897
    -3.00082        23.96
    -2.92062      24.6646
    -2.84052      24.4115
    -2.76032      23.5155
    -2.68012      22.8762
    -2.60002      23.1197
    -2.51982      23.9482
    -2.43972      24.5498
    -2.35952      24.4385
    -2.27932      23.7912
    -2.19922      23.1098
    -2.11902      22.6251
    -2.03892      22.1328
    -1.95872      21.4992
    -1.87852      21.0468
    -1.79842      21.1096
    -1.71822       21.433
    -1.63802      21.4464
    -1.55792      20.9517
    -1.47772      20.1582
    -1.39762      19.2667
    -1.31742      18.3591
    -1.23722      17.5338
    -1.15712      16.9119
    -1.07692      16.5114
   -0.996821       16.194
   -0.916621      15.8078
   -0.836421      15.3612
   -0.756321      14.9445
   -0.676121      14.5191
   -0.596021      13.9258
   -0.515821       13.072
   -0.435621       12.022
   -0.355521      11.0048
   -0.275321      10.4807
   -0.195221       11.007
   -0.115021      12.6914
  -0.0348214      14.7595
   0.0452786      15.8925
    0.125479      15.1829
    0.205579      12.8332
    0.285779       9.8655
    0.365979       7.2053
    0.446079       5.2463
    0.526279       4.0816
    0.606379       3.5809
    0.686579       3.3239
    0.766779       3.0215
    0.846879       2.9378
    0.927079       3.5521
     1.00718       4.9558
     1.08738       6.7315
     1.16758         8.23
     1.24768       8.9397
     1.32788       8.7031
     1.40798       7.6009
     1.48818       5.8516
     1.56838       3.9843
     1.64848       2.7778
     1.72868       2.7581
     1.80878       3.8425
     1.88898       5.4647
     1.96918       6.8894
     2.04928       7.4916
     2.12948       7.0751
     2.20958       6.0562
     2.28978       5.2112
     2.36998       5.2218
     2.45008       6.4234
     2.53028       8.7469
     2.61038      11.7831
     2.69058      15.0052
     2.77078      17.9855
     2.85088      20.3493
     2.93108      21.5699
     3.01118      21.0381
     3.09138      18.6015
     3.17158      15.1062
     3.25168       12.089
     3.33188      10.5903
     3.41208      10.3704
     3.49218      10.4569
     3.57238      10.2255
     3.65248       9.6569
     3.73268       8.7979
     3.81288       7.5649
     3.89298       6.1045
     3.97318        4.865
     4.05328       4.1972
     4.13348       4.0376
     4.21368       3.9611
     4.29378       3.5716
     4.37398       2.8718
     4.45408       2.1482
     4.53428       1.5859
     4.61448       1.1919
     4.69458       0.9533
     4.77478       0.8745
     4.85488       0.9372
     4.93508       1.1122
     5.01528       1.3786
     5.09538       1.7282
     5.17558       2.1839
     5.25568        2.828
     5.33588        3.741
     5.41608       4.8378
     5.49618       5.8847
     5.57638       6.8235
     5.65648       7.9155
     5.73668       9.3043
     5.81688      10.5983
     5.89698      11.1891
     5.97718      10.8247
     6.05728       9.6669
     6.13748        8.071
     6.21768       6.5144
     6.29778       5.4625
     6.37798       5.1023
     6.45808       5.3115
     6.53828       5.8709
     6.61848       6.5728
     6.69858       7.1886
     6.77878       7.4855
     6.85888       7.3557
     6.93908       6.9191
     7.01928       6.4054
     7.09938       5.9411
     7.17958        5.565
     7.25968       5.3906
     7.33988       5.5279
     7.42008       5.8065
     7.50018       5.8171
     7.58038       5.3645
     7.66048       4.7105
     7.74068       4.2669
     7.82088       4.1885
     7.90098       4.3077
     7.98118       4.3596
     8.06128       4.2341
     8.14148       4.0341
     8.22168       3.9129
     8.30178         3.91
     8.38198       3.9713
     8.46218        4.054
     8.54228        4.118
     8.62248       4.0698
     8.70258       3.8266
     8.78278       3.4134
     8.86298       2.9566
     8.94308       2.6168
     9.02328       2.4842
     9.10338       2.4678
     9.18358       2.3407
     9.26378       1.9638
     9.34388       1.4201
     9.42408       0.8997
     9.50418       0.5195
     9.58438       0.2814
     9.66458       0.1404
     9.74468       0.0608
     9.82488       0.0214
     9.90498       0.0059
     9.98518       0.0012
     10.0654       0.0002
     10.1455            0
     10.2257            0
     10.3058            0
      10.386            0
     10.4662            0
     10.5463            0
     10.6265            0
     10.7066            0
     10.7868            0
      10.867            0
     10.9471            0
     11.0273            0
     11.1074            0
     11.1876            0
     11.2678            0
     11.3479            0
     11.4281            0
     11.5082            0
     11.5884            0
     11.6686            0
     11.7487            0
     11.8289            0
      11.909            0
     11.9892            0
     12.0694            0
     12.1495            0
     12.2297            0
     12.3098            0
       12.39            0
     12.4702            0
     12.5503            0
     12.6305            0
     12.7106            0
     12.7908            0
      12.871            0
     12.9511            0
     13.0313            0
     13.1114            0
     13.1916            0
     13.2718            0
     13.3519            0
     13.4321            0
     13.5123            0
     13.5924            0
     13.6726            0
     13.7527            0
     13.8329            0
     13.9131            0
     13.9932            0
     14.0734            0
     14.1535            0
     14.2337            0
     14.3139            0
      14.394            0
     14.4742            0
     14.5543            0
     14.6345            0
     14.7147            0
     14.7948            0
      14.875            0
     14.9551            0
     15.0353            0
     15.1155            0
     15.1956            0
     15.2758            0
     15.3559            0
     15.4361            0
     15.5163            0
     15.5964            0
     15.6766            0
     15.7567            0
     15.8369            0

    -24.1631       -24.95
    -24.0829           -0
    -24.0028           -0
    -23.9226           -0
    -23.8425           -0
    -23.7623           -0
    -23.6821           -0
     -23.602           -0
    -23.5218           -0
    -23.4417           -0
    -23.3615           -0
    -23.2813           -0
    -23.2012           -0
     -23.121           -0
    -23.0409           -0
    -22.9607           -0
    -22.8805           -0
    -22.8004           -0
    -22.7202           -0
    -22.6401           -0
    -22.5599           -0
    -22.4797           -0
    -22.3996           -0
    -22.3194           -0
    -22.2393           -0
    -22.1591           -0
    -22.0789           -0
    -21.9988           -0
    -21.9186           -0
    -21.8385           -0
    -21.7583           -0
    -21.6781           -0
     -21.598      -0.0002
    -21.5178      -0.0018
    -21.4376      -0.0156
    -21.3575      -0.0971
    -21.2773       -0.441
    -21.1972      -1.4653
     -21.117      -3.5658
    -21.0368      -6.3684
    -20.9567      -8.3876
    -20.8765      -8.2529
    -20.7964      -6.2968
    -20.7162      -4.1294
     -20.636       -2.853
    -20.5559      -2.4054
    -20.4757      -2.2754
    -20.3956      -2.2335
    -20.3154      -2.4177
    -20.2352      -2.9475
    -20.1551      -3.6245
    -20.0749      -4.1399
    -19.9948       -4.448
    -19.9146      -4.8164
    -19.8344      -5.6649
    -19.7543      -7.2517
    -19.6741       -9.151
     -19.594     -10.2002
    -19.5138      -9.5118
    -19.4336      -7.5692
    -19.3535      -5.8345
    -19.2733      -5.1886
    -19.1932      -5.1953
     -19.113      -4.9148
    -19.0328      -4.0028
    -18.9527      -2.9654
    -18.8725      -2.6157
    -18.7924      -3.3297
    -18.7122      -4.7596
     -18.632      -6.2737
    -18.5519      -7.5706
    -18.4717      -8.7254
    -18.3916      -9.7936
    -18.3114     -10.6593
    -18.2312     -11.3041
    -18.1511     -11.9352
    -18.0709     -12.6499
    -17.9908     -13.2993
    -17.9106     -13.8836
    -17.8304     -14.5732
    -17.7503     -15.1722
    -17.6701     -15.1793
      -17.59     -14.6129
    -17.5098     -14.2469
    -17.4296     -14.6577
    -17.3495     -15.4292
    -17.2693     -15.8368
    -17.1892     -15.9897
     -17.109     -16.4822
    -17.0288     -17.0285
    -16.9487     -16.4989
    -16.8685     -14.5903
    -16.7884      -12.371
    -16.7082     -10.6699
     -16.628      -9.0145
    -16.5479      -6.7211
    -16.4677      -4.0822
    -16.3875      -1.9429
    -16.3074      -0.7351
    -16.2272      -0.3387
    -16.1471      -0.5725
    -16.0669      -1.4966
    -15.9867       -3.197
    -15.9066      -5.3128
    -15.8264      -6.9302
    -15.7463      -7.1616
    -15.6661       -5.877
    -15.5859      -3.8061
    -15.5058      -1.9208
    -15.4256      -0.7442
    -15.3455      -0.2183
    -15.2653       -0.048
    -15.1851      -0.0078
     -15.105      -0.0009
    -15.0248      -0.0001
    -14.9447           -0
    -14.8645           -0
    -14.7843           -0
    -14.7042           -0
     -14.624           -0
    -14.5439           -0
    -14.4637           -0
    -14.3835           -0
    -14.3034           -0
    -14.2232           -0
    -14.1431           -0
    -14.0629           -0
    -13.9827           -0
    -13.9026           -0
    -13.8224           -0
    -13.7423           -0
    -13.6621           -0
    -13.5819           -0
    -13.5018           -0
    -13.4216           -0
    -13.3415           -0
    -13.2613           -0
    -13.1811           -0
     -13.101           -0
    -13.0208           -0
    -12.9407           -0
    -12.8605           -0
    -12.7803           -0
    -12.7002           -0
      -12.62           -0
    -12.5399           -0
    -12.4597           -0
    -12.3795           -0
    -12.2994           -0
    -12.2192           -0
    -12.1391           -0
    -12.0589           -0
    -11.9787           -0
    -11.8986           -0
    -11.8184           -0
    -11.7383           -0
    -11.6581           -0
    -11.5779           -0
    -11.4978           -0
    -11.4176           -0
    -11.3374           -0
    -11.2573           -0
    -11.1771           -0
     -11.097           -0
    -11.0168           -0
    -10.9366           -0
    -10.8565           -0
    -10.7763           -0
    -10.6962      -0.0001
     -10.616      -0.0009
    -10.5358      -0.0069
    -10.4557       -0.038
    -10.3755      -0.1543
    -10.2954      -0.4673
    -10.2152      -1.0671
     -10.135      -1.8809
    -10.0549      -2.6795
    -9.97472      -3.3154
    -9.89462      -3.8096
    -9.81442      -4.1177
    -9.73422      -4.1217
    -9.65412      -3.9366
    -9.57392      -3.8277
    -9.49382      -3.9123
    -9.41362      -4.4154
    -9.33342      -5.8184
    -9.25332      -8.0092
    -9.17312      -9.7301
    -9.09302      -9.7763
    -9.01282      -8.4776
    -8.93262      -7.2717
    -8.85252      -7.1024
    -8.77232      -7.7786
    -8.69222      -8.5998
    -8.61202       -9.091
    -8.53182      -9.1959
    -8.45172      -9.0545
    -8.37152      -8.7197
    -8.29142      -8.2585
    -8.21122      -8.1048
    -8.13102      -8.6969
    -8.05092       -9.607
    -7.97072      -9.9437
    -7.89062      -9.8368
    -7.81042     -10.4678
    -7.73022     -12.5019
    -7.65012     -15.3892
    -7.56992     -18.0928
    -7.48982     -19.8404
    -7.40962     -20.4674
    -7.32942     -20.5316
    -7.24932     -20.7386
    -7.16912     -21.0938
    -7.08902     -21.1081
    -7.00882     -20.5527
    -6.92862      -19.486
    -6.84852     -18.0016
    -6.76832     -16.2373
    -6.68822     -14.2546
    -6.60802      -12.014
    -6.52782      -9.7885
    -6.44772      -8.2462
    -6.36752      -7.8313
    -6.28732      -8.3459
    -6.20722      -9.2669
    -6.12702     -10.2708
    -6.04692     -11.3092
    -5.96672      -12.249
    -5.88652     -12.7666
    -5.80642     -12.7964
    -5.72622     -12.8823
    -5.64612     -13.8542
    -5.56592     -16.1062
    -5.48572     -19.1658
    -5.40562     -22.0627
    -5.32542     -24.1095
    -5.24532     -25.0803
    -5.16512     -24.8991
    -5.08492     -23.7459
    -5.00482     -22.2308
    -4.92462      -20.896
    -4.84452      -19.784
    -4.76432     -18.8283
    -4.68412     -18.2978
    -4.60402     -18.4932
    -4.52382     -19.2791
    -4.44372     -20.3094
    -4.36352     -21.5509
    -4.28332     -23.1561
    -4.20322     -24.8546
    -4.12302     -25.9547
    -4.04292     -26.0972
    -3.96272     -25.6229
    -3.88252     -25.0618
    -3.80242     -24.5713
    -3.72222     -23.9701
    -3.64212     -23.1568
    -3.56192     -22.4391
    -3.48172     -22.3456
    -3.40162     -23.0148
    -3.32142     -23.9762
    -3.24132     -24.6978
    -3.16112      -25.111
    -3.08092     -25.4369
    -3.00082     -25.7365
    -2.92062     -25.7982
    -2.84052     -25.4262
    -2.76032     -24.7678
    -2.68012     -24.2104
    -2.60002     -23.9199
    -2.51982     -23.6415
    -2.43972     -23.0364
    -2.35952      -22.112
    -2.27932     -21.2465
    -2.19922     -20.8795
    -2.11902     -21.1826
    -2.03892     -21.8393
    -1.95872     -22.1351
    -1.87852     -21.5263
    -1.79842     -20.2201
    -1.71822     -18.9778
    -1.63802     -18.2549
    -1.55792     -17.7813
    -1.47772     -17.0612
    -1.39762     -15.9866
    -1.31742     -14.8152
    -1.23722     -13.7441
    -1.15712     -12.7253
    -1.07692     -11.7055
   -0.996821     -10.8077
   -0.916621     -10.1183
   -0.836421      -9.4925
   -0.756321      -8.7575
   -0.676121       -7.989
   -0.596021      -7.3885
   -0.515821      -6.8827
   -0.435621       -6.045
   -0.355521      -4.5912
   -0.275321      -2.8231
   -0.195221      -1.3512
   -0.115021      -0.4959
  -0.0348214      -0.1589
   0.0452786      -0.1389
    0.125479      -0.4023
    0.205579      -1.1216
    0.285779      -2.5211
    0.365979      -4.5799
    0.446079      -6.7971
    0.526279      -8.3738
    0.606379      -8.8398
    0.686579      -8.5121
    0.766779       -8.262
    0.846879      -8.8828
    0.927079     -10.5914
     1.00718     -12.9174
     1.08738     -15.1505
     1.16758     -16.9964
     1.24768       -18.63
     1.32788     -20.1514
     1.40798     -21.2585
     1.48818     -21.5509
     1.56838     -21.2113
     1.64848     -21.1658
     1.72868     -22.1084
     1.80878     -23.6354
     1.88898     -24.9138
     1.96918     -25.8149
     2.04928     -26.7702
     2.12948      -27.909
     2.20958      -28.986
     2.28978     -29.9047
     2.36998     -30.6975
     2.45008     -30.9969
     2.53028     -30.0818
     2.61038     -27.7259
     2.69058     -24.7418
     2.77078       -22.49
     2.85088     -21.8663
     2.93108     -22.7917
     3.01118     -24.6468
     3.09138     -26.7828
     3.17158     -28.3552
     3.25168     -28.3804
     3.33188     -26.6578
     3.41208     -24.2381
     3.49218     -22.4178
     3.57238     -21.5579
     3.65248     -21.1803
     3.73268     -20.7635
     3.81288     -20.0486
     3.89298     -18.8037
     3.97318     -16.7383
     4.05328     -13.8408
     4.13348     -10.5995
     4.21368      -7.6492
     4.29378      -5.2903
     4.37398      -3.5148
     4.45408      -2.2913
     4.53428      -1.5773
     4.61448      -1.2271
     4.69458      -1.0616
     4.77478      -0.9577
     4.85488      -0.8867
     4.93508      -0.9128
     5.01528      -1.0889
     5.09538      -1.3702
     5.17558      -1.7093
     5.25568      -2.1831
     5.33588      -2.9216
     5.41608      -3.9264
     5.49618      -5.0547
     5.57638      -6.2026
     5.65648       -7.432
     5.73668      -8.8241
     5.81688     -10.1794
     5.89698     -10.9891
     5.97718     -10.8531
     6.05728      -9.8393
     6.13748      -8.3707
     6.21768      -6.9664
     6.29778      -6.0911
     6.37798      -5.9424
     6.45808      -6.3199
     6.53828      -6.8686
     6.61848       -7.403
     6.69858      -7.8623
     6.77878      -8.0884
     6.85888      -7.8531
     6.93908      -7.1377
     7.01928      -6.2684
     7.09938      -5.6515
     7.17958      -5.3868
     7.25968      -5.2596
     7.33988      -5.1066
     7.42008      -5.0026
     7.50018      -5.0153
     7.58038      -5.0114
     7.66048      -4.8442
     7.74068       -4.539
     7.82088      -4.2103
     7.90098      -3.9748
     7.98118      -3.9408
     8.06128      -4.1055
     8.14148       -4.305
     8.22168      -4.3703
     8.30178      -4.2722
     8.38198       -4.096
     8.46218      -3.9644
     8.54228      -3.9749
     8.62248      -4.1145
     8.70258       -4.225
     8.78278       -4.126
     8.86298      -3.7758
     8.94308      -3.2744
     9.02328      -2.7622
     9.10338      -2.3499
     9.18358      -2.0637
     9.26378      -1.8154
     9.34388      -1.4901
     9.42408      -1.0877
     9.50418      -0.7154
     9.58438      -0.4479
     9.66458      -0.2703
     9.74468       -0.146
     9.82488      -0.0642
     9.90498      -0.0217
     9.98518      -0.0055
     10.0654       -0.001
     10.1455      -0.0001
     10.2257           -0
     10.3058           -0
      10.386           -0
     10.4662           -0
     10.5463           -0
     10.6265           -0
     10.7066           -0
     10.7868           -0
      10.867           -0
     10.9471           -0
     11.0273           -0
     11.1074           -0
     11.1876           -0
     11.2678           -0
     11.3479           -0
     11.4281           -0
     11.5082           -0
     11.5884           -0
     11.6686           -0
     11.7487           -0
     11.8289           -0
      11.909           -0
     11.9892           -0
     12.0694           -0
     12.1495           -0
     12.2297           -0
     12.3098           -0
       12.39           -0
     12.4702           -0
     12.5503           -0
     12.6305           -0
     12.7106           -0
     12.7908           -0
      12.871           -0
     12.9511           -0
     13.0313           -0
     13.1114           -0
     13.1916           -0
     13.2718           -0
     13.3519           -0
     13.4321           -0
     13.5123           -0
     13.5924           -0
     13.6726           -0
     13.7527           -0
     13.8329           -0
     13.9131           -0
     13.9932           -0
     14.0734           -0
     14.1535           -0
     14.2337           -0
     14.3139           -0
      14.394           -0
     14.4742           -0
     14.5543           -0
     14.6345           -0
     14.7147           -0
     14.7948           -0
      14.875           -0
     14.9551           -0
     15.0353           -0
     15.1155           -0
     15.1956           -0
     15.2758           -0
     15.3559           -0
     15.4361           -0
     15.5163           -0
     15.5964           -0
     15.6766           -0
     15.7567           -0
     15.8369           -0

    -24.1631            0
    -24.0829            0
    -24.0028            0
    -23.9226            0
    -23.8425            0
    -23.7623            0
    -23.6821            0
     -23.602            0
    -23.5218            0
    -23.4417            0
    -23.3615            0
    -23.2813            0
    -23.2012            0
     -23.121            0
    -23.0409            0
    -22.9607            0
    -22.8805            0
    -22.8004            0
    -22.7202            0
    -22.6401            0
    -22.5599            0
    -22.4797            0
    -22.3996            0
    -22.3194            0
    -22.2393            0
    -22.1591            0
    -22.0789            0
    -21.9988            0
    -21.9186            0
    -21.8385            0
    -21.7583            0
    -21.6781            0
     -21.598            0
    -21.5178            0
    -21.4376            0
    -21.3575            0
    -21.2773            0
    -21.1972       0.0006
     -21.117       0.0033
    -21.0368       0.0075
    -20.9567       0.0133
    -20.8765       0.0188
    -20.7964        0.024
    -20.7162       0.0279
     -20.636       0.0309
    -20.5559       0.0345
    -20.4757       0.0442
    -20.3956       0.0626
    -20.3154       0.0855
    -20.2352       0.1063
    -20.1551       0.1286
    -20.0749       0.1698
    -19.9948       0.2484
    -19.9146       0.3643
    -19.8344       0.4922
    -19.7543       0.5912
    -19.6741       0.6235
     -19.594       0.5759
    -19.5138       0.4684
    -19.4336       0.3511
    -19.3535        0.264
    -19.2733       0.2176
    -19.1932       0.2039
     -19.113       0.2137
    -19.0328       0.2439
    -18.9527       0.2969
    -18.8725       0.3699
    -18.7924       0.4351
    -18.7122        0.459
     -18.632        0.449
    -18.5519       0.4408
    -18.4717       0.4582
    -18.3916        0.471
    -18.3114        0.437
    -18.2312       0.3528
    -18.1511       0.2676
    -18.0709       0.2437
    -17.9908       0.3135
    -17.9106         0.48
    -17.8304       0.7076
    -17.7503        0.919
    -17.6701       1.0317
      -17.59       1.0217
    -17.5098       0.9336
    -17.4296       0.8269
    -17.3495       0.7462
    -17.2693       0.7169
    -17.1892       0.7156
     -17.109       0.6805
    -17.0288       0.5741
    -16.9487        0.445
    -16.8685       0.3662
    -16.7884       0.3445
    -16.7082       0.3231
     -16.628       0.2546
    -16.5479       0.1565
    -16.4677       0.0723
    -16.3875       0.0251
    -16.3074       0.0062
    -16.2272       0.0017
    -16.1471       0.0032
    -16.0669       0.0087
    -15.9867       0.0178
    -15.9066        0.027
    -15.8264       0.0332
    -15.7463       0.0316
    -15.6661        0.024
    -15.5859        0.014
    -15.5058       0.0068
    -15.4256       0.0021
    -15.3455            0
    -15.2653            0
    -15.1851            0
     -15.105            0
    -15.0248            0
    -14.9447            0
    -14.8645            0
    -14.7843            0
    -14.7042            0
     -14.624            0
    -14.5439            0
    -14.4637            0
    -14.3835            0
    -14.3034            0
    -14.2232            0
    -14.1431            0
    -14.0629            0
    -13.9827            0
    -13.9026            0
    -13.8224            0
    -13.7423            0
    -13.6621            0
    -13.5819            0
    -13.5018            0
    -13.4216            0
    -13.3415            0
    -13.2613            0
    -13.1811            0
     -13.101            0
    -13.0208            0
    -12.9407            0
    -12.8605            0
    -12.7803            0
    -12.7002            0
      -12.62            0
    -12.5399            0
    -12.4597            0
    -12.3795            0
    -12.2994            0
    -12.2192            0
    -12.1391            0
    -12.0589            0
    -11.9787            0
    -11.8986            0
    -11.8184            0
    -11.7383            0
    -11.6581            0
    -11.5779            0
    -11.4978            0
    -11.4176            0
    -11.3374            0
    -11.2573            0
    -11.1771            0
     -11.097            0
    -11.0168            0
    -10.9366            0
    -10.8565            0
    -10.7763       0.0019
    -10.6962        0.009
     -10.616       0.0346
    -10.5358       0.0985
    -10.4557        0.223
    -10.3755       0.4105
    -10.2954       0.6453
    -10.2152       0.9159
     -10.135       1.2451
    -10.0549       1.6972
    -9.97472        2.376
    -9.89462       3.3513
    -9.81442       4.5541
    -9.73422       5.7655
    -9.65412       6.7552
    -9.57392       7.4593
    -9.49382       8.0437
    -9.41362       8.7812
    -9.33342       9.8448
    -9.25332      11.1982
    -9.17312      12.6536
    -9.09302      13.9479
    -9.01282      14.7704
    -8.93262      14.9276
    -8.85252      14.5836
    -8.77232      14.1198
    -8.69222      13.7933
    -8.61202      13.7619
    -8.53182      14.2341
    -8.45172      15.2766
    -8.37152      16.6525
    -8.29142      18.1135
    -8.21122      19.7101
    -8.13102      21.6567
    -8.05092      23.9203
    -7.97072      25.8869
    -7.89062      26.6444
    -7.81042      25.9014
    -7.73022      24.4092
    -7.65012      23.0066
    -7.56992      21.6197
    -7.48982       19.863
    -7.40962      18.1051
    -7.32942      17.1392
    -7.24932      17.2198
    -7.16912      17.9636
    -7.08902      18.7968
    -7.00882      19.2144
    -6.92862      18.9338
    -6.84852      18.1257
    -6.76832      17.4767
    -6.68822      17.6969
    -6.60802      18.7153
    -6.52782      19.5285
    -6.44772      19.1005
    -6.36752      17.2611
    -6.28732      14.6176
    -6.20722      11.9117
    -6.12702       9.7025
    -6.04692       8.3033
    -5.96672       7.5903
    -5.88652       6.9892
    -5.80642       5.9834
    -5.72622       4.6242
    -5.64612       3.3762
    -5.56592       2.6098
    -5.48572       2.3742
    -5.40562       2.5151
    -5.32542       2.8147
    -5.24532       3.0995
    -5.16512       3.3122
    -5.08492       3.4723
    -5.00482       3.5433
    -4.92462       3.4647
    -4.84452        3.289
    -4.76432       3.1583
    -4.68412        3.146
    -4.60402       3.2344
    -4.52382       3.3935
    -4.44372       3.5843
    -4.36352       3.7464
    -4.28332       3.8573
    -4.20322       3.9552
    -4.12302       4.0624
    -4.04292       4.1522
    -3.96272       4.1868
    -3.88252       4.1642
    -3.80242       4.1206
    -3.72222       4.0878
    -3.64212       4.0452
    -3.56192       3.9541
    -3.48172        3.822
    -3.40162       3.7253
    -3.32142        3.746
    -3.24132       3.9047
    -3.16112       4.1548
    -3.08092       4.4176
    -3.00082       4.6219
    -2.92062        4.696
    -2.84052       4.5836
    -2.76032       4.3437
    -2.68012       4.1593
    -2.60002       4.1563
    -2.51982       4.2772
    -2.43972       4.3708
    -2.35952       4.3573
    -2.27932       4.2707
    -2.19922       4.1871
    -2.11902       4.1338
    -2.03892       4.0686
    -1.95872       3.9743
    -1.87852       3.9041
    -1.79842       3.9071
    -1.71822       3.9344
    -1.63802         3.89
    -1.55792       3.7391
    -1.47772       3.5136
    -1.39762       3.2577
    -1.31742       3.0205
    -1.23722       2.8525
    -1.15712       2.7798
    -1.07692       2.7878
   -0.996821       2.8302
   -0.916621       2.8661
   -0.836421       2.8882
   -0.756321       2.9043
   -0.676121       2.9054
   -0.596021        2.867
   -0.515821       2.7772
   -0.435621       2.6441
   -0.355521         2.53
   -0.275321       2.6032
   -0.195221       3.1261
   -0.115021       4.2834
  -0.0348214       5.9106
   0.0452786        7.406
    0.125479       8.0501
    0.205579       7.5674
    0.285779       6.3071
    0.365979       4.8615
    0.446079       3.6615
    0.526279       2.9321
    0.606379       2.6448
    0.686579       2.4991
    0.766779       2.2927
    0.846879       2.2472
    0.927079       2.7521
     1.00718        3.897
     1.08738       5.3576
     1.16758       6.5932
     1.24768       7.1611
     1.32788       6.9297
     1.40798       5.9996
     1.48818       4.5853
     1.56838        3.119
     1.64848       2.2085
     1.72868       2.2629
     1.80878       3.2171
     1.88898       4.6137
     1.96918       5.8307
     2.04928       6.3134
     2.12948        5.877
     2.20958       4.8931
     2.28978       4.0579
     2.36998       3.9757
     2.45008         4.94
     2.53028       6.9045
     2.61038       9.5168
     2.69058      12.2873
     2.77078      14.7964
     2.85088      16.6854
     2.93108      17.5012
     3.01118      16.7802
     3.09138      14.4981
     3.17158      11.4518
     3.25168       8.9188
     3.33188       7.7187
     3.41208       7.6295
     3.49218       7.8431
     3.57238       7.8115
     3.65248       7.4488
     3.73268       6.7459
     3.81288       5.6639
     3.89298       4.3938
     3.97318       3.3512
     4.05328        2.814
     4.13348       2.6939
     4.21368       2.6158
     4.29378       2.2387
     4.37398       1.5584
     4.45408       0.8592
     4.53428       0.3816
     4.61448       0.1487
     4.69458       0.0621
     4.77478       0.0363
     4.85488       0.0311
     4.93508       0.0333
     5.01528       0.0425
     5.09538       0.0572
     5.17558       0.0781
     5.25568       0.1052
     5.33588       0.1396
     5.41608       0.1763
     5.49618       0.2028
     5.57638       0.2111
     5.65648       0.2128
     5.73668       0.2223
     5.81688       0.2409
     5.89698       0.2634
     5.97718       0.2778
     6.05728       0.2788
     6.13748       0.2614
     6.21768        0.232
     6.29778       0.2048
     6.37798       0.1895
     6.45808       0.1858
     6.53828       0.1915
     6.61848       0.2065
     6.69858        0.227
     6.77878       0.2463
     6.85888       0.2548
     6.93908       0.2473
     7.01928       0.2302
     7.09938        0.213
     7.17958       0.2053
     7.25968       0.2165
     7.33988       0.2484
     7.42008       0.2847
     7.50018       0.2966
     7.58038       0.2727
     7.66048       0.2324
     7.74068       0.2028
     7.82088       0.1948
     7.90098        0.201
     7.98118       0.2065
     8.06128       0.2043
     8.14148       0.1992
     8.22168       0.1971
     8.30178       0.2002
     8.38198       0.2059
     8.46218       0.2153
     8.54228       0.2254
     8.62248       0.2292
     8.70258       0.2212
     8.78278       0.1999
     8.86298       0.1738
     8.94308       0.1544
     9.02328       0.1478
     9.10338       0.1492
     9.18358       0.1432
     9.26378       0.1215
     9.34388        0.088
     9.42408        0.056
     9.50418       0.0326
     9.58438       0.0176
     9.66458       0.0081
     9.74468       0.0026
     9.82488       0.0006
     9.90498            0
     9.98518            0
     10.0654            0
     10.1455            0
     10.2257            0
     10.3058            0
      10.386            0
     10.4662            0
     10.5463            0
     10.6265            0
     10.7066            0
     10.7868            0
      10.867            0
     10.9471            0
     11.0273            0
     11.1074            0
     11.1876            0
     11.2678            0
     11.3479            0
     11.4281            0
     11.5082            0
     11.5884            0
     11.6686            0
     11.7487            0
     11.8289            0
      11.909            0
     11.9892            0
     12.0694            0
     12.1495            0
     12.2297            0
     12.3098            0
       12.39            0
     12.4702            0
     12.5503            0
     12.6305            0
     12.7106            0
     12.7908            0
      12.871            0
     12.9511            0
     13.0313            0
     13.1114            0
     13.1916            0
     13.2718            0
     13.3519            0
     13.4321            0
     13.5123            0
     13.5924            0
     13.6726            0
     13.7527            0
     13.8329            0
     13.9131            0
     13.9932            0
     14.0734            0
     14.1535            0
     14.2337            0
     14.3139            0
      14.394            0
     14.4742            0
     14.5543            0
     14.6345            0
     14.7147            0
     14.7948            0
      14.875            0
     14.9551            0
     15.0353            0
     15.1155            0
     15.1956            0
     15.2758            0
     15.3559            0
     15.4361            0
     15.5163            0
     15.5964            0
     15.6766            0
     15.7567            0
     15.8369            0

    -24.1631           -0
    -24.0829           -0
    -24.0028           -0
    -23.9226           -0
    -23.8425           -0
    -23.7623           -0
    -23.6821           -0
     -23.602           -0
    -23.5218           -0
    -23.4417           -0
    -23.3615           -0
    -23.2813           -0
    -23.2012           -0
     -23.121           -0
    -23.0409           -0
    -22.9607           -0
    -22.8805           -0
    -22.8004           -0
    -22.7202           -0
    -22.6401           -0
    -22.5599           -0
    -22.4797           -0
    -22.3996           -0
    -22.3194           -0
    -22.2393           -0
    -22.1591           -0
    -22.0789           -0
    -21.9988           -0
    -21.9186           -0
    -21.8385           -0
    -21.7583           -0
    -21.6781           -0
     -21.598           -0
    -21.5178           -0
    -21.4376           -0
    -21.3575           -0
    -21.2773           -0
    -21.1972           -0
     -21.117      -0.0004
    -21.0368      -0.0013
    -20.9567      -0.0027
    -20.8765      -0.0044
    -20.7964      -0.0072
    -20.7162      -0.0113
     -20.636      -0.0185
    -20.5559      -0.0254
    -20.4757      -0.0312
    -20.3956      -0.0371
    -20.3154      -0.0475
    -20.2352      -0.0649
    -20.1551      -0.0846
    -20.0749      -0.0984
    -19.9948      -0.1079
    -19.9146      -0.1251
    -19.8344      -0.1691
    -19.7543      -0.2552
    -19.6741      -0.3678
     -19.594      -0.4505
    -19.5138      -0.4479
    -19.4336       -0.366
    -19.3535      -0.2692
    -19.2733      -0.2097
    -19.1932      -0.1834
     -19.113      -0.1574
    -19.0328      -0.1204
    -18.9527       -0.086
    -18.8725       -0.075
    -18.7924      -0.0935
    -18.7122      -0.1276
     -18.632      -0.1599
    -18.5519      -0.1855
    -18.4717      -0.2158
    -18.3916      -0.2565
    -18.3114      -0.3024
    -18.2312      -0.3393
    -18.1511      -0.3738
    -18.0709      -0.4118
    -17.9908      -0.4522
    -17.9106      -0.4838
    -17.8304      -0.5072
    -17.7503       -0.519
    -17.6701      -0.5102
      -17.59       -0.482
    -17.5098      -0.4689
    -17.4296      -0.4972
    -17.3495      -0.5514
    -17.2693      -0.5966
    -17.1892      -0.6267
     -17.109      -0.6602
    -17.0288      -0.6893
    -16.9487      -0.6758
    -16.8685      -0.6114
    -16.7884      -0.5381
    -16.7082      -0.4784
     -16.628      -0.4062
    -16.5479      -0.2979
    -16.4677      -0.1763
    -16.3875      -0.0809
    -16.3074      -0.0287
    -16.2272      -0.0078
    -16.1471      -0.0032
    -16.0669       -0.006
    -15.9867      -0.0121
    -15.9066      -0.0207
    -15.8264      -0.0278
    -15.7463      -0.0298
    -15.6661       -0.025
    -15.5859      -0.0179
    -15.5058      -0.0087
    -15.4256      -0.0031
    -15.3455      -0.0005
    -15.2653           -0
    -15.1851           -0
     -15.105           -0
    -15.0248           -0
    -14.9447           -0
    -14.8645           -0
    -14.7843           -0
    -14.7042           -0
     -14.624           -0
    -14.5439           -0
    -14.4637           -0
    -14.3835           -0
    -14.3034           -0
    -14.2232           -0
    -14.1431           -0
    -14.0629           -0
    -13.9827           -0
    -13.9026           -0
    -13.8224           -0
    -13.7423           -0
    -13.6621           -0
    -13.5819           -0
    -13.5018           -0
    -13.4216           -0
    -13.3415           -0
    -13.2613           -0
    -13.1811           -0
     -13.101           -0
    -13.0208           -0
    -12.9407           -0
    -12.8605           -0
    -12.7803           -0
    -12.7002           -0
      -12.62           -0
    -12.5399           -0
    -12.4597           -0
    -12.3795           -0
    -12.2994           -0
    -12.2192           -0
    -12.1391           -0
    -12.0589           -0
    -11.9787           -0
    -11.8986           -0
    -11.8184           -0
    -11.7383           -0
    -11.6581           -0
    -11.5779           -0
    -11.4978           -0
    -11.4176           -0
    -11.3374           -0
    -11.2573           -0
    -11.1771           -0
     -11.097           -0
    -11.0168           -0
    -10.9366           -0
    -10.8565           -0
    -10.7763           -0
    -10.6962           -0
     -10.616      -0.0007
    -10.5358      -0.0049
    -10.4557      -0.0273
    -10.3755      -0.1117
    -10.2954      -0.3389
    -10.2152       -0.776
     -10.135      -1.3749
    -10.0549      -1.9786
    -9.97472      -2.4892
    -9.89462      -2.9166
    -9.81442      -3.1999
    -9.73422      -3.2213
    -9.65412      -3.0649
    -9.57392      -2.9507
    -9.49382      -2.9818
    -9.41362      -3.3278
    -9.33342      -4.3505
    -9.25332      -5.9754
    -9.17312       -7.269
    -9.09302      -7.3218
    -9.01282      -6.3777
    -8.93262      -5.5267
    -8.85252      -5.4882
    -8.77232      -6.0911
    -8.69222      -6.7559
    -8.61202      -7.0925
    -8.53182      -7.0818
    -8.45172      -6.8937
    -8.37152      -6.6033
    -8.29142      -6.2381
    -8.21122      -6.0874
    -8.13102      -6.4687
    -8.05092      -7.0706
    -7.97072      -7.2178
    -7.89062      -6.9761
    -7.81042      -7.2073
    -7.73022      -8.4171
    -7.65012     -10.2436
    -7.56992     -11.9749
    -7.48982     -13.0643
    -7.40962     -13.3699
    -7.32942     -13.2811
    -7.24932     -13.3477
    -7.16912     -13.6366
    -7.08902     -13.8166
    -7.00882     -13.6258
    -6.92862     -12.9335
    -6.84852     -11.7423
    -6.76832     -10.2829
    -6.68822       -8.716
    -6.60802      -6.9181
    -6.52782      -4.9179
    -6.44772      -3.1777
    -6.36752      -2.1284
    -6.28732      -1.7385
    -6.20722      -1.6969
    -6.12702      -1.7751
    -6.04692      -1.9178
    -5.96672      -2.1133
    -5.88652      -2.2801
    -5.80642      -2.3391
    -5.72622      -2.3259
    -5.64612      -2.3789
    -5.56592      -2.6066
    -5.48572      -2.9874
    -5.40562      -3.4062
    -5.32542      -3.7555
    -5.24532      -3.9767
    -5.16512      -4.0358
    -5.08492      -3.9517
    -5.00482      -3.8042
    -4.92462      -3.6478
    -4.84452      -3.4659
    -4.76432      -3.2589
    -4.68412      -3.1169
    -4.60402      -3.1207
    -4.52382      -3.2497
    -4.44372      -3.4343
    -4.36352      -3.6705
    -4.28332      -3.9955
    -4.20322      -4.3571
    -4.12302      -4.6033
    -4.04292      -4.6414
    -3.96272      -4.5271
    -3.88252      -4.3753
    -3.80242      -4.2323
    -3.72222      -4.0777
    -3.64212      -3.9192
    -3.56192       -3.837
    -3.48172      -3.9187
    -3.40162      -4.1469
    -3.32142      -4.3993
    -3.24132       -4.575
    -3.16112      -4.6805
    -3.08092      -4.7613
    -3.00082      -4.8139
    -2.92062      -4.7703
    -2.84052      -4.5836
    -2.76032      -4.2887
    -2.68012      -3.9943
    -2.60002      -3.7817
    -2.51982      -3.6496
    -2.43972      -3.5366
    -2.35952      -3.4154
    -2.27932      -3.3236
    -2.19922      -3.3334
    -2.11902      -3.4786
    -2.03892      -3.6848
    -1.95872      -3.7833
    -1.87852      -3.6478
    -1.79842      -3.3295
    -1.71822      -3.0078
    -1.63802      -2.7967
    -1.55792      -2.6536
    -1.47772       -2.488
    -1.39762      -2.2903
    -1.31742      -2.1228
    -1.23722      -2.0094
    -1.15712      -1.9162
    -1.07692      -1.8165
   -0.996821      -1.7266
   -0.916621       -1.667
   -0.836421       -1.626
   -0.756321      -1.5944
   -0.676121      -1.5993
   -0.596021       -1.663
   -0.515821      -1.7181
   -0.435621      -1.6142
   -0.355521      -1.2711
   -0.275321      -0.7955
   -0.195221      -0.3839
   -0.115021      -0.1433
  -0.0348214      -0.0575
   0.0452786      -0.0978
    0.125479      -0.3251
    0.205579      -0.9161
    0.285779      -2.0667
    0.365979      -3.7691
    0.446079      -5.6116
    0.526279      -6.9306
    0.606379      -7.3285
    0.686579      -7.0645
    0.766779      -6.8659
    0.846879      -7.3985
    0.927079      -8.8542
     1.00718      -10.852
     1.08738     -12.8066
     1.16758     -14.4689
     1.24768     -15.9634
     1.32788     -17.3422
     1.40798     -18.3139
     1.48818     -18.4951
     1.56838     -18.0049
     1.64848     -17.6378
     1.72868     -18.0434
     1.80878     -18.9445
     1.88898     -19.6602
     1.96918     -20.0734
     2.04928     -20.5549
     2.12948     -21.2648
     2.20958     -22.0493
     2.28978     -22.8222
     2.36998     -23.5715
     2.45008      -23.981
     2.53028     -23.4812
     2.61038     -21.9112
     2.69058     -19.9225
     2.77078     -18.5654
     2.85088     -18.4723
     2.93108     -19.4792
     3.01118     -21.0329
     3.09138     -22.6214
     3.17158     -23.6035
     3.25168     -23.2062
     3.33188     -21.3058
     3.41208     -18.8456
     3.49218     -16.9786
     3.57238     -16.0295
     3.65248     -15.5573
     3.73268     -15.0677
     3.81288     -14.3392
     3.89298      -13.241
     3.97318     -11.6196
     4.05328      -9.5006
     4.13348      -7.2227
     4.21368      -5.1768
     4.29378      -3.5113
     4.37398      -2.1826
     4.45408      -1.1901
     4.53428      -0.5674
     4.61448      -0.2582
     4.69458      -0.1307
     4.77478      -0.0819
     4.85488      -0.0625
     4.93508      -0.0603
     5.01528      -0.0701
     5.09538      -0.0847
     5.17558      -0.0964
     5.25568      -0.1125
     5.33588      -0.1403
     5.41608      -0.1853
     5.49618      -0.2391
     5.57638      -0.2956
     5.65648      -0.3417
     5.73668       -0.369
     5.81688      -0.3779
     5.89698      -0.3732
     5.97718       -0.359
     6.05728      -0.3441
     6.13748      -0.3352
     6.21768      -0.3391
     6.29778      -0.3624
     6.37798      -0.4093
     6.45808      -0.4649
     6.53828      -0.5073
     6.61848      -0.5201
     6.69858      -0.5006
     6.77878      -0.4571
     6.85888      -0.3972
     6.93908        -0.33
     7.01928      -0.2714
     7.09938      -0.2359
     7.17958      -0.2226
     7.25968      -0.2172
     7.33988       -0.214
     7.42008       -0.215
     7.50018      -0.2228
     7.58038      -0.2315
     7.66048      -0.2326
     7.74068      -0.2286
     7.82088      -0.2189
     7.90098      -0.2109
     7.98118      -0.2114
     8.06128      -0.2237
     8.14148      -0.2403
     8.22168       -0.248
     8.30178      -0.2441
     8.38198      -0.2314
     8.46218      -0.2195
     8.54228      -0.2173
     8.62248      -0.2238
     8.70258      -0.2318
     8.78278      -0.2282
     8.86298      -0.2096
     8.94308      -0.1801
     9.02328      -0.1483
     9.10338      -0.1221
     9.18358      -0.1044
     9.26378      -0.0904
     9.34388      -0.0735
     9.42408      -0.0529
     9.50418      -0.0347
     9.58438      -0.0214
     9.66458      -0.0131
     9.74468      -0.0058
     9.82488      -0.0019
     9.90498      -0.0003
     9.98518           -0
     10.0654           -0
     10.1455           -0
     10.2257           -0
     10.3058           -0
      10.386           -0
     10.4662           -0
     10.5463           -0
     10.6265           -0
     10.7066           -0
     10.7868           -0
      10.867           -0
     10.9471           -0
     11.0273           -0
     11.1074           -0
     11.1876           -0
     11.2678           -0
     11.3479           -0
     11.4281           -0
     11.5082           -0
     11.5884           -0
     11.6686           -0
     11.7487           -0
     11.8289           -0
      11.909           -0
     11.9892           -0
     12.0694           -0
     12.1495           -0
     12.2297           -0
     12.3098           -0
       12.39           -0
     12.4702           -0
     12.5503           -0
     12.6305           -0
     12.7106           -0
     12.7908           -0
      12.871           -0
     12.9511           -0
     13.0313           -0
     13.1114           -0
     13.1916           -0
     13.2718           -0
     13.3519           -0
     13.4321           -0
     13.5123           -0
     13.5924           -0
     13.6726           -0
     13.7527           -0
     13.8329           -0
     13.9131           -0
     13.9932           -0
     14.0734           -0
     14.1535           -0
     14.2337           -0
     14.3139           -0
      14.394           -0
     14.4742           -0
     14.5543           -0
     14.6345           -0
     14.7147           -0
     14.7948           -0
      14.875           -0
     14.9551           -0
     15.0353           -0
     15.1155           -0
     15.1956           -0
     15.2758           -0
     15.3559           -0
     15.4361           -0
     15.5163           -0
     15.5964           -0
     15.6766           -0
     15.7567           -0
     15.8369           -0

    -24.1631       0.0005
    -24.0829            0
    -24.0028            0
    -23.9226            0
    -23.8425            0
    -23.7623            0
    -23.6821            0
     -23.602            0
    -23.5218            0
    -23.4417            0
    -23.3615            0
    -23.2813            0
    -23.2012            0
     -23.121            0
    -23.0409            0
    -22.9607            0
    -22.8805            0
    -22.8004            0
    -22.7202            0
    -22.6401            0
    -22.5599            0
    -22.4797            0
    -22.3996            0
    -22.3194            0
    -22.2393            0
    -22.1591            0
    -22.0789            0
    -21.9988            0
    -21.9186            0
    -21.8385            0
    -21.7583            0
    -21.6781            0
     -21.598            0
    -21.5178            0
    -21.4376            0
    -21.3575            0
    -21.2773            0
    -21.1972       0.0003
     -21.117       0.0013
    -21.0368       0.0037
    -20.9567       0.0054
    -20.8765       0.0066
    -20.7964       0.0078
    -20.7162       0.0074
     -20.636       0.0068
    -20.5559       0.0064
    -20.4757       0.0061
    -20.3956       0.0069
    -20.3154       0.0077
    -20.2352       0.0087
    -20.1551       0.0086
    -20.0749       0.0086
    -19.9948       0.0081
    -19.9146       0.0079
    -19.8344       0.0083
    -19.7543       0.0087
    -19.6741       0.0085
     -19.594       0.0083
    -19.5138       0.0064
    -19.4336       0.0049
    -19.3535       0.0044
    -19.2733       0.0051
    -19.1932       0.0066
     -19.113        0.009
    -19.0328       0.0128
    -18.9527        0.017
    -18.8725       0.0222
    -18.7924       0.0271
    -18.7122       0.0293
     -18.632       0.0296
    -18.5519       0.0281
    -18.4717       0.0273
    -18.3916       0.0263
    -18.3114       0.0242
    -18.2312       0.0209
    -18.1511       0.0185
    -18.0709       0.0175
    -17.9908       0.0195
    -17.9106       0.0221
    -17.8304       0.0249
    -17.7503       0.0264
    -17.6701       0.0272
      -17.59       0.0275
    -17.5098       0.0274
    -17.4296        0.028
    -17.3495       0.0269
    -17.2693       0.0253
    -17.1892       0.0231
     -17.109       0.0202
    -17.0288       0.0169
    -16.9487       0.0128
    -16.8685       0.0104
    -16.7884       0.0093
    -16.7082       0.0082
     -16.628        0.006
    -16.5479       0.0037
    -16.4677       0.0012
    -16.3875       0.0004
    -16.3074            0
    -16.2272       0.0002
    -16.1471       0.0015
    -16.0669       0.0038
    -15.9867       0.0078
    -15.9066       0.0125
    -15.8264       0.0155
    -15.7463       0.0152
    -15.6661       0.0121
    -15.5859       0.0076
    -15.5058       0.0035
    -15.4256       0.0013
    -15.3455            0
    -15.2653            0
    -15.1851            0
     -15.105            0
    -15.0248            0
    -14.9447            0
    -14.8645            0
    -14.7843            0
    -14.7042            0
     -14.624            0
    -14.5439            0
    -14.4637            0
    -14.3835            0
    -14.3034            0
    -14.2232            0
    -14.1431            0
    -14.0629            0
    -13.9827            0
    -13.9026            0
    -13.8224            0
    -13.7423            0
    -13.6621            0
    -13.5819            0
    -13.5018            0
    -13.4216            0
    -13.3415            0
    -13.2613            0
    -13.1811            0
     -13.101            0
    -13.0208            0
    -12.9407            0
    -12.8605            0
    -12.7803            0
    -12.7002            0
      -12.62            0
    -12.5399            0
    -12.4597            0
    -12.3795            0
    -12.2994            0
    -12.2192            0
    -12.1391            0
    -12.0589            0
    -11.9787            0
    -11.8986            0
    -11.8184            0
    -11.7383            0
    -11.6581            0
    -11.5779            0
    -11.4978            0
    -11.4176            0
    -11.3374            0
    -11.2573            0
    -11.1771            0
     -11.097            0
    -11.0168            0
    -10.9366            0
    -10.8565            0
    -10.7763       0.0005
    -10.6962       0.0026
     -10.616       0.0111
    -10.5358       0.0319
    -10.4557       0.0715
    -10.3755       0.1308
    -10.2954       0.2025
    -10.2152        0.281
     -10.135        0.369
    -10.0549       0.4772
    -9.97472       0.6292
    -9.89462       0.8432
    -9.81442       1.1088
    -9.73422       1.3779
    -9.65412       1.5937
    -9.57392       1.7325
    -9.49382       1.8304
    -9.41362       1.9518
    -9.33342       2.1413
    -9.25332       2.3844
    -9.17312       2.6317
    -9.09302       2.8258
    -9.01282       2.9141
    -8.93262       2.8674
    -8.85252       2.7201
    -8.77232       2.5387
    -8.69222       2.3586
    -8.61202       2.2022
    -8.53182       2.1179
    -8.45172       2.1386
    -8.37152       2.2361
    -8.29142       2.3521
    -8.21122       2.4606
    -8.13102       2.6028
    -8.05092       2.8225
    -7.97072       3.0625
    -7.89062       3.1887
    -7.81042       3.1413
    -7.73022       3.0251
    -7.65012       2.9559
    -7.56992       2.9246
    -7.48982       2.8777
    -7.40962       2.8392
    -7.32942       2.8586
    -7.24932       2.9255
    -7.16912       3.0024
    -7.08902       3.0586
    -7.00882       3.0574
    -6.92862       2.9721
    -6.84852        2.854
    -6.76832       2.8377
    -6.68822       3.0308
    -6.60802       3.4158
    -6.52782       3.8639
    -6.44772       4.2276
    -6.36752        4.412
    -6.28732       4.4038
    -6.20722       4.2879
    -6.12702       4.2216
    -6.04692       4.3232
    -5.96672        4.537
    -5.88652       4.6375
    -5.80642       4.4793
    -5.72622        4.166
    -5.64612       3.9201
    -5.56592       3.8638
    -5.48572       4.0084
    -5.40562       4.3081
    -5.32542       4.6786
    -5.24532       5.0833
    -5.16512       5.5918
    -5.08492        6.248
    -5.00482       6.8819
    -4.92462       7.2859
    -4.84452       7.5338
    -4.76432       7.8922
    -4.68412       8.4364
    -4.60402       9.0375
    -4.52382       9.5937
    -4.44372      10.0451
    -4.36352      10.3224
    -4.28332      10.4538
    -4.20322        10.57
    -4.12302      10.7503
    -4.04292      10.9543
    -3.96272      11.0835
    -3.88252      11.0609
    -3.80242      10.8911
    -3.72222      10.6486
    -3.64212      10.3811
    -3.56192      10.0792
    -3.48172       9.7582
    -3.40162       9.5301
    -3.32142       9.5649
    -3.24132       9.9763
    -3.16112      10.7178
    -3.08092      11.6067
    -3.00082      12.4134
    -2.92062      12.8938
    -2.84052      12.8785
    -2.76032      12.5185
    -2.68012      12.2855
    -2.60002      12.5248
    -2.51982      13.0909
    -2.43972       13.536
    -2.35952      13.5743
    -2.27932      13.2835
    -2.19922      12.9494
    -2.11902      12.7243
    -2.03892       12.511
    -1.95872      12.2475
    -1.87852      12.1182
    -1.79842      12.3051
    -1.71822      12.6321
    -1.63802      12.7409
    -1.55792      12.5161
    -1.47772      12.0978
    -1.39762      11.6144
    -1.31742      11.1039
    -1.23722      10.6104
    -1.15712       10.209
    -1.07692       9.9269
   -0.996821       9.6954
   -0.916621       9.4225
   -0.836421        9.116
   -0.756321        8.838
   -0.676121       8.5699
   -0.596021       8.2107
   -0.515821       7.6997
   -0.435621       7.0719
   -0.355521       6.4558
   -0.275321       6.0739
   -0.195221       6.1442
   -0.115021       6.5898
  -0.0348214       6.9138
   0.0452786       6.5555
    0.125479       5.3952
    0.205579       3.8508
    0.285779       2.4739
    0.365979       1.5317
    0.446079       0.9753
    0.526279       0.6749
    0.606379       0.5309
    0.686579       0.4546
    0.766779       0.3852
    0.846879       0.3366
    0.927079       0.3642
     1.00718       0.4801
     1.08738       0.6435
     1.16758       0.7961
     1.24768         0.89
     1.32788       0.9026
     1.40798       0.8182
     1.48818       0.6434
     1.56838       0.4329
     1.64848       0.2755
     1.72868       0.2267
     1.80878       0.2825
     1.88898       0.3917
     1.96918       0.5007
     2.04928       0.5795
     2.12948       0.6196
     2.20958       0.6413
     2.28978       0.6806
     2.36998       0.7742
     2.45008       0.9254
     2.53028       1.0964
     2.61038       1.2462
     2.69058       1.3809
     2.77078       1.5357
     2.85088       1.7353
     2.93108       1.9479
     3.01118        2.076
     3.09138       2.0232
     3.17158       1.8122
     3.25168       1.5942
     3.33188       1.4935
     3.41208       1.4729
     3.49218       1.4066
     3.57238       1.2498
     3.65248       1.0662
     3.73268       0.9181
     3.81288       0.8039
     3.89298        0.708
     3.97318       0.6476
     4.05328       0.6462
     4.13348       0.6921
     4.21368       0.7191
     4.29378       0.6639
     4.37398       0.5333
     4.45408       0.3898
     4.53428       0.2776
     4.61448       0.2014
     4.69458       0.1589
     4.77478       0.1429
     4.85488       0.1491
     4.93508       0.1759
     5.01528       0.2193
     5.09538        0.275
     5.17558       0.3268
     5.25568       0.3701
     5.33588       0.4194
     5.41608       0.4881
     5.49618       0.5699
     5.57638        0.652
     5.65648       0.7418
     5.73668       0.8531
     5.81688       0.9746
     5.89698        1.075
     5.97718       1.1202
     6.05728       1.0911
     6.13748        0.987
     6.21768       0.8366
     6.29778        0.698
     6.37798       0.6141
     6.45808        0.595
     6.53828       0.6361
     6.61848       0.7251
     6.69858       0.8366
     6.77878       0.9305
     6.85888       0.9766
     6.93908       0.9714
     7.01928       0.9366
     7.09938       0.8926
     7.17958       0.8552
     7.25968       0.8468
     7.33988       0.8862
     7.42008       0.9428
     7.50018       0.9519
     7.58038       0.8856
     7.66048       0.7824
     7.74068       0.7111
     7.82088       0.6974
     7.90098       0.7149
     7.98118       0.7189
     8.06128       0.6938
     8.14148       0.6577
     8.22168       0.6385
     8.30178       0.6402
     8.38198       0.6516
     8.46218       0.6602
     8.54228       0.6641
     8.62248       0.6513
     8.70258       0.6157
     8.78278        0.556
     8.86298       0.4873
     8.94308       0.4357
     9.02328       0.4166
     9.10338       0.4176
     9.18358       0.3977
     9.26378        0.334
     9.34388       0.2423
     9.42408       0.1535
     9.50418       0.0885
     9.58438       0.0483
     9.66458       0.0242
     9.74468       0.0098
     9.82488       0.0024
     9.90498       0.0001
     9.98518            0
     10.0654            0
     10.1455            0
     10.2257            0
     10.3058            0
      10.386            0
     10.4662            0
     10.5463            0
     10.6265            0
     10.7066            0
     10.7868            0
      10.867            0
     10.9471            0
     11.0273            0
     11.1074            0
     11.1876            0
     11.2678            0
     11.3479            0
     11.4281            0
     11.5082            0
     11.5884            0
     11.6686            0
     11.7487            0
     11.8289            0
      11.909            0
     11.9892            0
     12.0694            0
     12.1495            0
     12.2297            0
     12.3098            0
       12.39            0
     12.4702            0
     12.5503            0
     12.6305            0
     12.7106            0
     12.7908            0
      12.871            0
     12.9511            0
     13.0313            0
     13.1114            0
     13.1916            0
     13.2718            0
     13.3519            0
     13.4321            0
     13.5123            0
     13.5924            0
     13.6726            0
     13.7527            0
     13.8329            0
     13.9131            0
     13.9932            0
     14.0734            0
     14.1535            0
     14.2337            0
     14.3139            0
      14.394            0
     14.4742            0
     14.5543            0
     14.6345            0
     14.7147            0
     14.7948            0
      14.875            0
     14.9551            0
     15.0353            0
     15.1155            0
     15.1956            0
     15.2758            0
     15.3559            0
     15.4361            0
     15.5163            0
     15.5964            0
     15.6766            0
     15.7567            0
     15.8369            0

    -24.1631      -0.0005
    -24.0829           -0
    -24.0028           -0
    -23.9226           -0
    -23.8425           -0
    -23.7623           -0
    -23.6821           -0
     -23.602           -0
    -23.5218           -0
    -23.4417           -0
    -23.3615           -0
    -23.2813           -0
    -23.2012           -0
     -23.121           -0
    -23.0409           -0
    -22.9607           -0
    -22.8805           -0
    -22.8004           -0
    -22.7202           -0
    -22.6401           -0
    -22.5599           -0
    -22.4797           -0
    -22.3996           -0
    -22.3194           -0
    -22.2393           -0
    -22.1591           -0
    -22.0789           -0
    -21.9988           -0
    -21.9186           -0
    -21.8385           -0
    -21.7583           -0
    -21.6781           -0
     -21.598           -0
    -21.5178           -0
    -21.4376           -0
    -21.3575           -0
    -21.2773           -0
    -21.1972      -0.0001
     -21.117      -0.0009
    -21.0368      -0.0025
    -20.9567      -0.0029
    -20.8765      -0.0034
    -20.7964      -0.0032
    -20.7162      -0.0036
     -20.636      -0.0042
    -20.5559      -0.0047
    -20.4757       -0.005
    -20.3956      -0.0047
    -20.3154      -0.0051
    -20.2352      -0.0056
    -20.1551      -0.0063
    -20.0749      -0.0069
    -19.9948      -0.0068
    -19.9146      -0.0063
    -19.8344      -0.0059
    -19.7543      -0.0065
    -19.6741      -0.0069
     -19.594      -0.0064
    -19.5138      -0.0053
    -19.4336      -0.0035
    -19.3535      -0.0026
    -19.2733       -0.003
    -19.1932      -0.0036
     -19.113       -0.004
    -19.0328      -0.0037
    -18.9527      -0.0031
    -18.8725      -0.0031
    -18.7924      -0.0051
    -18.7122      -0.0078
     -18.632      -0.0109
    -18.5519      -0.0133
    -18.4717      -0.0167
    -18.3916      -0.0188
    -18.3114      -0.0204
    -18.2312      -0.0208
    -18.1511      -0.0209
    -18.0709      -0.0217
    -17.9908      -0.0229
    -17.9106      -0.0245
    -17.8304      -0.0253
    -17.7503      -0.0254
    -17.6701      -0.0241
      -17.59      -0.0199
    -17.5098      -0.0161
    -17.4296      -0.0136
    -17.3495      -0.0123
    -17.2693      -0.0118
    -17.1892      -0.0121
     -17.109      -0.0142
    -17.0288      -0.0159
    -16.9487      -0.0167
    -16.8685      -0.0164
    -16.7884       -0.016
    -16.7082      -0.0182
     -16.628      -0.0196
    -16.5479       -0.018
    -16.4677      -0.0121
    -16.3875      -0.0065
    -16.3074      -0.0024
    -16.2272      -0.0009
    -16.1471      -0.0013
    -16.0669      -0.0027
    -15.9867      -0.0061
    -15.9066      -0.0105
    -15.8264      -0.0138
    -15.7463      -0.0142
    -15.6661      -0.0122
    -15.5859      -0.0081
    -15.5058      -0.0042
    -15.4256      -0.0016
    -15.3455      -0.0004
    -15.2653           -0
    -15.1851           -0
     -15.105           -0
    -15.0248           -0
    -14.9447           -0
    -14.8645           -0
    -14.7843           -0
    -14.7042           -0
     -14.624           -0
    -14.5439           -0
    -14.4637           -0
    -14.3835           -0
    -14.3034           -0
    -14.2232           -0
    -14.1431           -0
    -14.0629           -0
    -13.9827           -0
    -13.9026           -0
    -13.8224           -0
    -13.7423           -0
    -13.6621           -0
    -13.5819           -0
    -13.5018           -0
    -13.4216           -0
    -13.3415           -0
    -13.2613           -0
    -13.1811           -0
     -13.101           -0
    -13.0208           -0
    -12.9407           -0
    -12.8605           -0
    -12.7803           -0
    -12.7002           -0
      -12.62           -0
    -12.5399           -0
    -12.4597           -0
    -12.3795           -0
    -12.2994           -0
    -12.2192           -0
    -12.1391           -0
    -12.0589           -0
    -11.9787           -0
    -11.8986           -0
    -11.8184           -0
    -11.7383           -0
    -11.6581           -0
    -11.5779           -0
    -11.4978           -0
    -11.4176           -0
    -11.3374           -0
    -11.2573           -0
    -11.1771           -0
     -11.097           -0
    -11.0168           -0
    -10.9366           -0
    -10.8565           -0
    -10.7763           -0
    -10.6962           -0
     -10.616           -0
    -10.5358      -0.0009
    -10.4557      -0.0061
    -10.3755      -0.0251
    -10.2954      -0.0763
    -10.2152      -0.1735
     -10.135      -0.3019
    -10.0549      -0.4194
    -9.97472      -0.4957
    -9.89462       -0.537
    -9.81442       -0.554
    -9.73422      -0.5443
    -9.65412      -0.5264
    -9.57392      -0.5261
    -9.49382      -0.5466
    -9.41362      -0.6139
    -9.33342      -0.7948
    -9.25332      -1.0796
    -9.17312      -1.3056
    -9.09302       -1.315
    -9.01282      -1.1428
    -8.93262      -0.9609
    -8.85252      -0.8841
    -8.77232      -0.9115
    -8.69222      -0.9925
    -8.61202      -1.0899
    -8.53182      -1.1711
    -8.45172      -1.2011
    -8.37152      -1.1583
    -8.29142      -1.0686
    -8.21122      -1.0254
    -8.13102      -1.1108
    -8.05092       -1.275
    -7.97072      -1.4124
    -7.89062      -1.5438
    -7.81042      -1.8157
    -7.73022       -2.287
    -7.65012      -2.8576
    -7.56992      -3.3618
    -7.48982       -3.694
    -7.40962      -3.8515
    -7.32942       -3.926
    -7.24932      -3.9871
    -7.16912      -3.9769
    -7.08902      -3.8023
    -7.00882      -3.5146
    -6.92862       -3.258
    -6.84852      -3.0963
    -6.76832      -2.9607
    -6.68822      -2.7771
    -6.60802      -2.5843
    -6.52782      -2.5125
    -6.44772      -2.6584
    -6.36752      -3.0209
    -6.28732      -3.5048
    -6.20722      -3.9874
    -6.12702      -4.4218
    -6.04692      -4.8446
    -5.96672      -5.2413
    -5.88652      -5.4862
    -5.80642      -5.5205
    -5.72622      -5.5215
    -5.64612      -5.7963
    -5.56592      -6.5132
    -5.48572      -7.5314
    -5.40562       -8.519
    -5.32542      -9.2449
    -5.24532       -9.661
    -5.16512       -9.784
    -5.08492      -9.6853
    -5.00482      -9.5182
    -4.92462      -9.3646
    -4.84452      -9.1532
    -4.76432      -8.8694
    -4.68412      -8.7064
    -4.60402      -8.8681
    -4.52382      -9.3258
    -4.44372      -9.9134
    -4.36352     -10.5972
    -4.28332     -11.4373
    -4.20322     -12.3044
    -4.12302     -12.8778
    -4.04292     -12.9984
    -3.96272     -12.8224
    -3.88252     -12.5707
    -3.80242     -12.3032
    -3.72222     -11.9665
    -3.64212     -11.5754
    -3.56192     -11.3129
    -3.48172     -11.4143
    -3.40162     -11.8943
    -3.32142     -12.4756
    -3.24132     -12.8888
    -3.16112     -13.1294
    -3.08092     -13.3479
    -3.00082     -13.6014
    -2.92062     -13.7835
    -2.84052     -13.7779
    -2.76032     -13.6296
    -2.68012     -13.5024
    -2.60002      -13.444
    -2.51982     -13.2982
    -2.43972     -12.9095
    -2.35952      -12.331
    -2.27932      -11.819
    -2.19922      -11.621
    -2.11902     -11.8091
    -2.03892     -12.1956
    -1.95872     -12.3992
    -1.87852     -12.1311
    -1.79842     -11.5009
    -1.71822     -10.9177
    -1.63802     -10.6221
    -1.55792      -10.458
    -1.47772     -10.1345
    -1.39762       -9.574
    -1.31742      -8.9155
    -1.23722      -8.2812
    -1.15712      -7.6657
    -1.07692      -7.0558
   -0.996821       -6.528
   -0.916621       -6.126
   -0.836421      -5.7471
   -0.756321      -5.2718
   -0.676121      -4.7358
   -0.596021      -4.2701
   -0.515821      -3.8693
   -0.435621      -3.3263
   -0.355521      -2.4939
   -0.275321      -1.5233
   -0.195221      -0.7259
   -0.115021      -0.2644
  -0.0348214      -0.0737
   0.0452786      -0.0224
    0.125479      -0.0301
    0.205579      -0.0805
    0.285779      -0.1815
    0.365979      -0.3298
    0.446079      -0.4934
    0.526279      -0.6115
    0.606379      -0.6473
    0.686579      -0.6168
    0.766779      -0.5834
    0.846879       -0.604
    0.927079      -0.6952
     1.00718      -0.8267
     1.08738      -0.9542
     1.16758      -1.0636
     1.24768      -1.1701
     1.32788      -1.2795
     1.40798       -1.374
     1.48818      -1.4487
     1.56838       -1.551
     1.64848      -1.7607
     1.72868      -2.1035
     1.80878      -2.5126
     1.88898      -2.9068
     1.96918      -3.2713
     2.04928        -3.62
     2.12948      -3.9158
     2.20958      -4.1033
     2.28978      -4.1838
     2.36998      -4.1899
     2.45008      -4.0929
     2.53028      -3.8008
     2.61038      -3.2735
     2.69058      -2.6059
     2.77078      -1.9926
     2.85088      -1.6025
     2.93108      -1.4933
     3.01118      -1.6254
     3.09138      -1.9201
     3.17158      -2.2672
     3.25168      -2.5471
     3.33188      -2.7208
     3.41208      -2.8511
     3.49218      -3.0143
     3.57238      -3.2123
     3.65248      -3.3954
     3.73268      -3.5391
     3.81288      -3.6324
     3.89298      -3.6195
     3.97318      -3.4062
     4.05328      -2.9428
     4.13348      -2.3088
     4.21368      -1.6653
     4.29378      -1.1278
     4.37398      -0.7333
     4.45408       -0.476
     4.53428      -0.3322
     4.61448      -0.2578
     4.69458      -0.2141
     4.77478      -0.1828
     4.85488      -0.1667
     4.93508      -0.1792
     5.01528      -0.2218
     5.09538      -0.2701
     5.17558       -0.306
     5.25568      -0.3402
     5.33588      -0.3933
     5.41608      -0.4678
     5.49618      -0.5463
     5.57638        -0.62
     5.65648      -0.6956
     5.73668      -0.7821
     5.81688      -0.8761
     5.89698      -0.9576
     5.97718      -1.0014
     6.05728      -0.9957
     6.13748      -0.9453
     6.21768      -0.8727
     6.29778      -0.8247
     6.37798      -0.8374
     6.45808       -0.897
     6.53828      -0.9528
     6.61848      -0.9789
     6.69858      -0.9786
     6.77878      -0.9585
     6.85888      -0.9121
     6.93908      -0.8457
     7.01928      -0.7896
     7.09938      -0.7749
     7.17958      -0.7936
     7.25968      -0.8137
     7.33988      -0.8266
     7.42008      -0.8479
     7.50018      -0.8809
     7.58038      -0.8941
     7.66048      -0.8638
     7.74068         -0.8
     7.82088      -0.7289
     7.90098      -0.6751
     7.98118      -0.6589
     8.06128      -0.6806
     8.14148      -0.7119
     8.22168      -0.7214
     8.30178      -0.7052
     8.38198      -0.6777
     8.46218      -0.6567
     8.54228      -0.6568
     8.62248      -0.6784
     8.70258      -0.6969
     8.78278      -0.6862
     8.86298      -0.6381
     8.94308       -0.565
     9.02328      -0.4856
     9.10338       -0.419
     9.18358       -0.369
     9.26378      -0.3233
     9.34388      -0.2641
     9.42408      -0.1906
     9.50418      -0.1247
     9.58438      -0.0786
     9.66458      -0.0483
     9.74468      -0.0264
     9.82488      -0.0113
     9.90498      -0.0026
     9.98518           -0
     10.0654           -0
     10.1455           -0
     10.2257           -0
     10.3058           -0
      10.386           -0
     10.4662           -0
     10.5463           -0
     10.6265           -0
     10.7066           -0
     10.7868           -0
      10.867           -0
     10.9471           -0
     11.0273           -0
     11.1074           -0
     11.1876           -0
     11.2678           -0
     11.3479           -0
     11.4281           -0
     11.5082           -0
     11.5884           -0
     11.6686           -0
     11.7487           -0
     11.8289           -0
      11.909           -0
     11.9892           -0
     12.0694           -0
     12.1495           -0
     12.2297           -0
     12.3098           -0
       12.39           -0
     12.4702           -0
     12.5503           -0
     12.6305           -0
     12.7106           -0
     12.7908           -0
      12.871           -0
     12.9511           -0
     13.0313           -0
     13.1114           -0
     13.1916           -0
     13.2718           -0
     13.3519           -0
     13.4321           -0
     13.5123           -0
     13.5924           -0
     13.6726           -0
     13.7527           -0
     13.8329           -0
     13.9131           -0
     13.9932           -0
     14.0734           -0
     14.1535           -0
     14.2337           -0
     14.3139           -0
      14.394           -0
     14.4742           -0
     14.5543           -0
     14.6345           -0
     14.7147           -0
     14.7948           -0
      14.875           -0
     14.9551           -0
     15.0353           -0
     15.1155           -0
     15.1956           -0
     15.2758           -0
     15.3559           -0
     15.4361           -0
     15.5163           -0
     15.5964           -0
     15.6766           -0
     15.7567           -0
     15.8369           -0



