-24.8397 12.475 -24.8397 -12.475 -24.8397 0.0 -24.8397 -0.0 -24.8397 0.00055 -24.8397 -0.00055 
-24.7595 0.0 -24.7595 -0.0 -24.7595 0.0 -24.7595 -0.0 -24.7595 0.0 -24.7595 -0.0 
-24.6794 0.0 -24.6794 -0.0 -24.6794 0.0 -24.6794 -0.0 -24.6794 0.0 -24.6794 -0.0 
-24.5992 0.0 -24.5992 -0.0 -24.5992 0.0 -24.5992 -0.0 -24.5992 0.0 -24.5992 -0.0 
-24.5191 0.0 -24.5191 -0.0 -24.5191 0.0 -24.5191 -0.0 -24.5191 0.0 -24.5191 -0.0 
-24.4389 0.0 -24.4389 -0.0 -24.4389 0.0 -24.4389 -0.0 -24.4389 0.0 -24.4389 -0.0 
-24.3587 0.0 -24.3587 -0.0 -24.3587 0.0 -24.3587 -0.0 -24.3587 0.0 -24.3587 -0.0 
-24.2786 0.0 -24.2786 -0.0 -24.2786 0.0 -24.2786 -0.0 -24.2786 0.0 -24.2786 -0.0 
-24.1984 0.0 -24.1984 -0.0 -24.1984 0.0 -24.1984 -0.0 -24.1984 0.0 -24.1984 -0.0 
-24.1183 0.0 -24.1183 -0.0 -24.1183 0.0 -24.1183 -0.0 -24.1183 0.0 -24.1183 -0.0 
-24.0381 0.0 -24.0381 -0.0 -24.0381 0.0 -24.0381 -0.0 -24.0381 0.0 -24.0381 -0.0 
-23.9579 0.0 -23.9579 -0.0 -23.9579 0.0 -23.9579 -0.0 -23.9579 0.0 -23.9579 -0.0 
-23.8778 0.0 -23.8778 -0.0 -23.8778 0.0 -23.8778 -0.0 -23.8778 0.0 -23.8778 -0.0 
-23.7976 0.0 -23.7976 -0.0 -23.7976 0.0 -23.7976 -0.0 -23.7976 0.0 -23.7976 -0.0 
-23.7175 0.0 -23.7175 -0.0 -23.7175 0.0 -23.7175 -0.0 -23.7175 0.0 -23.7175 -0.0 
-23.6373 0.0 -23.6373 -0.0 -23.6373 0.0 -23.6373 -0.0 -23.6373 0.0 -23.6373 -0.0 
-23.5571 0.0 -23.5571 -0.0 -23.5571 0.0 -23.5571 -0.0 -23.5571 0.0 -23.5571 -0.0 
-23.477 0.0 -23.477 -0.0 -23.477 0.0 -23.477 -0.0 -23.477 0.0 -23.477 -0.0 
-23.3968 0.0 -23.3968 -0.0 -23.3968 0.0 -23.3968 -0.0 -23.3968 0.0 -23.3968 -0.0 
-23.3167 0.0 -23.3167 -0.0 -23.3167 0.0 -23.3167 -0.0 -23.3167 0.0 -23.3167 -0.0 
-23.2365 0.0 -23.2365 -0.0 -23.2365 0.0 -23.2365 -0.0 -23.2365 0.0 -23.2365 -0.0 
-23.1563 0.0 -23.1563 -0.0 -23.1563 0.0 -23.1563 -0.0 -23.1563 0.0 -23.1563 -0.0 
-23.0762 0.0 -23.0762 -0.0 -23.0762 0.0 -23.0762 -0.0 -23.0762 0.0 -23.0762 -0.0 
-22.996 0.0 -22.996 -0.0 -22.996 0.0 -22.996 -0.0 -22.996 0.0 -22.996 -0.0 
-22.9159 0.0 -22.9159 -0.0 -22.9159 0.0 -22.9159 -0.0 -22.9159 0.0 -22.9159 -0.0 
-22.8357 0.0 -22.8357 -0.0 -22.8357 0.0 -22.8357 -0.0 -22.8357 0.0 -22.8357 -0.0 
-22.7555 0.0 -22.7555 -0.0 -22.7555 0.0 -22.7555 -0.0 -22.7555 0.0 -22.7555 -0.0 
-22.6754 0.0 -22.6754 -0.0 -22.6754 0.0 -22.6754 -0.0 -22.6754 0.0 -22.6754 -0.0 
-22.5952 0.0 -22.5952 -0.0 -22.5952 0.0 -22.5952 -0.0 -22.5952 0.0 -22.5952 -0.0 
-22.5151 0.0 -22.5151 -0.0 -22.5151 0.0 -22.5151 -0.0 -22.5151 0.0 -22.5151 -0.0 
-22.4349 0.0 -22.4349 -0.0 -22.4349 0.0 -22.4349 -0.0 -22.4349 0.0 -22.4349 -0.0 
-22.3547 0.0 -22.3547 -0.0 -22.3547 0.0 -22.3547 -0.0 -22.3547 0.0 -22.3547 -0.0 
-22.2746 0.0 -22.2746 -0.0 -22.2746 0.0 -22.2746 -0.0 -22.2746 0.0 -22.2746 -0.0 
-22.1944 0.0 -22.1944 -0.0 -22.1944 0.0 -22.1944 -0.0 -22.1944 0.0 -22.1944 -0.0 
-22.1142 0.0 -22.1142 -0.0 -22.1142 0.0 -22.1142 -0.0 -22.1142 0.0 -22.1142 -0.0 
-22.0341 0.0 -22.0341 -0.0 -22.0341 0.0 -22.0341 -0.0 -22.0341 0.0 -22.0341 -0.0 
-21.9539 0.0 -21.9539 -0.0 -21.9539 0.0 -21.9539 -0.0 -21.9539 0.0 -21.9539 -0.0 
-21.8738 0.0 -21.8738 -0.0 -21.8738 0.0 -21.8738 -0.0 -21.8738 0.0 -21.8738 -0.0 
-21.7936 0.0 -21.7936 -0.0 -21.7936 0.0 -21.7936 -0.0 -21.7936 0.0 -21.7936 -0.0 
-21.7134 0.0 -21.7134 -0.0 -21.7134 0.0 -21.7134 -0.0 -21.7134 0.0 -21.7134 -0.0 
-21.6333 0.0 -21.6333 -0.0 -21.6333 0.0 -21.6333 -0.0 -21.6333 0.0 -21.6333 -0.0 
-21.5531 0.0 -21.5531 -0.0 -21.5531 0.0 -21.5531 -0.0 -21.5531 0.0 -21.5531 -0.0 
-21.473 0.0 -21.473 -0.0 -21.473 0.0 -21.473 -0.0 -21.473 0.0 -21.473 -0.0 
-21.3928 0.0 -21.3928 -0.0 -21.3928 0.0 -21.3928 -0.0 -21.3928 0.0 -21.3928 -0.0 
-21.3126 0.0 -21.3126 -0.0 -21.3126 0.0 -21.3126 -0.0 -21.3126 0.0 -21.3126 -0.0 
-21.2325 0.0 -21.2325 -0.0 -21.2325 0.0 -21.2325 -0.0 -21.2325 0.0 -21.2325 -0.0 
-21.1523 0.0 -21.1523 -0.0 -21.1523 0.0 -21.1523 -0.0 -21.1523 0.0 -21.1523 -0.0 
-21.0722 0.0 -21.0722 -0.0 -21.0722 0.0 -21.0722 -0.0 -21.0722 0.0 -21.0722 -0.0 
-20.992 0.00015 -20.992 -0.0 -20.992 0.0 -20.992 -0.0 -20.992 0.0 -20.992 -0.0 
-20.9118 0.0011 -20.9118 -0.0 -20.9118 0.0 -20.9118 -0.0 -20.9118 0.0 -20.9118 -0.0 
-20.8317 0.0062 -20.8317 -0.0 -20.8317 0.0 -20.8317 -0.0 -20.8317 0.0 -20.8317 -0.0 
-20.7515 0.02585 -20.7515 -0.0001 -20.7515 0.0 -20.7515 -0.0 -20.7515 5e-05 -20.7515 -0.0 
-20.6714 0.08225 -20.6714 -0.0007 -20.6714 0.00025 -20.6714 -0.0 -20.6714 0.0001 -20.6714 -0.0 
-20.5912 0.20325 -20.5912 -0.0041 -20.5912 0.00095 -20.5912 -0.0 -20.5912 0.00055 -20.5912 -0.0 
-20.511 0.3992 -20.511 -0.01865 -20.511 0.002 -20.511 -0.0 -20.511 0.0009 -20.511 -0.0 
-20.4309 0.6432 -20.4309 -0.06425 -20.4309 0.00375 -20.4309 -0.0001 -20.4309 0.00175 -20.4309 -5e-05 
-20.3507 0.87925 -20.3507 -0.17105 -20.3507 0.00585 -20.3507 -0.00045 -20.3507 0.00265 -20.3507 -0.00015 
-20.2706 1.0457 -20.2706 -0.35945 -20.2706 0.0073 -20.2706 -0.0016 -20.2706 0.00325 -20.2706 -0.00055 
-20.1904 1.1029 -20.1904 -0.6143 -20.1904 0.00845 -20.1904 -0.0035 -20.1904 0.00345 -20.1904 -0.00095 
-20.1102 1.0885 -20.1102 -0.88495 -20.1102 0.0092 -20.1102 -0.0063 -20.1102 0.0032 -20.1102 -0.0018 
-20.0301 1.16535 -20.0301 -1.11675 -20.0301 0.01135 -20.0301 -0.00965 -20.0301 0.00305 -20.0301 -0.00215 
-19.9499 1.55455 -19.9499 -1.2968 -19.9499 0.0189 -19.9499 -0.01315 -19.9499 0.00345 -19.9499 -0.00235 
-19.8698 2.36995 -19.8698 -1.5074 -19.8698 0.0362 -19.8698 -0.0181 -19.8698 0.0047 -19.8698 -0.00235 
-19.7896 3.54415 -19.7896 -1.935 -19.7896 0.06735 -19.7896 -0.0272 -19.7896 0.00695 -19.7896 -0.00275 
-19.7094 4.92595 -19.7094 -2.73635 -19.7094 0.11805 -19.7094 -0.0434 -19.7094 0.0091 -19.7094 -0.0034 
-19.6293 6.3595 -19.6293 -3.8334 -19.6293 0.1877 -19.6293 -0.06675 -19.6293 0.01085 -19.6293 -0.0049 
-19.5491 7.5951 -19.5491 -4.89355 -19.5491 0.2641 -19.5491 -0.0906 -19.5491 0.01165 -19.5491 -0.00625 
-19.469 8.2846 -19.469 -5.5692 -19.469 0.3195 -19.469 -0.10905 -19.469 0.01165 -19.469 -0.007 
-19.3888 8.35905 -19.3888 -5.7678 -19.3888 0.3341 -19.3888 -0.1221 -19.3888 0.01105 -19.3888 -0.0067 
-19.3086 8.387 -19.3086 -5.72655 -19.3086 0.32865 -19.3086 -0.1353 -19.3086 0.0106 -19.3086 -0.00605 
-19.2285 9.1986 -19.2285 -5.8266 -19.2285 0.3507 -19.2285 -0.15575 -19.2285 0.0115 -19.2285 -0.0053 
-19.1483 11.01115 -19.1483 -6.3222 -19.1483 0.4273 -19.1483 -0.18365 -19.1483 0.01325 -19.1483 -0.00495 
-19.0682 13.0689 -19.0682 -7.30625 -19.0682 0.53055 -19.0682 -0.22015 -19.0682 0.0153 -19.0682 -0.00515 
-18.988 14.26145 -18.988 -8.81735 -18.988 0.60295 -18.988 -0.27025 -18.988 0.01635 -18.988 -0.00655 
-18.9078 14.14355 -18.9078 -10.7244 -18.9078 0.6126 -18.9078 -0.33705 -18.9078 0.0167 -18.9078 -0.00835 
-18.8277 13.23305 -18.8277 -12.5752 -18.8277 0.58 -18.8277 -0.4065 -18.8277 0.01655 -18.8277 -0.0103 
-18.7475 12.2652 -18.7475 -13.79625 -18.7475 0.54 -18.7475 -0.4574 -18.7475 0.0158 -18.7475 -0.0119 
-18.6674 11.51205 -18.6674 -14.01625 -18.6674 0.5082 -18.6674 -0.47525 -18.6674 0.01525 -18.6674 -0.0131 
-18.5872 10.89295 -18.5872 -13.1464 -18.5872 0.48165 -18.5872 -0.4518 -18.5872 0.01475 -18.5872 -0.0127 
-18.507 10.26445 -18.507 -11.35335 -18.507 0.4511 -18.507 -0.3852 -18.507 0.0138 -18.507 -0.01155 
-18.4269 9.4501 -18.4269 -9.07325 -18.4269 0.4074 -18.4269 -0.29005 -18.4269 0.01225 -18.4269 -0.01 
-18.3467 8.26365 -18.3467 -6.8773 -18.3467 0.347 -18.3467 -0.19625 -18.3467 0.0107 -18.3467 -0.00805 
-18.2666 6.65815 -18.2666 -5.20175 -18.2666 0.27305 -18.2666 -0.1291 -18.2666 0.0088 -18.2666 -0.00665 
-18.1864 4.85205 -18.1864 -4.28455 -18.1864 0.19615 -18.1864 -0.0976 -18.1864 0.0065 -18.1864 -0.00525 
-18.1062 3.2909 -18.1062 -4.3319 -18.1062 0.13215 -18.1062 -0.10435 -18.1062 0.005 -18.1062 -0.00545 
-18.0261 2.413 -18.0261 -5.4457 -18.0261 0.0954 -18.0261 -0.1486 -18.0261 0.00445 -18.0261 -0.00595 
-17.9459 2.3391 -17.9459 -7.18965 -17.9459 0.09035 -17.9459 -0.2175 -17.9459 0.00505 -17.9459 -0.00755 
-17.8658 2.80185 -17.8658 -8.4587 -17.8658 0.10605 -17.8658 -0.27465 -17.8658 0.00625 -17.8658 -0.0085 
-17.7856 3.41845 -17.7856 -8.18645 -17.7856 0.1268 -17.7856 -0.2799 -17.7856 0.00735 -17.7856 -0.00815 
-17.7054 3.9363 -17.7054 -6.31305 -17.7054 0.14125 -17.7054 -0.223 -17.7054 0.00795 -17.7054 -0.00665 
-17.6253 4.2296 -17.6253 -3.8669 -17.6253 0.14385 -17.6253 -0.1381 -17.6253 0.00815 -17.6253 -0.00435 
-17.5451 4.26475 -17.5451 -2.02335 -17.5451 0.1343 -17.5451 -0.06805 -17.5451 0.00805 -17.5451 -0.00205 
-17.465 4.1332 -17.465 -1.27475 -17.465 0.1205 -17.465 -0.0317 -17.465 0.0078 -17.465 -0.00145 
-17.3848 4.0476 -17.3848 -1.47605 -17.3848 0.11355 -17.3848 -0.02355 -17.3848 0.00745 -17.3848 -0.0019 
-17.3046 4.23525 -17.3046 -2.36245 -17.3046 0.11755 -17.3046 -0.0318 -17.3046 0.00725 -17.3046 -0.00365 
-17.2245 4.71575 -17.2245 -3.86625 -17.2245 0.1219 -17.2245 -0.04885 -17.2245 0.00785 -17.2245 -0.006 
-17.1443 5.193 -17.1443 -5.9559 -17.1443 0.11225 -17.1443 -0.0732 -17.1443 0.00855 -17.1443 -0.00935 
-17.0641 5.27635 -17.0641 -8.21025 -17.0641 0.08505 -17.0641 -0.103 -17.0641 0.0083 -17.0641 -0.0125 
-16.984 4.76595 -16.984 -9.74795 -16.984 0.053 -16.984 -0.12995 -16.984 0.00775 -16.984 -0.01465 
-16.9038 3.7308 -16.9038 -9.79175 -16.9038 0.02775 -16.9038 -0.14425 -16.9038 0.0065 -16.9038 -0.01495 
-16.8237 2.45625 -16.8237 -8.27615 -16.8237 0.01295 -16.8237 -0.13815 -16.8237 0.0046 -16.8237 -0.0123 
-16.7435 1.31505 -16.7435 -5.86075 -16.7435 0.00555 -16.7435 -0.11125 -16.7435 0.00255 -16.7435 -0.00895 
-16.6633 0.55505 -16.6633 -3.4449 -16.6633 0.0021 -16.6633 -0.07285 -16.6633 0.0011 -16.6633 -0.0048 
-16.5832 0.18025 -16.5832 -1.65585 -16.5832 0.00025 -16.5832 -0.0382 -16.5832 0.0003 -16.5832 -0.00215 
-16.503 0.04425 -16.503 -0.6394 -16.503 0.0 -16.503 -0.0156 -16.503 0.0 -16.503 -0.00055 
-16.4229 0.0081 -16.4229 -0.19485 -16.4229 0.0 -16.4229 -0.005 -16.4229 0.0 -16.4229 -0.0001 
-16.3427 0.0011 -16.3427 -0.0461 -16.3427 0.0 -16.3427 -0.0012 -16.3427 0.0 -16.3427 -5e-05 
-16.2625 0.0001 -16.2625 -0.00835 -16.2625 0.0 -16.2625 -0.0001 -16.2625 0.0 -16.2625 -0.0 
-16.1824 0.0 -16.1824 -0.00115 -16.1824 0.0 -16.1824 -0.0 -16.1824 0.0 -16.1824 -0.0 
-16.1022 0.0 -16.1022 -0.0001 -16.1022 0.0 -16.1022 -0.0 -16.1022 0.0 -16.1022 -0.0 
-16.0221 0.0 -16.0221 -0.0 -16.0221 0.0 -16.0221 -0.0 -16.0221 0.0 -16.0221 -0.0 
-15.9419 0.0 -15.9419 -0.0 -15.9419 0.0 -15.9419 -0.0 -15.9419 0.0 -15.9419 -0.0 
-15.8617 0.0 -15.8617 -0.0 -15.8617 0.0 -15.8617 -0.0 -15.8617 0.0 -15.8617 -0.0 
-15.7816 0.0 -15.7816 -0.0 -15.7816 0.0 -15.7816 -0.0 -15.7816 0.0 -15.7816 -0.0 
-15.7014 0.0 -15.7014 -0.0 -15.7014 0.0 -15.7014 -0.0 -15.7014 0.0 -15.7014 -0.0 
-15.6213 0.0 -15.6213 -0.0 -15.6213 0.0 -15.6213 -0.0 -15.6213 0.0 -15.6213 -0.0 
-15.5411 0.0 -15.5411 -0.0 -15.5411 0.0 -15.5411 -0.0 -15.5411 0.0 -15.5411 -0.0 
-15.4609 0.0 -15.4609 -0.0 -15.4609 0.0 -15.4609 -0.0 -15.4609 0.0 -15.4609 -0.0 
-15.3808 0.0 -15.3808 -0.0 -15.3808 0.0 -15.3808 -0.0 -15.3808 0.0 -15.3808 -0.0 
-15.3006 0.0 -15.3006 -0.0 -15.3006 0.0 -15.3006 -0.0 -15.3006 0.0 -15.3006 -0.0 
-15.2205 0.0 -15.2205 -0.0 -15.2205 0.0 -15.2205 -0.0 -15.2205 0.0 -15.2205 -0.0 
-15.1403 0.0 -15.1403 -0.0 -15.1403 0.0 -15.1403 -0.0 -15.1403 0.0 -15.1403 -0.0 
-15.0601 0.0 -15.0601 -0.0 -15.0601 0.0 -15.0601 -0.0 -15.0601 0.0 -15.0601 -0.0 
-14.98 0.0 -14.98 -0.0 -14.98 0.0 -14.98 -0.0 -14.98 0.0 -14.98 -0.0 
-14.8998 0.0 -14.8998 -0.0 -14.8998 0.0 -14.8998 -0.0 -14.8998 0.0 -14.8998 -0.0 
-14.8197 0.0 -14.8197 -0.0 -14.8197 0.0 -14.8197 -0.0 -14.8197 0.0 -14.8197 -0.0 
-14.7395 0.0 -14.7395 -0.0 -14.7395 0.0 -14.7395 -0.0 -14.7395 0.0 -14.7395 -0.0 
-14.6593 0.0 -14.6593 -0.0 -14.6593 0.0 -14.6593 -0.0 -14.6593 0.0 -14.6593 -0.0 
-14.5792 0.0 -14.5792 -0.0 -14.5792 0.0 -14.5792 -0.0 -14.5792 0.0 -14.5792 -0.0 
-14.499 0.0 -14.499 -0.0 -14.499 0.0 -14.499 -0.0 -14.499 0.0 -14.499 -0.0 
-14.4189 0.0 -14.4189 -0.0 -14.4189 0.0 -14.4189 -0.0 -14.4189 0.0 -14.4189 -0.0 
-14.3387 0.0 -14.3387 -0.0 -14.3387 0.0 -14.3387 -0.0 -14.3387 0.0 -14.3387 -0.0 
-14.2585 0.0 -14.2585 -0.0 -14.2585 0.0 -14.2585 -0.0 -14.2585 0.0 -14.2585 -0.0 
-14.1784 0.0 -14.1784 -0.0 -14.1784 0.0 -14.1784 -0.0 -14.1784 0.0 -14.1784 -0.0 
-14.0982 0.0 -14.0982 -0.0 -14.0982 0.0 -14.0982 -0.0 -14.0982 0.0 -14.0982 -0.0 
-14.0181 0.0 -14.0181 -0.0 -14.0181 0.0 -14.0181 -0.0 -14.0181 0.0 -14.0181 -0.0 
-13.9379 0.0 -13.9379 -0.0 -13.9379 0.0 -13.9379 -0.0 -13.9379 0.0 -13.9379 -0.0 
-13.8577 0.0 -13.8577 -0.0 -13.8577 0.0 -13.8577 -0.0 -13.8577 0.0 -13.8577 -0.0 
-13.7776 0.0 -13.7776 -0.0 -13.7776 0.0 -13.7776 -0.0 -13.7776 0.0 -13.7776 -0.0 
-13.6974 0.0 -13.6974 -0.0 -13.6974 0.0 -13.6974 -0.0 -13.6974 0.0 -13.6974 -0.0 
-13.6173 0.0 -13.6173 -0.0 -13.6173 0.0 -13.6173 -0.0 -13.6173 0.0 -13.6173 -0.0 
-13.5371 0.0 -13.5371 -0.0 -13.5371 0.0 -13.5371 -0.0 -13.5371 0.0 -13.5371 -0.0 
-13.4569 0.0 -13.4569 -0.0 -13.4569 0.0 -13.4569 -0.0 -13.4569 0.0 -13.4569 -0.0 
-13.3768 0.0 -13.3768 -0.0 -13.3768 0.0 -13.3768 -0.0 -13.3768 0.0 -13.3768 -0.0 
-13.2966 0.0 -13.2966 -0.0 -13.2966 0.0 -13.2966 -0.0 -13.2966 0.0 -13.2966 -0.0 
-13.2165 0.0 -13.2165 -0.0 -13.2165 0.0 -13.2165 -0.0 -13.2165 0.0 -13.2165 -0.0 
-13.1363 0.0 -13.1363 -0.0 -13.1363 0.0 -13.1363 -0.0 -13.1363 0.0 -13.1363 -0.0 
-13.0561 0.0 -13.0561 -0.0 -13.0561 0.0 -13.0561 -0.0 -13.0561 0.0 -13.0561 -0.0 
-12.976 0.0 -12.976 -0.0 -12.976 0.0 -12.976 -0.0 -12.976 0.0 -12.976 -0.0 
-12.8958 0.0 -12.8958 -0.0 -12.8958 0.0 -12.8958 -0.0 -12.8958 0.0 -12.8958 -0.0 
-12.8157 0.0 -12.8157 -0.0 -12.8157 0.0 -12.8157 -0.0 -12.8157 0.0 -12.8157 -0.0 
-12.7355 0.0 -12.7355 -0.0 -12.7355 0.0 -12.7355 -0.0 -12.7355 0.0 -12.7355 -0.0 
-12.6553 0.0 -12.6553 -0.0 -12.6553 0.0 -12.6553 -0.0 -12.6553 0.0 -12.6553 -0.0 
-12.5752 0.0 -12.5752 -0.0 -12.5752 0.0 -12.5752 -0.0 -12.5752 0.0 -12.5752 -0.0 
-12.495 0.0 -12.495 -0.0 -12.495 0.0 -12.495 -0.0 -12.495 0.0 -12.495 -0.0 
-12.4149 0.0 -12.4149 -0.0 -12.4149 0.0 -12.4149 -0.0 -12.4149 0.0 -12.4149 -0.0 
-12.3347 0.0 -12.3347 -0.0 -12.3347 0.0 -12.3347 -0.0 -12.3347 0.0 -12.3347 -0.0 
-12.2545 0.0 -12.2545 -0.0 -12.2545 0.0 -12.2545 -0.0 -12.2545 0.0 -12.2545 -0.0 
-12.1744 0.0 -12.1744 -0.0 -12.1744 0.0 -12.1744 -0.0 -12.1744 0.0 -12.1744 -0.0 
-12.0942 0.0 -12.0942 -0.0 -12.0942 0.0 -12.0942 -0.0 -12.0942 0.0 -12.0942 -0.0 
-12.014 0.0 -12.014 -0.0 -12.014 0.0 -12.014 -0.0 -12.014 0.0 -12.014 -0.0 
-11.9339 0.0 -11.9339 -0.0 -11.9339 0.0 -11.9339 -0.0 -11.9339 0.0 -11.9339 -0.0 
-11.8537 0.0 -11.8537 -0.0 -11.8537 0.0 -11.8537 -0.0 -11.8537 0.0 -11.8537 -0.0 
-11.7736 0.0 -11.7736 -0.0 -11.7736 0.0 -11.7736 -0.0 -11.7736 0.0 -11.7736 -0.0 
-11.6934 0.0 -11.6934 -0.0 -11.6934 0.0 -11.6934 -0.0 -11.6934 0.0 -11.6934 -0.0 
-11.6132 0.0 -11.6132 -0.0 -11.6132 0.0 -11.6132 -0.0 -11.6132 0.0 -11.6132 -0.0 
-11.5331 0.0 -11.5331 -0.0 -11.5331 0.0 -11.5331 -0.0 -11.5331 0.0 -11.5331 -0.0 
-11.4529 0.0 -11.4529 -0.0 -11.4529 0.0 -11.4529 -0.0 -11.4529 0.0 -11.4529 -0.0 
-11.3728 0.0 -11.3728 -0.0 -11.3728 0.0 -11.3728 -0.0 -11.3728 0.0 -11.3728 -0.0 
-11.2926 0.0 -11.2926 -0.0 -11.2926 0.0 -11.2926 -0.0 -11.2926 0.0 -11.2926 -0.0 
-11.2124 0.0 -11.2124 -0.00015 -11.2124 0.0 -11.2124 -0.00015 -11.2124 0.0 -11.2124 -0.0 
-11.1323 0.0 -11.1323 -0.00155 -11.1323 0.0 -11.1323 -0.0013 -11.1323 0.0 -11.1323 -0.0001 
-11.0521 0.0 -11.0521 -0.0105 -11.0521 0.0 -11.0521 -0.0087 -11.0521 0.0 -11.0521 -0.00085 
-10.972 0.0 -10.972 -0.0515 -10.972 0.0 -10.972 -0.04305 -10.972 0.0 -10.972 -0.0043 
-10.8918 0.0 -10.8918 -0.18505 -10.8918 0.0 -10.8918 -0.15515 -10.8918 0.0 -10.8918 -0.01565 
-10.8116 0.0002 -10.8116 -0.4862 -10.8116 0.0 -10.8116 -0.40805 -10.8116 0.0 -10.8116 -0.0413 
-10.7315 0.00135 -10.7315 -0.9349 -10.7315 0.0009 -10.7315 -0.78465 -10.7315 5e-05 -10.7315 -0.0796 
-10.6513 0.00715 -10.6513 -1.31565 -10.6513 0.0048 -10.6513 -1.10425 -10.6513 0.00075 -10.6513 -0.1123 
-10.5712 0.0292 -10.5712 -1.3551 -10.5712 0.0194 -10.5712 -1.1375 -10.5712 0.0037 -10.5712 -0.1156 
-10.491 0.09355 -10.491 -1.0215 -10.491 0.0634 -10.491 -0.85755 -10.491 0.0124 -10.491 -0.08705 
-10.4108 0.2448 -10.4108 -0.56355 -10.4108 0.1688 -10.4108 -0.47305 -10.4108 0.03265 -10.4108 -0.048 
-10.3307 0.5457 -10.3307 -0.22755 -10.3307 0.3851 -10.3307 -0.1909 -10.3307 0.0715 -10.3307 -0.01935 
-10.2505 1.07175 -10.2505 -0.06765 -10.2505 0.77635 -10.2505 -0.0566 -10.2505 0.1389 -10.2505 -0.00565 
-10.1704 1.8734 -10.1704 -0.0185 -10.1704 1.39025 -10.1704 -0.01525 -10.1704 0.23925 -10.1704 -0.00145 
-10.0902 2.90325 -10.0902 -0.02815 -10.0902 2.19645 -10.0902 -0.0224 -10.0902 0.3665 -10.0902 -0.0026 
-10.01 4.00995 -10.01 -0.1251 -10.01 3.0743 -10.01 -0.09935 -10.01 0.5011 -10.01 -0.01215 
-9.92991 5.0746 -9.92991 -0.454 -9.92991 3.91835 -9.92991 -0.3611 -9.92991 0.6294 -9.92991 -0.04515 
-9.84971 6.1536 -9.84971 -1.25585 -9.84971 4.75795 -9.84971 -0.99835 -9.84971 0.7557 -9.84971 -0.12845 
-9.76961 7.43555 -9.76961 -2.68045 -9.76961 5.73545 -9.76961 -2.12935 -9.76961 0.9012 -9.76961 -0.28045 
-9.68941 9.0202 -9.68941 -4.5234 -9.68941 6.9418 -9.68941 -3.5891 -9.68941 1.07455 -9.68941 -0.48515 
-9.60921 10.7829 -9.60921 -6.30795 -9.60921 8.29965 -9.60921 -4.9993 -9.60921 1.2592 -9.60921 -0.6929 
-9.52911 12.5633 -9.52911 -7.80265 -9.52911 9.70005 -9.52911 -6.1882 -9.52911 1.43665 -9.52911 -0.86645 
-9.44891 14.3928 -9.44891 -9.2586 -9.44891 11.17435 -9.44891 -7.3809 -9.44891 1.6081 -9.44891 -1.0093 
-9.36881 16.3297 -9.36881 -10.9173 -9.36881 12.7731 -9.36881 -8.7899 -9.36881 1.7727 -9.36881 -1.1286 
-9.28861 18.20245 -9.28861 -12.5175 -9.28861 14.3666 -9.28861 -10.2003 -9.28861 1.902 -9.28861 -1.20095 
-9.20841 19.71975 -9.20841 -13.4628 -9.20841 15.7182 -9.20841 -11.09955 -9.20841 1.96825 -9.20841 -1.19415 
-9.12831 20.73065 -9.12831 -13.29965 -9.12831 16.67695 -9.12831 -11.0818 -9.12831 1.97325 -9.12831 -1.096 
-9.04811 21.311 -9.04811 -12.1341 -9.04811 17.26655 -9.04811 -10.22355 -9.04811 1.94315 -9.04811 -0.92075 
-8.96801 21.6952 -8.96801 -10.71665 -8.96801 17.6722 -8.96801 -9.1608 -8.96801 1.9009 -8.96801 -0.71685 
-8.88781 22.13015 -8.88781 -9.66335 -8.88781 18.12605 -8.88781 -8.39695 -8.88781 1.8567 -8.88781 -0.54115 
-8.80761 22.70595 -8.80761 -8.57995 -8.80761 18.72575 -8.80761 -7.54925 -8.80761 1.81565 -8.80761 -0.4068 
-8.72751 23.24045 -8.72751 -6.73385 -8.72751 19.3029 -8.72751 -5.9578 -8.72751 1.77755 -8.72751 -0.2929 
-8.64731 23.2981 -8.64731 -4.4009 -8.64731 19.45675 -8.64731 -3.8743 -8.64731 1.7267 -8.64731 -0.2034 
-8.56721 22.4638 -8.56721 -2.6402 -8.56721 18.82115 -8.56721 -2.2517 -8.56721 1.6347 -8.56721 -0.17065 
-8.48701 20.75465 -8.48701 -2.0258 -8.48701 17.42305 -8.48701 -1.61695 -8.48701 1.48805 -8.48701 -0.2064 
-8.40681 18.7038 -8.40681 -2.2921 -8.40681 15.7407 -8.40681 -1.7559 -8.40681 1.3082 -8.40681 -0.2861 
-8.32671 16.95705 -8.32671 -2.9006 -8.32671 14.3439 -8.32671 -2.21145 -8.32671 1.1324 -8.32671 -0.37615 
-8.24651 15.83635 -8.24651 -3.4492 -8.24651 13.5127 -8.24651 -2.6392 -8.24651 0.9819 -8.24651 -0.44935 
-8.16641 15.2277 -8.16641 -3.71475 -8.16641 13.143 -8.16641 -2.85165 -8.16641 0.85735 -8.16641 -0.486 
-8.08621 14.6874 -8.08621 -3.6664 -8.08621 12.824 -8.08621 -2.8223 -8.08621 0.74765 -8.08621 -0.4789 
-8.00601 13.7329 -8.00601 -3.4786 -8.00601 12.09445 -8.00601 -2.6878 -8.00601 0.64705 -8.00601 -0.4407 
-7.92591 12.2506 -7.92591 -3.44255 -7.92591 10.82295 -7.92591 -2.67375 -7.92591 0.56605 -7.92591 -0.40215 
-7.84571 10.5273 -7.84571 -3.75305 -7.84571 9.2663 -7.84571 -2.93185 -7.84571 0.51575 -7.84571 -0.3895 
-7.76561 8.82945 -7.76561 -4.2307 -7.76561 7.7082 -7.76561 -3.31285 -7.76561 0.4788 -7.76561 -0.403 
-7.68541 7.23255 -7.68541 -4.3477 -7.68541 6.2635 -7.68541 -3.37525 -7.68541 0.4294 -7.68541 -0.4134 
-7.60521 5.868 -7.60521 -3.75735 -7.60521 5.0461 -7.60521 -2.8179 -7.60521 0.37655 -7.60521 -0.4013 
-7.52511 4.93935 -7.52511 -2.71145 -7.52511 4.19975 -7.52511 -1.84785 -7.52511 0.353 -7.52511 -0.3808 
-7.44491 4.39605 -7.44491 -1.78435 -7.44491 3.6734 -7.44491 -0.955 -7.44491 0.3597 -7.44491 -0.3821 
-7.36481 3.9336 -7.36481 -1.3423 -7.36481 3.22915 -7.36481 -0.43155 -7.36481 0.35715 -7.36481 -0.43475 
-7.28461 3.4655 -7.28461 -1.408 -7.28461 2.80955 -7.28461 -0.2534 -7.28461 0.3259 -7.28461 -0.56355 
-7.20441 3.25025 -7.20441 -1.8487 -7.20441 2.62495 -7.20441 -0.28605 -7.20441 0.29245 -7.20441 -0.7747 
-7.12431 3.3392 -7.12431 -2.54505 -7.12431 2.6981 -7.12431 -0.4401 -7.12431 0.28075 -7.12431 -1.05705 
-7.04411 3.29685 -7.04411 -3.4005 -7.04411 2.63725 -7.04411 -0.65965 -7.04411 0.28175 -7.04411 -1.39165 
-6.96391 2.76875 -6.96391 -4.25085 -6.96391 2.12295 -6.96391 -0.868 -6.96391 0.2819 -6.96391 -1.7304 
-6.88381 1.9804 -6.88381 -4.8816 -6.88381 1.33685 -6.88381 -0.9845 -6.88381 0.2965 -6.88381 -2.0005 
-6.80361 1.4283 -6.80361 -5.19105 -6.80361 0.6927 -6.80361 -1.0017 -6.80361 0.35815 -6.80361 -2.15165 
-6.72351 1.37185 -6.72351 -5.27505 -6.72351 0.38265 -6.72351 -0.99755 -6.72351 0.4977 -6.72351 -2.1949 
-6.64331 1.7867 -6.64331 -5.32755 -6.64331 0.34335 -6.64331 -1.05545 -6.64331 0.73595 -6.64331 -2.19065 
-6.56311 2.5909 -6.56311 -5.47 -6.56311 0.46255 -6.56311 -1.17615 -6.56311 1.0926 -6.56311 -2.20165 
-6.48301 3.74695 -6.48301 -5.71905 -6.48301 0.68775 -6.48301 -1.2978 -6.48301 1.57745 -6.48301 -2.26745 
-6.40281 5.16715 -6.40281 -6.1458 -6.40281 0.99895 -6.40281 -1.4086 -6.40281 2.1585 -6.40281 -2.43075 
-6.32271 6.59085 -6.32271 -6.89995 -6.32271 1.33855 -6.32271 -1.583 -6.32271 2.7277 -6.32271 -2.73395 
-6.24251 7.64555 -6.24251 -7.9398 -6.24251 1.60495 -6.24251 -1.8537 -6.24251 3.13785 -6.24251 -3.1444 
-6.16231 8.13525 -6.16231 -8.8867 -6.16231 1.72065 -6.16231 -2.11725 -6.16231 3.31505 -6.16231 -3.5228 
-6.08221 8.28835 -6.08221 -9.28965 -6.08221 1.71405 -6.08221 -2.2136 -6.08221 3.35725 -6.08221 -3.71575 
-6.00201 8.64325 -6.00201 -9.02645 -6.00201 1.70375 -6.00201 -2.0814 -6.00201 3.48215 -6.00201 -3.6813 
-5.92191 9.60015 -5.92191 -8.46205 -5.92191 1.7934 -5.92191 -1.82185 -5.92191 3.8473 -5.92191 -3.54805 
-5.84171 11.013 -5.84171 -8.19175 -5.84171 1.98385 -5.84171 -1.61505 -5.84171 4.3948 -5.84171 -3.5335 
-5.76151 12.25185 -5.76151 -8.52805 -5.76151 2.1762 -5.76151 -1.567 -5.76151 4.88 -5.76151 -3.75175 
-5.68141 12.7047 -5.68141 -9.22345 -5.68141 2.25905 -5.68141 -1.633 -5.68141 5.06695 -5.68141 -4.09705 
-5.60121 12.19685 -5.60121 -9.75375 -5.60121 2.18135 -5.60121 -1.6941 -5.60121 4.88535 -5.60121 -4.35855 
-5.52111 11.03575 -5.52111 -9.85475 -5.52111 1.97195 -5.52111 -1.68665 -5.52111 4.459 -5.52111 -4.43655 
-5.44091 9.7789 -5.44091 -9.7352 -5.44091 1.7198 -5.44091 -1.6531 -5.44091 4.0136 -5.44091 -4.42795 
-5.36071 8.8913 -5.36071 -9.8167 -5.36071 1.5204 -5.36071 -1.68145 -5.36071 3.7396 -5.36071 -4.51725 
-5.28061 8.5259 -5.28061 -10.3405 -5.28061 1.4155 -5.28061 -1.82365 -5.28061 3.6946 -5.28061 -4.80265 
-5.20041 8.56565 -5.20041 -11.23015 -5.20041 1.38775 -5.20041 -2.07085 -5.20041 3.82305 -5.20041 -5.2413 
-5.12031 8.81785 -5.12031 -12.24315 -5.12031 1.397 -5.12031 -2.3703 -5.12031 4.04475 -5.12031 -5.7224 
-5.04011 9.16515 -5.04011 -13.1263 -5.04011 1.4173 -5.04011 -2.64825 -5.04011 4.30825 -5.04011 -6.1371 
-4.95991 9.57355 -4.95991 -13.66125 -4.95991 1.4481 -4.95991 -2.8223 -4.95991 4.58945 -4.95991 -6.3938 
-4.87981 10.03415 -4.87981 -13.7578 -4.87981 1.49835 -4.87981 -2.8396 -4.87981 4.8707 -4.87981 -6.4577 
-4.79961 10.5484 -4.79961 -13.56825 -4.79961 1.5783 -4.79961 -2.72455 -4.79961 5.1547 -4.79961 -6.40215 
-4.71951 11.13 -4.71951 -13.39735 -4.71951 1.6908 -4.71951 -2.5706 -4.71951 5.4665 -4.71951 -6.3711 
-4.63931 11.7776 -4.63931 -13.43035 -4.63931 1.8252 -4.63931 -2.4663 -4.63931 5.8238 -4.63931 -6.4511 
-4.55911 12.45795 -4.55911 -13.6129 -4.55911 1.9619 -4.55911 -2.4395 -4.55911 6.2177 -4.55911 -6.61495 
-4.47901 13.09595 -4.47901 -13.8475 -4.47901 2.0759 -4.47901 -2.483 -4.47901 6.60515 -4.47901 -6.81385 
-4.39881 13.54275 -4.39881 -14.20015 -4.39881 2.1356 -4.39881 -2.59875 -4.39881 6.90075 -4.39881 -7.07415 
-4.31871 13.6197 -4.31871 -14.8051 -4.31871 2.11215 -4.31871 -2.79705 -4.31871 7.0092 -4.31871 -7.45215 
-4.23851 13.2832 -4.23851 -15.63605 -4.23851 2.00385 -4.23851 -3.0532 -4.23851 6.909 -4.23851 -7.929 
-4.15831 12.72165 -4.15831 -16.44435 -4.15831 1.85265 -4.15831 -3.29055 -4.15831 6.6983 -4.15831 -8.3832 
-4.07821 12.2195 -4.07821 -16.89795 -4.07821 1.71615 -4.07821 -3.4181 -4.07821 6.51705 -4.07821 -8.6556 
-3.99801 11.9327 -3.99801 -16.78545 -3.99801 1.6285 -3.99801 -3.3884 -3.99801 6.43705 -3.99801 -8.6433 
-3.91791 11.82405 -3.91791 -16.13335 -3.91791 1.58435 -3.91791 -3.22225 -3.91791 6.434 -3.91791 -8.35715 
-3.83771 11.78375 -3.83771 -15.16605 -3.83771 1.56475 -3.83771 -2.98035 -3.83771 6.4476 -3.83771 -7.90975 
-3.75751 11.77205 -3.75751 -14.17695 -3.75751 1.5617 -3.75751 -2.7253 -3.75751 6.45245 -3.75751 -7.45425 
-3.67741 11.82685 -3.67741 -13.4135 -3.67741 1.5846 -3.67741 -2.50575 -3.67741 6.4689 -3.67741 -7.116 
-3.59721 11.9523 -3.59721 -13.0078 -3.59721 1.63155 -3.59721 -2.35245 -3.59721 6.51785 -3.59721 -6.96375 
-3.51711 12.0834 -3.51711 -12.94735 -3.51711 1.6805 -3.51711 -2.266 -3.51711 6.59005 -3.51711 -6.996 
-3.43691 12.18115 -3.43691 -13.1085 -3.43691 1.7153 -3.43691 -2.22115 -3.43691 6.676 -3.43691 -7.15705 
-3.35671 12.284 -3.35671 -13.34185 -3.35671 1.73825 -3.35671 -2.1852 -3.35671 6.78765 -3.35671 -7.37105 
-3.27661 12.4433 -3.27661 -13.5188 -3.27661 1.7635 -3.27661 -2.14005 -3.27661 6.93815 -3.27661 -7.5612 
-3.19641 12.6562 -3.19641 -13.54305 -3.19641 1.80175 -3.19641 -2.0739 -3.19641 7.1183 -3.19641 -7.6622 
-3.11631 12.87535 -3.11631 -13.39055 -3.11631 1.8562 -3.11631 -1.98005 -3.11631 7.29465 -3.11631 -7.65725 
-3.03611 13.06225 -3.03611 -13.1004 -3.03611 1.92015 -3.03611 -1.85975 -3.03611 7.43075 -3.03611 -7.56665 
-2.95591 13.234 -2.95591 -12.70805 -2.95591 1.98555 -2.95591 -1.73145 -2.95591 7.5091 -2.95591 -7.4061 
-2.87581 13.4706 -2.87581 -12.2547 -2.87581 2.0461 -2.87581 -1.6252 -2.87581 7.55445 -2.87581 -7.18695 
-2.79561 13.83485 -2.79561 -11.83675 -2.79561 2.09895 -2.79561 -1.5709 -2.79561 7.62025 -2.79561 -6.95555 
-2.71551 14.23065 -2.71551 -11.5478 -2.71551 2.13495 -2.71551 -1.5747 -2.71551 7.7288 -2.71551 -6.7721 
-2.63531 14.3804 -2.63531 -11.34445 -2.63531 2.1399 -2.63531 -1.60865 -2.63531 7.81725 -2.63531 -6.63015 
-2.55511 14.05135 -2.55511 -11.0336 -2.55511 2.1043 -2.55511 -1.6215 -2.55511 7.7722 -2.55511 -6.43635 
-2.47501 13.3092 -2.47501 -10.47765 -2.47501 2.04085 -2.47501 -1.5763 -2.47501 7.5532 -2.47501 -6.11625 
-2.39481 12.46935 -2.39481 -9.7782 -2.39481 1.98325 -2.39481 -1.4775 -2.39481 7.2468 -2.39481 -5.72385 
-2.31461 11.8392 -2.31461 -9.1063 -2.31461 1.95775 -2.31461 -1.35595 -2.31461 6.99345 -2.31461 -5.35065 
-2.23451 11.5559 -2.23451 -8.3816 -2.23451 1.97 -2.23451 -1.2162 -2.23451 6.8827 -2.23451 -4.93935 
-2.15431 11.55555 -2.15431 -7.3803 -2.15431 1.99935 -2.15431 -1.0488 -2.15431 6.90185 -2.15431 -4.35 
-2.07421 11.60195 -2.07421 -6.1858 -2.07421 2.008 -2.07421 -0.8778 -2.07421 6.9312 -2.07421 -3.63125 
-1.99401 11.4333 -1.99401 -5.24655 -1.99401 1.9709 -1.99401 -0.76655 -1.99401 6.8265 -1.99401 -3.0533 
-1.91381 10.95045 -1.91381 -4.90545 -1.91381 1.89485 -1.91381 -0.7598 -1.91381 6.5308 -1.91381 -2.8193 
-1.83371 10.21665 -1.83371 -5.04075 -1.83371 1.80495 -1.83371 -0.835 -1.83371 6.0836 -1.83371 -2.8535 
-1.75351 9.33325 -1.75351 -5.19 -1.75351 1.712 -1.75351 -0.91555 -1.75351 5.5487 -1.75351 -2.8895 
-1.67341 8.423 -1.67341 -4.93915 -1.67341 1.6164 -1.67341 -0.9227 -1.67341 5.00305 -1.67341 -2.708 
-1.59321 7.6212 -1.59321 -4.2626 -1.59321 1.51995 -1.59321 -0.84425 -1.59321 4.52815 -1.59321 -2.3071 
-1.51301 6.9486 -1.51301 -3.5514 -1.51301 1.4099 -1.51301 -0.7591 -1.51301 4.1356 -1.51301 -1.89795 
-1.43291 6.31395 -1.43291 -3.2067 -1.43291 1.26545 -1.43291 -0.76095 -1.43291 3.7738 -1.43291 -1.68055 
-1.35271 5.69745 -1.35271 -3.1783 -1.35271 1.09455 -1.35271 -0.8366 -1.35271 3.43365 -1.35271 -1.62105 
-1.27261 5.14265 -1.27261 -3.02625 -1.27261 0.9326 -1.27261 -0.86015 -1.27261 3.13435 -1.27261 -1.5013 
-1.19241 4.5841 -1.19241 -2.44575 -1.19241 0.79375 -1.19241 -0.73285 -1.19241 2.82195 -1.19241 -1.1854 
-1.11221 3.9032 -1.11221 -1.5819 -1.11221 0.66345 -1.11221 -0.492 -1.11221 2.4185 -1.11221 -0.7532 
-1.03211 3.10095 -1.03211 -0.80045 -1.03211 0.53065 -1.03211 -0.2554 -1.03211 1.92725 -1.03211 -0.376 
-0.951912 2.2808 -0.951912 -0.3136 -0.951912 0.404 -0.951912 -0.10145 -0.951912 1.414 -0.951912 -0.14645 
-0.871812 1.5643 -0.871812 -0.0944 -0.871812 0.31445 -0.871812 -0.03055 -0.871812 0.9426 -0.871812 -0.0439 
-0.791612 1.0805 -0.791612 -0.0217 -0.791612 0.30965 -0.791612 -0.00675 -0.791612 0.57375 -0.791612 -0.00975 
-0.711412 0.92 -0.711412 -0.0041 -0.711412 0.4231 -0.711412 -0.0009 -0.711412 0.35095 -0.711412 -0.0015 
-0.631312 1.03685 -0.631312 -0.00335 -0.631312 0.6232 -0.631312 -0.00025 -0.631312 0.26855 -0.631312 -0.0004 
-0.551112 1.2609 -0.551112 -0.0184 -0.551112 0.82045 -0.551112 -0.00195 -0.551112 0.27395 -0.551112 -0.00225 
-0.471012 1.45745 -0.471012 -0.087 -0.471012 0.9548 -0.471012 -0.0102 -0.471012 0.31495 -0.471012 -0.01175 
-0.390812 1.61795 -0.390812 -0.30735 -0.390812 1.04355 -0.390812 -0.03745 -0.390812 0.37065 -0.390812 -0.043 
-0.310612 1.739 -0.310612 -0.8182 -0.310612 1.1009 -0.310612 -0.1039 -0.310612 0.4234 -0.310612 -0.11785 
-0.230512 1.70345 -0.230512 -1.6707 -0.230512 1.0635 -0.230512 -0.2296 -0.230512 0.43245 -0.230512 -0.25095 
-0.150312 1.4025 -0.150312 -2.691 -0.150312 0.8682 -0.150312 -0.4253 -0.150312 0.3647 -0.150312 -0.4253 
-0.0702118 0.9287 -0.0702118 -3.5535 -0.0702118 0.5699 -0.0702118 -0.6977 -0.0702118 0.24265 -0.0702118 -0.59115 
0.00998818 0.54725 0.00998818 -4.02155 0.00998818 0.32145 0.00998818 -1.0447 0.00998818 0.1317 0.00998818 -0.68635 
0.0901882 0.55455 0.0901882 -4.09055 0.0901882 0.27295 0.0901882 -1.44415 0.0901882 0.0863 0.0901882 -0.669 
0.170288 1.27185 0.170288 -4.0117 0.170288 0.54465 0.170288 -1.88515 0.170288 0.1333 0.170288 -0.5517 
0.250488 3.00695 0.250488 -4.2298 0.250488 1.2279 0.250488 -2.43715 0.250488 0.2809 0.250488 -0.4069 
0.330588 5.7138 0.330588 -5.0646 0.330588 2.27655 0.330588 -3.1945 0.330588 0.5016 0.330588 -0.3151 
0.410788 8.7204 0.410788 -6.36385 0.410788 3.4354 0.410788 -4.1258 0.410788 0.7238 0.410788 -0.3038 
0.490988 11.10935 0.490988 -7.75135 0.490988 4.42015 0.490988 -5.089 0.490988 0.87035 0.490988 -0.3528 
0.571088 12.37645 0.571088 -9.29675 0.571088 5.17225 0.571088 -6.06245 0.571088 0.9241 0.571088 -0.44355 
0.651288 12.61465 0.651288 -11.5635 0.651288 5.85675 0.651288 -7.2353 0.651288 0.92575 0.651288 -0.57555 
0.731388 12.3618 0.731388 -14.78975 0.731388 6.6497 0.731388 -8.79355 0.731388 0.92995 0.731388 -0.7531 
0.811588 12.31945 0.811588 -18.2984 0.811588 7.6097 0.811588 -10.67565 0.811588 0.97275 0.811588 -0.96265 
0.891788 12.74805 0.891788 -20.953 0.891788 8.6086 0.891788 -12.58915 0.891788 1.05575 0.891788 -1.1752 
0.971888 13.0959 0.971888 -22.0594 0.971888 9.28365 0.971888 -14.17265 0.971888 1.14405 0.971888 -1.3574 
1.05209 12.58455 1.05209 -21.73485 1.05209 9.22355 1.05209 -15.11495 1.05209 1.1838 1.05209 -1.47975 
1.13219 11.1337 1.13219 -20.67175 1.13219 8.39395 1.13219 -15.33 1.13219 1.1496 1.13219 -1.5319 
1.21239 9.51415 1.21239 -19.6941 1.21239 7.3351 1.21239 -15.08045 1.21239 1.0762 1.21239 -1.54605 
1.29259 8.58035 1.29259 -19.3434 1.29259 6.71575 1.29259 -14.77765 1.29259 1.02485 1.29259 -1.58075 
1.37269 8.37425 1.37269 -19.7214 1.37269 6.5937 1.37269 -14.69275 1.37269 1.00805 1.37269 -1.67485 
1.45289 8.1281 1.45289 -20.5883 1.45289 6.3259 1.45289 -14.8962 1.45289 0.98205 1.45289 -1.8234 
1.53299 7.2209 1.53299 -21.4893 1.53299 5.3674 1.53299 -15.30485 1.53299 0.9126 1.53299 -1.9938 
1.61319 5.79615 1.61319 -22.0049 1.61319 3.8748 1.61319 -15.7609 1.61319 0.80795 1.61319 -2.1624 
1.69339 4.3695 1.69339 -22.1341 1.69339 2.394 1.69339 -16.20115 1.69339 0.68785 1.69339 -2.33175 
1.77349 3.29045 1.77349 -22.2598 1.77349 1.3028 1.77349 -16.6887 1.77349 0.57385 1.77349 -2.5214 
1.85369 2.65385 1.85369 -22.52145 1.85369 0.68465 1.85369 -17.14595 1.85369 0.49175 1.85369 -2.7194 
1.93379 2.37325 1.93379 -22.47475 1.93379 0.4846 1.93379 -17.19495 1.93379 0.4394 1.93379 -2.8581 
2.01399 2.32575 2.01399 -21.6597 2.01399 0.6551 2.01399 -16.5335 2.01399 0.3871 2.01399 -2.881 
2.09419 2.5409 2.09419 -20.21115 2.09419 1.18555 2.09419 -15.3211 2.09419 0.3321 2.09419 -2.8166 
2.17429 3.08975 2.17429 -18.5942 2.17429 1.98155 2.17429 -13.9482 2.17429 0.30595 2.17429 -2.7291 
2.25449 3.79425 2.25449 -17.0385 2.25449 2.77355 2.25449 -12.61455 2.25449 0.3275 2.25449 -2.6327 
2.33459 4.3008 2.33459 -15.49835 2.33459 3.27315 2.33459 -11.3096 2.33459 0.37765 2.33459 -2.497 
2.41479 4.41345 2.41479 -13.9031 2.41479 3.3799 2.41479 -10.00535 2.41479 0.4293 2.41479 -2.3013 
2.49499 4.1578 2.49499 -12.23015 2.49499 3.1642 2.49499 -8.69475 2.49499 0.4633 2.49499 -2.0467 
2.57509 3.60915 2.57509 -10.48715 2.57509 2.71395 2.57509 -7.37995 2.57509 0.46205 2.57509 -1.74375 
2.65529 2.8307 2.65529 -8.7873 2.65529 2.09675 2.65529 -6.1304 2.65529 0.40855 2.65529 -1.4278 
2.73549 1.9404 2.73549 -7.3689 2.73549 1.41065 2.73549 -5.1064 2.73549 0.3055 2.73549 -1.16175 
2.81559 1.13635 2.81559 -6.37325 2.81559 0.8011 2.81559 -4.3978 2.81559 0.1865 2.81559 -0.98365 
2.89579 0.6148 2.89579 -5.6144 2.89579 0.4023 2.89579 -3.8585 2.89579 0.09475 2.89579 -0.8669 
2.97589 0.4803 2.97589 -4.73215 2.97589 0.2822 2.97589 -3.224 2.97589 0.05105 2.97589 -0.74435 
3.05609 0.75055 3.05609 -3.5927 3.05609 0.4451 3.05609 -2.408 3.05609 0.05375 3.05609 -0.58 
3.13629 1.37465 3.13629 -2.4276 3.13629 0.84375 3.13629 -1.5878 3.13629 0.09035 3.13629 -0.40235 
3.21639 2.1875 3.21639 -1.57865 3.21639 1.34655 3.21639 -1.0067 3.21639 0.1468 3.21639 -0.26505 
3.29659 2.8987 3.29659 -1.19235 3.29659 1.74875 3.29659 -0.754 3.29659 0.20305 3.29659 -0.19905 
3.37669 3.2038 3.37669 -1.1435 3.37669 1.8605 3.37669 -0.731 3.37669 0.23525 3.37669 -0.18855 
3.45689 2.9595 3.45689 -1.16505 3.45689 1.614 3.45689 -0.7484 3.45689 0.22825 3.45689 -0.1917 
3.53709 2.30245 3.53709 -1.0537 3.53709 1.12405 3.53709 -0.6639 3.53709 0.1877 3.53709 -0.1723 
3.61719 1.57425 3.61719 -0.8086 3.61719 0.6264 3.61719 -0.474 3.61719 0.1376 3.61719 -0.12935 
3.69739 1.07815 3.69739 -0.5783 3.69739 0.30235 3.69739 -0.2769 3.69739 0.1029 3.69739 -0.08715 
3.77749 0.90775 3.77749 -0.4852 3.77749 0.18395 3.77749 -0.15295 3.77749 0.0929 3.77749 -0.0655 
3.85769 0.9833 3.85769 -0.53575 3.85769 0.2162 3.85769 -0.1064 3.85769 0.10165 3.85769 -0.0669 
3.93789 1.18605 3.93789 -0.663 3.93789 0.34075 3.93789 -0.09945 3.93789 0.11735 3.93789 -0.0801 
4.01799 1.4215 4.01799 -0.7858 4.01799 0.50995 4.01799 -0.09995 4.01799 0.13305 4.01799 -0.0938 
4.09819 1.59415 4.09819 -0.83225 4.09819 0.6689 4.09819 -0.09385 4.09819 0.14115 4.09819 -0.09865 
4.17829 1.63665 4.17829 -0.76445 4.17829 0.7795 4.17829 -0.079 4.17829 0.13685 4.17829 -0.0902 
4.25849 1.6122 4.25849 -0.6058 4.25849 0.873 4.25849 -0.05895 4.25849 0.124 4.25849 -0.07155 
4.33869 1.67305 4.33869 -0.43225 4.33869 1.02385 4.33869 -0.04175 4.33869 0.1153 4.33869 -0.05145 
4.41879 1.836 4.41879 -0.31815 4.41879 1.22175 4.41879 -0.03275 4.41879 0.1144 4.41879 -0.03825 
4.49899 1.89805 4.49899 -0.27835 4.49899 1.32355 4.49899 -0.0327 4.49899 0.11215 4.49899 -0.0342 
4.57909 1.66165 4.57909 -0.2639 4.57909 1.19325 4.57909 -0.0334 4.57909 0.0954 4.57909 -0.0331 
4.65929 1.16945 4.65929 -0.22555 4.65929 0.8583 4.65929 -0.02875 4.65929 0.0661 4.65929 -0.02865 
4.73949 0.6472 4.73949 -0.1724 4.73949 0.48325 4.73949 -0.02 4.73949 0.0364 4.73949 -0.02205 
4.81959 0.27815 4.81959 -0.15195 4.81959 0.2104 4.81959 -0.01375 4.81959 0.01515 4.81959 -0.01905 
4.89979 0.09185 4.89979 -0.18725 4.89979 0.06995 4.89979 -0.0118 4.89979 0.0046 4.89979 -0.02295 
4.97989 0.0231 4.97989 -0.24795 4.97989 0.0177 4.97989 -0.0134 4.97989 0.0009 4.97989 -0.03095 
5.06009 0.00435 5.06009 -0.27745 5.06009 0.00335 5.06009 -0.0143 5.06009 0.0001 5.06009 -0.03495 
5.14029 0.0006 5.14029 -0.24375 5.14029 0.00045 5.14029 -0.0126 5.14029 0.0 5.14029 -0.03085 
5.22039 5e-05 5.22039 -0.16495 5.22039 0.0 5.22039 -0.0079 5.22039 0.0 5.22039 -0.0205 
5.30059 0.0 5.30059 -0.0852 5.30059 0.0 5.30059 -0.00385 5.30059 0.0 5.30059 -0.0105 
5.38069 0.0 5.38069 -0.03335 5.38069 0.0 5.38069 -0.00085 5.38069 0.0 5.38069 -0.0035 
5.46089 0.0 5.46089 -0.0098 5.46089 0.0 5.46089 -0.0002 5.46089 0.0 5.46089 -0.0006 
5.54109 0.0 5.54109 -0.00215 5.54109 0.0 5.54109 -0.0 5.54109 0.0 5.54109 -0.0 
5.62119 0.0 5.62119 -0.00035 5.62119 0.0 5.62119 -0.0 5.62119 0.0 5.62119 -0.0 
5.70139 0.0 5.70139 -5e-05 5.70139 0.0 5.70139 -0.0 5.70139 0.0 5.70139 -0.0 
5.78149 0.0 5.78149 -0.0 5.78149 0.0 5.78149 -0.0 5.78149 0.0 5.78149 -0.0 
5.86169 0.0 5.86169 -0.0 5.86169 0.0 5.86169 -0.0 5.86169 0.0 5.86169 -0.0 
5.94189 0.0 5.94189 -0.0 5.94189 0.0 5.94189 -0.0 5.94189 0.0 5.94189 -0.0 
6.02199 0.0 6.02199 -0.0 6.02199 0.0 6.02199 -0.0 6.02199 0.0 6.02199 -0.0 
6.10219 0.0 6.10219 -0.0 6.10219 0.0 6.10219 -0.0 6.10219 0.0 6.10219 -0.0 
6.18229 0.0 6.18229 -0.0 6.18229 0.0 6.18229 -0.0 6.18229 0.0 6.18229 -0.0 
6.26249 0.0 6.26249 -0.0 6.26249 0.0 6.26249 -0.0 6.26249 0.0 6.26249 -0.0 
6.34269 0.0 6.34269 -0.0 6.34269 0.0 6.34269 -0.0 6.34269 0.0 6.34269 -0.0 
6.42279 0.0 6.42279 -0.0 6.42279 0.0 6.42279 -0.0 6.42279 0.0 6.42279 -0.0 
6.50299 0.0 6.50299 -0.0 6.50299 0.0 6.50299 -0.0 6.50299 0.0 6.50299 -0.0 
6.58309 0.0 6.58309 -0.0 6.58309 0.0 6.58309 -0.0 6.58309 0.0 6.58309 -0.0 
6.66329 0.0 6.66329 -0.0 6.66329 0.0 6.66329 -0.0 6.66329 0.0 6.66329 -0.0 
6.74349 0.0 6.74349 -0.0 6.74349 0.0 6.74349 -0.0 6.74349 0.0 6.74349 -0.0 
6.82359 0.0 6.82359 -0.0 6.82359 0.0 6.82359 -0.0 6.82359 0.0 6.82359 -0.0 
6.90379 0.0 6.90379 -0.0 6.90379 0.0 6.90379 -0.0 6.90379 0.0 6.90379 -0.0 
6.98389 0.0 6.98389 -0.0 6.98389 0.0 6.98389 -0.0 6.98389 0.0 6.98389 -0.0 
7.06409 0.0 7.06409 -0.0 7.06409 0.0 7.06409 -0.0 7.06409 0.0 7.06409 -0.0 
7.14429 0.0 7.14429 -0.0 7.14429 0.0 7.14429 -0.0 7.14429 0.0 7.14429 -0.0 
7.22439 0.0 7.22439 -0.0 7.22439 0.0 7.22439 -0.0 7.22439 0.0 7.22439 -0.0 
7.30459 0.0 7.30459 -0.0 7.30459 0.0 7.30459 -0.0 7.30459 0.0 7.30459 -0.0 
7.38469 0.0 7.38469 -0.0 7.38469 0.0 7.38469 -0.0 7.38469 0.0 7.38469 -0.0 
7.46489 0.0 7.46489 -0.0 7.46489 0.0 7.46489 -0.0 7.46489 0.0 7.46489 -0.0 
7.54509 0.0 7.54509 -0.0 7.54509 0.0 7.54509 -0.0 7.54509 0.0 7.54509 -0.0 
7.62519 0.0 7.62519 -0.0 7.62519 0.0 7.62519 -0.0 7.62519 0.0 7.62519 -0.0 
7.70539 0.0 7.70539 -0.0 7.70539 0.0 7.70539 -0.0 7.70539 0.0 7.70539 -0.0 
7.78559 0.0 7.78559 -0.0 7.78559 0.0 7.78559 -0.0 7.78559 0.0 7.78559 -0.0 
7.86569 0.0 7.86569 -0.0 7.86569 0.0 7.86569 -0.0 7.86569 0.0 7.86569 -0.0 
7.94589 0.0 7.94589 -0.0 7.94589 0.0 7.94589 -0.0 7.94589 0.0 7.94589 -0.0 
8.02599 0.0 8.02599 -0.0 8.02599 0.0 8.02599 -0.0 8.02599 0.0 8.02599 -0.0 
8.10619 0.0 8.10619 -0.0 8.10619 0.0 8.10619 -0.0 8.10619 0.0 8.10619 -0.0 
8.18639 0.0 8.18639 -0.0 8.18639 0.0 8.18639 -0.0 8.18639 0.0 8.18639 -0.0 
8.26649 0.0 8.26649 -0.0 8.26649 0.0 8.26649 -0.0 8.26649 0.0 8.26649 -0.0 
8.34669 0.0 8.34669 -0.0 8.34669 0.0 8.34669 -0.0 8.34669 0.0 8.34669 -0.0 
8.42679 0.0 8.42679 -0.0 8.42679 0.0 8.42679 -0.0 8.42679 0.0 8.42679 -0.0 
8.50699 0.0 8.50699 -0.0 8.50699 0.0 8.50699 -0.0 8.50699 0.0 8.50699 -0.0 
8.58719 0.0 8.58719 -0.0 8.58719 0.0 8.58719 -0.0 8.58719 0.0 8.58719 -0.0 
8.66729 0.0 8.66729 -0.0 8.66729 0.0 8.66729 -0.0 8.66729 0.0 8.66729 -0.0 
8.74749 0.0 8.74749 -0.0 8.74749 0.0 8.74749 -0.0 8.74749 0.0 8.74749 -0.0 
8.82759 0.0 8.82759 -0.0 8.82759 0.0 8.82759 -0.0 8.82759 0.0 8.82759 -0.0 
8.90779 0.0 8.90779 -0.0 8.90779 0.0 8.90779 -0.0 8.90779 0.0 8.90779 -0.0 
8.98799 0.0 8.98799 -0.0 8.98799 0.0 8.98799 -0.0 8.98799 0.0 8.98799 -0.0 
9.06809 0.0 9.06809 -0.0 9.06809 0.0 9.06809 -0.0 9.06809 0.0 9.06809 -0.0 
9.14829 0.0 9.14829 -0.0 9.14829 0.0 9.14829 -0.0 9.14829 0.0 9.14829 -0.0 
9.22839 0.0 9.22839 -0.0 9.22839 0.0 9.22839 -0.0 9.22839 0.0 9.22839 -0.0 
9.30859 0.0 9.30859 -0.0 9.30859 0.0 9.30859 -0.0 9.30859 0.0 9.30859 -0.0 
9.38879 0.0 9.38879 -0.0 9.38879 0.0 9.38879 -0.0 9.38879 0.0 9.38879 -0.0 
9.46889 0.0 9.46889 -0.0 9.46889 0.0 9.46889 -0.0 9.46889 0.0 9.46889 -0.0 
9.54909 0.0 9.54909 -0.0 9.54909 0.0 9.54909 -0.0 9.54909 0.0 9.54909 -0.0 
9.62919 0.0 9.62919 -0.0 9.62919 0.0 9.62919 -0.0 9.62919 0.0 9.62919 -0.0 
9.70939 0.0 9.70939 -0.0 9.70939 0.0 9.70939 -0.0 9.70939 0.0 9.70939 -0.0 
9.78959 0.0 9.78959 -0.0 9.78959 0.0 9.78959 -0.0 9.78959 0.0 9.78959 -0.0 
9.86969 0.0 9.86969 -0.0 9.86969 0.0 9.86969 -0.0 9.86969 0.0 9.86969 -0.0 
9.94989 0.0 9.94989 -0.0 9.94989 0.0 9.94989 -0.0 9.94989 0.0 9.94989 -0.0 
10.03 0.0 10.03 -0.0 10.03 0.0 10.03 -0.0 10.03 0.0 10.03 -0.0 
10.1102 0.0 10.1102 -0.0 10.1102 0.0 10.1102 -0.0 10.1102 0.0 10.1102 -0.0 
10.1904 0.0 10.1904 -0.0 10.1904 0.0 10.1904 -0.0 10.1904 0.0 10.1904 -0.0 
10.2705 0.0 10.2705 -0.0 10.2705 0.0 10.2705 -0.0 10.2705 0.0 10.2705 -0.0 
10.3507 0.0 10.3507 -0.0 10.3507 0.0 10.3507 -0.0 10.3507 0.0 10.3507 -0.0 
10.4308 0.0 10.4308 -0.0 10.4308 0.0 10.4308 -0.0 10.4308 0.0 10.4308 -0.0 
10.511 0.0 10.511 -0.0 10.511 0.0 10.511 -0.0 10.511 0.0 10.511 -0.0 
10.5912 0.0 10.5912 -0.0 10.5912 0.0 10.5912 -0.0 10.5912 0.0 10.5912 -0.0 
10.6713 0.0 10.6713 -0.0 10.6713 0.0 10.6713 -0.0 10.6713 0.0 10.6713 -0.0 
10.7515 0.0 10.7515 -0.0 10.7515 0.0 10.7515 -0.0 10.7515 0.0 10.7515 -0.0 
10.8316 0.0 10.8316 -0.0 10.8316 0.0 10.8316 -0.0 10.8316 0.0 10.8316 -0.0 
10.9118 0.0 10.9118 -0.0 10.9118 0.0 10.9118 -0.0 10.9118 0.0 10.9118 -0.0 
10.992 0.0 10.992 -0.0 10.992 0.0 10.992 -0.0 10.992 0.0 10.992 -0.0 
11.0721 0.0 11.0721 -0.0 11.0721 0.0 11.0721 -0.0 11.0721 0.0 11.0721 -0.0 
11.1523 0.0 11.1523 -0.0 11.1523 0.0 11.1523 -0.0 11.1523 0.0 11.1523 -0.0 
11.2324 0.0 11.2324 -0.0 11.2324 0.0 11.2324 -0.0 11.2324 0.0 11.2324 -0.0 
11.3126 0.0 11.3126 -0.0 11.3126 0.0 11.3126 -0.0 11.3126 0.0 11.3126 -0.0 
11.3928 0.0 11.3928 -0.0 11.3928 0.0 11.3928 -0.0 11.3928 0.0 11.3928 -0.0 
11.4729 0.0 11.4729 -0.0 11.4729 0.0 11.4729 -0.0 11.4729 0.0 11.4729 -0.0 
11.5531 0.0 11.5531 -0.0 11.5531 0.0 11.5531 -0.0 11.5531 0.0 11.5531 -0.0 
11.6332 0.0 11.6332 -0.0 11.6332 0.0 11.6332 -0.0 11.6332 0.0 11.6332 -0.0 
11.7134 0.0 11.7134 -0.0 11.7134 0.0 11.7134 -0.0 11.7134 0.0 11.7134 -0.0 
11.7936 0.0 11.7936 -0.0 11.7936 0.0 11.7936 -0.0 11.7936 0.0 11.7936 -0.0 
11.8737 0.0 11.8737 -0.0 11.8737 0.0 11.8737 -0.0 11.8737 0.0 11.8737 -0.0 
11.9539 0.0 11.9539 -0.0 11.9539 0.0 11.9539 -0.0 11.9539 0.0 11.9539 -0.0 
12.034 0.0 12.034 -0.0 12.034 0.0 12.034 -0.0 12.034 0.0 12.034 -0.0 
12.1142 0.0 12.1142 -0.0 12.1142 0.0 12.1142 -0.0 12.1142 0.0 12.1142 -0.0 
12.1944 0.0 12.1944 -0.0 12.1944 0.0 12.1944 -0.0 12.1944 0.0 12.1944 -0.0 
12.2745 0.0 12.2745 -0.0 12.2745 0.0 12.2745 -0.0 12.2745 0.0 12.2745 -0.0 
12.3547 0.0 12.3547 -0.0 12.3547 0.0 12.3547 -0.0 12.3547 0.0 12.3547 -0.0 
12.4348 0.0 12.4348 -0.0 12.4348 0.0 12.4348 -0.0 12.4348 0.0 12.4348 -0.0 
12.515 0.0 12.515 -0.0 12.515 0.0 12.515 -0.0 12.515 0.0 12.515 -0.0 
12.5952 0.0 12.5952 -0.0 12.5952 0.0 12.5952 -0.0 12.5952 0.0 12.5952 -0.0 
12.6753 0.0 12.6753 -0.0 12.6753 0.0 12.6753 -0.0 12.6753 0.0 12.6753 -0.0 
12.7555 0.0 12.7555 -0.0 12.7555 0.0 12.7555 -0.0 12.7555 0.0 12.7555 -0.0 
12.8357 0.0 12.8357 -0.0 12.8357 0.0 12.8357 -0.0 12.8357 0.0 12.8357 -0.0 
12.9158 0.0 12.9158 -0.0 12.9158 0.0 12.9158 -0.0 12.9158 0.0 12.9158 -0.0 
12.996 0.0 12.996 -0.0 12.996 0.0 12.996 -0.0 12.996 0.0 12.996 -0.0 
13.0761 0.0 13.0761 -0.0 13.0761 0.0 13.0761 -0.0 13.0761 0.0 13.0761 -0.0 
13.1563 0.0 13.1563 -0.0 13.1563 0.0 13.1563 -0.0 13.1563 0.0 13.1563 -0.0 
13.2365 0.0 13.2365 -0.0 13.2365 0.0 13.2365 -0.0 13.2365 0.0 13.2365 -0.0 
13.3166 0.0 13.3166 -0.0 13.3166 0.0 13.3166 -0.0 13.3166 0.0 13.3166 -0.0 
13.3968 0.0 13.3968 -0.0 13.3968 0.0 13.3968 -0.0 13.3968 0.0 13.3968 -0.0 
13.4769 0.0 13.4769 -0.0 13.4769 0.0 13.4769 -0.0 13.4769 0.0 13.4769 -0.0 
13.5571 0.0 13.5571 -0.0 13.5571 0.0 13.5571 -0.0 13.5571 0.0 13.5571 -0.0 
13.6373 0.0 13.6373 -0.0 13.6373 0.0 13.6373 -0.0 13.6373 0.0 13.6373 -0.0 
13.7174 0.0 13.7174 -0.0 13.7174 0.0 13.7174 -0.0 13.7174 0.0 13.7174 -0.0 
13.7976 0.0 13.7976 -0.0 13.7976 0.0 13.7976 -0.0 13.7976 0.0 13.7976 -0.0 
13.8777 0.0 13.8777 -0.0 13.8777 0.0 13.8777 -0.0 13.8777 0.0 13.8777 -0.0 
13.9579 0.0 13.9579 -0.0 13.9579 0.0 13.9579 -0.0 13.9579 0.0 13.9579 -0.0 
14.0381 0.0 14.0381 -0.0 14.0381 0.0 14.0381 -0.0 14.0381 0.0 14.0381 -0.0 
14.1182 0.0 14.1182 -0.0 14.1182 0.0 14.1182 -0.0 14.1182 0.0 14.1182 -0.0 
14.1984 0.0 14.1984 -0.0 14.1984 0.0 14.1984 -0.0 14.1984 0.0 14.1984 -0.0 
14.2785 0.0 14.2785 -0.0 14.2785 0.0 14.2785 -0.0 14.2785 0.0 14.2785 -0.0 
14.3587 0.0 14.3587 -0.0 14.3587 0.0 14.3587 -0.0 14.3587 0.0 14.3587 -0.0 
14.4389 0.0 14.4389 -0.0 14.4389 0.0 14.4389 -0.0 14.4389 0.0 14.4389 -0.0 
14.519 0.0 14.519 -0.0 14.519 0.0 14.519 -0.0 14.519 0.0 14.519 -0.0 
14.5992 0.0 14.5992 -0.0 14.5992 0.0 14.5992 -0.0 14.5992 0.0 14.5992 -0.0 
14.6793 0.0 14.6793 -0.0 14.6793 0.0 14.6793 -0.0 14.6793 0.0 14.6793 -0.0 
14.7595 0.0 14.7595 -0.0 14.7595 0.0 14.7595 -0.0 14.7595 0.0 14.7595 -0.0 
14.8397 0.0 14.8397 -0.0 14.8397 0.0 14.8397 -0.0 14.8397 0.0 14.8397 -0.0 
14.9198 0.0 14.9198 -0.0 14.9198 0.0 14.9198 -0.0 14.9198 0.0 14.9198 -0.0 
15 0.0 15 -0.0 15 0.0 15 -0.0 15 0.0 15 -0.0 
15.0801 0.0 15.0801 -0.0 15.0801 0.0 15.0801 -0.0 15.0801 0.0 15.0801 -0.0 
15.1603 0.0 15.1603 -0.0 15.1603 0.0 15.1603 -0.0 15.1603 0.0 15.1603 -0.0 
