    -24.8397        24.95
    -24.7595            0
    -24.6794            0
    -24.5992            0
    -24.5191            0
    -24.4389            0
    -24.3587            0
    -24.2786            0
    -24.1984            0
    -24.1183            0
    -24.0381            0
    -23.9579            0
    -23.8778            0
    -23.7976            0
    -23.7175            0
    -23.6373            0
    -23.5571            0
     -23.477            0
    -23.3968            0
    -23.3167            0
    -23.2365            0
    -23.1563            0
    -23.0762            0
     -22.996            0
    -22.9159            0
    -22.8357            0
    -22.7555            0
    -22.6754            0
    -22.5952            0
    -22.5151            0
    -22.4349            0
    -22.3547            0
    -22.2746            0
    -22.1944            0
    -22.1142            0
    -22.0341            0
    -21.9539            0
    -21.8738            0
    -21.7936            0
    -21.7134            0
    -21.6333            0
    -21.5531            0
     -21.473            0
    -21.3928            0
    -21.3126            0
    -21.2325            0
    -21.1523            0
    -21.0722            0
     -20.992       0.0003
    -20.9118       0.0022
    -20.8317       0.0124
    -20.7515       0.0517
    -20.6714       0.1645
    -20.5912       0.4065
     -20.511       0.7984
    -20.4309       1.2864
    -20.3507       1.7585
    -20.2706       2.0914
    -20.1904       2.2058
    -20.1102        2.177
    -20.0301       2.3307
    -19.9499       3.1091
    -19.8698       4.7399
    -19.7896       7.0883
    -19.7094       9.8519
    -19.6293       12.719
    -19.5491      15.1902
     -19.469      16.5692
    -19.3888      16.7181
    -19.3086       16.774
    -19.2285      18.3972
    -19.1483      22.0223
    -19.0682      26.1378
     -18.988      28.5229
    -18.9078      28.2871
    -18.8277      26.4661
    -18.7475      24.5304
    -18.6674      23.0241
    -18.5872      21.7859
     -18.507      20.5289
    -18.4269      18.9002
    -18.3467      16.5273
    -18.2666      13.3163
    -18.1864       9.7041
    -18.1062       6.5818
    -18.0261        4.826
    -17.9459       4.6782
    -17.8658       5.6037
    -17.7856       6.8369
    -17.7054       7.8726
    -17.6253       8.4592
    -17.5451       8.5295
     -17.465       8.2664
    -17.3848       8.0952
    -17.3046       8.4705
    -17.2245       9.4315
    -17.1443       10.386
    -17.0641      10.5527
     -16.984       9.5319
    -16.9038       7.4616
    -16.8237       4.9125
    -16.7435       2.6301
    -16.6633       1.1101
    -16.5832       0.3605
     -16.503       0.0885
    -16.4229       0.0162
    -16.3427       0.0022
    -16.2625       0.0002
    -16.1824            0
    -16.1022            0
    -16.0221            0
    -15.9419            0
    -15.8617            0
    -15.7816            0
    -15.7014            0
    -15.6213            0
    -15.5411            0
    -15.4609            0
    -15.3808            0
    -15.3006            0
    -15.2205            0
    -15.1403            0
    -15.0601            0
      -14.98            0
    -14.8998            0
    -14.8197            0
    -14.7395            0
    -14.6593            0
    -14.5792            0
     -14.499            0
    -14.4189            0
    -14.3387            0
    -14.2585            0
    -14.1784            0
    -14.0982            0
    -14.0181            0
    -13.9379            0
    -13.8577            0
    -13.7776            0
    -13.6974            0
    -13.6173            0
    -13.5371            0
    -13.4569            0
    -13.3768            0
    -13.2966            0
    -13.2165            0
    -13.1363            0
    -13.0561            0
     -12.976            0
    -12.8958            0
    -12.8157            0
    -12.7355            0
    -12.6553            0
    -12.5752            0
     -12.495            0
    -12.4149            0
    -12.3347            0
    -12.2545            0
    -12.1744            0
    -12.0942            0
     -12.014            0
    -11.9339            0
    -11.8537            0
    -11.7736            0
    -11.6934            0
    -11.6132            0
    -11.5331            0
    -11.4529            0
    -11.3728            0
    -11.2926            0
    -11.2124            0
    -11.1323            0
    -11.0521            0
     -10.972            0
    -10.8918            0
    -10.8116       0.0004
    -10.7315       0.0027
    -10.6513       0.0143
    -10.5712       0.0584
     -10.491       0.1871
    -10.4108       0.4896
    -10.3307       1.0914
    -10.2505       2.1435
    -10.1704       3.7468
    -10.0902       5.8065
      -10.01       8.0199
    -9.92991      10.1492
    -9.84971      12.3072
    -9.76961      14.8711
    -9.68941      18.0404
    -9.60921      21.5658
    -9.52911      25.1266
    -9.44891      28.7856
    -9.36881      32.6594
    -9.28861      36.4049
    -9.20841      39.4395
    -9.12831      41.4613
    -9.04811       42.622
    -8.96801      43.3904
    -8.88781      44.2603
    -8.80761      45.4119
    -8.72751      46.4809
    -8.64731      46.5962
    -8.56721      44.9276
    -8.48701      41.5093
    -8.40681      37.4076
    -8.32671      33.9141
    -8.24651      31.6727
    -8.16641      30.4554
    -8.08621      29.3748
    -8.00601      27.4658
    -7.92591      24.5012
    -7.84571      21.0546
    -7.76561      17.6589
    -7.68541      14.4651
    -7.60521       11.736
    -7.52511       9.8787
    -7.44491       8.7921
    -7.36481       7.8672
    -7.28461        6.931
    -7.20441       6.5005
    -7.12431       6.6784
    -7.04411       6.5937
    -6.96391       5.5375
    -6.88381       3.9608
    -6.80361       2.8566
    -6.72351       2.7437
    -6.64331       3.5734
    -6.56311       5.1818
    -6.48301       7.4939
    -6.40281      10.3343
    -6.32271      13.1817
    -6.24251      15.2911
    -6.16231      16.2705
    -6.08221      16.5767
    -6.00201      17.2865
    -5.92191      19.2003
    -5.84171       22.026
    -5.76151      24.5037
    -5.68141      25.4094
    -5.60121      24.3937
    -5.52111      22.0715
    -5.44091      19.5578
    -5.36071      17.7826
    -5.28061      17.0518
    -5.20041      17.1313
    -5.12031      17.6357
    -5.04011      18.3303
    -4.95991      19.1471
    -4.87981      20.0683
    -4.79961      21.0968
    -4.71951        22.26
    -4.63931      23.5552
    -4.55911      24.9159
    -4.47901      26.1919
    -4.39881      27.0855
    -4.31871      27.2394
    -4.23851      26.5664
    -4.15831      25.4433
    -4.07821       24.439
    -3.99801      23.8654
    -3.91791      23.6481
    -3.83771      23.5675
    -3.75751      23.5441
    -3.67741      23.6537
    -3.59721      23.9046
    -3.51711      24.1668
    -3.43691      24.3623
    -3.35671       24.568
    -3.27661      24.8866
    -3.19641      25.3124
    -3.11631      25.7507
    -3.03611      26.1245
    -2.95591       26.468
    -2.87581      26.9412
    -2.79561      27.6697
    -2.71551      28.4613
    -2.63531      28.7608
    -2.55511      28.1027
    -2.47501      26.6184
    -2.39481      24.9387
    -2.31461      23.6784
    -2.23451      23.1118
    -2.15431      23.1111
    -2.07421      23.2039
    -1.99401      22.8666
    -1.91381      21.9009
    -1.83371      20.4333
    -1.75351      18.6665
    -1.67341       16.846
    -1.59321      15.2424
    -1.51301      13.8972
    -1.43291      12.6279
    -1.35271      11.3949
    -1.27261      10.2853
    -1.19241       9.1682
    -1.11221       7.8064
    -1.03211       6.2019
   -0.951912       4.5616
   -0.871812       3.1286
   -0.791612        2.161
   -0.711412         1.84
   -0.631312       2.0737
   -0.551112       2.5218
   -0.471012       2.9149
   -0.390812       3.2359
   -0.310612        3.478
   -0.230512       3.4069
   -0.150312        2.805
  -0.0702118       1.8574
  0.00998818       1.0945
   0.0901882       1.1091
    0.170288       2.5437
    0.250488       6.0139
    0.330588      11.4276
    0.410788      17.4408
    0.490988      22.2187
    0.571088      24.7529
    0.651288      25.2293
    0.731388      24.7236
    0.811588      24.6389
    0.891788      25.4961
    0.971888      26.1918
     1.05209      25.1691
     1.13219      22.2674
     1.21239      19.0283
     1.29259      17.1607
     1.37269      16.7485
     1.45289      16.2562
     1.53299      14.4418
     1.61319      11.5923
     1.69339        8.739
     1.77349       6.5809
     1.85369       5.3077
     1.93379       4.7465
     2.01399       4.6515
     2.09419       5.0818
     2.17429       6.1795
     2.25449       7.5885
     2.33459       8.6016
     2.41479       8.8269
     2.49499       8.3156
     2.57509       7.2183
     2.65529       5.6614
     2.73549       3.8808
     2.81559       2.2727
     2.89579       1.2296
     2.97589       0.9606
     3.05609       1.5011
     3.13629       2.7493
     3.21639        4.375
     3.29659       5.7974
     3.37669       6.4076
     3.45689        5.919
     3.53709       4.6049
     3.61719       3.1485
     3.69739       2.1563
     3.77749       1.8155
     3.85769       1.9666
     3.93789       2.3721
     4.01799        2.843
     4.09819       3.1883
     4.17829       3.2733
     4.25849       3.2244
     4.33869       3.3461
     4.41879        3.672
     4.49899       3.7961
     4.57909       3.3233
     4.65929       2.3389
     4.73949       1.2944
     4.81959       0.5563
     4.89979       0.1837
     4.97989       0.0462
     5.06009       0.0087
     5.14029       0.0012
     5.22039       0.0001
     5.30059            0
     5.38069            0
     5.46089            0
     5.54109            0
     5.62119            0
     5.70139            0
     5.78149            0
     5.86169            0
     5.94189            0
     6.02199            0
     6.10219            0
     6.18229            0
     6.26249            0
     6.34269            0
     6.42279            0
     6.50299            0
     6.58309            0
     6.66329            0
     6.74349            0
     6.82359            0
     6.90379            0
     6.98389            0
     7.06409            0
     7.14429            0
     7.22439            0
     7.30459            0
     7.38469            0
     7.46489            0
     7.54509            0
     7.62519            0
     7.70539            0
     7.78559            0
     7.86569            0
     7.94589            0
     8.02599            0
     8.10619            0
     8.18639            0
     8.26649            0
     8.34669            0
     8.42679            0
     8.50699            0
     8.58719            0
     8.66729            0
     8.74749            0
     8.82759            0
     8.90779            0
     8.98799            0
     9.06809            0
     9.14829            0
     9.22839            0
     9.30859            0
     9.38879            0
     9.46889            0
     9.54909            0
     9.62919            0
     9.70939            0
     9.78959            0
     9.86969            0
     9.94989            0
       10.03            0
     10.1102            0
     10.1904            0
     10.2705            0
     10.3507            0
     10.4308            0
      10.511            0
     10.5912            0
     10.6713            0
     10.7515            0
     10.8316            0
     10.9118            0
      10.992            0
     11.0721            0
     11.1523            0
     11.2324            0
     11.3126            0
     11.3928            0
     11.4729            0
     11.5531            0
     11.6332            0
     11.7134            0
     11.7936            0
     11.8737            0
     11.9539            0
      12.034            0
     12.1142            0
     12.1944            0
     12.2745            0
     12.3547            0
     12.4348            0
      12.515            0
     12.5952            0
     12.6753            0
     12.7555            0
     12.8357            0
     12.9158            0
      12.996            0
     13.0761            0
     13.1563            0
     13.2365            0
     13.3166            0
     13.3968            0
     13.4769            0
     13.5571            0
     13.6373            0
     13.7174            0
     13.7976            0
     13.8777            0
     13.9579            0
     14.0381            0
     14.1182            0
     14.1984            0
     14.2785            0
     14.3587            0
     14.4389            0
      14.519            0
     14.5992            0
     14.6793            0
     14.7595            0
     14.8397            0
     14.9198            0
          15            0
     15.0801            0
     15.1603            0

    -24.8397       -24.95
    -24.7595           -0
    -24.6794           -0
    -24.5992           -0
    -24.5191           -0
    -24.4389           -0
    -24.3587           -0
    -24.2786           -0
    -24.1984           -0
    -24.1183           -0
    -24.0381           -0
    -23.9579           -0
    -23.8778           -0
    -23.7976           -0
    -23.7175           -0
    -23.6373           -0
    -23.5571           -0
     -23.477           -0
    -23.3968           -0
    -23.3167           -0
    -23.2365           -0
    -23.1563           -0
    -23.0762           -0
     -22.996           -0
    -22.9159           -0
    -22.8357           -0
    -22.7555           -0
    -22.6754           -0
    -22.5952           -0
    -22.5151           -0
    -22.4349           -0
    -22.3547           -0
    -22.2746           -0
    -22.1944           -0
    -22.1142           -0
    -22.0341           -0
    -21.9539           -0
    -21.8738           -0
    -21.7936           -0
    -21.7134           -0
    -21.6333           -0
    -21.5531           -0
     -21.473           -0
    -21.3928           -0
    -21.3126           -0
    -21.2325           -0
    -21.1523           -0
    -21.0722           -0
     -20.992           -0
    -20.9118           -0
    -20.8317           -0
    -20.7515      -0.0002
    -20.6714      -0.0014
    -20.5912      -0.0082
     -20.511      -0.0373
    -20.4309      -0.1285
    -20.3507      -0.3421
    -20.2706      -0.7189
    -20.1904      -1.2286
    -20.1102      -1.7699
    -20.0301      -2.2335
    -19.9499      -2.5936
    -19.8698      -3.0148
    -19.7896        -3.87
    -19.7094      -5.4727
    -19.6293      -7.6668
    -19.5491      -9.7871
     -19.469     -11.1384
    -19.3888     -11.5356
    -19.3086     -11.4531
    -19.2285     -11.6532
    -19.1483     -12.6444
    -19.0682     -14.6125
     -18.988     -17.6347
    -18.9078     -21.4488
    -18.8277     -25.1504
    -18.7475     -27.5925
    -18.6674     -28.0325
    -18.5872     -26.2928
     -18.507     -22.7067
    -18.4269     -18.1465
    -18.3467     -13.7546
    -18.2666     -10.4035
    -18.1864      -8.5691
    -18.1062      -8.6638
    -18.0261     -10.8914
    -17.9459     -14.3793
    -17.8658     -16.9174
    -17.7856     -16.3729
    -17.7054     -12.6261
    -17.6253      -7.7338
    -17.5451      -4.0467
     -17.465      -2.5495
    -17.3848      -2.9521
    -17.3046      -4.7249
    -17.2245      -7.7325
    -17.1443     -11.9118
    -17.0641     -16.4205
     -16.984     -19.4959
    -16.9038     -19.5835
    -16.8237     -16.5523
    -16.7435     -11.7215
    -16.6633      -6.8898
    -16.5832      -3.3117
     -16.503      -1.2788
    -16.4229      -0.3897
    -16.3427      -0.0922
    -16.2625      -0.0167
    -16.1824      -0.0023
    -16.1022      -0.0002
    -16.0221           -0
    -15.9419           -0
    -15.8617           -0
    -15.7816           -0
    -15.7014           -0
    -15.6213           -0
    -15.5411           -0
    -15.4609           -0
    -15.3808           -0
    -15.3006           -0
    -15.2205           -0
    -15.1403           -0
    -15.0601           -0
      -14.98           -0
    -14.8998           -0
    -14.8197           -0
    -14.7395           -0
    -14.6593           -0
    -14.5792           -0
     -14.499           -0
    -14.4189           -0
    -14.3387           -0
    -14.2585           -0
    -14.1784           -0
    -14.0982           -0
    -14.0181           -0
    -13.9379           -0
    -13.8577           -0
    -13.7776           -0
    -13.6974           -0
    -13.6173           -0
    -13.5371           -0
    -13.4569           -0
    -13.3768           -0
    -13.2966           -0
    -13.2165           -0
    -13.1363           -0
    -13.0561           -0
     -12.976           -0
    -12.8958           -0
    -12.8157           -0
    -12.7355           -0
    -12.6553           -0
    -12.5752           -0
     -12.495           -0
    -12.4149           -0
    -12.3347           -0
    -12.2545           -0
    -12.1744           -0
    -12.0942           -0
     -12.014           -0
    -11.9339           -0
    -11.8537           -0
    -11.7736           -0
    -11.6934           -0
    -11.6132           -0
    -11.5331           -0
    -11.4529           -0
    -11.3728           -0
    -11.2926           -0
    -11.2124      -0.0003
    -11.1323      -0.0031
    -11.0521       -0.021
     -10.972       -0.103
    -10.8918      -0.3701
    -10.8116      -0.9724
    -10.7315      -1.8698
    -10.6513      -2.6313
    -10.5712      -2.7102
     -10.491       -2.043
    -10.4108      -1.1271
    -10.3307      -0.4551
    -10.2505      -0.1353
    -10.1704       -0.037
    -10.0902      -0.0563
      -10.01      -0.2502
    -9.92991       -0.908
    -9.84971      -2.5117
    -9.76961      -5.3609
    -9.68941      -9.0468
    -9.60921     -12.6159
    -9.52911     -15.6053
    -9.44891     -18.5172
    -9.36881     -21.8346
    -9.28861      -25.035
    -9.20841     -26.9256
    -9.12831     -26.5993
    -9.04811     -24.2682
    -8.96801     -21.4333
    -8.88781     -19.3267
    -8.80761     -17.1599
    -8.72751     -13.4677
    -8.64731      -8.8018
    -8.56721      -5.2804
    -8.48701      -4.0516
    -8.40681      -4.5842
    -8.32671      -5.8012
    -8.24651      -6.8984
    -8.16641      -7.4295
    -8.08621      -7.3328
    -8.00601      -6.9572
    -7.92591      -6.8851
    -7.84571      -7.5061
    -7.76561      -8.4614
    -7.68541      -8.6954
    -7.60521      -7.5147
    -7.52511      -5.4229
    -7.44491      -3.5687
    -7.36481      -2.6846
    -7.28461       -2.816
    -7.20441      -3.6974
    -7.12431      -5.0901
    -7.04411       -6.801
    -6.96391      -8.5017
    -6.88381      -9.7632
    -6.80361     -10.3821
    -6.72351     -10.5501
    -6.64331     -10.6551
    -6.56311       -10.94
    -6.48301     -11.4381
    -6.40281     -12.2916
    -6.32271     -13.7999
    -6.24251     -15.8796
    -6.16231     -17.7734
    -6.08221     -18.5793
    -6.00201     -18.0529
    -5.92191     -16.9241
    -5.84171     -16.3835
    -5.76151     -17.0561
    -5.68141     -18.4469
    -5.60121     -19.5075
    -5.52111     -19.7095
    -5.44091     -19.4704
    -5.36071     -19.6334
    -5.28061      -20.681
    -5.20041     -22.4603
    -5.12031     -24.4863
    -5.04011     -26.2526
    -4.95991     -27.3225
    -4.87981     -27.5156
    -4.79961     -27.1365
    -4.71951     -26.7947
    -4.63931     -26.8607
    -4.55911     -27.2258
    -4.47901      -27.695
    -4.39881     -28.4003
    -4.31871     -29.6102
    -4.23851     -31.2721
    -4.15831     -32.8887
    -4.07821     -33.7959
    -3.99801     -33.5709
    -3.91791     -32.2667
    -3.83771     -30.3321
    -3.75751     -28.3539
    -3.67741      -26.827
    -3.59721     -26.0156
    -3.51711     -25.8947
    -3.43691      -26.217
    -3.35671     -26.6837
    -3.27661     -27.0376
    -3.19641     -27.0861
    -3.11631     -26.7811
    -3.03611     -26.2008
    -2.95591     -25.4161
    -2.87581     -24.5094
    -2.79561     -23.6735
    -2.71551     -23.0956
    -2.63531     -22.6889
    -2.55511     -22.0672
    -2.47501     -20.9553
    -2.39481     -19.5564
    -2.31461     -18.2126
    -2.23451     -16.7632
    -2.15431     -14.7606
    -2.07421     -12.3716
    -1.99401     -10.4931
    -1.91381      -9.8109
    -1.83371     -10.0815
    -1.75351       -10.38
    -1.67341      -9.8783
    -1.59321      -8.5252
    -1.51301      -7.1028
    -1.43291      -6.4134
    -1.35271      -6.3566
    -1.27261      -6.0525
    -1.19241      -4.8915
    -1.11221      -3.1638
    -1.03211      -1.6009
   -0.951912      -0.6272
   -0.871812      -0.1888
   -0.791612      -0.0434
   -0.711412      -0.0082
   -0.631312      -0.0067
   -0.551112      -0.0368
   -0.471012       -0.174
   -0.390812      -0.6147
   -0.310612      -1.6364
   -0.230512      -3.3414
   -0.150312       -5.382
  -0.0702118       -7.107
  0.00998818      -8.0431
   0.0901882      -8.1811
    0.170288      -8.0234
    0.250488      -8.4596
    0.330588     -10.1292
    0.410788     -12.7277
    0.490988     -15.5027
    0.571088     -18.5935
    0.651288      -23.127
    0.731388     -29.5795
    0.811588     -36.5968
    0.891788      -41.906
    0.971888     -44.1188
     1.05209     -43.4697
     1.13219     -41.3435
     1.21239     -39.3882
     1.29259     -38.6868
     1.37269     -39.4428
     1.45289     -41.1766
     1.53299     -42.9786
     1.61319     -44.0098
     1.69339     -44.2682
     1.77349     -44.5196
     1.85369     -45.0429
     1.93379     -44.9495
     2.01399     -43.3194
     2.09419     -40.4223
     2.17429     -37.1884
     2.25449      -34.077
     2.33459     -30.9967
     2.41479     -27.8062
     2.49499     -24.4603
     2.57509     -20.9743
     2.65529     -17.5746
     2.73549     -14.7378
     2.81559     -12.7465
     2.89579     -11.2288
     2.97589      -9.4643
     3.05609      -7.1854
     3.13629      -4.8552
     3.21639      -3.1573
     3.29659      -2.3847
     3.37669       -2.287
     3.45689      -2.3301
     3.53709      -2.1074
     3.61719      -1.6172
     3.69739      -1.1566
     3.77749      -0.9704
     3.85769      -1.0715
     3.93789       -1.326
     4.01799      -1.5716
     4.09819      -1.6645
     4.17829      -1.5289
     4.25849      -1.2116
     4.33869      -0.8645
     4.41879      -0.6363
     4.49899      -0.5567
     4.57909      -0.5278
     4.65929      -0.4511
     4.73949      -0.3448
     4.81959      -0.3039
     4.89979      -0.3745
     4.97989      -0.4959
     5.06009      -0.5549
     5.14029      -0.4875
     5.22039      -0.3299
     5.30059      -0.1704
     5.38069      -0.0667
     5.46089      -0.0196
     5.54109      -0.0043
     5.62119      -0.0007
     5.70139      -0.0001
     5.78149           -0
     5.86169           -0
     5.94189           -0
     6.02199           -0
     6.10219           -0
     6.18229           -0
     6.26249           -0
     6.34269           -0
     6.42279           -0
     6.50299           -0
     6.58309           -0
     6.66329           -0
     6.74349           -0
     6.82359           -0
     6.90379           -0
     6.98389           -0
     7.06409           -0
     7.14429           -0
     7.22439           -0
     7.30459           -0
     7.38469           -0
     7.46489           -0
     7.54509           -0
     7.62519           -0
     7.70539           -0
     7.78559           -0
     7.86569           -0
     7.94589           -0
     8.02599           -0
     8.10619           -0
     8.18639           -0
     8.26649           -0
     8.34669           -0
     8.42679           -0
     8.50699           -0
     8.58719           -0
     8.66729           -0
     8.74749           -0
     8.82759           -0
     8.90779           -0
     8.98799           -0
     9.06809           -0
     9.14829           -0
     9.22839           -0
     9.30859           -0
     9.38879           -0
     9.46889           -0
     9.54909           -0
     9.62919           -0
     9.70939           -0
     9.78959           -0
     9.86969           -0
     9.94989           -0
       10.03           -0
     10.1102           -0
     10.1904           -0
     10.2705           -0
     10.3507           -0
     10.4308           -0
      10.511           -0
     10.5912           -0
     10.6713           -0
     10.7515           -0
     10.8316           -0
     10.9118           -0
      10.992           -0
     11.0721           -0
     11.1523           -0
     11.2324           -0
     11.3126           -0
     11.3928           -0
     11.4729           -0
     11.5531           -0
     11.6332           -0
     11.7134           -0
     11.7936           -0
     11.8737           -0
     11.9539           -0
      12.034           -0
     12.1142           -0
     12.1944           -0
     12.2745           -0
     12.3547           -0
     12.4348           -0
      12.515           -0
     12.5952           -0
     12.6753           -0
     12.7555           -0
     12.8357           -0
     12.9158           -0
      12.996           -0
     13.0761           -0
     13.1563           -0
     13.2365           -0
     13.3166           -0
     13.3968           -0
     13.4769           -0
     13.5571           -0
     13.6373           -0
     13.7174           -0
     13.7976           -0
     13.8777           -0
     13.9579           -0
     14.0381           -0
     14.1182           -0
     14.1984           -0
     14.2785           -0
     14.3587           -0
     14.4389           -0
      14.519           -0
     14.5992           -0
     14.6793           -0
     14.7595           -0
     14.8397           -0
     14.9198           -0
          15           -0
     15.0801           -0
     15.1603           -0

    -24.8397            0
    -24.7595            0
    -24.6794            0
    -24.5992            0
    -24.5191            0
    -24.4389            0
    -24.3587            0
    -24.2786            0
    -24.1984            0
    -24.1183            0
    -24.0381            0
    -23.9579            0
    -23.8778            0
    -23.7976            0
    -23.7175            0
    -23.6373            0
    -23.5571            0
     -23.477            0
    -23.3968            0
    -23.3167            0
    -23.2365            0
    -23.1563            0
    -23.0762            0
     -22.996            0
    -22.9159            0
    -22.8357            0
    -22.7555            0
    -22.6754            0
    -22.5952            0
    -22.5151            0
    -22.4349            0
    -22.3547            0
    -22.2746            0
    -22.1944            0
    -22.1142            0
    -22.0341            0
    -21.9539            0
    -21.8738            0
    -21.7936            0
    -21.7134            0
    -21.6333            0
    -21.5531            0
     -21.473            0
    -21.3928            0
    -21.3126            0
    -21.2325            0
    -21.1523            0
    -21.0722            0
     -20.992            0
    -20.9118            0
    -20.8317            0
    -20.7515            0
    -20.6714       0.0005
    -20.5912       0.0019
     -20.511        0.004
    -20.4309       0.0075
    -20.3507       0.0117
    -20.2706       0.0146
    -20.1904       0.0169
    -20.1102       0.0184
    -20.0301       0.0227
    -19.9499       0.0378
    -19.8698       0.0724
    -19.7896       0.1347
    -19.7094       0.2361
    -19.6293       0.3754
    -19.5491       0.5282
     -19.469        0.639
    -19.3888       0.6682
    -19.3086       0.6573
    -19.2285       0.7014
    -19.1483       0.8546
    -19.0682       1.0611
     -18.988       1.2059
    -18.9078       1.2252
    -18.8277         1.16
    -18.7475         1.08
    -18.6674       1.0164
    -18.5872       0.9633
     -18.507       0.9022
    -18.4269       0.8148
    -18.3467        0.694
    -18.2666       0.5461
    -18.1864       0.3923
    -18.1062       0.2643
    -18.0261       0.1908
    -17.9459       0.1807
    -17.8658       0.2121
    -17.7856       0.2536
    -17.7054       0.2825
    -17.6253       0.2877
    -17.5451       0.2686
     -17.465        0.241
    -17.3848       0.2271
    -17.3046       0.2351
    -17.2245       0.2438
    -17.1443       0.2245
    -17.0641       0.1701
     -16.984        0.106
    -16.9038       0.0555
    -16.8237       0.0259
    -16.7435       0.0111
    -16.6633       0.0042
    -16.5832       0.0005
     -16.503            0
    -16.4229            0
    -16.3427            0
    -16.2625            0
    -16.1824            0
    -16.1022            0
    -16.0221            0
    -15.9419            0
    -15.8617            0
    -15.7816            0
    -15.7014            0
    -15.6213            0
    -15.5411            0
    -15.4609            0
    -15.3808            0
    -15.3006            0
    -15.2205            0
    -15.1403            0
    -15.0601            0
      -14.98            0
    -14.8998            0
    -14.8197            0
    -14.7395            0
    -14.6593            0
    -14.5792            0
     -14.499            0
    -14.4189            0
    -14.3387            0
    -14.2585            0
    -14.1784            0
    -14.0982            0
    -14.0181            0
    -13.9379            0
    -13.8577            0
    -13.7776            0
    -13.6974            0
    -13.6173            0
    -13.5371            0
    -13.4569            0
    -13.3768            0
    -13.2966            0
    -13.2165            0
    -13.1363            0
    -13.0561            0
     -12.976            0
    -12.8958            0
    -12.8157            0
    -12.7355            0
    -12.6553            0
    -12.5752            0
     -12.495            0
    -12.4149            0
    -12.3347            0
    -12.2545            0
    -12.1744            0
    -12.0942            0
     -12.014            0
    -11.9339            0
    -11.8537            0
    -11.7736            0
    -11.6934            0
    -11.6132            0
    -11.5331            0
    -11.4529            0
    -11.3728            0
    -11.2926            0
    -11.2124            0
    -11.1323            0
    -11.0521            0
     -10.972            0
    -10.8918            0
    -10.8116            0
    -10.7315       0.0018
    -10.6513       0.0096
    -10.5712       0.0388
     -10.491       0.1268
    -10.4108       0.3376
    -10.3307       0.7702
    -10.2505       1.5527
    -10.1704       2.7805
    -10.0902       4.3929
      -10.01       6.1486
    -9.92991       7.8367
    -9.84971       9.5159
    -9.76961      11.4709
    -9.68941      13.8836
    -9.60921      16.5993
    -9.52911      19.4001
    -9.44891      22.3487
    -9.36881      25.5462
    -9.28861      28.7332
    -9.20841      31.4364
    -9.12831      33.3539
    -9.04811      34.5331
    -8.96801      35.3444
    -8.88781      36.2521
    -8.80761      37.4515
    -8.72751      38.6058
    -8.64731      38.9135
    -8.56721      37.6423
    -8.48701      34.8461
    -8.40681      31.4814
    -8.32671      28.6878
    -8.24651      27.0254
    -8.16641       26.286
    -8.08621       25.648
    -8.00601      24.1889
    -7.92591      21.6459
    -7.84571      18.5326
    -7.76561      15.4164
    -7.68541       12.527
    -7.60521      10.0922
    -7.52511       8.3995
    -7.44491       7.3468
    -7.36481       6.4583
    -7.28461       5.6191
    -7.20441       5.2499
    -7.12431       5.3962
    -7.04411       5.2745
    -6.96391       4.2459
    -6.88381       2.6737
    -6.80361       1.3854
    -6.72351       0.7653
    -6.64331       0.6867
    -6.56311       0.9251
    -6.48301       1.3755
    -6.40281       1.9979
    -6.32271       2.6771
    -6.24251       3.2099
    -6.16231       3.4413
    -6.08221       3.4281
    -6.00201       3.4075
    -5.92191       3.5868
    -5.84171       3.9677
    -5.76151       4.3524
    -5.68141       4.5181
    -5.60121       4.3627
    -5.52111       3.9439
    -5.44091       3.4396
    -5.36071       3.0408
    -5.28061        2.831
    -5.20041       2.7755
    -5.12031        2.794
    -5.04011       2.8346
    -4.95991       2.8962
    -4.87981       2.9967
    -4.79961       3.1566
    -4.71951       3.3816
    -4.63931       3.6504
    -4.55911       3.9238
    -4.47901       4.1518
    -4.39881       4.2712
    -4.31871       4.2243
    -4.23851       4.0077
    -4.15831       3.7053
    -4.07821       3.4323
    -3.99801        3.257
    -3.91791       3.1687
    -3.83771       3.1295
    -3.75751       3.1234
    -3.67741       3.1692
    -3.59721       3.2631
    -3.51711        3.361
    -3.43691       3.4306
    -3.35671       3.4765
    -3.27661        3.527
    -3.19641       3.6035
    -3.11631       3.7124
    -3.03611       3.8403
    -2.95591       3.9711
    -2.87581       4.0922
    -2.79561       4.1979
    -2.71551       4.2699
    -2.63531       4.2798
    -2.55511       4.2086
    -2.47501       4.0817
    -2.39481       3.9665
    -2.31461       3.9155
    -2.23451         3.94
    -2.15431       3.9987
    -2.07421        4.016
    -1.99401       3.9418
    -1.91381       3.7897
    -1.83371       3.6099
    -1.75351        3.424
    -1.67341       3.2328
    -1.59321       3.0399
    -1.51301       2.8198
    -1.43291       2.5309
    -1.35271       2.1891
    -1.27261       1.8652
    -1.19241       1.5875
    -1.11221       1.3269
    -1.03211       1.0613
   -0.951912        0.808
   -0.871812       0.6289
   -0.791612       0.6193
   -0.711412       0.8462
   -0.631312       1.2464
   -0.551112       1.6409
   -0.471012       1.9096
   -0.390812       2.0871
   -0.310612       2.2018
   -0.230512        2.127
   -0.150312       1.7364
  -0.0702118       1.1398
  0.00998818       0.6429
   0.0901882       0.5459
    0.170288       1.0893
    0.250488       2.4558
    0.330588       4.5531
    0.410788       6.8708
    0.490988       8.8403
    0.571088      10.3445
    0.651288      11.7135
    0.731388      13.2994
    0.811588      15.2194
    0.891788      17.2172
    0.971888      18.5673
     1.05209      18.4471
     1.13219      16.7879
     1.21239      14.6702
     1.29259      13.4315
     1.37269      13.1874
     1.45289      12.6518
     1.53299      10.7348
     1.61319       7.7496
     1.69339        4.788
     1.77349       2.6056
     1.85369       1.3693
     1.93379       0.9692
     2.01399       1.3102
     2.09419       2.3711
     2.17429       3.9631
     2.25449       5.5471
     2.33459       6.5463
     2.41479       6.7598
     2.49499       6.3284
     2.57509       5.4279
     2.65529       4.1935
     2.73549       2.8213
     2.81559       1.6022
     2.89579       0.8046
     2.97589       0.5644
     3.05609       0.8902
     3.13629       1.6875
     3.21639       2.6931
     3.29659       3.4975
     3.37669        3.721
     3.45689        3.228
     3.53709       2.2481
     3.61719       1.2528
     3.69739       0.6047
     3.77749       0.3679
     3.85769       0.4324
     3.93789       0.6815
     4.01799       1.0199
     4.09819       1.3378
     4.17829        1.559
     4.25849        1.746
     4.33869       2.0477
     4.41879       2.4435
     4.49899       2.6471
     4.57909       2.3865
     4.65929       1.7166
     4.73949       0.9665
     4.81959       0.4208
     4.89979       0.1399
     4.97989       0.0354
     5.06009       0.0067
     5.14029       0.0009
     5.22039            0
     5.30059            0
     5.38069            0
     5.46089            0
     5.54109            0
     5.62119            0
     5.70139            0
     5.78149            0
     5.86169            0
     5.94189            0
     6.02199            0
     6.10219            0
     6.18229            0
     6.26249            0
     6.34269            0
     6.42279            0
     6.50299            0
     6.58309            0
     6.66329            0
     6.74349            0
     6.82359            0
     6.90379            0
     6.98389            0
     7.06409            0
     7.14429            0
     7.22439            0
     7.30459            0
     7.38469            0
     7.46489            0
     7.54509            0
     7.62519            0
     7.70539            0
     7.78559            0
     7.86569            0
     7.94589            0
     8.02599            0
     8.10619            0
     8.18639            0
     8.26649            0
     8.34669            0
     8.42679            0
     8.50699            0
     8.58719            0
     8.66729            0
     8.74749            0
     8.82759            0
     8.90779            0
     8.98799            0
     9.06809            0
     9.14829            0
     9.22839            0
     9.30859            0
     9.38879            0
     9.46889            0
     9.54909            0
     9.62919            0
     9.70939            0
     9.78959            0
     9.86969            0
     9.94989            0
       10.03            0
     10.1102            0
     10.1904            0
     10.2705            0
     10.3507            0
     10.4308            0
      10.511            0
     10.5912            0
     10.6713            0
     10.7515            0
     10.8316            0
     10.9118            0
      10.992            0
     11.0721            0
     11.1523            0
     11.2324            0
     11.3126            0
     11.3928            0
     11.4729            0
     11.5531            0
     11.6332            0
     11.7134            0
     11.7936            0
     11.8737            0
     11.9539            0
      12.034            0
     12.1142            0
     12.1944            0
     12.2745            0
     12.3547            0
     12.4348            0
      12.515            0
     12.5952            0
     12.6753            0
     12.7555            0
     12.8357            0
     12.9158            0
      12.996            0
     13.0761            0
     13.1563            0
     13.2365            0
     13.3166            0
     13.3968            0
     13.4769            0
     13.5571            0
     13.6373            0
     13.7174            0
     13.7976            0
     13.8777            0
     13.9579            0
     14.0381            0
     14.1182            0
     14.1984            0
     14.2785            0
     14.3587            0
     14.4389            0
      14.519            0
     14.5992            0
     14.6793            0
     14.7595            0
     14.8397            0
     14.9198            0
          15            0
     15.0801            0
     15.1603            0

    -24.8397           -0
    -24.7595           -0
    -24.6794           -0
    -24.5992           -0
    -24.5191           -0
    -24.4389           -0
    -24.3587           -0
    -24.2786           -0
    -24.1984           -0
    -24.1183           -0
    -24.0381           -0
    -23.9579           -0
    -23.8778           -0
    -23.7976           -0
    -23.7175           -0
    -23.6373           -0
    -23.5571           -0
     -23.477           -0
    -23.3968           -0
    -23.3167           -0
    -23.2365           -0
    -23.1563           -0
    -23.0762           -0
     -22.996           -0
    -22.9159           -0
    -22.8357           -0
    -22.7555           -0
    -22.6754           -0
    -22.5952           -0
    -22.5151           -0
    -22.4349           -0
    -22.3547           -0
    -22.2746           -0
    -22.1944           -0
    -22.1142           -0
    -22.0341           -0
    -21.9539           -0
    -21.8738           -0
    -21.7936           -0
    -21.7134           -0
    -21.6333           -0
    -21.5531           -0
     -21.473           -0
    -21.3928           -0
    -21.3126           -0
    -21.2325           -0
    -21.1523           -0
    -21.0722           -0
     -20.992           -0
    -20.9118           -0
    -20.8317           -0
    -20.7515           -0
    -20.6714           -0
    -20.5912           -0
     -20.511           -0
    -20.4309      -0.0002
    -20.3507      -0.0009
    -20.2706      -0.0032
    -20.1904       -0.007
    -20.1102      -0.0126
    -20.0301      -0.0193
    -19.9499      -0.0263
    -19.8698      -0.0362
    -19.7896      -0.0544
    -19.7094      -0.0868
    -19.6293      -0.1335
    -19.5491      -0.1812
     -19.469      -0.2181
    -19.3888      -0.2442
    -19.3086      -0.2706
    -19.2285      -0.3115
    -19.1483      -0.3673
    -19.0682      -0.4403
     -18.988      -0.5405
    -18.9078      -0.6741
    -18.8277       -0.813
    -18.7475      -0.9148
    -18.6674      -0.9505
    -18.5872      -0.9036
     -18.507      -0.7704
    -18.4269      -0.5801
    -18.3467      -0.3925
    -18.2666      -0.2582
    -18.1864      -0.1952
    -18.1062      -0.2087
    -18.0261      -0.2972
    -17.9459       -0.435
    -17.8658      -0.5493
    -17.7856      -0.5598
    -17.7054       -0.446
    -17.6253      -0.2762
    -17.5451      -0.1361
     -17.465      -0.0634
    -17.3848      -0.0471
    -17.3046      -0.0636
    -17.2245      -0.0977
    -17.1443      -0.1464
    -17.0641       -0.206
     -16.984      -0.2599
    -16.9038      -0.2885
    -16.8237      -0.2763
    -16.7435      -0.2225
    -16.6633      -0.1457
    -16.5832      -0.0764
     -16.503      -0.0312
    -16.4229        -0.01
    -16.3427      -0.0024
    -16.2625      -0.0002
    -16.1824           -0
    -16.1022           -0
    -16.0221           -0
    -15.9419           -0
    -15.8617           -0
    -15.7816           -0
    -15.7014           -0
    -15.6213           -0
    -15.5411           -0
    -15.4609           -0
    -15.3808           -0
    -15.3006           -0
    -15.2205           -0
    -15.1403           -0
    -15.0601           -0
      -14.98           -0
    -14.8998           -0
    -14.8197           -0
    -14.7395           -0
    -14.6593           -0
    -14.5792           -0
     -14.499           -0
    -14.4189           -0
    -14.3387           -0
    -14.2585           -0
    -14.1784           -0
    -14.0982           -0
    -14.0181           -0
    -13.9379           -0
    -13.8577           -0
    -13.7776           -0
    -13.6974           -0
    -13.6173           -0
    -13.5371           -0
    -13.4569           -0
    -13.3768           -0
    -13.2966           -0
    -13.2165           -0
    -13.1363           -0
    -13.0561           -0
     -12.976           -0
    -12.8958           -0
    -12.8157           -0
    -12.7355           -0
    -12.6553           -0
    -12.5752           -0
     -12.495           -0
    -12.4149           -0
    -12.3347           -0
    -12.2545           -0
    -12.1744           -0
    -12.0942           -0
     -12.014           -0
    -11.9339           -0
    -11.8537           -0
    -11.7736           -0
    -11.6934           -0
    -11.6132           -0
    -11.5331           -0
    -11.4529           -0
    -11.3728           -0
    -11.2926           -0
    -11.2124      -0.0003
    -11.1323      -0.0026
    -11.0521      -0.0174
     -10.972      -0.0861
    -10.8918      -0.3103
    -10.8116      -0.8161
    -10.7315      -1.5693
    -10.6513      -2.2085
    -10.5712       -2.275
     -10.491      -1.7151
    -10.4108      -0.9461
    -10.3307      -0.3818
    -10.2505      -0.1132
    -10.1704      -0.0305
    -10.0902      -0.0448
      -10.01      -0.1987
    -9.92991      -0.7222
    -9.84971      -1.9967
    -9.76961      -4.2587
    -9.68941      -7.1782
    -9.60921      -9.9986
    -9.52911     -12.3764
    -9.44891     -14.7618
    -9.36881     -17.5798
    -9.28861     -20.4006
    -9.20841     -22.1991
    -9.12831     -22.1636
    -9.04811     -20.4471
    -8.96801     -18.3216
    -8.88781     -16.7939
    -8.80761     -15.0985
    -8.72751     -11.9156
    -8.64731      -7.7486
    -8.56721      -4.5034
    -8.48701      -3.2339
    -8.40681      -3.5118
    -8.32671      -4.4229
    -8.24651      -5.2784
    -8.16641      -5.7033
    -8.08621      -5.6446
    -8.00601      -5.3756
    -7.92591      -5.3475
    -7.84571      -5.8637
    -7.76561      -6.6257
    -7.68541      -6.7505
    -7.60521      -5.6358
    -7.52511      -3.6957
    -7.44491        -1.91
    -7.36481      -0.8631
    -7.28461      -0.5068
    -7.20441      -0.5721
    -7.12431      -0.8802
    -7.04411      -1.3193
    -6.96391       -1.736
    -6.88381       -1.969
    -6.80361      -2.0034
    -6.72351      -1.9951
    -6.64331      -2.1109
    -6.56311      -2.3523
    -6.48301      -2.5956
    -6.40281      -2.8172
    -6.32271       -3.166
    -6.24251      -3.7074
    -6.16231      -4.2345
    -6.08221      -4.4272
    -6.00201      -4.1628
    -5.92191      -3.6437
    -5.84171      -3.2301
    -5.76151       -3.134
    -5.68141       -3.266
    -5.60121      -3.3882
    -5.52111      -3.3733
    -5.44091      -3.3062
    -5.36071      -3.3629
    -5.28061      -3.6473
    -5.20041      -4.1417
    -5.12031      -4.7406
    -5.04011      -5.2965
    -4.95991      -5.6446
    -4.87981      -5.6792
    -4.79961      -5.4491
    -4.71951      -5.1412
    -4.63931      -4.9326
    -4.55911       -4.879
    -4.47901       -4.966
    -4.39881      -5.1975
    -4.31871      -5.5941
    -4.23851      -6.1064
    -4.15831      -6.5811
    -4.07821      -6.8362
    -3.99801      -6.7768
    -3.91791      -6.4445
    -3.83771      -5.9607
    -3.75751      -5.4506
    -3.67741      -5.0115
    -3.59721      -4.7049
    -3.51711       -4.532
    -3.43691      -4.4423
    -3.35671      -4.3704
    -3.27661      -4.2801
    -3.19641      -4.1478
    -3.11631      -3.9601
    -3.03611      -3.7195
    -2.95591      -3.4629
    -2.87581      -3.2504
    -2.79561      -3.1418
    -2.71551      -3.1494
    -2.63531      -3.2173
    -2.55511       -3.243
    -2.47501      -3.1526
    -2.39481       -2.955
    -2.31461      -2.7119
    -2.23451      -2.4324
    -2.15431      -2.0976
    -2.07421      -1.7556
    -1.99401      -1.5331
    -1.91381      -1.5196
    -1.83371        -1.67
    -1.75351      -1.8311
    -1.67341      -1.8454
    -1.59321      -1.6885
    -1.51301      -1.5182
    -1.43291      -1.5219
    -1.35271      -1.6732
    -1.27261      -1.7203
    -1.19241      -1.4657
    -1.11221       -0.984
    -1.03211      -0.5108
   -0.951912      -0.2029
   -0.871812      -0.0611
   -0.791612      -0.0135
   -0.711412      -0.0018
   -0.631312      -0.0005
   -0.551112      -0.0039
   -0.471012      -0.0204
   -0.390812      -0.0749
   -0.310612      -0.2078
   -0.230512      -0.4592
   -0.150312      -0.8506
  -0.0702118      -1.3954
  0.00998818      -2.0894
   0.0901882      -2.8883
    0.170288      -3.7703
    0.250488      -4.8743
    0.330588       -6.389
    0.410788      -8.2516
    0.490988      -10.178
    0.571088     -12.1249
    0.651288     -14.4706
    0.731388     -17.5871
    0.811588     -21.3513
    0.891788     -25.1783
    0.971888     -28.3453
     1.05209     -30.2299
     1.13219       -30.66
     1.21239     -30.1609
     1.29259     -29.5553
     1.37269     -29.3855
     1.45289     -29.7924
     1.53299     -30.6097
     1.61319     -31.5218
     1.69339     -32.4023
     1.77349     -33.3774
     1.85369     -34.2919
     1.93379     -34.3899
     2.01399      -33.067
     2.09419     -30.6422
     2.17429     -27.8964
     2.25449     -25.2291
     2.33459     -22.6192
     2.41479     -20.0107
     2.49499     -17.3895
     2.57509     -14.7599
     2.65529     -12.2608
     2.73549     -10.2128
     2.81559      -8.7956
     2.89579       -7.717
     2.97589       -6.448
     3.05609       -4.816
     3.13629      -3.1756
     3.21639      -2.0134
     3.29659       -1.508
     3.37669       -1.462
     3.45689      -1.4968
     3.53709      -1.3278
     3.61719       -0.948
     3.69739      -0.5538
     3.77749      -0.3059
     3.85769      -0.2128
     3.93789      -0.1989
     4.01799      -0.1999
     4.09819      -0.1877
     4.17829       -0.158
     4.25849      -0.1179
     4.33869      -0.0835
     4.41879      -0.0655
     4.49899      -0.0654
     4.57909      -0.0668
     4.65929      -0.0575
     4.73949        -0.04
     4.81959      -0.0275
     4.89979      -0.0236
     4.97989      -0.0268
     5.06009      -0.0286
     5.14029      -0.0252
     5.22039      -0.0158
     5.30059      -0.0077
     5.38069      -0.0017
     5.46089      -0.0004
     5.54109           -0
     5.62119           -0
     5.70139           -0
     5.78149           -0
     5.86169           -0
     5.94189           -0
     6.02199           -0
     6.10219           -0
     6.18229           -0
     6.26249           -0
     6.34269           -0
     6.42279           -0
     6.50299           -0
     6.58309           -0
     6.66329           -0
     6.74349           -0
     6.82359           -0
     6.90379           -0
     6.98389           -0
     7.06409           -0
     7.14429           -0
     7.22439           -0
     7.30459           -0
     7.38469           -0
     7.46489           -0
     7.54509           -0
     7.62519           -0
     7.70539           -0
     7.78559           -0
     7.86569           -0
     7.94589           -0
     8.02599           -0
     8.10619           -0
     8.18639           -0
     8.26649           -0
     8.34669           -0
     8.42679           -0
     8.50699           -0
     8.58719           -0
     8.66729           -0
     8.74749           -0
     8.82759           -0
     8.90779           -0
     8.98799           -0
     9.06809           -0
     9.14829           -0
     9.22839           -0
     9.30859           -0
     9.38879           -0
     9.46889           -0
     9.54909           -0
     9.62919           -0
     9.70939           -0
     9.78959           -0
     9.86969           -0
     9.94989           -0
       10.03           -0
     10.1102           -0
     10.1904           -0
     10.2705           -0
     10.3507           -0
     10.4308           -0
      10.511           -0
     10.5912           -0
     10.6713           -0
     10.7515           -0
     10.8316           -0
     10.9118           -0
      10.992           -0
     11.0721           -0
     11.1523           -0
     11.2324           -0
     11.3126           -0
     11.3928           -0
     11.4729           -0
     11.5531           -0
     11.6332           -0
     11.7134           -0
     11.7936           -0
     11.8737           -0
     11.9539           -0
      12.034           -0
     12.1142           -0
     12.1944           -0
     12.2745           -0
     12.3547           -0
     12.4348           -0
      12.515           -0
     12.5952           -0
     12.6753           -0
     12.7555           -0
     12.8357           -0
     12.9158           -0
      12.996           -0
     13.0761           -0
     13.1563           -0
     13.2365           -0
     13.3166           -0
     13.3968           -0
     13.4769           -0
     13.5571           -0
     13.6373           -0
     13.7174           -0
     13.7976           -0
     13.8777           -0
     13.9579           -0
     14.0381           -0
     14.1182           -0
     14.1984           -0
     14.2785           -0
     14.3587           -0
     14.4389           -0
      14.519           -0
     14.5992           -0
     14.6793           -0
     14.7595           -0
     14.8397           -0
     14.9198           -0
          15           -0
     15.0801           -0
     15.1603           -0

    -24.8397       0.0011
    -24.7595            0
    -24.6794            0
    -24.5992            0
    -24.5191            0
    -24.4389            0
    -24.3587            0
    -24.2786            0
    -24.1984            0
    -24.1183            0
    -24.0381            0
    -23.9579            0
    -23.8778            0
    -23.7976            0
    -23.7175            0
    -23.6373            0
    -23.5571            0
     -23.477            0
    -23.3968            0
    -23.3167            0
    -23.2365            0
    -23.1563            0
    -23.0762            0
     -22.996            0
    -22.9159            0
    -22.8357            0
    -22.7555            0
    -22.6754            0
    -22.5952            0
    -22.5151            0
    -22.4349            0
    -22.3547            0
    -22.2746            0
    -22.1944            0
    -22.1142            0
    -22.0341            0
    -21.9539            0
    -21.8738            0
    -21.7936            0
    -21.7134            0
    -21.6333            0
    -21.5531            0
     -21.473            0
    -21.3928            0
    -21.3126            0
    -21.2325            0
    -21.1523            0
    -21.0722            0
     -20.992            0
    -20.9118            0
    -20.8317            0
    -20.7515       0.0001
    -20.6714       0.0002
    -20.5912       0.0011
     -20.511       0.0018
    -20.4309       0.0035
    -20.3507       0.0053
    -20.2706       0.0065
    -20.1904       0.0069
    -20.1102       0.0064
    -20.0301       0.0061
    -19.9499       0.0069
    -19.8698       0.0094
    -19.7896       0.0139
    -19.7094       0.0182
    -19.6293       0.0217
    -19.5491       0.0233
     -19.469       0.0233
    -19.3888       0.0221
    -19.3086       0.0212
    -19.2285        0.023
    -19.1483       0.0265
    -19.0682       0.0306
     -18.988       0.0327
    -18.9078       0.0334
    -18.8277       0.0331
    -18.7475       0.0316
    -18.6674       0.0305
    -18.5872       0.0295
     -18.507       0.0276
    -18.4269       0.0245
    -18.3467       0.0214
    -18.2666       0.0176
    -18.1864        0.013
    -18.1062         0.01
    -18.0261       0.0089
    -17.9459       0.0101
    -17.8658       0.0125
    -17.7856       0.0147
    -17.7054       0.0159
    -17.6253       0.0163
    -17.5451       0.0161
     -17.465       0.0156
    -17.3848       0.0149
    -17.3046       0.0145
    -17.2245       0.0157
    -17.1443       0.0171
    -17.0641       0.0166
     -16.984       0.0155
    -16.9038        0.013
    -16.8237       0.0092
    -16.7435       0.0051
    -16.6633       0.0022
    -16.5832       0.0006
     -16.503            0
    -16.4229            0
    -16.3427            0
    -16.2625            0
    -16.1824            0
    -16.1022            0
    -16.0221            0
    -15.9419            0
    -15.8617            0
    -15.7816            0
    -15.7014            0
    -15.6213            0
    -15.5411            0
    -15.4609            0
    -15.3808            0
    -15.3006            0
    -15.2205            0
    -15.1403            0
    -15.0601            0
      -14.98            0
    -14.8998            0
    -14.8197            0
    -14.7395            0
    -14.6593            0
    -14.5792            0
     -14.499            0
    -14.4189            0
    -14.3387            0
    -14.2585            0
    -14.1784            0
    -14.0982            0
    -14.0181            0
    -13.9379            0
    -13.8577            0
    -13.7776            0
    -13.6974            0
    -13.6173            0
    -13.5371            0
    -13.4569            0
    -13.3768            0
    -13.2966            0
    -13.2165            0
    -13.1363            0
    -13.0561            0
     -12.976            0
    -12.8958            0
    -12.8157            0
    -12.7355            0
    -12.6553            0
    -12.5752            0
     -12.495            0
    -12.4149            0
    -12.3347            0
    -12.2545            0
    -12.1744            0
    -12.0942            0
     -12.014            0
    -11.9339            0
    -11.8537            0
    -11.7736            0
    -11.6934            0
    -11.6132            0
    -11.5331            0
    -11.4529            0
    -11.3728            0
    -11.2926            0
    -11.2124            0
    -11.1323            0
    -11.0521            0
     -10.972            0
    -10.8918            0
    -10.8116            0
    -10.7315       0.0001
    -10.6513       0.0015
    -10.5712       0.0074
     -10.491       0.0248
    -10.4108       0.0653
    -10.3307        0.143
    -10.2505       0.2778
    -10.1704       0.4785
    -10.0902        0.733
      -10.01       1.0022
    -9.92991       1.2588
    -9.84971       1.5114
    -9.76961       1.8024
    -9.68941       2.1491
    -9.60921       2.5184
    -9.52911       2.8733
    -9.44891       3.2162
    -9.36881       3.5454
    -9.28861        3.804
    -9.20841       3.9365
    -9.12831       3.9465
    -9.04811       3.8863
    -8.96801       3.8018
    -8.88781       3.7134
    -8.80761       3.6313
    -8.72751       3.5551
    -8.64731       3.4534
    -8.56721       3.2694
    -8.48701       2.9761
    -8.40681       2.6164
    -8.32671       2.2648
    -8.24651       1.9638
    -8.16641       1.7147
    -8.08621       1.4953
    -8.00601       1.2941
    -7.92591       1.1321
    -7.84571       1.0315
    -7.76561       0.9576
    -7.68541       0.8588
    -7.60521       0.7531
    -7.52511        0.706
    -7.44491       0.7194
    -7.36481       0.7143
    -7.28461       0.6518
    -7.20441       0.5849
    -7.12431       0.5615
    -7.04411       0.5635
    -6.96391       0.5638
    -6.88381        0.593
    -6.80361       0.7163
    -6.72351       0.9954
    -6.64331       1.4719
    -6.56311       2.1852
    -6.48301       3.1549
    -6.40281        4.317
    -6.32271       5.4554
    -6.24251       6.2757
    -6.16231       6.6301
    -6.08221       6.7145
    -6.00201       6.9643
    -5.92191       7.6946
    -5.84171       8.7896
    -5.76151         9.76
    -5.68141      10.1339
    -5.60121       9.7707
    -5.52111        8.918
    -5.44091       8.0272
    -5.36071       7.4792
    -5.28061       7.3892
    -5.20041       7.6461
    -5.12031       8.0895
    -5.04011       8.6165
    -4.95991       9.1789
    -4.87981       9.7414
    -4.79961      10.3094
    -4.71951       10.933
    -4.63931      11.6476
    -4.55911      12.4354
    -4.47901      13.2103
    -4.39881      13.8015
    -4.31871      14.0184
    -4.23851       13.818
    -4.15831      13.3966
    -4.07821      13.0341
    -3.99801      12.8741
    -3.91791       12.868
    -3.83771      12.8952
    -3.75751      12.9049
    -3.67741      12.9378
    -3.59721      13.0357
    -3.51711      13.1801
    -3.43691       13.352
    -3.35671      13.5753
    -3.27661      13.8763
    -3.19641      14.2366
    -3.11631      14.5893
    -3.03611      14.8615
    -2.95591      15.0182
    -2.87581      15.1089
    -2.79561      15.2405
    -2.71551      15.4576
    -2.63531      15.6345
    -2.55511      15.5444
    -2.47501      15.1064
    -2.39481      14.4936
    -2.31461      13.9869
    -2.23451      13.7654
    -2.15431      13.8037
    -2.07421      13.8624
    -1.99401       13.653
    -1.91381      13.0616
    -1.83371      12.1672
    -1.75351      11.0974
    -1.67341      10.0061
    -1.59321       9.0563
    -1.51301       8.2712
    -1.43291       7.5476
    -1.35271       6.8673
    -1.27261       6.2687
    -1.19241       5.6439
    -1.11221        4.837
    -1.03211       3.8545
   -0.951912        2.828
   -0.871812       1.8852
   -0.791612       1.1475
   -0.711412       0.7019
   -0.631312       0.5371
   -0.551112       0.5479
   -0.471012       0.6299
   -0.390812       0.7413
   -0.310612       0.8468
   -0.230512       0.8649
   -0.150312       0.7294
  -0.0702118       0.4853
  0.00998818       0.2634
   0.0901882       0.1726
    0.170288       0.2666
    0.250488       0.5618
    0.330588       1.0032
    0.410788       1.4476
    0.490988       1.7407
    0.571088       1.8482
    0.651288       1.8515
    0.731388       1.8599
    0.811588       1.9455
    0.891788       2.1115
    0.971888       2.2881
     1.05209       2.3676
     1.13219       2.2992
     1.21239       2.1524
     1.29259       2.0497
     1.37269       2.0161
     1.45289       1.9641
     1.53299       1.8252
     1.61319       1.6159
     1.69339       1.3757
     1.77349       1.1477
     1.85369       0.9835
     1.93379       0.8788
     2.01399       0.7742
     2.09419       0.6642
     2.17429       0.6119
     2.25449        0.655
     2.33459       0.7553
     2.41479       0.8586
     2.49499       0.9266
     2.57509       0.9241
     2.65529       0.8171
     2.73549        0.611
     2.81559        0.373
     2.89579       0.1895
     2.97589       0.1021
     3.05609       0.1075
     3.13629       0.1807
     3.21639       0.2936
     3.29659       0.4061
     3.37669       0.4705
     3.45689       0.4565
     3.53709       0.3754
     3.61719       0.2752
     3.69739       0.2058
     3.77749       0.1858
     3.85769       0.2033
     3.93789       0.2347
     4.01799       0.2661
     4.09819       0.2823
     4.17829       0.2737
     4.25849        0.248
     4.33869       0.2306
     4.41879       0.2288
     4.49899       0.2243
     4.57909       0.1908
     4.65929       0.1322
     4.73949       0.0728
     4.81959       0.0303
     4.89979       0.0092
     4.97989       0.0018
     5.06009       0.0002
     5.14029            0
     5.22039            0
     5.30059            0
     5.38069            0
     5.46089            0
     5.54109            0
     5.62119            0
     5.70139            0
     5.78149            0
     5.86169            0
     5.94189            0
     6.02199            0
     6.10219            0
     6.18229            0
     6.26249            0
     6.34269            0
     6.42279            0
     6.50299            0
     6.58309            0
     6.66329            0
     6.74349            0
     6.82359            0
     6.90379            0
     6.98389            0
     7.06409            0
     7.14429            0
     7.22439            0
     7.30459            0
     7.38469            0
     7.46489            0
     7.54509            0
     7.62519            0
     7.70539            0
     7.78559            0
     7.86569            0
     7.94589            0
     8.02599            0
     8.10619            0
     8.18639            0
     8.26649            0
     8.34669            0
     8.42679            0
     8.50699            0
     8.58719            0
     8.66729            0
     8.74749            0
     8.82759            0
     8.90779            0
     8.98799            0
     9.06809            0
     9.14829            0
     9.22839            0
     9.30859            0
     9.38879            0
     9.46889            0
     9.54909            0
     9.62919            0
     9.70939            0
     9.78959            0
     9.86969            0
     9.94989            0
       10.03            0
     10.1102            0
     10.1904            0
     10.2705            0
     10.3507            0
     10.4308            0
      10.511            0
     10.5912            0
     10.6713            0
     10.7515            0
     10.8316            0
     10.9118            0
      10.992            0
     11.0721            0
     11.1523            0
     11.2324            0
     11.3126            0
     11.3928            0
     11.4729            0
     11.5531            0
     11.6332            0
     11.7134            0
     11.7936            0
     11.8737            0
     11.9539            0
      12.034            0
     12.1142            0
     12.1944            0
     12.2745            0
     12.3547            0
     12.4348            0
      12.515            0
     12.5952            0
     12.6753            0
     12.7555            0
     12.8357            0
     12.9158            0
      12.996            0
     13.0761            0
     13.1563            0
     13.2365            0
     13.3166            0
     13.3968            0
     13.4769            0
     13.5571            0
     13.6373            0
     13.7174            0
     13.7976            0
     13.8777            0
     13.9579            0
     14.0381            0
     14.1182            0
     14.1984            0
     14.2785            0
     14.3587            0
     14.4389            0
      14.519            0
     14.5992            0
     14.6793            0
     14.7595            0
     14.8397            0
     14.9198            0
          15            0
     15.0801            0
     15.1603            0

    -24.8397      -0.0011
    -24.7595           -0
    -24.6794           -0
    -24.5992           -0
    -24.5191           -0
    -24.4389           -0
    -24.3587           -0
    -24.2786           -0
    -24.1984           -0
    -24.1183           -0
    -24.0381           -0
    -23.9579           -0
    -23.8778           -0
    -23.7976           -0
    -23.7175           -0
    -23.6373           -0
    -23.5571           -0
     -23.477           -0
    -23.3968           -0
    -23.3167           -0
    -23.2365           -0
    -23.1563           -0
    -23.0762           -0
     -22.996           -0
    -22.9159           -0
    -22.8357           -0
    -22.7555           -0
    -22.6754           -0
    -22.5952           -0
    -22.5151           -0
    -22.4349           -0
    -22.3547           -0
    -22.2746           -0
    -22.1944           -0
    -22.1142           -0
    -22.0341           -0
    -21.9539           -0
    -21.8738           -0
    -21.7936           -0
    -21.7134           -0
    -21.6333           -0
    -21.5531           -0
     -21.473           -0
    -21.3928           -0
    -21.3126           -0
    -21.2325           -0
    -21.1523           -0
    -21.0722           -0
     -20.992           -0
    -20.9118           -0
    -20.8317           -0
    -20.7515           -0
    -20.6714           -0
    -20.5912           -0
     -20.511           -0
    -20.4309      -0.0001
    -20.3507      -0.0003
    -20.2706      -0.0011
    -20.1904      -0.0019
    -20.1102      -0.0036
    -20.0301      -0.0043
    -19.9499      -0.0047
    -19.8698      -0.0047
    -19.7896      -0.0055
    -19.7094      -0.0068
    -19.6293      -0.0098
    -19.5491      -0.0125
     -19.469       -0.014
    -19.3888      -0.0134
    -19.3086      -0.0121
    -19.2285      -0.0106
    -19.1483      -0.0099
    -19.0682      -0.0103
     -18.988      -0.0131
    -18.9078      -0.0167
    -18.8277      -0.0206
    -18.7475      -0.0238
    -18.6674      -0.0262
    -18.5872      -0.0254
     -18.507      -0.0231
    -18.4269        -0.02
    -18.3467      -0.0161
    -18.2666      -0.0133
    -18.1864      -0.0105
    -18.1062      -0.0109
    -18.0261      -0.0119
    -17.9459      -0.0151
    -17.8658       -0.017
    -17.7856      -0.0163
    -17.7054      -0.0133
    -17.6253      -0.0087
    -17.5451      -0.0041
     -17.465      -0.0029
    -17.3848      -0.0038
    -17.3046      -0.0073
    -17.2245       -0.012
    -17.1443      -0.0187
    -17.0641       -0.025
     -16.984      -0.0293
    -16.9038      -0.0299
    -16.8237      -0.0246
    -16.7435      -0.0179
    -16.6633      -0.0096
    -16.5832      -0.0043
     -16.503      -0.0011
    -16.4229      -0.0002
    -16.3427      -0.0001
    -16.2625           -0
    -16.1824           -0
    -16.1022           -0
    -16.0221           -0
    -15.9419           -0
    -15.8617           -0
    -15.7816           -0
    -15.7014           -0
    -15.6213           -0
    -15.5411           -0
    -15.4609           -0
    -15.3808           -0
    -15.3006           -0
    -15.2205           -0
    -15.1403           -0
    -15.0601           -0
      -14.98           -0
    -14.8998           -0
    -14.8197           -0
    -14.7395           -0
    -14.6593           -0
    -14.5792           -0
     -14.499           -0
    -14.4189           -0
    -14.3387           -0
    -14.2585           -0
    -14.1784           -0
    -14.0982           -0
    -14.0181           -0
    -13.9379           -0
    -13.8577           -0
    -13.7776           -0
    -13.6974           -0
    -13.6173           -0
    -13.5371           -0
    -13.4569           -0
    -13.3768           -0
    -13.2966           -0
    -13.2165           -0
    -13.1363           -0
    -13.0561           -0
     -12.976           -0
    -12.8958           -0
    -12.8157           -0
    -12.7355           -0
    -12.6553           -0
    -12.5752           -0
     -12.495           -0
    -12.4149           -0
    -12.3347           -0
    -12.2545           -0
    -12.1744           -0
    -12.0942           -0
     -12.014           -0
    -11.9339           -0
    -11.8537           -0
    -11.7736           -0
    -11.6934           -0
    -11.6132           -0
    -11.5331           -0
    -11.4529           -0
    -11.3728           -0
    -11.2926           -0
    -11.2124           -0
    -11.1323      -0.0002
    -11.0521      -0.0017
     -10.972      -0.0086
    -10.8918      -0.0313
    -10.8116      -0.0826
    -10.7315      -0.1592
    -10.6513      -0.2246
    -10.5712      -0.2312
     -10.491      -0.1741
    -10.4108       -0.096
    -10.3307      -0.0387
    -10.2505      -0.0113
    -10.1704      -0.0029
    -10.0902      -0.0052
      -10.01      -0.0243
    -9.92991      -0.0903
    -9.84971      -0.2569
    -9.76961      -0.5609
    -9.68941      -0.9703
    -9.60921      -1.3858
    -9.52911      -1.7329
    -9.44891      -2.0186
    -9.36881      -2.2572
    -9.28861      -2.4019
    -9.20841      -2.3883
    -9.12831       -2.192
    -9.04811      -1.8415
    -8.96801      -1.4337
    -8.88781      -1.0823
    -8.80761      -0.8136
    -8.72751      -0.5858
    -8.64731      -0.4068
    -8.56721      -0.3413
    -8.48701      -0.4128
    -8.40681      -0.5722
    -8.32671      -0.7523
    -8.24651      -0.8987
    -8.16641       -0.972
    -8.08621      -0.9578
    -8.00601      -0.8814
    -7.92591      -0.8043
    -7.84571       -0.779
    -7.76561       -0.806
    -7.68541      -0.8268
    -7.60521      -0.8026
    -7.52511      -0.7616
    -7.44491      -0.7642
    -7.36481      -0.8695
    -7.28461      -1.1271
    -7.20441      -1.5494
    -7.12431      -2.1141
    -7.04411      -2.7833
    -6.96391      -3.4608
    -6.88381       -4.001
    -6.80361      -4.3033
    -6.72351      -4.3898
    -6.64331      -4.3813
    -6.56311      -4.4033
    -6.48301      -4.5349
    -6.40281      -4.8615
    -6.32271      -5.4679
    -6.24251      -6.2888
    -6.16231      -7.0456
    -6.08221      -7.4315
    -6.00201      -7.3626
    -5.92191      -7.0961
    -5.84171       -7.067
    -5.76151      -7.5035
    -5.68141      -8.1941
    -5.60121      -8.7171
    -5.52111      -8.8731
    -5.44091      -8.8559
    -5.36071      -9.0345
    -5.28061      -9.6053
    -5.20041     -10.4826
    -5.12031     -11.4448
    -5.04011     -12.2742
    -4.95991     -12.7876
    -4.87981     -12.9154
    -4.79961     -12.8043
    -4.71951     -12.7422
    -4.63931     -12.9022
    -4.55911     -13.2299
    -4.47901     -13.6277
    -4.39881     -14.1483
    -4.31871     -14.9043
    -4.23851      -15.858
    -4.15831     -16.7664
    -4.07821     -17.3112
    -3.99801     -17.2866
    -3.91791     -16.7143
    -3.83771     -15.8195
    -3.75751     -14.9085
    -3.67741      -14.232
    -3.59721     -13.9275
    -3.51711      -13.992
    -3.43691     -14.3141
    -3.35671     -14.7421
    -3.27661     -15.1224
    -3.19641     -15.3244
    -3.11631     -15.3145
    -3.03611     -15.1333
    -2.95591     -14.8122
    -2.87581     -14.3739
    -2.79561     -13.9111
    -2.71551     -13.5442
    -2.63531     -13.2603
    -2.55511     -12.8727
    -2.47501     -12.2325
    -2.39481     -11.4477
    -2.31461     -10.7013
    -2.23451      -9.8787
    -2.15431         -8.7
    -2.07421      -7.2625
    -1.99401      -6.1066
    -1.91381      -5.6386
    -1.83371       -5.707
    -1.75351       -5.779
    -1.67341       -5.416
    -1.59321      -4.6142
    -1.51301      -3.7959
    -1.43291      -3.3611
    -1.35271      -3.2421
    -1.27261      -3.0026
    -1.19241      -2.3708
    -1.11221      -1.5064
    -1.03211       -0.752
   -0.951912      -0.2929
   -0.871812      -0.0878
   -0.791612      -0.0195
   -0.711412       -0.003
   -0.631312      -0.0008
   -0.551112      -0.0045
   -0.471012      -0.0235
   -0.390812       -0.086
   -0.310612      -0.2357
   -0.230512      -0.5019
   -0.150312      -0.8506
  -0.0702118      -1.1823
  0.00998818      -1.3727
   0.0901882       -1.338
    0.170288      -1.1034
    0.250488      -0.8138
    0.330588      -0.6302
    0.410788      -0.6076
    0.490988      -0.7056
    0.571088      -0.8871
    0.651288      -1.1511
    0.731388      -1.5062
    0.811588      -1.9253
    0.891788      -2.3504
    0.971888      -2.7148
     1.05209      -2.9595
     1.13219      -3.0638
     1.21239      -3.0921
     1.29259      -3.1615
     1.37269      -3.3497
     1.45289      -3.6468
     1.53299      -3.9876
     1.61319      -4.3248
     1.69339      -4.6635
     1.77349      -5.0428
     1.85369      -5.4388
     1.93379      -5.7162
     2.01399       -5.762
     2.09419      -5.6332
     2.17429      -5.4582
     2.25449      -5.2654
     2.33459       -4.994
     2.41479      -4.6026
     2.49499      -4.0934
     2.57509      -3.4875
     2.65529      -2.8556
     2.73549      -2.3235
     2.81559      -1.9673
     2.89579      -1.7338
     2.97589      -1.4887
     3.05609        -1.16
     3.13629      -0.8047
     3.21639      -0.5301
     3.29659      -0.3981
     3.37669      -0.3771
     3.45689      -0.3834
     3.53709      -0.3446
     3.61719      -0.2587
     3.69739      -0.1743
     3.77749       -0.131
     3.85769      -0.1338
     3.93789      -0.1602
     4.01799      -0.1876
     4.09819      -0.1973
     4.17829      -0.1804
     4.25849      -0.1431
     4.33869      -0.1029
     4.41879      -0.0765
     4.49899      -0.0684
     4.57909      -0.0662
     4.65929      -0.0573
     4.73949      -0.0441
     4.81959      -0.0381
     4.89979      -0.0459
     4.97989      -0.0619
     5.06009      -0.0699
     5.14029      -0.0617
     5.22039       -0.041
     5.30059       -0.021
     5.38069       -0.007
     5.46089      -0.0012
     5.54109           -0
     5.62119           -0
     5.70139           -0
     5.78149           -0
     5.86169           -0
     5.94189           -0
     6.02199           -0
     6.10219           -0
     6.18229           -0
     6.26249           -0
     6.34269           -0
     6.42279           -0
     6.50299           -0
     6.58309           -0
     6.66329           -0
     6.74349           -0
     6.82359           -0
     6.90379           -0
     6.98389           -0
     7.06409           -0
     7.14429           -0
     7.22439           -0
     7.30459           -0
     7.38469           -0
     7.46489           -0
     7.54509           -0
     7.62519           -0
     7.70539           -0
     7.78559           -0
     7.86569           -0
     7.94589           -0
     8.02599           -0
     8.10619           -0
     8.18639           -0
     8.26649           -0
     8.34669           -0
     8.42679           -0
     8.50699           -0
     8.58719           -0
     8.66729           -0
     8.74749           -0
     8.82759           -0
     8.90779           -0
     8.98799           -0
     9.06809           -0
     9.14829           -0
     9.22839           -0
     9.30859           -0
     9.38879           -0
     9.46889           -0
     9.54909           -0
     9.62919           -0
     9.70939           -0
     9.78959           -0
     9.86969           -0
     9.94989           -0
       10.03           -0
     10.1102           -0
     10.1904           -0
     10.2705           -0
     10.3507           -0
     10.4308           -0
      10.511           -0
     10.5912           -0
     10.6713           -0
     10.7515           -0
     10.8316           -0
     10.9118           -0
      10.992           -0
     11.0721           -0
     11.1523           -0
     11.2324           -0
     11.3126           -0
     11.3928           -0
     11.4729           -0
     11.5531           -0
     11.6332           -0
     11.7134           -0
     11.7936           -0
     11.8737           -0
     11.9539           -0
      12.034           -0
     12.1142           -0
     12.1944           -0
     12.2745           -0
     12.3547           -0
     12.4348           -0
      12.515           -0
     12.5952           -0
     12.6753           -0
     12.7555           -0
     12.8357           -0
     12.9158           -0
      12.996           -0
     13.0761           -0
     13.1563           -0
     13.2365           -0
     13.3166           -0
     13.3968           -0
     13.4769           -0
     13.5571           -0
     13.6373           -0
     13.7174           -0
     13.7976           -0
     13.8777           -0
     13.9579           -0
     14.0381           -0
     14.1182           -0
     14.1984           -0
     14.2785           -0
     14.3587           -0
     14.4389           -0
      14.519           -0
     14.5992           -0
     14.6793           -0
     14.7595           -0
     14.8397           -0
     14.9198           -0
          15           -0
     15.0801           -0
     15.1603           -0



