-25.0423 12.475 -25.0423 -12.475 -25.0423 0.0 -25.0423 -0.0 -25.0423 0.0004 -25.0423 -0.0005 
-24.9621 0.0 -24.9621 -0.0 -24.9621 0.0 -24.9621 -0.0 -24.9621 0.0 -24.9621 -0.0 
-24.882 0.0 -24.882 -0.0 -24.882 0.0 -24.882 -0.0 -24.882 0.0 -24.882 -0.0 
-24.8018 0.0 -24.8018 -0.0 -24.8018 0.0 -24.8018 -0.0 -24.8018 0.0 -24.8018 -0.0 
-24.7217 0.0 -24.7217 -0.0 -24.7217 0.0 -24.7217 -0.0 -24.7217 0.0 -24.7217 -0.0 
-24.6415 0.0 -24.6415 -0.0 -24.6415 0.0 -24.6415 -0.0 -24.6415 0.0 -24.6415 -0.0 
-24.5613 0.0 -24.5613 -0.0 -24.5613 0.0 -24.5613 -0.0 -24.5613 0.0 -24.5613 -0.0 
-24.4812 0.0 -24.4812 -0.0 -24.4812 0.0 -24.4812 -0.0 -24.4812 0.0 -24.4812 -0.0 
-24.401 0.0 -24.401 -0.0 -24.401 0.0 -24.401 -0.0 -24.401 0.0 -24.401 -0.0 
-24.3209 0.0 -24.3209 -0.0 -24.3209 0.0 -24.3209 -0.0 -24.3209 0.0 -24.3209 -0.0 
-24.2407 0.0 -24.2407 -0.0 -24.2407 0.0 -24.2407 -0.0 -24.2407 0.0 -24.2407 -0.0 
-24.1605 0.0 -24.1605 -0.0 -24.1605 0.0 -24.1605 -0.0 -24.1605 0.0 -24.1605 -0.0 
-24.0804 0.0 -24.0804 -0.0 -24.0804 0.0 -24.0804 -0.0 -24.0804 0.0 -24.0804 -0.0 
-24.0002 0.0 -24.0002 -0.0 -24.0002 0.0 -24.0002 -0.0 -24.0002 0.0 -24.0002 -0.0 
-23.9201 0.0 -23.9201 -0.0 -23.9201 0.0 -23.9201 -0.0 -23.9201 0.0 -23.9201 -0.0 
-23.8399 0.0 -23.8399 -0.0 -23.8399 0.0 -23.8399 -0.0 -23.8399 0.0 -23.8399 -0.0 
-23.7597 0.0 -23.7597 -0.0 -23.7597 0.0 -23.7597 -0.0 -23.7597 0.0 -23.7597 -0.0 
-23.6796 0.0 -23.6796 -0.0 -23.6796 0.0 -23.6796 -0.0 -23.6796 0.0 -23.6796 -0.0 
-23.5994 0.0 -23.5994 -0.0 -23.5994 0.0 -23.5994 -0.0 -23.5994 0.0 -23.5994 -0.0 
-23.5193 0.0 -23.5193 -0.0 -23.5193 0.0 -23.5193 -0.0 -23.5193 0.0 -23.5193 -0.0 
-23.4391 0.0 -23.4391 -0.0 -23.4391 0.0 -23.4391 -0.0 -23.4391 0.0 -23.4391 -0.0 
-23.3589 0.0 -23.3589 -0.0 -23.3589 0.0 -23.3589 -0.0 -23.3589 0.0 -23.3589 -0.0 
-23.2788 0.0 -23.2788 -0.0 -23.2788 0.0 -23.2788 -0.0 -23.2788 0.0 -23.2788 -0.0 
-23.1986 0.0 -23.1986 -0.0 -23.1986 0.0 -23.1986 -0.0 -23.1986 0.0 -23.1986 -0.0 
-23.1185 0.0 -23.1185 -0.0 -23.1185 0.0 -23.1185 -0.0 -23.1185 0.0 -23.1185 -0.0 
-23.0383 0.0 -23.0383 -0.0 -23.0383 0.0 -23.0383 -0.0 -23.0383 0.0 -23.0383 -0.0 
-22.9581 0.0 -22.9581 -0.0 -22.9581 0.0 -22.9581 -0.0 -22.9581 0.0 -22.9581 -0.0 
-22.878 0.0 -22.878 -0.0 -22.878 0.0 -22.878 -0.0 -22.878 0.0 -22.878 -0.0 
-22.7978 0.0 -22.7978 -0.0 -22.7978 0.0 -22.7978 -0.0 -22.7978 0.0 -22.7978 -0.0 
-22.7177 0.0 -22.7177 -0.0 -22.7177 0.0 -22.7177 -0.0 -22.7177 0.0 -22.7177 -0.0 
-22.6375 0.0 -22.6375 -0.0 -22.6375 0.0 -22.6375 -0.0 -22.6375 0.0 -22.6375 -0.0 
-22.5573 0.0 -22.5573 -0.0 -22.5573 0.0 -22.5573 -0.0 -22.5573 0.0 -22.5573 -0.0 
-22.4772 0.0 -22.4772 -0.0 -22.4772 0.0 -22.4772 -0.0 -22.4772 0.0 -22.4772 -0.0 
-22.397 0.0 -22.397 -0.0 -22.397 0.0 -22.397 -0.0 -22.397 0.0 -22.397 -0.0 
-22.3168 0.0 -22.3168 -0.0 -22.3168 0.0 -22.3168 -0.0 -22.3168 0.0 -22.3168 -0.0 
-22.2367 0.0 -22.2367 -0.0 -22.2367 0.0 -22.2367 -0.0 -22.2367 0.0 -22.2367 -0.0 
-22.1565 0.0 -22.1565 -0.0 -22.1565 0.0 -22.1565 -0.0 -22.1565 0.0 -22.1565 -0.0 
-22.0764 0.0 -22.0764 -0.0 -22.0764 0.0 -22.0764 -0.0 -22.0764 0.0 -22.0764 -0.0 
-21.9962 0.0 -21.9962 -0.0 -21.9962 0.0 -21.9962 -0.0 -21.9962 0.0 -21.9962 -0.0 
-21.916 0.0 -21.916 -0.0 -21.916 0.0 -21.916 -0.0 -21.916 0.0 -21.916 -0.0 
-21.8359 0.0 -21.8359 -0.0 -21.8359 0.0 -21.8359 -0.0 -21.8359 0.0 -21.8359 -0.0 
-21.7557 0.0 -21.7557 -0.0 -21.7557 0.0 -21.7557 -0.0 -21.7557 0.0 -21.7557 -0.0 
-21.6756 0.0 -21.6756 -0.0 -21.6756 0.0 -21.6756 -0.0 -21.6756 0.0 -21.6756 -0.0 
-21.5954 0.0 -21.5954 -0.0 -21.5954 0.0 -21.5954 -0.0 -21.5954 0.0 -21.5954 -0.0 
-21.5152 0.0 -21.5152 -0.0 -21.5152 0.0 -21.5152 -0.0 -21.5152 0.0 -21.5152 -0.0 
-21.4351 0.0 -21.4351 -0.0 -21.4351 0.0 -21.4351 -0.0 -21.4351 0.0 -21.4351 -0.0 
-21.3549 0.0 -21.3549 -0.0 -21.3549 0.0 -21.3549 -0.0 -21.3549 0.0 -21.3549 -0.0 
-21.2748 0.0 -21.2748 -0.0 -21.2748 0.0 -21.2748 -0.0 -21.2748 0.0 -21.2748 -0.0 
-21.1946 0.0 -21.1946 -0.0 -21.1946 0.0 -21.1946 -0.0 -21.1946 0.0 -21.1946 -0.0 
-21.1144 0.0 -21.1144 -0.0 -21.1144 0.0 -21.1144 -0.0 -21.1144 0.0 -21.1144 -0.0 
-21.0343 0.0 -21.0343 -0.0 -21.0343 0.0 -21.0343 -0.0 -21.0343 0.0 -21.0343 -0.0 
-20.9541 5e-05 -20.9541 -0.0 -20.9541 0.0 -20.9541 -0.0 -20.9541 0.0 -20.9541 -0.0 
-20.874 0.00055 -20.874 -0.0 -20.874 0.0 -20.874 -0.0 -20.874 0.0 -20.874 -0.0 
-20.7938 0.00375 -20.7938 -0.0 -20.7938 0.0 -20.7938 -0.0 -20.7938 0.0 -20.7938 -0.0 
-20.7136 0.01925 -20.7136 -0.0002 -20.7136 0.0 -20.7136 -0.0 -20.7136 0.0 -20.7136 -0.0 
-20.6335 0.0752 -20.6335 -0.00165 -20.6335 0.0 -20.6335 -0.0 -20.6335 0.0 -20.6335 -0.0 
-20.5533 0.2252 -20.5533 -0.00985 -20.5533 0.0001 -20.5533 -0.0 -20.5533 0.0002 -20.5533 -0.0 
-20.4732 0.52845 -20.4732 -0.04435 -20.4732 0.0008 -20.4732 -0.0 -20.4732 0.0002 -20.4732 -0.0 
-20.393 1.0015 -20.393 -0.15215 -20.393 0.0028 -20.393 -0.0004 -20.393 0.0015 -20.393 -0.0 
-20.3128 1.59425 -20.3128 -0.4049 -20.3128 0.0061 -20.3128 -0.0015 -20.3128 0.0024 -20.3128 -0.0002 
-20.2327 2.21645 -20.2327 -0.8544 -20.2327 0.0115 -20.2327 -0.0048 -20.2327 0.0035 -20.2327 -0.0002 
-20.1525 2.76225 -20.1525 -1.4695 -20.1525 0.0168 -20.1525 -0.0101 -20.1525 0.0053 -20.1525 -0.0014 
-20.0724 3.1324 -20.0724 -2.1207 -20.0724 0.0223 -20.0724 -0.0193 -20.0724 0.0066 -20.0724 -0.0019 
-19.9922 3.3285 -19.9922 -2.6405 -19.9922 0.02735 -19.9922 -0.0291 -19.9922 0.0075 -19.9922 -0.0028 
-19.912 3.5386 -19.912 -2.93425 -19.912 0.03445 -19.912 -0.0378 -19.912 0.0078 -19.912 -0.0034 
-19.8319 4.06745 -19.8319 -3.0866 -19.8319 0.0516 -19.8319 -0.0443 -19.8319 0.0084 -19.8319 -0.0037 
-19.7517 5.20565 -19.7517 -3.345 -19.7517 0.09275 -19.7517 -0.0512 -19.7517 0.00885 -19.7517 -0.0044 
-19.6716 7.17005 -19.6716 -3.93765 -19.6716 0.17775 -19.6716 -0.0628 -19.6716 0.00955 -19.6716 -0.0051 
-19.5914 9.9962 -19.5914 -4.9235 -19.5914 0.31895 -19.5914 -0.0827 -19.5914 0.01095 -19.5914 -0.0065 
-19.5112 13.33795 -19.5112 -6.2799 -19.5112 0.5031 -19.5112 -0.11665 -19.5112 0.01315 -19.5112 -0.00715 
-19.4311 16.4735 -19.4311 -8.0812 -19.4311 0.6838 -19.4311 -0.1723 -19.4311 0.0157 -19.4311 -0.0073 
-19.3509 18.67445 -19.3509 -10.3868 -19.3509 0.80715 -19.3509 -0.25565 -19.3509 0.01805 -19.3509 -0.0077 
-19.2708 19.5715 -19.2708 -12.809 -19.2708 0.8513 -19.2708 -0.35355 -19.2708 0.01995 -19.2708 -0.0078 
-19.1906 19.19095 -19.1906 -14.35135 -19.1906 0.82655 -19.1906 -0.4256 -19.1906 0.02105 -19.1906 -0.0077 
-19.1104 17.8208 -19.1104 -14.0662 -19.1104 0.76595 -19.1104 -0.431 -19.1104 0.0216 -19.1104 -0.00685 
-19.0303 15.8592 -19.0303 -12.09195 -19.0303 0.6917 -19.0303 -0.36835 -19.0303 0.0201 -19.0303 -0.006 
-18.9501 13.5939 -18.9501 -9.81925 -18.9501 0.60745 -18.9501 -0.2867 -18.9501 0.01875 -18.9501 -0.0053 
-18.87 11.1227 -18.87 -8.7855 -18.87 0.50515 -18.87 -0.24495 -18.87 0.01565 -18.87 -0.0061 
-18.7898 8.6443 -18.7898 -9.54785 -18.7898 0.3919 -18.7898 -0.2703 -18.7898 0.0121 -18.7898 -0.0078 
-18.7096 6.66595 -18.7096 -11.6163 -18.7096 0.29515 -18.7096 -0.35415 -18.7096 0.0091 -18.7096 -0.011 
-18.6295 5.56445 -18.6295 -14.02115 -18.6295 0.23745 -18.6295 -0.461 -18.6295 0.0074 -18.6295 -0.01405 
-18.5493 5.0606 -18.5493 -15.76505 -18.5493 0.2102 -18.5493 -0.5467 -18.5493 0.0061 -18.5493 -0.01635 
-18.4692 4.56585 -18.4692 -16.0833 -18.4692 0.1889 -18.4692 -0.57445 -18.4692 0.00535 -18.4692 -0.01835 
-18.389 3.9297 -18.389 -14.7061 -18.389 0.164 -18.389 -0.53125 -18.389 0.0046 -18.389 -0.0182 
-18.3088 3.4017 -18.3088 -12.03115 -18.3088 0.14425 -18.3088 -0.4367 -18.3088 0.00355 -18.3088 -0.01535 
-18.2287 3.0147 -18.2287 -8.8622 -18.2287 0.1302 -18.2287 -0.32695 -18.2287 0.00295 -18.2287 -0.0108 
-18.1485 2.49235 -18.1485 -5.86905 -18.1485 0.1086 -18.1485 -0.2243 -18.1485 0.0022 -18.1485 -0.00625 
-18.0684 1.72005 -18.0684 -3.4025 -18.0684 0.07555 -18.0684 -0.13475 -18.0684 0.0015 -18.0684 -0.00285 
-17.9882 0.92795 -17.9882 -1.64775 -17.9882 0.041 -17.9882 -0.0674 -17.9882 0.00075 -17.9882 -0.00095 
-17.908 0.3795 -17.908 -0.63625 -17.908 0.0167 -17.908 -0.027 -17.908 0.0002 -17.908 -0.0004 
-17.8279 0.11595 -17.8279 -0.1893 -17.8279 0.005 -17.8279 -0.00805 -17.8279 0.0 -17.8279 -0.0 
-17.7477 0.0263 -17.7477 -0.0425 -17.7477 0.00115 -17.7477 -0.00165 -17.7477 0.0 -17.7477 -0.0 
-17.6676 0.0047 -17.6676 -0.0073 -17.6676 0.0001 -17.6676 -0.0003 -17.6676 0.0 -17.6676 -0.0 
-17.5874 0.0034 -17.5874 -0.00285 -17.5874 0.0 -17.5874 -0.0 -17.5874 0.0 -17.5874 -0.0 
-17.5072 0.0188 -17.5072 -0.01355 -17.5072 0.0 -17.5072 -0.0 -17.5072 0.0 -17.5072 -0.0 
-17.4271 0.0917 -17.4271 -0.0691 -17.4271 0.00015 -17.4271 -5e-05 -17.4271 5e-05 -17.4271 -0.0 
-17.3469 0.33725 -17.3469 -0.26695 -17.3469 0.00095 -17.3469 -0.00035 -17.3469 0.00055 -17.3469 -0.0003 
-17.2667 0.9377 -17.2667 -0.77905 -17.2667 0.00325 -17.2667 -0.0017 -17.2667 0.00125 -17.2667 -0.0009 
-17.1866 1.9791 -17.1866 -1.7264 -17.1866 0.0067 -17.1866 -0.0041 -17.1866 0.0027 -17.1866 -0.0022 
-17.1064 3.1801 -17.1064 -2.9179 -17.1064 0.0105 -17.1064 -0.00725 -17.1064 0.0046 -17.1064 -0.00375 
-17.0263 3.89725 -17.0263 -3.7718 -17.0263 0.0131 -17.0263 -0.0094 -17.0263 0.0056 -17.0263 -0.005 
-16.9461 3.6599 -16.9461 -3.73065 -16.9461 0.0118 -16.9461 -0.00955 -16.9461 0.0053 -16.9461 -0.005 
-16.8659 2.72005 -16.8659 -2.8176 -16.8659 0.0087 -16.8659 -0.0072 -16.8659 0.00435 -16.8659 -0.004 
-16.7858 1.89 -16.7858 -1.61805 -16.7858 0.00625 -16.7858 -0.0044 -16.7858 0.00365 -16.7858 -0.0023 
-16.7056 1.83885 -16.7056 -0.7026 -16.7056 0.0069 -16.7056 -0.0018 -16.7056 0.0047 -16.7056 -0.001 
-16.6255 2.59175 -16.6255 -0.22945 -16.6255 0.01005 -16.6255 -0.0003 -16.6255 0.0076 -16.6255 -0.0003 
-16.5453 3.5394 -16.5453 -0.05755 -16.5453 0.01395 -16.5453 -0.0 -16.5453 0.0105 -16.5453 -0.0 
-16.4651 3.8813 -16.4651 -0.02235 -16.4651 0.0154 -16.4651 -0.0 -16.4651 0.01145 -16.4651 -0.0 
-16.385 3.2723 -16.385 -0.06805 -16.385 0.01235 -16.385 -0.0 -16.385 0.00945 -16.385 -5e-05 
-16.3048 2.09375 -16.3048 -0.27 -16.3048 0.0079 -16.3048 -0.0003 -16.3048 0.006 -16.3048 -0.00105 
-16.2247 1.0088 -16.2247 -0.81075 -16.2247 0.0038 -16.2247 -0.00175 -16.2247 0.0028 -16.2247 -0.0029 
-16.1445 0.36365 -16.1445 -1.81565 -16.1445 0.00115 -16.1445 -0.0046 -16.1445 0.001 -16.1445 -0.00635 
-16.0643 0.09755 -16.0643 -3.0467 -16.0643 0.0001 -16.0643 -0.00705 -16.0643 0.0003 -16.0643 -0.01035 
-15.9842 0.0194 -15.9842 -3.85295 -15.9842 0.0 -15.9842 -0.0092 -15.9842 0.0 -15.9842 -0.01255 
-15.904 0.00285 -15.904 -3.695 -15.904 0.0 -15.904 -0.0083 -15.904 0.0 -15.904 -0.0114 
-15.8239 0.0003 -15.8239 -2.7021 -15.8239 0.0 -15.8239 -0.00605 -15.8239 0.0 -15.8239 -0.00765 
-15.7437 0.0 -15.7437 -1.51255 -15.7437 0.0 -15.7437 -0.0031 -15.7437 0.0 -15.7437 -0.00405 
-15.6635 0.0 -15.6635 -0.64875 -15.6635 0.0 -15.6635 -0.00125 -15.6635 0.0 -15.6635 -0.0016 
-15.5834 0.0 -15.5834 -0.21275 -15.5834 0.0 -15.5834 -0.0002 -15.5834 0.0 -15.5834 -0.0004 
-15.5032 0.0 -15.5032 -0.0531 -15.5032 0.0 -15.5032 -0.0 -15.5032 0.0 -15.5032 -0.0 
-15.4231 0.0 -15.4231 -0.01 -15.4231 0.0 -15.4231 -0.0 -15.4231 0.0 -15.4231 -0.0 
-15.3429 0.0 -15.3429 -0.0014 -15.3429 0.0 -15.3429 -0.0 -15.3429 0.0 -15.3429 -0.0 
-15.2627 0.0 -15.2627 -0.00015 -15.2627 0.0 -15.2627 -0.0 -15.2627 0.0 -15.2627 -0.0 
-15.1826 0.0 -15.1826 -0.0 -15.1826 0.0 -15.1826 -0.0 -15.1826 0.0 -15.1826 -0.0 
-15.1024 0.0 -15.1024 -0.0 -15.1024 0.0 -15.1024 -0.0 -15.1024 0.0 -15.1024 -0.0 
-15.0223 0.0 -15.0223 -0.0 -15.0223 0.0 -15.0223 -0.0 -15.0223 0.0 -15.0223 -0.0 
-14.9421 0.0 -14.9421 -0.0 -14.9421 0.0 -14.9421 -0.0 -14.9421 0.0 -14.9421 -0.0 
-14.8619 0.0 -14.8619 -0.0 -14.8619 0.0 -14.8619 -0.0 -14.8619 0.0 -14.8619 -0.0 
-14.7818 0.0 -14.7818 -0.0 -14.7818 0.0 -14.7818 -0.0 -14.7818 0.0 -14.7818 -0.0 
-14.7016 0.0 -14.7016 -0.0 -14.7016 0.0 -14.7016 -0.0 -14.7016 0.0 -14.7016 -0.0 
-14.6215 0.0 -14.6215 -0.0 -14.6215 0.0 -14.6215 -0.0 -14.6215 0.0 -14.6215 -0.0 
-14.5413 0.0 -14.5413 -0.0 -14.5413 0.0 -14.5413 -0.0 -14.5413 0.0 -14.5413 -0.0 
-14.4611 0.0 -14.4611 -0.0 -14.4611 0.0 -14.4611 -0.0 -14.4611 0.0 -14.4611 -0.0 
-14.381 0.0 -14.381 -0.0 -14.381 0.0 -14.381 -0.0 -14.381 0.0 -14.381 -0.0 
-14.3008 0.0 -14.3008 -0.0 -14.3008 0.0 -14.3008 -0.0 -14.3008 0.0 -14.3008 -0.0 
-14.2207 0.0 -14.2207 -0.0 -14.2207 0.0 -14.2207 -0.0 -14.2207 0.0 -14.2207 -0.0 
-14.1405 0.0 -14.1405 -0.0 -14.1405 0.0 -14.1405 -0.0 -14.1405 0.0 -14.1405 -0.0 
-14.0603 0.0 -14.0603 -0.0 -14.0603 0.0 -14.0603 -0.0 -14.0603 0.0 -14.0603 -0.0 
-13.9802 0.0 -13.9802 -0.0 -13.9802 0.0 -13.9802 -0.0 -13.9802 0.0 -13.9802 -0.0 
-13.9 0.0 -13.9 -0.0 -13.9 0.0 -13.9 -0.0 -13.9 0.0 -13.9 -0.0 
-13.8199 0.0 -13.8199 -0.0 -13.8199 0.0 -13.8199 -0.0 -13.8199 0.0 -13.8199 -0.0 
-13.7397 0.0 -13.7397 -0.0 -13.7397 0.0 -13.7397 -0.0 -13.7397 0.0 -13.7397 -0.0 
-13.6595 0.0 -13.6595 -0.0 -13.6595 0.0 -13.6595 -0.0 -13.6595 0.0 -13.6595 -0.0 
-13.5794 0.0 -13.5794 -0.0 -13.5794 0.0 -13.5794 -0.0 -13.5794 0.0 -13.5794 -0.0 
-13.4992 0.0 -13.4992 -0.0 -13.4992 0.0 -13.4992 -0.0 -13.4992 0.0 -13.4992 -0.0 
-13.4191 0.0 -13.4191 -0.0 -13.4191 0.0 -13.4191 -0.0 -13.4191 0.0 -13.4191 -0.0 
-13.3389 0.0 -13.3389 -0.0 -13.3389 0.0 -13.3389 -0.0 -13.3389 0.0 -13.3389 -0.0 
-13.2587 0.0 -13.2587 -0.0 -13.2587 0.0 -13.2587 -0.0 -13.2587 0.0 -13.2587 -0.0 
-13.1786 0.0 -13.1786 -0.0 -13.1786 0.0 -13.1786 -0.0 -13.1786 0.0 -13.1786 -0.0 
-13.0984 0.0 -13.0984 -0.0 -13.0984 0.0 -13.0984 -0.0 -13.0984 0.0 -13.0984 -0.0 
-13.0183 0.0 -13.0183 -0.0 -13.0183 0.0 -13.0183 -0.0 -13.0183 0.0 -13.0183 -0.0 
-12.9381 0.0 -12.9381 -0.0 -12.9381 0.0 -12.9381 -0.0 -12.9381 0.0 -12.9381 -0.0 
-12.8579 0.0 -12.8579 -0.0 -12.8579 0.0 -12.8579 -0.0 -12.8579 0.0 -12.8579 -0.0 
-12.7778 0.0 -12.7778 -0.0 -12.7778 0.0 -12.7778 -0.0 -12.7778 0.0 -12.7778 -0.0 
-12.6976 0.0 -12.6976 -0.0 -12.6976 0.0 -12.6976 -0.0 -12.6976 0.0 -12.6976 -0.0 
-12.6175 0.0 -12.6175 -0.0 -12.6175 0.0 -12.6175 -0.0 -12.6175 0.0 -12.6175 -0.0 
-12.5373 0.0 -12.5373 -0.0 -12.5373 0.0 -12.5373 -0.0 -12.5373 0.0 -12.5373 -0.0 
-12.4571 0.0 -12.4571 -0.0 -12.4571 0.0 -12.4571 -0.0 -12.4571 0.0 -12.4571 -0.0 
-12.377 0.0 -12.377 -0.0 -12.377 0.0 -12.377 -0.0 -12.377 0.0 -12.377 -0.0 
-12.2968 0.0 -12.2968 -0.0 -12.2968 0.0 -12.2968 -0.0 -12.2968 0.0 -12.2968 -0.0 
-12.2166 0.0 -12.2166 -0.0 -12.2166 0.0 -12.2166 -0.0 -12.2166 0.0 -12.2166 -0.0 
-12.1365 0.0 -12.1365 -0.0 -12.1365 0.0 -12.1365 -0.0 -12.1365 0.0 -12.1365 -0.0 
-12.0563 0.0 -12.0563 -0.0 -12.0563 0.0 -12.0563 -0.0 -12.0563 0.0 -12.0563 -0.0 
-11.9762 0.0 -11.9762 -0.0 -11.9762 0.0 -11.9762 -0.0 -11.9762 0.0 -11.9762 -0.0 
-11.896 0.0 -11.896 -0.0 -11.896 0.0 -11.896 -0.0 -11.896 0.0 -11.896 -0.0 
-11.8158 0.0 -11.8158 -0.0 -11.8158 0.0 -11.8158 -0.0 -11.8158 0.0 -11.8158 -0.0 
-11.7357 0.0 -11.7357 -0.0 -11.7357 0.0 -11.7357 -0.0 -11.7357 0.0 -11.7357 -0.0 
-11.6555 0.0 -11.6555 -0.0 -11.6555 0.0 -11.6555 -0.0 -11.6555 0.0 -11.6555 -0.0 
-11.5754 0.0 -11.5754 -0.0 -11.5754 0.0 -11.5754 -0.0 -11.5754 0.0 -11.5754 -0.0 
-11.4952 0.0 -11.4952 -0.0 -11.4952 0.0 -11.4952 -0.0 -11.4952 0.0 -11.4952 -0.0 
-11.415 0.0 -11.415 -0.0 -11.415 0.0 -11.415 -0.0 -11.415 0.0 -11.415 -0.0 
-11.3349 0.0 -11.3349 -0.0 -11.3349 0.0 -11.3349 -0.0 -11.3349 0.0 -11.3349 -0.0 
-11.2547 0.0 -11.2547 -0.0 -11.2547 0.0 -11.2547 -0.0 -11.2547 0.0 -11.2547 -0.0 
-11.1746 0.0 -11.1746 -0.0 -11.1746 0.0 -11.1746 -0.0 -11.1746 0.0 -11.1746 -0.0 
-11.0944 0.0 -11.0944 -0.0 -11.0944 0.0 -11.0944 -0.0 -11.0944 0.0 -11.0944 -0.0 
-11.0142 0.0 -11.0142 -0.0 -11.0142 0.0 -11.0142 -0.0 -11.0142 0.0 -11.0142 -0.0 
-10.9341 0.0 -10.9341 -0.0 -10.9341 0.0 -10.9341 -0.0 -10.9341 0.0 -10.9341 -0.0 
-10.8539 5e-05 -10.8539 -0.0 -10.8539 0.0 -10.8539 -0.0 -10.8539 0.0 -10.8539 -0.0 
-10.7738 0.00055 -10.7738 -0.0 -10.7738 0.0001 -10.7738 -0.0 -10.7738 0.0 -10.7738 -0.0 
-10.6936 0.0039 -10.6936 -0.0 -10.6936 0.00255 -10.6936 -0.0 -10.6936 0.0001 -10.6936 -0.0 
-10.6134 0.02 -10.6134 -0.0 -10.6134 0.01355 -10.6134 -0.0 -10.6134 0.002 -10.6134 -0.0 
-10.5333 0.07955 -10.5333 -5e-05 -10.5333 0.05455 -10.5333 -0.0 -10.5333 0.0092 -10.5333 -0.0 
-10.4531 0.2517 -10.4531 -0.0003 -10.4531 0.17505 -10.4531 -0.0001 -10.4531 0.0298 -10.4531 -0.0 
-10.373 0.65935 -10.373 -0.00275 -10.373 0.467 -10.373 -0.0021 -10.373 0.07705 -10.373 -0.0002 
-10.2928 1.50155 -10.2928 -0.01835 -10.2928 1.08935 -10.2928 -0.014 -10.2928 0.17265 -10.2928 -0.002 
-10.2126 3.08005 -10.2126 -0.09295 -10.2126 2.2943 -10.2126 -0.0708 -10.2126 0.34645 -10.2126 -0.0116 
-10.1325 5.7131 -10.1325 -0.3609 -10.1325 4.35545 -10.1325 -0.2777 -10.1325 0.63075 -10.1325 -0.0438 
-10.0523 9.4174 -10.0523 -1.092 -10.0523 7.3079 -10.0523 -0.8449 -10.0523 1.0221 -10.0523 -0.13205 
-9.9722 13.66075 -9.9722 -2.631 -9.9722 10.737 -9.9722 -2.04815 -9.9722 1.46255 -9.9722 -0.31215 
-9.892 17.67345 -9.892 -5.1796 -9.892 14.019 -9.892 -4.0642 -9.892 1.8701 -9.892 -0.59785 
-9.8118 20.9446 -9.8118 -8.5626 -9.8118 16.71135 -9.8118 -6.789 -9.8118 2.1942 -9.8118 -0.95065 
-9.7317 23.1388 -9.7317 -12.20175 -9.7317 18.50485 -9.7317 -9.79505 -9.7317 2.4011 -9.7317 -1.2837 
-9.6515 23.91695 -9.6515 -15.3974 -9.6515 19.1141 -9.6515 -12.53485 -9.6515 2.4516 -9.6515 -1.5044 
-9.5714 23.44555 -9.5714 -17.7827 -9.5714 18.70495 -9.5714 -14.69365 -9.5714 2.35205 -9.5714 -1.5732 
-9.4912 22.80295 -9.4912 -19.47315 -9.4912 18.20045 -9.4912 -16.31815 -9.4912 2.20155 -9.4912 -1.53665 
-9.411 23.2458 -9.411 -20.57715 -9.411 18.655 -9.411 -17.41825 -9.411 2.11705 -9.411 -1.47825 
-9.3309 24.9947 -9.3309 -20.70285 -9.3309 20.25995 -9.3309 -17.59055 -9.3309 2.11975 -9.3309 -1.4372 
-9.2507 27.0163 -9.2507 -19.36265 -9.2507 22.1627 -9.2507 -16.40425 -9.2507 2.12685 -9.2507 -1.38645 
-9.1706 28.08385 -9.1706 -16.7955 -9.1706 23.32375 -9.1706 -14.11925 -9.1706 2.0554 -9.1706 -1.289 
-9.0904 27.91175 -9.0904 -13.8929 -9.0904 23.4736 -9.0904 -11.58415 -9.0904 1.89375 -9.0904 -1.1349 
-9.0102 27.30175 -9.0102 -11.39455 -9.0102 23.29175 -9.0102 -9.48065 -9.0102 1.6873 -9.0102 -0.9371 
-8.9301 27.3261 -8.9301 -9.66355 -8.9301 23.71555 -8.9301 -8.1083 -8.9301 1.48305 -8.9301 -0.73185 
-8.8499 28.1838 -8.8499 -8.91745 -8.8499 24.89575 -8.8499 -7.61015 -8.8499 1.30465 -8.8499 -0.57035 
-8.7698 28.75335 -8.7698 -8.97465 -8.7698 25.7779 -8.7698 -7.7911 -8.7698 1.13725 -8.7698 -0.4739 
-8.6896 27.4633 -8.6896 -9.0896 -8.6896 24.89805 -8.6896 -7.9846 -8.6896 0.94585 -8.6896 -0.41365 
-8.6094 23.58255 -8.6094 -8.5843 -8.6094 21.5614 -8.6094 -7.59675 -8.6094 0.7198 -8.6094 -0.3538 
-8.5293 17.6987 -8.5293 -7.31735 -8.5293 16.2911 -8.5293 -6.50415 -8.5293 0.48355 -8.5293 -0.28265 
-8.4491 11.31585 -8.4491 -5.4677 -8.4491 10.4756 -8.4491 -4.87105 -8.4491 0.27835 -8.4491 -0.2042 
-8.369 6.0108 -8.369 -3.41205 -8.369 5.5934 -8.369 -3.04015 -8.369 0.13345 -8.369 -0.12695 
-8.2888 2.59585 -8.2888 -1.69285 -8.2888 2.4281 -8.2888 -1.50395 -8.2888 0.0517 -8.2888 -0.0643 
-8.2086 0.89705 -8.2086 -0.65615 -8.2086 0.8431 -8.2086 -0.5703 -8.2086 0.01605 -8.2086 -0.03075 
-8.1285 0.2454 -8.1285 -0.23285 -8.1285 0.2316 -8.1285 -0.1657 -8.1285 0.0033 -8.1285 -0.0281 
-8.0483 0.05275 -8.0483 -0.1628 -8.0483 0.0501 -8.0483 -0.04535 -8.0483 0.00015 -8.0483 -0.0534 
-7.9682 0.00885 -7.9682 -0.2469 -7.9682 0.00835 -7.9682 -0.02715 -7.9682 0.0 -7.9682 -0.09995 
-7.888 0.0012 -7.888 -0.37795 -7.888 0.0006 -7.888 -0.03595 -7.888 0.0 -7.888 -0.1562 
-7.8078 0.0003 -7.8078 -0.49955 -7.8078 0.0 -7.8078 -0.04805 -7.8078 0.0 -7.8078 -0.20675 
-7.7277 0.0012 -7.7277 -0.60725 -7.7277 5e-05 -7.7277 -0.0593 -7.7277 0.00025 -7.7277 -0.2528 
-7.6475 0.00525 -7.6475 -0.73425 -7.6475 0.00015 -7.6475 -0.0722 -7.6475 0.00185 -7.6475 -0.30665 
-7.5674 0.0184 -7.5674 -0.8999 -7.5674 0.00095 -7.5674 -0.087 -7.5674 0.00805 -7.5674 -0.3801 
-7.4872 0.0516 -7.4872 -1.1199 -7.4872 0.0043 -7.4872 -0.1049 -7.4872 0.0222 -7.4872 -0.48 
-7.407 0.11765 -7.407 -1.448 -7.407 0.01025 -7.407 -0.13185 -7.407 0.0506 -7.407 -0.62975 
-7.3269 0.2246 -7.3269 -1.9181 -7.3269 0.02165 -7.3269 -0.1743 -7.3269 0.09705 -7.3269 -0.8427 
-7.2467 0.37785 -7.2467 -2.4822 -7.2467 0.0392 -7.2467 -0.22855 -7.2467 0.16325 -7.2467 -1.09675 
-7.1665 0.59845 -7.1665 -3.10195 -7.1665 0.0681 -7.1665 -0.2914 -7.1665 0.25825 -7.1665 -1.37685 
-7.0864 0.93965 -7.0864 -3.82045 -7.0864 0.11785 -7.0864 -0.365 -7.0864 0.40485 -7.0864 -1.701 
-7.0062 1.48405 -7.0062 -4.62545 -7.0062 0.20465 -7.0062 -0.44945 -7.0062 0.6387 -7.0062 -2.06255 
-6.9261 2.32305 -6.9261 -5.33575 -6.9261 0.34845 -6.9261 -0.52865 -6.9261 0.9975 -6.9261 -2.37965 
-6.8459 3.4991 -6.8459 -5.77575 -6.8459 0.563 -6.8459 -0.5868 -6.8459 1.4983 -6.8459 -2.5745 
-6.7657 4.92005 -6.7657 -6.0092 -6.7657 0.8358 -6.7657 -0.6291 -6.7657 2.09995 -6.7657 -2.6775 
-6.6856 6.36685 -6.6856 -6.25585 -6.6856 1.12465 -6.6856 -0.6742 -6.6856 2.712 -6.6856 -2.7882 
-6.6054 7.6744 -6.6054 -6.61805 -6.6054 1.38955 -6.6054 -0.72935 -6.6054 3.26625 -6.6054 -2.9542 
-6.5253 8.90855 -6.5253 -7.016 -6.5253 1.63225 -6.5253 -0.78175 -6.5253 3.7926 -6.5253 -3.14015 
-6.4451 10.25735 -6.4451 -7.34505 -6.4451 1.8836 -6.4451 -0.81925 -6.4451 4.36995 -6.4451 -3.29975 
-6.3649 11.6849 -6.3649 -7.5637 -6.3649 2.13445 -6.3649 -0.84215 -6.3649 4.98285 -6.3649 -3.41165 
-6.2848 12.75345 -6.2848 -7.6643 -6.2848 2.3006 -6.2848 -0.86055 -6.2848 5.45045 -6.2848 -3.46785 
-6.2046 12.90215 -6.2046 -7.7185 -6.2046 2.279 -6.2046 -0.89175 -6.2046 5.5394 -6.2046 -3.5001 
-6.1245 12.0042 -6.1245 -7.95735 -6.1245 2.05265 -6.1245 -0.96575 -6.1245 5.1998 -6.1245 -3.6168 
-6.0443 10.6138 -6.0443 -8.6533 -6.0443 1.72885 -6.0443 -1.1106 -6.0443 4.66825 -6.0443 -3.9473 
-5.9641 9.5206 -5.9641 -9.86225 -5.9641 1.461 -5.9641 -1.32935 -5.9641 4.2772 -5.9641 -4.5211 
-5.884 9.0808 -5.884 -11.30155 -5.884 1.3277 -5.884 -1.5823 -5.884 4.17135 -5.884 -5.20595 
-5.8038 9.05755 -5.8038 -12.44015 -5.8038 1.29855 -5.8038 -1.7895 -5.8038 4.2362 -5.8038 -5.7567 
-5.7237 8.98445 -5.7237 -12.76125 -5.7237 1.293 -5.7237 -1.8694 -5.7237 4.2597 -5.7237 -5.9303 
-5.6435 8.60535 -5.6435 -12.13315 -5.6435 1.24855 -5.6435 -1.79925 -5.6435 4.12605 -5.6435 -5.66755 
-5.5633 8.0857 -5.5633 -10.98355 -5.5633 1.17215 -5.5633 -1.6482 -5.5633 3.91875 -5.5633 -5.16465 
-5.4832 7.866 -5.4832 -10.0118 -5.4832 1.1255 -5.4832 -1.533 -5.4832 3.85605 -5.4832 -4.74715 
-5.403 8.283 -5.403 -9.70545 -5.403 1.16375 -5.403 -1.53625 -5.403 4.11175 -5.403 -4.64525 
-5.3229 9.32155 -5.3229 -10.1421 -5.3229 1.29505 -5.3229 -1.67465 -5.3229 4.6876 -5.3229 -4.9024 
-5.2427 10.68205 -5.2427 -11.1583 -5.2427 1.4801 -5.2427 -1.93315 -5.2427 5.4424 -5.2427 -5.44655 
-5.1625 12.00255 -5.1625 -12.56305 -5.1625 1.66115 -5.1625 -2.29265 -5.1625 6.19075 -5.1625 -6.1853 
-5.0824 13.01935 -5.0824 -14.1353 -5.0824 1.7909 -5.0824 -2.71185 -5.0824 6.78885 -5.0824 -7.00625 
-5.0022 13.60125 -5.0022 -15.5795 -5.0022 1.84825 -5.0022 -3.1142 -5.0022 7.15755 -5.0022 -7.7625 
-4.9221 13.7009 -4.9221 -16.67765 -4.9221 1.84085 -4.9221 -3.44025 -4.9221 7.2625 -4.9221 -8.353 
-4.8419 13.3719 -4.8419 -17.3965 -4.8419 1.79035 -4.8419 -3.6718 -4.8419 7.1294 -4.8419 -8.76715 
-4.7617 12.8565 -4.7617 -17.69325 -4.7617 1.732 -4.7617 -3.7865 -4.7617 6.89405 -4.7617 -8.98045 
-4.6816 12.45655 -4.6816 -17.4221 -4.6816 1.69865 -4.6816 -3.7295 -4.6816 6.7221 -4.6816 -8.9128 
-4.6014 12.25255 -4.6014 -16.6708 -4.6014 1.6956 -4.6014 -3.50605 -4.6014 6.65365 -4.6014 -8.6051 
-4.5213 12.1269 -4.5213 -15.92505 -4.5213 1.71035 -4.5213 -3.22985 -4.5213 6.61865 -4.5213 -8.30515 
-4.4411 12.046 -4.4411 -15.61495 -4.4411 1.7416 -4.4411 -3.02835 -4.4411 6.5964 -4.4411 -8.229 
-4.3609 12.1378 -4.3609 -15.7185 -4.3609 1.8011 -4.3609 -2.92955 -4.3609 6.66305 -4.3609 -8.3589 
-4.2808 12.47895 -4.2808 -15.9857 -4.2808 1.88955 -4.2808 -2.89265 -4.2808 6.86755 -4.2808 -8.5689 
-4.2006 12.93365 -4.2006 -16.28805 -4.2006 1.98605 -4.2006 -2.8787 -4.2006 7.138 -4.2006 -8.80435 
-4.1205 13.2892 -4.1205 -16.57555 -4.1205 2.07505 -4.1205 -2.8568 -4.1205 7.3517 -4.1205 -9.04725 
-4.0403 13.4775 -4.0403 -16.73235 -4.0403 2.16215 -4.0403 -2.79035 -4.0403 7.46685 -4.0403 -9.2371 
-3.9601 13.542 -3.9601 -16.65115 -3.9601 2.2441 -3.9601 -2.66115 -3.9601 7.51575 -3.9601 -9.30915 
-3.88 13.46665 -3.88 -16.2699 -3.88 2.28045 -3.88 -2.47825 -3.88 7.5082 -3.88 -9.21265 
-3.7998 13.20115 -3.7998 -15.4793 -3.7998 2.23005 -3.7998 -2.25205 -3.7998 7.4263 -3.7998 -8.86555 
-3.7197 12.80205 -3.7197 -14.24285 -3.7197 2.11105 -3.7197 -1.9923 -3.7197 7.2866 -3.7197 -8.2357 
-3.6395 12.45145 -3.6395 -12.85195 -3.6395 1.9984 -3.6395 -1.7369 -3.6395 7.15795 -3.6395 -7.4952 
-3.5593 12.3862 -3.5593 -11.8293 -3.5593 1.97135 -3.5593 -1.54435 -3.5593 7.15475 -3.5593 -6.9604 
-3.4792 12.74055 -3.4792 -11.51015 -3.4792 2.0548 -3.4792 -1.44525 -3.4792 7.36605 -3.4792 -6.842 
-3.399 13.3401 -3.399 -11.8241 -3.399 2.19265 -3.399 -1.423 -3.399 7.7203 -3.399 -7.10855 
-3.3189 13.78865 -3.3189 -12.47035 -3.3189 2.2965 -3.3189 -1.4448 -3.3189 8.00885 -3.3189 -7.5797 
-3.2387 13.8929 -3.2387 -13.1624 -3.2387 2.3269 -3.2387 -1.48805 -3.2387 8.122 -3.2387 -8.0742 
-3.1585 13.8702 -3.1585 -13.6446 -3.1585 2.31965 -3.1585 -1.52675 -3.1585 8.18165 -3.1585 -8.4283 
-3.0784 14.0492 -3.0784 -13.63665 -3.0784 2.3281 -3.0784 -1.5209 -3.0784 8.37525 -3.0784 -8.4688 
-2.9982 14.47825 -2.9982 -12.97665 -2.9982 2.3644 -2.9982 -1.44685 -2.9982 8.7244 -2.9982 -8.0981 
-2.9181 14.8823 -2.9181 -11.79735 -2.9181 2.3977 -2.9181 -1.3247 -2.9181 9.05335 -2.9181 -7.39525 
-2.8379 14.92415 -2.8379 -10.43575 -2.8379 2.38765 -2.8379 -1.20915 -2.8379 9.14775 -2.8379 -6.5596 
-2.7577 14.4844 -2.7577 -9.19915 -2.7577 2.31795 -2.7577 -1.1487 -2.7577 8.9341 -2.7577 -5.77295 
-2.6776 13.7551 -2.6776 -8.2616 -2.6776 2.2145 -2.6776 -1.1552 -2.6776 8.53615 -2.6776 -5.147 
-2.5974 13.114 -2.5974 -7.66345 -2.5974 2.14335 -2.5974 -1.20495 -2.5974 8.1882 -2.5974 -4.7231 
-2.5172 12.88085 -2.5172 -7.269 -2.5172 2.1687 -2.5172 -1.24615 -2.5172 8.0864 -2.5172 -4.43445 
-2.4371 13.04085 -2.4371 -6.7574 -2.4371 2.28185 -2.4371 -1.2139 -2.4371 8.2201 -2.4371 -4.0949 
-2.3569 13.0771 -2.3569 -5.82215 -2.3569 2.3603 -2.3569 -1.06665 -2.3569 8.26915 -2.3569 -3.51695 
-2.2768 12.2207 -2.2768 -4.4395 -2.2768 2.2371 -2.2768 -0.8201 -2.2768 7.75335 -2.2768 -2.67775 
-2.1966 10.11185 -2.1966 -2.8922 -2.1966 1.8481 -2.1966 -0.53765 -2.1966 6.43865 -2.1966 -1.7423 
-2.1164 7.204 -2.1164 -1.5575 -2.1164 1.30025 -2.1164 -0.292 -2.1164 4.60545 -2.1164 -0.9368 
-2.0363 4.39335 -2.0363 -0.671 -2.0363 0.7775 -2.0363 -0.12665 -2.0363 2.82025 -2.0363 -0.4028 
-1.9561 2.31535 -1.9561 -0.2247 -1.9561 0.4001 -1.9561 -0.0424 -1.9561 1.49285 -1.9561 -0.1346 
-1.876 1.0673 -1.876 -0.05725 -1.876 0.1806 -1.876 -0.0108 -1.876 0.69115 -1.876 -0.0339 
-1.7958 0.4294 -1.7958 -0.01095 -1.7958 0.07145 -1.7958 -0.0019 -1.7958 0.27895 -1.7958 -0.0061 
-1.7156 0.1472 -1.7156 -0.00155 -1.7156 0.02395 -1.7156 -0.0001 -1.7156 0.0962 -1.7156 -0.0005 
-1.6355 0.0414 -1.6355 -0.00015 -1.6355 0.00625 -1.6355 -0.0 -1.6355 0.02645 -1.6355 -0.0 
-1.5553 0.0092 -1.5553 -0.0 -1.5553 0.00145 -1.5553 -0.0 -1.5553 0.006 -1.5553 -0.0 
-1.4752 0.0016 -1.4752 -0.0 -1.4752 0.0001 -1.4752 -0.0 -1.4752 0.0007 -1.4752 -0.0 
-1.395 0.0002 -1.395 -0.0 -1.395 0.0 -1.395 -0.0 -1.395 0.0 -1.395 -0.0 
-1.3148 0.0 -1.3148 -0.0 -1.3148 0.0 -1.3148 -0.0 -1.3148 0.0 -1.3148 -0.0 
-1.2347 0.0 -1.2347 -0.0 -1.2347 0.0 -1.2347 -0.0 -1.2347 0.0 -1.2347 -0.0 
-1.1545 0.0 -1.1545 -0.0 -1.1545 0.0 -1.1545 -0.0 -1.1545 0.0 -1.1545 -0.0 
-1.0744 0.0 -1.0744 -0.0 -1.0744 0.0 -1.0744 -0.0 -1.0744 0.0 -1.0744 -0.0 
-0.994203 0.0 -0.994203 -0.0 -0.994203 0.0 -0.994203 -0.0 -0.994203 0.0 -0.994203 -0.0 
-0.914003 0.0 -0.914003 -0.0 -0.914003 0.0 -0.914003 -0.0 -0.914003 0.0 -0.914003 -0.0 
-0.833903 0.0 -0.833903 -0.0 -0.833903 0.0 -0.833903 -0.0 -0.833903 0.0 -0.833903 -0.0 
-0.753703 0.0 -0.753703 -0.0 -0.753703 0.0 -0.753703 -0.0 -0.753703 0.0 -0.753703 -0.0 
-0.673603 0.0 -0.673603 -0.0 -0.673603 0.0 -0.673603 -0.0 -0.673603 0.0 -0.673603 -0.0 
-0.593403 0.0002 -0.593403 -0.0 -0.593403 0.0 -0.593403 -0.0 -0.593403 0.0 -0.593403 -0.0 
-0.513203 0.00205 -0.513203 -0.0 -0.513203 0.0015 -0.513203 -0.0 -0.513203 0.0 -0.513203 -0.0 
-0.433103 0.0146 -0.433103 -0.0001 -0.433103 0.011 -0.433103 -0.0 -0.433103 0.0012 -0.433103 -0.0 
-0.352903 0.07795 -0.352903 -0.001 -0.352903 0.0583 -0.352903 -0.00045 -0.352903 0.0071 -0.352903 -0.0 
-0.272803 0.3127 -0.272803 -0.00785 -0.272803 0.2373 -0.272803 -0.0065 -0.272803 0.0296 -0.272803 -0.0 
-0.192603 0.95895 -0.192603 -0.0464 -0.192603 0.7274 -0.192603 -0.03825 -0.192603 0.094 -0.192603 -0.0013 
-0.112403 2.305 -0.112403 -0.21295 -0.112403 1.7464 -0.112403 -0.17465 -0.112403 0.2317 -0.112403 -0.0104 
-0.0323027 4.5072 -0.0323027 -0.76495 -0.0323027 3.41925 -0.0323027 -0.6296 -0.0323027 0.4648 -0.0323027 -0.03855 
0.0478973 7.5218 0.0478973 -2.16815 0.0478973 5.736 0.0478973 -1.7887 0.0478973 0.7906 0.0478973 -0.11 
0.127997 11.20025 0.127997 -4.8959 0.127997 8.633 0.127997 -4.04825 0.127997 1.1839 0.127997 -0.25095 
0.208197 15.16245 0.208197 -8.9356 0.208197 11.8515 0.208197 -7.4025 0.208197 1.59035 0.208197 -0.4639 
0.288397 18.40365 0.288397 -13.51125 0.288397 14.5673 0.288397 -11.21465 0.288397 1.9117 0.288397 -0.7124 
0.368497 19.4962 0.368497 -17.60635 0.368497 15.52935 0.368497 -14.6451 0.368497 2.0264 0.368497 -0.9487 
0.448697 17.80425 0.448697 -20.84495 0.448697 14.1024 0.448697 -17.3809 0.448697 1.8731 0.448697 -1.1679 
0.528797 14.3495 0.528797 -23.67765 0.528797 11.0459 0.528797 -19.7861 0.528797 1.5243 0.528797 -1.41105 
0.608997 10.97295 0.608997 -26.7401 0.608997 7.88325 0.608997 -22.38205 0.608997 1.13005 0.608997 -1.72235 
0.689197 8.86785 0.689197 -30.03325 0.689197 5.7278 0.689197 -25.15735 0.689197 0.8106 0.689197 -2.0897 
0.769297 8.23585 0.769297 -32.61935 0.769297 4.9544 0.769297 -27.3041 0.769297 0.6254 0.769297 -2.43775 
0.849497 8.80195 0.849497 -33.3936 0.849497 5.4823 0.849497 -27.8596 0.849497 0.5897 0.849497 -2.6885 
0.929597 10.14145 0.929597 -32.31845 0.929597 6.93175 0.929597 -26.7732 0.929597 0.67935 0.929597 -2.8433 
1.0098 11.7321 1.0098 -30.4955 1.0098 8.70555 1.0098 -24.9861 1.0098 0.84025 1.0098 -2.9781 
1.09 13.03665 1.09 -28.9229 1.09 10.1781 1.09 -23.3639 1.09 1.02005 1.09 -3.1569 
1.1701 13.67095 1.1701 -27.6622 1.1701 10.9265 1.1701 -21.97875 1.1701 1.191 1.1701 -3.3716 
1.2503 13.5221 1.2503 -26.30705 1.2503 10.8495 1.2503 -20.51895 1.2503 1.33495 1.2503 -3.56995 
1.3304 12.6475 1.3304 -24.7355 1.3304 10.0649 1.3304 -18.9187 1.3304 1.42615 1.3304 -3.7261 
1.4106 11.10455 1.4106 -23.07345 1.4106 8.71525 1.4106 -17.314 1.4106 1.4204 1.4106 -3.8306 
1.4908 9.0025 1.4908 -21.22545 1.4908 6.95365 1.4908 -15.66535 1.4908 1.2895 1.4908 -3.82785 
1.5709 6.6247 1.5709 -18.85435 1.5709 5.036 1.5709 -13.74445 1.5709 1.0453 1.5709 -3.61605 
1.6511 4.3496 1.6511 -15.7412 1.6511 3.2603 1.6511 -11.39505 1.6511 0.7434 1.6511 -3.13455 
1.7312 2.488 1.7312 -11.9963 1.7312 1.8447 1.7312 -8.6695 1.7312 0.45125 1.7312 -2.42655 
1.8114 1.2012 1.8114 -8.0812 1.8114 0.8831 1.8114 -5.8515 1.8114 0.2266 1.8114 -1.63465 
1.8916 0.4757 1.8916 -4.66165 1.8916 0.3453 1.8916 -3.38735 1.8916 0.0915 1.8916 -0.9355 
1.9717 0.15695 1.9717 -2.2416 1.9717 0.1068 1.9717 -1.63495 1.9717 0.029 1.9717 -0.4453 
2.0519 0.056 2.0519 -0.8797 2.0519 0.0256 2.0519 -0.64355 2.0519 0.0074 2.0519 -0.1728 
2.132 0.043 2.132 -0.2769 2.132 0.0048 2.132 -0.20275 2.132 0.00225 2.132 -0.0539 
2.2122 0.06355 2.2122 -0.06885 2.2122 0.00115 2.2122 -0.05015 2.2122 0.00295 2.2122 -0.0131 
2.2924 0.10435 2.2924 -0.0133 2.2924 0.001 2.2924 -0.00975 2.2924 0.0066 2.2924 -0.00185 
2.3725 0.1519 2.3725 -0.002 2.3725 0.0016 2.3725 -0.00115 2.3725 0.01035 2.3725 -0.0002 
2.4527 0.1774 2.4527 -0.0002 2.4527 0.002 2.4527 -5e-05 2.4527 0.01265 2.4527 -0.0 
2.5329 0.1624 2.5329 -0.0 2.5329 0.0018 2.5329 -0.0 2.5329 0.01205 2.5329 -0.0 
2.613 0.1284 2.613 -0.0 2.613 0.00155 2.613 -0.0 2.613 0.0107 2.613 -0.0 
2.6932 0.119 2.6932 -0.0 2.6932 0.0017 2.6932 -0.0 2.6932 0.0121 2.6932 -0.0 
2.7733 0.1563 2.7733 -5e-05 2.7733 0.0024 2.7733 -0.0 2.7733 0.0177 2.7733 -0.0 
2.8535 0.22725 2.8535 -0.00045 2.8535 0.00335 2.8535 -0.0 2.8535 0.0268 2.8535 -0.0 
2.9337 0.3049 2.9337 -0.0023 2.9337 0.00525 2.9337 -0.0 2.9337 0.0363 2.9337 -0.0 
3.0138 0.3698 3.0138 -0.00815 3.0138 0.00745 3.0138 -0.0005 3.0138 0.044 3.0138 -0.0003 
3.094 0.417 3.094 -0.0213 3.094 0.01 3.094 -0.00185 3.094 0.04805 3.094 -0.0021 
3.1741 0.45885 3.1741 -0.04185 3.1741 0.01335 3.1741 -0.0042 3.1741 0.05065 3.1741 -0.00485 
3.2543 0.5146 3.2543 -0.0658 3.2543 0.0175 3.2543 -0.0066 3.2543 0.0532 3.2543 -0.0075 
3.3345 0.5875 3.3345 -0.0946 3.3345 0.02235 3.3345 -0.0089 3.3345 0.0593 3.3345 -0.01005 
3.4146 0.66275 3.4146 -0.14475 3.4146 0.02635 3.4146 -0.01255 3.4146 0.06735 3.4146 -0.0147 
3.4948 0.72985 3.4948 -0.23255 3.4948 0.0286 3.4948 -0.0192 3.4948 0.0762 3.4948 -0.0227 
3.5749 0.80445 3.5749 -0.34935 3.5749 0.03015 3.5749 -0.02725 3.5749 0.08705 3.5749 -0.0348 
3.6551 0.92135 3.6551 -0.47575 3.6551 0.03215 3.6551 -0.0345 3.6551 0.1034 3.6551 -0.04915 
3.7353 1.07645 3.7353 -0.61625 3.7353 0.03465 3.7353 -0.04 3.7353 0.1231 3.7353 -0.0669 
3.8154 1.19165 3.8154 -0.7857 3.8154 0.0353 3.8154 -0.045 3.8154 0.13655 3.8154 -0.08795 
3.8956 1.19645 3.8956 -0.9622 3.8956 0.03275 3.8956 -0.05065 3.8956 0.13655 3.8956 -0.1083 
3.9757 1.11275 3.9757 -1.09315 3.9757 0.02745 3.9757 -0.0547 3.9757 0.1262 3.9757 -0.12125 
4.0559 1.0037 4.0559 -1.1535 4.0559 0.02225 4.0559 -0.05615 4.0559 0.1133 4.0559 -0.12405 
4.1361 0.88805 4.1361 -1.178 4.1361 0.0186 4.1361 -0.0552 4.1361 0.1005 4.1361 -0.1221 
4.2162 0.7544 4.2162 -1.2284 4.2162 0.0157 4.2162 -0.05365 4.2162 0.0851 4.2162 -0.12275 
4.2964 0.6121 4.2964 -1.3208 4.2964 0.0136 4.2964 -0.0539 4.2964 0.0685 4.2964 -0.12955 
4.3765 0.49455 4.3765 -1.38895 4.3765 0.01075 4.3765 -0.0544 4.3765 0.05455 4.3765 -0.1362 
4.4567 0.4443 4.4567 -1.342 4.4567 0.0089 4.4567 -0.05235 4.4567 0.04445 4.4567 -0.13235 
4.5369 0.5144 4.5369 -1.1639 4.5369 0.00755 4.5369 -0.0459 4.5369 0.0391 4.5369 -0.116 
4.617 0.7606 4.617 -0.9397 4.617 0.0075 4.617 -0.03735 4.617 0.0387 4.617 -0.0937 
4.6972 1.19155 4.6972 -0.7825 4.6972 0.0084 4.6972 -0.0297 4.6972 0.0425 4.6972 -0.0768 
4.7773 1.70355 4.7773 -0.75095 4.7773 0.01005 4.7773 -0.02475 4.7773 0.04845 4.7773 -0.0678 
4.8575 2.101 4.8575 -0.84515 4.8575 0.01075 4.8575 -0.02305 4.8575 0.0509 4.8575 -0.065 
4.9377 2.2498 4.9377 -1.0635 4.9377 0.0104 4.9377 -0.02315 4.9377 0.0482 4.9377 -0.064 
5.0178 2.20725 5.0178 -1.41875 5.0178 0.0093 5.0178 -0.0251 5.0178 0.04175 5.0178 -0.066 
5.098 2.13935 5.098 -1.87195 5.098 0.0082 5.098 -0.02815 5.098 0.03635 5.098 -0.0709 
5.1781 2.1423 5.1781 -2.29065 5.1781 0.00805 5.1781 -0.0301 5.1781 0.03465 5.1781 -0.0753 
5.2583 2.19495 5.2583 -2.54475 5.2583 0.00875 5.2583 -0.03005 5.2583 0.03505 5.2583 -0.07505 
5.3385 2.1886 5.3385 -2.64745 5.3385 0.0093 5.3385 -0.0277 5.3385 0.0356 5.3385 -0.0705 
5.4186 1.9686 5.4186 -2.71925 5.4186 0.00895 5.4186 -0.0241 5.4186 0.03285 5.4186 -0.0647 
5.4988 1.481 5.4988 -2.80075 5.4988 0.0068 5.4988 -0.0222 5.4988 0.0254 5.4988 -0.06135 
5.5789 0.8832 5.5789 -2.80915 5.5789 0.00365 5.5789 -0.02075 5.5789 0.0154 5.5789 -0.0587 
5.6591 0.40485 5.6591 -2.70665 5.6591 0.00135 5.6591 -0.02035 5.6591 0.0077 5.6591 -0.05595 
5.7393 0.1403 5.7393 -2.58685 5.7393 0.00015 5.7393 -0.0207 5.7393 0.0016 5.7393 -0.054 
5.8194 0.03645 5.8194 -2.5588 5.8194 0.0 5.8194 -0.0234 5.8194 0.0001 5.8194 -0.0541 
5.8996 0.00705 5.8996 -2.6164 5.8996 0.0 5.8996 -0.02715 5.8996 0.0 5.8996 -0.0553 
5.9797 0.001 5.9797 -2.6032 5.9797 0.0 5.9797 -0.03025 5.9797 0.0 5.9797 -0.0545 
6.0599 0.0001 6.0599 -2.31095 6.0599 0.0 6.0599 -0.0279 6.0599 0.0 6.0599 -0.0477 
6.1401 0.0 6.1401 -1.7014 6.1401 0.0 6.1401 -0.0219 6.1401 0.0 6.1401 -0.03475 
6.2202 0.0 6.2202 -0.99225 6.2202 0.0 6.2202 -0.01225 6.2202 0.0 6.2202 -0.02 
6.3004 0.0 6.3004 -0.44745 6.3004 0.0 6.3004 -0.0054 6.3004 0.0 6.3004 -0.0095 
6.3805 0.0 6.3805 -0.15435 6.3805 0.0 6.3805 -0.00125 6.3805 0.0 6.3805 -0.00235 
6.4607 0.0 6.4607 -0.04065 6.4607 0.0 6.4607 -0.0003 6.4607 0.0 6.4607 -0.0003 
6.5409 0.0 6.5409 -0.0082 6.5409 0.0 6.5409 -0.0001 6.5409 0.0 6.5409 -0.0 
6.621 0.0 6.621 -0.0013 6.621 0.0 6.621 -0.0 6.621 0.0 6.621 -0.0 
6.7012 0.0 6.7012 -0.00015 6.7012 0.0 6.7012 -0.0 6.7012 0.0 6.7012 -0.0 
6.7813 0.0 6.7813 -0.0 6.7813 0.0 6.7813 -0.0 6.7813 0.0 6.7813 -0.0 
6.8615 0.0 6.8615 -0.0 6.8615 0.0 6.8615 -0.0 6.8615 0.0 6.8615 -0.0 
6.9417 0.0 6.9417 -0.0 6.9417 0.0 6.9417 -0.0 6.9417 0.0 6.9417 -0.0 
7.0218 0.0 7.0218 -0.0 7.0218 0.0 7.0218 -0.0 7.0218 0.0 7.0218 -0.0 
7.102 0.0 7.102 -0.0 7.102 0.0 7.102 -0.0 7.102 0.0 7.102 -0.0 
7.1821 0.0 7.1821 -0.0 7.1821 0.0 7.1821 -0.0 7.1821 0.0 7.1821 -0.0 
7.2623 0.0 7.2623 -0.0 7.2623 0.0 7.2623 -0.0 7.2623 0.0 7.2623 -0.0 
7.3425 0.0 7.3425 -0.0 7.3425 0.0 7.3425 -0.0 7.3425 0.0 7.3425 -0.0 
7.4226 0.0 7.4226 -0.0 7.4226 0.0 7.4226 -0.0 7.4226 0.0 7.4226 -0.0 
7.5028 0.0 7.5028 -0.0 7.5028 0.0 7.5028 -0.0 7.5028 0.0 7.5028 -0.0 
7.583 0.0 7.583 -0.0 7.583 0.0 7.583 -0.0 7.583 0.0 7.583 -0.0 
7.6631 0.0 7.6631 -0.0 7.6631 0.0 7.6631 -0.0 7.6631 0.0 7.6631 -0.0 
7.7433 0.0 7.7433 -0.0 7.7433 0.0 7.7433 -0.0 7.7433 0.0 7.7433 -0.0 
7.8234 0.0 7.8234 -0.0 7.8234 0.0 7.8234 -0.0 7.8234 0.0 7.8234 -0.0 
7.9036 0.0 7.9036 -0.0 7.9036 0.0 7.9036 -0.0 7.9036 0.0 7.9036 -0.0 
7.9838 0.0 7.9838 -0.0 7.9838 0.0 7.9838 -0.0 7.9838 0.0 7.9838 -0.0 
8.0639 0.0 8.0639 -0.0 8.0639 0.0 8.0639 -0.0 8.0639 0.0 8.0639 -0.0 
8.1441 0.0 8.1441 -0.0 8.1441 0.0 8.1441 -0.0 8.1441 0.0 8.1441 -0.0 
8.2242 0.0 8.2242 -0.0 8.2242 0.0 8.2242 -0.0 8.2242 0.0 8.2242 -0.0 
8.3044 0.0 8.3044 -0.0 8.3044 0.0 8.3044 -0.0 8.3044 0.0 8.3044 -0.0 
8.3846 0.0 8.3846 -0.0 8.3846 0.0 8.3846 -0.0 8.3846 0.0 8.3846 -0.0 
8.4647 0.0 8.4647 -0.0 8.4647 0.0 8.4647 -0.0 8.4647 0.0 8.4647 -0.0 
8.5449 0.0 8.5449 -0.0 8.5449 0.0 8.5449 -0.0 8.5449 0.0 8.5449 -0.0 
8.625 0.0 8.625 -0.0 8.625 0.0 8.625 -0.0 8.625 0.0 8.625 -0.0 
8.7052 0.0 8.7052 -0.0 8.7052 0.0 8.7052 -0.0 8.7052 0.0 8.7052 -0.0 
8.7854 0.0 8.7854 -0.0 8.7854 0.0 8.7854 -0.0 8.7854 0.0 8.7854 -0.0 
8.8655 0.0 8.8655 -0.0 8.8655 0.0 8.8655 -0.0 8.8655 0.0 8.8655 -0.0 
8.9457 0.0 8.9457 -0.0 8.9457 0.0 8.9457 -0.0 8.9457 0.0 8.9457 -0.0 
9.0258 0.0 9.0258 -0.0 9.0258 0.0 9.0258 -0.0 9.0258 0.0 9.0258 -0.0 
9.106 0.0 9.106 -0.0 9.106 0.0 9.106 -0.0 9.106 0.0 9.106 -0.0 
9.1862 0.0 9.1862 -0.0 9.1862 0.0 9.1862 -0.0 9.1862 0.0 9.1862 -0.0 
9.2663 0.0 9.2663 -0.0 9.2663 0.0 9.2663 -0.0 9.2663 0.0 9.2663 -0.0 
9.3465 0.0 9.3465 -0.0 9.3465 0.0 9.3465 -0.0 9.3465 0.0 9.3465 -0.0 
9.4266 0.0 9.4266 -0.0 9.4266 0.0 9.4266 -0.0 9.4266 0.0 9.4266 -0.0 
9.5068 0.0 9.5068 -0.0 9.5068 0.0 9.5068 -0.0 9.5068 0.0 9.5068 -0.0 
9.587 0.0 9.587 -0.0 9.587 0.0 9.587 -0.0 9.587 0.0 9.587 -0.0 
9.6671 0.0 9.6671 -0.0 9.6671 0.0 9.6671 -0.0 9.6671 0.0 9.6671 -0.0 
9.7473 0.0 9.7473 -0.0 9.7473 0.0 9.7473 -0.0 9.7473 0.0 9.7473 -0.0 
9.8274 0.0 9.8274 -0.0 9.8274 0.0 9.8274 -0.0 9.8274 0.0 9.8274 -0.0 
9.9076 0.0 9.9076 -0.0 9.9076 0.0 9.9076 -0.0 9.9076 0.0 9.9076 -0.0 
9.9878 0.0 9.9878 -0.0 9.9878 0.0 9.9878 -0.0 9.9878 0.0 9.9878 -0.0 
10.0679 0.0 10.0679 -0.0 10.0679 0.0 10.0679 -0.0 10.0679 0.0 10.0679 -0.0 
10.1481 0.0 10.1481 -0.0 10.1481 0.0 10.1481 -0.0 10.1481 0.0 10.1481 -0.0 
10.2282 0.0 10.2282 -0.0 10.2282 0.0 10.2282 -0.0 10.2282 0.0 10.2282 -0.0 
10.3084 0.0 10.3084 -0.0 10.3084 0.0 10.3084 -0.0 10.3084 0.0 10.3084 -0.0 
10.3886 0.0 10.3886 -0.0 10.3886 0.0 10.3886 -0.0 10.3886 0.0 10.3886 -0.0 
10.4687 0.0 10.4687 -0.0 10.4687 0.0 10.4687 -0.0 10.4687 0.0 10.4687 -0.0 
10.5489 0.0 10.5489 -0.0 10.5489 0.0 10.5489 -0.0 10.5489 0.0 10.5489 -0.0 
10.629 0.0 10.629 -0.0 10.629 0.0 10.629 -0.0 10.629 0.0 10.629 -0.0 
10.7092 0.0 10.7092 -0.0 10.7092 0.0 10.7092 -0.0 10.7092 0.0 10.7092 -0.0 
10.7894 0.0 10.7894 -0.0 10.7894 0.0 10.7894 -0.0 10.7894 0.0 10.7894 -0.0 
10.8695 0.0 10.8695 -0.0 10.8695 0.0 10.8695 -0.0 10.8695 0.0 10.8695 -0.0 
10.9497 0.0 10.9497 -0.0 10.9497 0.0 10.9497 -0.0 10.9497 0.0 10.9497 -0.0 
11.0298 0.0 11.0298 -0.0 11.0298 0.0 11.0298 -0.0 11.0298 0.0 11.0298 -0.0 
11.11 0.0 11.11 -0.0 11.11 0.0 11.11 -0.0 11.11 0.0 11.11 -0.0 
11.1902 0.0 11.1902 -0.0 11.1902 0.0 11.1902 -0.0 11.1902 0.0 11.1902 -0.0 
11.2703 0.0 11.2703 -0.0 11.2703 0.0 11.2703 -0.0 11.2703 0.0 11.2703 -0.0 
11.3505 0.0 11.3505 -0.0 11.3505 0.0 11.3505 -0.0 11.3505 0.0 11.3505 -0.0 
11.4306 0.0 11.4306 -0.0 11.4306 0.0 11.4306 -0.0 11.4306 0.0 11.4306 -0.0 
11.5108 0.0 11.5108 -0.0 11.5108 0.0 11.5108 -0.0 11.5108 0.0 11.5108 -0.0 
11.591 0.0 11.591 -0.0 11.591 0.0 11.591 -0.0 11.591 0.0 11.591 -0.0 
11.6711 0.0 11.6711 -0.0 11.6711 0.0 11.6711 -0.0 11.6711 0.0 11.6711 -0.0 
11.7513 0.0 11.7513 -0.0 11.7513 0.0 11.7513 -0.0 11.7513 0.0 11.7513 -0.0 
11.8314 0.0 11.8314 -0.0 11.8314 0.0 11.8314 -0.0 11.8314 0.0 11.8314 -0.0 
11.9116 0.0 11.9116 -0.0 11.9116 0.0 11.9116 -0.0 11.9116 0.0 11.9116 -0.0 
11.9918 0.0 11.9918 -0.0 11.9918 0.0 11.9918 -0.0 11.9918 0.0 11.9918 -0.0 
12.0719 0.0 12.0719 -0.0 12.0719 0.0 12.0719 -0.0 12.0719 0.0 12.0719 -0.0 
12.1521 0.0 12.1521 -0.0 12.1521 0.0 12.1521 -0.0 12.1521 0.0 12.1521 -0.0 
12.2322 0.0 12.2322 -0.0 12.2322 0.0 12.2322 -0.0 12.2322 0.0 12.2322 -0.0 
12.3124 0.0 12.3124 -0.0 12.3124 0.0 12.3124 -0.0 12.3124 0.0 12.3124 -0.0 
12.3926 0.0 12.3926 -0.0 12.3926 0.0 12.3926 -0.0 12.3926 0.0 12.3926 -0.0 
12.4727 0.0 12.4727 -0.0 12.4727 0.0 12.4727 -0.0 12.4727 0.0 12.4727 -0.0 
12.5529 0.0 12.5529 -0.0 12.5529 0.0 12.5529 -0.0 12.5529 0.0 12.5529 -0.0 
12.6331 0.0 12.6331 -0.0 12.6331 0.0 12.6331 -0.0 12.6331 0.0 12.6331 -0.0 
12.7132 0.0 12.7132 -0.0 12.7132 0.0 12.7132 -0.0 12.7132 0.0 12.7132 -0.0 
12.7934 0.0 12.7934 -0.0 12.7934 0.0 12.7934 -0.0 12.7934 0.0 12.7934 -0.0 
12.8735 0.0 12.8735 -0.0 12.8735 0.0 12.8735 -0.0 12.8735 0.0 12.8735 -0.0 
12.9537 0.0 12.9537 -0.0 12.9537 0.0 12.9537 -0.0 12.9537 0.0 12.9537 -0.0 
13.0339 0.0 13.0339 -0.0 13.0339 0.0 13.0339 -0.0 13.0339 0.0 13.0339 -0.0 
13.114 0.0 13.114 -0.0 13.114 0.0 13.114 -0.0 13.114 0.0 13.114 -0.0 
13.1942 0.0 13.1942 -0.0 13.1942 0.0 13.1942 -0.0 13.1942 0.0 13.1942 -0.0 
13.2743 0.0 13.2743 -0.0 13.2743 0.0 13.2743 -0.0 13.2743 0.0 13.2743 -0.0 
13.3545 0.0 13.3545 -0.0 13.3545 0.0 13.3545 -0.0 13.3545 0.0 13.3545 -0.0 
13.4347 0.0 13.4347 -0.0 13.4347 0.0 13.4347 -0.0 13.4347 0.0 13.4347 -0.0 
13.5148 0.0 13.5148 -0.0 13.5148 0.0 13.5148 -0.0 13.5148 0.0 13.5148 -0.0 
13.595 0.0 13.595 -0.0 13.595 0.0 13.595 -0.0 13.595 0.0 13.595 -0.0 
13.6751 0.0 13.6751 -0.0 13.6751 0.0 13.6751 -0.0 13.6751 0.0 13.6751 -0.0 
13.7553 0.0 13.7553 -0.0 13.7553 0.0 13.7553 -0.0 13.7553 0.0 13.7553 -0.0 
13.8355 0.0 13.8355 -0.0 13.8355 0.0 13.8355 -0.0 13.8355 0.0 13.8355 -0.0 
13.9156 0.0 13.9156 -0.0 13.9156 0.0 13.9156 -0.0 13.9156 0.0 13.9156 -0.0 
13.9958 0.0 13.9958 -0.0 13.9958 0.0 13.9958 -0.0 13.9958 0.0 13.9958 -0.0 
14.0759 0.0 14.0759 -0.0 14.0759 0.0 14.0759 -0.0 14.0759 0.0 14.0759 -0.0 
14.1561 0.0 14.1561 -0.0 14.1561 0.0 14.1561 -0.0 14.1561 0.0 14.1561 -0.0 
14.2363 0.0 14.2363 -0.0 14.2363 0.0 14.2363 -0.0 14.2363 0.0 14.2363 -0.0 
14.3164 0.0 14.3164 -0.0 14.3164 0.0 14.3164 -0.0 14.3164 0.0 14.3164 -0.0 
14.3966 0.0 14.3966 -0.0 14.3966 0.0 14.3966 -0.0 14.3966 0.0 14.3966 -0.0 
14.4767 0.0 14.4767 -0.0 14.4767 0.0 14.4767 -0.0 14.4767 0.0 14.4767 -0.0 
14.5569 0.0 14.5569 -0.0 14.5569 0.0 14.5569 -0.0 14.5569 0.0 14.5569 -0.0 
14.6371 0.0 14.6371 -0.0 14.6371 0.0 14.6371 -0.0 14.6371 0.0 14.6371 -0.0 
14.7172 0.0 14.7172 -0.0 14.7172 0.0 14.7172 -0.0 14.7172 0.0 14.7172 -0.0 
14.7974 0.0 14.7974 -0.0 14.7974 0.0 14.7974 -0.0 14.7974 0.0 14.7974 -0.0 
14.8775 0.0 14.8775 -0.0 14.8775 0.0 14.8775 -0.0 14.8775 0.0 14.8775 -0.0 
14.9577 0.0 14.9577 -0.0 14.9577 0.0 14.9577 -0.0 14.9577 0.0 14.9577 -0.0 
