    -25.0423        24.95
    -24.9621            0
     -24.882            0
    -24.8018            0
    -24.7217            0
    -24.6415            0
    -24.5613            0
    -24.4812            0
     -24.401            0
    -24.3209            0
    -24.2407            0
    -24.1605            0
    -24.0804            0
    -24.0002            0
    -23.9201            0
    -23.8399            0
    -23.7597            0
    -23.6796            0
    -23.5994            0
    -23.5193            0
    -23.4391            0
    -23.3589            0
    -23.2788            0
    -23.1986            0
    -23.1185            0
    -23.0383            0
    -22.9581            0
     -22.878            0
    -22.7978            0
    -22.7177            0
    -22.6375            0
    -22.5573            0
    -22.4772            0
     -22.397            0
    -22.3168            0
    -22.2367            0
    -22.1565            0
    -22.0764            0
    -21.9962            0
     -21.916            0
    -21.8359            0
    -21.7557            0
    -21.6756            0
    -21.5954            0
    -21.5152            0
    -21.4351            0
    -21.3549            0
    -21.2748            0
    -21.1946            0
    -21.1144            0
    -21.0343            0
    -20.9541       0.0001
     -20.874       0.0011
    -20.7938       0.0075
    -20.7136       0.0385
    -20.6335       0.1504
    -20.5533       0.4504
    -20.4732       1.0569
     -20.393        2.003
    -20.3128       3.1885
    -20.2327       4.4329
    -20.1525       5.5245
    -20.0724       6.2648
    -19.9922        6.657
     -19.912       7.0772
    -19.8319       8.1349
    -19.7517      10.4113
    -19.6716      14.3401
    -19.5914      19.9924
    -19.5112      26.6759
    -19.4311       32.947
    -19.3509      37.3489
    -19.2708       39.143
    -19.1906      38.3819
    -19.1104      35.6416
    -19.0303      31.7184
    -18.9501      27.1878
      -18.87      22.2454
    -18.7898      17.2886
    -18.7096      13.3319
    -18.6295      11.1289
    -18.5493      10.1212
    -18.4692       9.1317
     -18.389       7.8594
    -18.3088       6.8034
    -18.2287       6.0294
    -18.1485       4.9847
    -18.0684       3.4401
    -17.9882       1.8559
     -17.908        0.759
    -17.8279       0.2319
    -17.7477       0.0526
    -17.6676       0.0094
    -17.5874       0.0068
    -17.5072       0.0376
    -17.4271       0.1834
    -17.3469       0.6745
    -17.2667       1.8754
    -17.1866       3.9582
    -17.1064       6.3602
    -17.0263       7.7945
    -16.9461       7.3198
    -16.8659       5.4401
    -16.7858         3.78
    -16.7056       3.6777
    -16.6255       5.1835
    -16.5453       7.0788
    -16.4651       7.7626
     -16.385       6.5446
    -16.3048       4.1875
    -16.2247       2.0176
    -16.1445       0.7273
    -16.0643       0.1951
    -15.9842       0.0388
     -15.904       0.0057
    -15.8239       0.0006
    -15.7437            0
    -15.6635            0
    -15.5834            0
    -15.5032            0
    -15.4231            0
    -15.3429            0
    -15.2627            0
    -15.1826            0
    -15.1024            0
    -15.0223            0
    -14.9421            0
    -14.8619            0
    -14.7818            0
    -14.7016            0
    -14.6215            0
    -14.5413            0
    -14.4611            0
     -14.381            0
    -14.3008            0
    -14.2207            0
    -14.1405            0
    -14.0603            0
    -13.9802            0
       -13.9            0
    -13.8199            0
    -13.7397            0
    -13.6595            0
    -13.5794            0
    -13.4992            0
    -13.4191            0
    -13.3389            0
    -13.2587            0
    -13.1786            0
    -13.0984            0
    -13.0183            0
    -12.9381            0
    -12.8579            0
    -12.7778            0
    -12.6976            0
    -12.6175            0
    -12.5373            0
    -12.4571            0
     -12.377            0
    -12.2968            0
    -12.2166            0
    -12.1365            0
    -12.0563            0
    -11.9762            0
     -11.896            0
    -11.8158            0
    -11.7357            0
    -11.6555            0
    -11.5754            0
    -11.4952            0
     -11.415            0
    -11.3349            0
    -11.2547            0
    -11.1746            0
    -11.0944            0
    -11.0142            0
    -10.9341            0
    -10.8539       0.0001
    -10.7738       0.0011
    -10.6936       0.0078
    -10.6134         0.04
    -10.5333       0.1591
    -10.4531       0.5034
     -10.373       1.3187
    -10.2928       3.0031
    -10.2126       6.1601
    -10.1325      11.4262
    -10.0523      18.8348
     -9.9722      27.3215
      -9.892      35.3469
     -9.8118      41.8892
     -9.7317      46.2776
     -9.6515      47.8339
     -9.5714      46.8911
     -9.4912      45.6059
      -9.411      46.4916
     -9.3309      49.9894
     -9.2507      54.0326
     -9.1706      56.1677
     -9.0904      55.8235
     -9.0102      54.6035
     -8.9301      54.6522
     -8.8499      56.3676
     -8.7698      57.5067
     -8.6896      54.9266
     -8.6094      47.1651
     -8.5293      35.3974
     -8.4491      22.6317
      -8.369      12.0216
     -8.2888       5.1917
     -8.2086       1.7941
     -8.1285       0.4908
     -8.0483       0.1055
     -7.9682       0.0177
      -7.888       0.0024
     -7.8078       0.0006
     -7.7277       0.0024
     -7.6475       0.0105
     -7.5674       0.0368
     -7.4872       0.1032
      -7.407       0.2353
     -7.3269       0.4492
     -7.2467       0.7557
     -7.1665       1.1969
     -7.0864       1.8793
     -7.0062       2.9681
     -6.9261       4.6461
     -6.8459       6.9982
     -6.7657       9.8401
     -6.6856      12.7337
     -6.6054      15.3488
     -6.5253      17.8171
     -6.4451      20.5147
     -6.3649      23.3698
     -6.2848      25.5069
     -6.2046      25.8043
     -6.1245      24.0084
     -6.0443      21.2276
     -5.9641      19.0412
      -5.884      18.1616
     -5.8038      18.1151
     -5.7237      17.9689
     -5.6435      17.2107
     -5.5633      16.1714
     -5.4832       15.732
      -5.403       16.566
     -5.3229      18.6431
     -5.2427      21.3641
     -5.1625      24.0051
     -5.0824      26.0387
     -5.0022      27.2025
     -4.9221      27.4018
     -4.8419      26.7438
     -4.7617       25.713
     -4.6816      24.9131
     -4.6014      24.5051
     -4.5213      24.2538
     -4.4411       24.092
     -4.3609      24.2756
     -4.2808      24.9579
     -4.2006      25.8673
     -4.1205      26.5784
     -4.0403       26.955
     -3.9601       27.084
       -3.88      26.9333
     -3.7998      26.4023
     -3.7197      25.6041
     -3.6395      24.9029
     -3.5593      24.7724
     -3.4792      25.4811
      -3.399      26.6802
     -3.3189      27.5773
     -3.2387      27.7858
     -3.1585      27.7404
     -3.0784      28.0984
     -2.9982      28.9565
     -2.9181      29.7646
     -2.8379      29.8483
     -2.7577      28.9688
     -2.6776      27.5102
     -2.5974       26.228
     -2.5172      25.7617
     -2.4371      26.0817
     -2.3569      26.1542
     -2.2768      24.4414
     -2.1966      20.2237
     -2.1164       14.408
     -2.0363       8.7867
     -1.9561       4.6307
      -1.876       2.1346
     -1.7958       0.8588
     -1.7156       0.2944
     -1.6355       0.0828
     -1.5553       0.0184
     -1.4752       0.0032
      -1.395       0.0004
     -1.3148            0
     -1.2347            0
     -1.1545            0
     -1.0744            0
   -0.994203            0
   -0.914003            0
   -0.833903            0
   -0.753703            0
   -0.673603            0
   -0.593403       0.0004
   -0.513203       0.0041
   -0.433103       0.0292
   -0.352903       0.1559
   -0.272803       0.6254
   -0.192603       1.9179
   -0.112403         4.61
  -0.0323027       9.0144
   0.0478973      15.0436
    0.127997      22.4005
    0.208197      30.3249
    0.288397      36.8073
    0.368497      38.9924
    0.448697      35.6085
    0.528797       28.699
    0.608997      21.9459
    0.689197      17.7357
    0.769297      16.4717
    0.849497      17.6039
    0.929597      20.2829
      1.0098      23.4642
        1.09      26.0733
      1.1701      27.3419
      1.2503      27.0442
      1.3304       25.295
      1.4106      22.2091
      1.4908       18.005
      1.5709      13.2494
      1.6511       8.6992
      1.7312        4.976
      1.8114       2.4024
      1.8916       0.9514
      1.9717       0.3139
      2.0519        0.112
       2.132        0.086
      2.2122       0.1271
      2.2924       0.2087
      2.3725       0.3038
      2.4527       0.3548
      2.5329       0.3248
       2.613       0.2568
      2.6932        0.238
      2.7733       0.3126
      2.8535       0.4545
      2.9337       0.6098
      3.0138       0.7396
       3.094        0.834
      3.1741       0.9177
      3.2543       1.0292
      3.3345        1.175
      3.4146       1.3255
      3.4948       1.4597
      3.5749       1.6089
      3.6551       1.8427
      3.7353       2.1529
      3.8154       2.3833
      3.8956       2.3929
      3.9757       2.2255
      4.0559       2.0074
      4.1361       1.7761
      4.2162       1.5088
      4.2964       1.2242
      4.3765       0.9891
      4.4567       0.8886
      4.5369       1.0288
       4.617       1.5212
      4.6972       2.3831
      4.7773       3.4071
      4.8575        4.202
      4.9377       4.4996
      5.0178       4.4145
       5.098       4.2787
      5.1781       4.2846
      5.2583       4.3899
      5.3385       4.3772
      5.4186       3.9372
      5.4988        2.962
      5.5789       1.7664
      5.6591       0.8097
      5.7393       0.2806
      5.8194       0.0729
      5.8996       0.0141
      5.9797        0.002
      6.0599       0.0002
      6.1401            0
      6.2202            0
      6.3004            0
      6.3805            0
      6.4607            0
      6.5409            0
       6.621            0
      6.7012            0
      6.7813            0
      6.8615            0
      6.9417            0
      7.0218            0
       7.102            0
      7.1821            0
      7.2623            0
      7.3425            0
      7.4226            0
      7.5028            0
       7.583            0
      7.6631            0
      7.7433            0
      7.8234            0
      7.9036            0
      7.9838            0
      8.0639            0
      8.1441            0
      8.2242            0
      8.3044            0
      8.3846            0
      8.4647            0
      8.5449            0
       8.625            0
      8.7052            0
      8.7854            0
      8.8655            0
      8.9457            0
      9.0258            0
       9.106            0
      9.1862            0
      9.2663            0
      9.3465            0
      9.4266            0
      9.5068            0
       9.587            0
      9.6671            0
      9.7473            0
      9.8274            0
      9.9076            0
      9.9878            0
     10.0679            0
     10.1481            0
     10.2282            0
     10.3084            0
     10.3886            0
     10.4687            0
     10.5489            0
      10.629            0
     10.7092            0
     10.7894            0
     10.8695            0
     10.9497            0
     11.0298            0
       11.11            0
     11.1902            0
     11.2703            0
     11.3505            0
     11.4306            0
     11.5108            0
      11.591            0
     11.6711            0
     11.7513            0
     11.8314            0
     11.9116            0
     11.9918            0
     12.0719            0
     12.1521            0
     12.2322            0
     12.3124            0
     12.3926            0
     12.4727            0
     12.5529            0
     12.6331            0
     12.7132            0
     12.7934            0
     12.8735            0
     12.9537            0
     13.0339            0
      13.114            0
     13.1942            0
     13.2743            0
     13.3545            0
     13.4347            0
     13.5148            0
      13.595            0
     13.6751            0
     13.7553            0
     13.8355            0
     13.9156            0
     13.9958            0
     14.0759            0
     14.1561            0
     14.2363            0
     14.3164            0
     14.3966            0
     14.4767            0
     14.5569            0
     14.6371            0
     14.7172            0
     14.7974            0
     14.8775            0
     14.9577            0

    -25.0423       -24.95
    -24.9621           -0
     -24.882           -0
    -24.8018           -0
    -24.7217           -0
    -24.6415           -0
    -24.5613           -0
    -24.4812           -0
     -24.401           -0
    -24.3209           -0
    -24.2407           -0
    -24.1605           -0
    -24.0804           -0
    -24.0002           -0
    -23.9201           -0
    -23.8399           -0
    -23.7597           -0
    -23.6796           -0
    -23.5994           -0
    -23.5193           -0
    -23.4391           -0
    -23.3589           -0
    -23.2788           -0
    -23.1986           -0
    -23.1185           -0
    -23.0383           -0
    -22.9581           -0
     -22.878           -0
    -22.7978           -0
    -22.7177           -0
    -22.6375           -0
    -22.5573           -0
    -22.4772           -0
     -22.397           -0
    -22.3168           -0
    -22.2367           -0
    -22.1565           -0
    -22.0764           -0
    -21.9962           -0
     -21.916           -0
    -21.8359           -0
    -21.7557           -0
    -21.6756           -0
    -21.5954           -0
    -21.5152           -0
    -21.4351           -0
    -21.3549           -0
    -21.2748           -0
    -21.1946           -0
    -21.1144           -0
    -21.0343           -0
    -20.9541           -0
     -20.874           -0
    -20.7938           -0
    -20.7136      -0.0004
    -20.6335      -0.0033
    -20.5533      -0.0197
    -20.4732      -0.0887
     -20.393      -0.3043
    -20.3128      -0.8098
    -20.2327      -1.7088
    -20.1525       -2.939
    -20.0724      -4.2414
    -19.9922       -5.281
     -19.912      -5.8685
    -19.8319      -6.1732
    -19.7517        -6.69
    -19.6716      -7.8753
    -19.5914       -9.847
    -19.5112     -12.5598
    -19.4311     -16.1624
    -19.3509     -20.7736
    -19.2708      -25.618
    -19.1906     -28.7027
    -19.1104     -28.1324
    -19.0303     -24.1839
    -18.9501     -19.6385
      -18.87      -17.571
    -18.7898     -19.0957
    -18.7096     -23.2326
    -18.6295     -28.0423
    -18.5493     -31.5301
    -18.4692     -32.1666
     -18.389     -29.4122
    -18.3088     -24.0623
    -18.2287     -17.7244
    -18.1485     -11.7381
    -18.0684       -6.805
    -17.9882      -3.2955
     -17.908      -1.2725
    -17.8279      -0.3786
    -17.7477       -0.085
    -17.6676      -0.0146
    -17.5874      -0.0057
    -17.5072      -0.0271
    -17.4271      -0.1382
    -17.3469      -0.5339
    -17.2667      -1.5581
    -17.1866      -3.4528
    -17.1064      -5.8358
    -17.0263      -7.5436
    -16.9461      -7.4613
    -16.8659      -5.6352
    -16.7858      -3.2361
    -16.7056      -1.4052
    -16.6255      -0.4589
    -16.5453      -0.1151
    -16.4651      -0.0447
     -16.385      -0.1361
    -16.3048        -0.54
    -16.2247      -1.6215
    -16.1445      -3.6313
    -16.0643      -6.0934
    -15.9842      -7.7059
     -15.904        -7.39
    -15.8239      -5.4042
    -15.7437      -3.0251
    -15.6635      -1.2975
    -15.5834      -0.4255
    -15.5032      -0.1062
    -15.4231        -0.02
    -15.3429      -0.0028
    -15.2627      -0.0003
    -15.1826           -0
    -15.1024           -0
    -15.0223           -0
    -14.9421           -0
    -14.8619           -0
    -14.7818           -0
    -14.7016           -0
    -14.6215           -0
    -14.5413           -0
    -14.4611           -0
     -14.381           -0
    -14.3008           -0
    -14.2207           -0
    -14.1405           -0
    -14.0603           -0
    -13.9802           -0
       -13.9           -0
    -13.8199           -0
    -13.7397           -0
    -13.6595           -0
    -13.5794           -0
    -13.4992           -0
    -13.4191           -0
    -13.3389           -0
    -13.2587           -0
    -13.1786           -0
    -13.0984           -0
    -13.0183           -0
    -12.9381           -0
    -12.8579           -0
    -12.7778           -0
    -12.6976           -0
    -12.6175           -0
    -12.5373           -0
    -12.4571           -0
     -12.377           -0
    -12.2968           -0
    -12.2166           -0
    -12.1365           -0
    -12.0563           -0
    -11.9762           -0
     -11.896           -0
    -11.8158           -0
    -11.7357           -0
    -11.6555           -0
    -11.5754           -0
    -11.4952           -0
     -11.415           -0
    -11.3349           -0
    -11.2547           -0
    -11.1746           -0
    -11.0944           -0
    -11.0142           -0
    -10.9341           -0
    -10.8539           -0
    -10.7738           -0
    -10.6936           -0
    -10.6134           -0
    -10.5333      -0.0001
    -10.4531      -0.0006
     -10.373      -0.0055
    -10.2928      -0.0367
    -10.2126      -0.1859
    -10.1325      -0.7218
    -10.0523       -2.184
     -9.9722       -5.262
      -9.892     -10.3592
     -9.8118     -17.1252
     -9.7317     -24.4035
     -9.6515     -30.7948
     -9.5714     -35.5654
     -9.4912     -38.9463
      -9.411     -41.1543
     -9.3309     -41.4057
     -9.2507     -38.7253
     -9.1706      -33.591
     -9.0904     -27.7858
     -9.0102     -22.7891
     -8.9301     -19.3271
     -8.8499     -17.8349
     -8.7698     -17.9493
     -8.6896     -18.1792
     -8.6094     -17.1686
     -8.5293     -14.6347
     -8.4491     -10.9354
      -8.369      -6.8241
     -8.2888      -3.3857
     -8.2086      -1.3123
     -8.1285      -0.4657
     -8.0483      -0.3256
     -7.9682      -0.4938
      -7.888      -0.7559
     -7.8078      -0.9991
     -7.7277      -1.2145
     -7.6475      -1.4685
     -7.5674      -1.7998
     -7.4872      -2.2398
      -7.407       -2.896
     -7.3269      -3.8362
     -7.2467      -4.9644
     -7.1665      -6.2039
     -7.0864      -7.6409
     -7.0062      -9.2509
     -6.9261     -10.6715
     -6.8459     -11.5515
     -6.7657     -12.0184
     -6.6856     -12.5117
     -6.6054     -13.2361
     -6.5253      -14.032
     -6.4451     -14.6901
     -6.3649     -15.1274
     -6.2848     -15.3286
     -6.2046      -15.437
     -6.1245     -15.9147
     -6.0443     -17.3066
     -5.9641     -19.7245
      -5.884     -22.6031
     -5.8038     -24.8803
     -5.7237     -25.5225
     -5.6435     -24.2663
     -5.5633     -21.9671
     -5.4832     -20.0236
      -5.403     -19.4109
     -5.3229     -20.2842
     -5.2427     -22.3166
     -5.1625     -25.1261
     -5.0824     -28.2706
     -5.0022      -31.159
     -4.9221     -33.3553
     -4.8419      -34.793
     -4.7617     -35.3865
     -4.6816     -34.8442
     -4.6014     -33.3416
     -4.5213     -31.8501
     -4.4411     -31.2299
     -4.3609      -31.437
     -4.2808     -31.9714
     -4.2006     -32.5761
     -4.1205     -33.1511
     -4.0403     -33.4647
     -3.9601     -33.3023
       -3.88     -32.5398
     -3.7998     -30.9586
     -3.7197     -28.4857
     -3.6395     -25.7039
     -3.5593     -23.6586
     -3.4792     -23.0203
      -3.399     -23.6482
     -3.3189     -24.9407
     -3.2387     -26.3248
     -3.1585     -27.2892
     -3.0784     -27.2733
     -2.9982     -25.9533
     -2.9181     -23.5947
     -2.8379     -20.8715
     -2.7577     -18.3983
     -2.6776     -16.5232
     -2.5974     -15.3269
     -2.5172      -14.538
     -2.4371     -13.5148
     -2.3569     -11.6443
     -2.2768       -8.879
     -2.1966      -5.7844
     -2.1164       -3.115
     -2.0363       -1.342
     -1.9561      -0.4494
      -1.876      -0.1145
     -1.7958      -0.0219
     -1.7156      -0.0031
     -1.6355      -0.0003
     -1.5553           -0
     -1.4752           -0
      -1.395           -0
     -1.3148           -0
     -1.2347           -0
     -1.1545           -0
     -1.0744           -0
   -0.994203           -0
   -0.914003           -0
   -0.833903           -0
   -0.753703           -0
   -0.673603           -0
   -0.593403           -0
   -0.513203           -0
   -0.433103      -0.0002
   -0.352903       -0.002
   -0.272803      -0.0157
   -0.192603      -0.0928
   -0.112403      -0.4259
  -0.0323027      -1.5299
   0.0478973      -4.3363
    0.127997      -9.7918
    0.208197     -17.8712
    0.288397     -27.0225
    0.368497     -35.2127
    0.448697     -41.6899
    0.528797     -47.3553
    0.608997     -53.4802
    0.689197     -60.0665
    0.769297     -65.2387
    0.849497     -66.7872
    0.929597     -64.6369
      1.0098      -60.991
        1.09     -57.8458
      1.1701     -55.3244
      1.2503     -52.6141
      1.3304      -49.471
      1.4106     -46.1469
      1.4908     -42.4509
      1.5709     -37.7087
      1.6511     -31.4824
      1.7312     -23.9926
      1.8114     -16.1624
      1.8916      -9.3233
      1.9717      -4.4832
      2.0519      -1.7594
       2.132      -0.5538
      2.2122      -0.1377
      2.2924      -0.0266
      2.3725       -0.004
      2.4527      -0.0004
      2.5329           -0
       2.613           -0
      2.6932           -0
      2.7733      -0.0001
      2.8535      -0.0009
      2.9337      -0.0046
      3.0138      -0.0163
       3.094      -0.0426
      3.1741      -0.0837
      3.2543      -0.1316
      3.3345      -0.1892
      3.4146      -0.2895
      3.4948      -0.4651
      3.5749      -0.6987
      3.6551      -0.9515
      3.7353      -1.2325
      3.8154      -1.5714
      3.8956      -1.9244
      3.9757      -2.1863
      4.0559       -2.307
      4.1361       -2.356
      4.2162      -2.4568
      4.2964      -2.6416
      4.3765      -2.7779
      4.4567       -2.684
      4.5369      -2.3278
       4.617      -1.8794
      4.6972       -1.565
      4.7773      -1.5019
      4.8575      -1.6903
      4.9377       -2.127
      5.0178      -2.8375
       5.098      -3.7439
      5.1781      -4.5813
      5.2583      -5.0895
      5.3385      -5.2949
      5.4186      -5.4385
      5.4988      -5.6015
      5.5789      -5.6183
      5.6591      -5.4133
      5.7393      -5.1737
      5.8194      -5.1176
      5.8996      -5.2328
      5.9797      -5.2064
      6.0599      -4.6219
      6.1401      -3.4028
      6.2202      -1.9845
      6.3004      -0.8949
      6.3805      -0.3087
      6.4607      -0.0813
      6.5409      -0.0164
       6.621      -0.0026
      6.7012      -0.0003
      6.7813           -0
      6.8615           -0
      6.9417           -0
      7.0218           -0
       7.102           -0
      7.1821           -0
      7.2623           -0
      7.3425           -0
      7.4226           -0
      7.5028           -0
       7.583           -0
      7.6631           -0
      7.7433           -0
      7.8234           -0
      7.9036           -0
      7.9838           -0
      8.0639           -0
      8.1441           -0
      8.2242           -0
      8.3044           -0
      8.3846           -0
      8.4647           -0
      8.5449           -0
       8.625           -0
      8.7052           -0
      8.7854           -0
      8.8655           -0
      8.9457           -0
      9.0258           -0
       9.106           -0
      9.1862           -0
      9.2663           -0
      9.3465           -0
      9.4266           -0
      9.5068           -0
       9.587           -0
      9.6671           -0
      9.7473           -0
      9.8274           -0
      9.9076           -0
      9.9878           -0
     10.0679           -0
     10.1481           -0
     10.2282           -0
     10.3084           -0
     10.3886           -0
     10.4687           -0
     10.5489           -0
      10.629           -0
     10.7092           -0
     10.7894           -0
     10.8695           -0
     10.9497           -0
     11.0298           -0
       11.11           -0
     11.1902           -0
     11.2703           -0
     11.3505           -0
     11.4306           -0
     11.5108           -0
      11.591           -0
     11.6711           -0
     11.7513           -0
     11.8314           -0
     11.9116           -0
     11.9918           -0
     12.0719           -0
     12.1521           -0
     12.2322           -0
     12.3124           -0
     12.3926           -0
     12.4727           -0
     12.5529           -0
     12.6331           -0
     12.7132           -0
     12.7934           -0
     12.8735           -0
     12.9537           -0
     13.0339           -0
      13.114           -0
     13.1942           -0
     13.2743           -0
     13.3545           -0
     13.4347           -0
     13.5148           -0
      13.595           -0
     13.6751           -0
     13.7553           -0
     13.8355           -0
     13.9156           -0
     13.9958           -0
     14.0759           -0
     14.1561           -0
     14.2363           -0
     14.3164           -0
     14.3966           -0
     14.4767           -0
     14.5569           -0
     14.6371           -0
     14.7172           -0
     14.7974           -0
     14.8775           -0
     14.9577           -0

    -25.0423            0
    -24.9621            0
     -24.882            0
    -24.8018            0
    -24.7217            0
    -24.6415            0
    -24.5613            0
    -24.4812            0
     -24.401            0
    -24.3209            0
    -24.2407            0
    -24.1605            0
    -24.0804            0
    -24.0002            0
    -23.9201            0
    -23.8399            0
    -23.7597            0
    -23.6796            0
    -23.5994            0
    -23.5193            0
    -23.4391            0
    -23.3589            0
    -23.2788            0
    -23.1986            0
    -23.1185            0
    -23.0383            0
    -22.9581            0
     -22.878            0
    -22.7978            0
    -22.7177            0
    -22.6375            0
    -22.5573            0
    -22.4772            0
     -22.397            0
    -22.3168            0
    -22.2367            0
    -22.1565            0
    -22.0764            0
    -21.9962            0
     -21.916            0
    -21.8359            0
    -21.7557            0
    -21.6756            0
    -21.5954            0
    -21.5152            0
    -21.4351            0
    -21.3549            0
    -21.2748            0
    -21.1946            0
    -21.1144            0
    -21.0343            0
    -20.9541            0
     -20.874            0
    -20.7938            0
    -20.7136            0
    -20.6335            0
    -20.5533       0.0002
    -20.4732       0.0016
     -20.393       0.0056
    -20.3128       0.0122
    -20.2327        0.023
    -20.1525       0.0336
    -20.0724       0.0446
    -19.9922       0.0547
     -19.912       0.0689
    -19.8319       0.1032
    -19.7517       0.1855
    -19.6716       0.3555
    -19.5914       0.6379
    -19.5112       1.0062
    -19.4311       1.3676
    -19.3509       1.6143
    -19.2708       1.7026
    -19.1906       1.6531
    -19.1104       1.5319
    -19.0303       1.3834
    -18.9501       1.2149
      -18.87       1.0103
    -18.7898       0.7838
    -18.7096       0.5903
    -18.6295       0.4749
    -18.5493       0.4204
    -18.4692       0.3778
     -18.389        0.328
    -18.3088       0.2885
    -18.2287       0.2604
    -18.1485       0.2172
    -18.0684       0.1511
    -17.9882        0.082
     -17.908       0.0334
    -17.8279         0.01
    -17.7477       0.0023
    -17.6676       0.0002
    -17.5874            0
    -17.5072            0
    -17.4271       0.0003
    -17.3469       0.0019
    -17.2667       0.0065
    -17.1866       0.0134
    -17.1064        0.021
    -17.0263       0.0262
    -16.9461       0.0236
    -16.8659       0.0174
    -16.7858       0.0125
    -16.7056       0.0138
    -16.6255       0.0201
    -16.5453       0.0279
    -16.4651       0.0308
     -16.385       0.0247
    -16.3048       0.0158
    -16.2247       0.0076
    -16.1445       0.0023
    -16.0643       0.0002
    -15.9842            0
     -15.904            0
    -15.8239            0
    -15.7437            0
    -15.6635            0
    -15.5834            0
    -15.5032            0
    -15.4231            0
    -15.3429            0
    -15.2627            0
    -15.1826            0
    -15.1024            0
    -15.0223            0
    -14.9421            0
    -14.8619            0
    -14.7818            0
    -14.7016            0
    -14.6215            0
    -14.5413            0
    -14.4611            0
     -14.381            0
    -14.3008            0
    -14.2207            0
    -14.1405            0
    -14.0603            0
    -13.9802            0
       -13.9            0
    -13.8199            0
    -13.7397            0
    -13.6595            0
    -13.5794            0
    -13.4992            0
    -13.4191            0
    -13.3389            0
    -13.2587            0
    -13.1786            0
    -13.0984            0
    -13.0183            0
    -12.9381            0
    -12.8579            0
    -12.7778            0
    -12.6976            0
    -12.6175            0
    -12.5373            0
    -12.4571            0
     -12.377            0
    -12.2968            0
    -12.2166            0
    -12.1365            0
    -12.0563            0
    -11.9762            0
     -11.896            0
    -11.8158            0
    -11.7357            0
    -11.6555            0
    -11.5754            0
    -11.4952            0
     -11.415            0
    -11.3349            0
    -11.2547            0
    -11.1746            0
    -11.0944            0
    -11.0142            0
    -10.9341            0
    -10.8539            0
    -10.7738       0.0002
    -10.6936       0.0051
    -10.6134       0.0271
    -10.5333       0.1091
    -10.4531       0.3501
     -10.373        0.934
    -10.2928       2.1787
    -10.2126       4.5886
    -10.1325       8.7109
    -10.0523      14.6158
     -9.9722       21.474
      -9.892       28.038
     -9.8118      33.4227
     -9.7317      37.0097
     -9.6515      38.2282
     -9.5714      37.4099
     -9.4912      36.4009
      -9.411        37.31
     -9.3309      40.5199
     -9.2507      44.3254
     -9.1706      46.6475
     -9.0904      46.9472
     -9.0102      46.5835
     -8.9301      47.4311
     -8.8499      49.7915
     -8.7698      51.5558
     -8.6896      49.7961
     -8.6094      43.1228
     -8.5293      32.5822
     -8.4491      20.9512
      -8.369      11.1868
     -8.2888       4.8562
     -8.2086       1.6862
     -8.1285       0.4632
     -8.0483       0.1002
     -7.9682       0.0167
      -7.888       0.0012
     -7.8078            0
     -7.7277       0.0001
     -7.6475       0.0003
     -7.5674       0.0019
     -7.4872       0.0086
      -7.407       0.0205
     -7.3269       0.0433
     -7.2467       0.0784
     -7.1665       0.1362
     -7.0864       0.2357
     -7.0062       0.4093
     -6.9261       0.6969
     -6.8459        1.126
     -6.7657       1.6716
     -6.6856       2.2493
     -6.6054       2.7791
     -6.5253       3.2645
     -6.4451       3.7672
     -6.3649       4.2689
     -6.2848       4.6012
     -6.2046        4.558
     -6.1245       4.1053
     -6.0443       3.4577
     -5.9641        2.922
      -5.884       2.6554
     -5.8038       2.5971
     -5.7237        2.586
     -5.6435       2.4971
     -5.5633       2.3443
     -5.4832        2.251
      -5.403       2.3275
     -5.3229       2.5901
     -5.2427       2.9602
     -5.1625       3.3223
     -5.0824       3.5818
     -5.0022       3.6965
     -4.9221       3.6817
     -4.8419       3.5807
     -4.7617        3.464
     -4.6816       3.3973
     -4.6014       3.3912
     -4.5213       3.4207
     -4.4411       3.4832
     -4.3609       3.6022
     -4.2808       3.7791
     -4.2006       3.9721
     -4.1205       4.1501
     -4.0403       4.3243
     -3.9601       4.4882
       -3.88       4.5609
     -3.7998       4.4601
     -3.7197       4.2221
     -3.6395       3.9968
     -3.5593       3.9427
     -3.4792       4.1096
      -3.399       4.3853
     -3.3189        4.593
     -3.2387       4.6538
     -3.1585       4.6393
     -3.0784       4.6562
     -2.9982       4.7288
     -2.9181       4.7954
     -2.8379       4.7753
     -2.7577       4.6359
     -2.6776        4.429
     -2.5974       4.2867
     -2.5172       4.3374
     -2.4371       4.5637
     -2.3569       4.7206
     -2.2768       4.4742
     -2.1966       3.6962
     -2.1164       2.6005
     -2.0363        1.555
     -1.9561       0.8002
      -1.876       0.3612
     -1.7958       0.1429
     -1.7156       0.0479
     -1.6355       0.0125
     -1.5553       0.0029
     -1.4752       0.0002
      -1.395            0
     -1.3148            0
     -1.2347            0
     -1.1545            0
     -1.0744            0
   -0.994203            0
   -0.914003            0
   -0.833903            0
   -0.753703            0
   -0.673603            0
   -0.593403            0
   -0.513203        0.003
   -0.433103        0.022
   -0.352903       0.1166
   -0.272803       0.4746
   -0.192603       1.4548
   -0.112403       3.4928
  -0.0323027       6.8385
   0.0478973       11.472
    0.127997       17.266
    0.208197       23.703
    0.288397      29.1346
    0.368497      31.0587
    0.448697      28.2048
    0.528797      22.0918
    0.608997      15.7665
    0.689197      11.4556
    0.769297       9.9088
    0.849497      10.9646
    0.929597      13.8635
      1.0098      17.4111
        1.09      20.3562
      1.1701       21.853
      1.2503       21.699
      1.3304      20.1298
      1.4106      17.4305
      1.4908      13.9073
      1.5709       10.072
      1.6511       6.5206
      1.7312       3.6894
      1.8114       1.7662
      1.8916       0.6906
      1.9717       0.2136
      2.0519       0.0512
       2.132       0.0096
      2.2122       0.0023
      2.2924        0.002
      2.3725       0.0032
      2.4527        0.004
      2.5329       0.0036
       2.613       0.0031
      2.6932       0.0034
      2.7733       0.0048
      2.8535       0.0067
      2.9337       0.0105
      3.0138       0.0149
       3.094         0.02
      3.1741       0.0267
      3.2543        0.035
      3.3345       0.0447
      3.4146       0.0527
      3.4948       0.0572
      3.5749       0.0603
      3.6551       0.0643
      3.7353       0.0693
      3.8154       0.0706
      3.8956       0.0655
      3.9757       0.0549
      4.0559       0.0445
      4.1361       0.0372
      4.2162       0.0314
      4.2964       0.0272
      4.3765       0.0215
      4.4567       0.0178
      4.5369       0.0151
       4.617        0.015
      4.6972       0.0168
      4.7773       0.0201
      4.8575       0.0215
      4.9377       0.0208
      5.0178       0.0186
       5.098       0.0164
      5.1781       0.0161
      5.2583       0.0175
      5.3385       0.0186
      5.4186       0.0179
      5.4988       0.0136
      5.5789       0.0073
      5.6591       0.0027
      5.7393       0.0003
      5.8194            0
      5.8996            0
      5.9797            0
      6.0599            0
      6.1401            0
      6.2202            0
      6.3004            0
      6.3805            0
      6.4607            0
      6.5409            0
       6.621            0
      6.7012            0
      6.7813            0
      6.8615            0
      6.9417            0
      7.0218            0
       7.102            0
      7.1821            0
      7.2623            0
      7.3425            0
      7.4226            0
      7.5028            0
       7.583            0
      7.6631            0
      7.7433            0
      7.8234            0
      7.9036            0
      7.9838            0
      8.0639            0
      8.1441            0
      8.2242            0
      8.3044            0
      8.3846            0
      8.4647            0
      8.5449            0
       8.625            0
      8.7052            0
      8.7854            0
      8.8655            0
      8.9457            0
      9.0258            0
       9.106            0
      9.1862            0
      9.2663            0
      9.3465            0
      9.4266            0
      9.5068            0
       9.587            0
      9.6671            0
      9.7473            0
      9.8274            0
      9.9076            0
      9.9878            0
     10.0679            0
     10.1481            0
     10.2282            0
     10.3084            0
     10.3886            0
     10.4687            0
     10.5489            0
      10.629            0
     10.7092            0
     10.7894            0
     10.8695            0
     10.9497            0
     11.0298            0
       11.11            0
     11.1902            0
     11.2703            0
     11.3505            0
     11.4306            0
     11.5108            0
      11.591            0
     11.6711            0
     11.7513            0
     11.8314            0
     11.9116            0
     11.9918            0
     12.0719            0
     12.1521            0
     12.2322            0
     12.3124            0
     12.3926            0
     12.4727            0
     12.5529            0
     12.6331            0
     12.7132            0
     12.7934            0
     12.8735            0
     12.9537            0
     13.0339            0
      13.114            0
     13.1942            0
     13.2743            0
     13.3545            0
     13.4347            0
     13.5148            0
      13.595            0
     13.6751            0
     13.7553            0
     13.8355            0
     13.9156            0
     13.9958            0
     14.0759            0
     14.1561            0
     14.2363            0
     14.3164            0
     14.3966            0
     14.4767            0
     14.5569            0
     14.6371            0
     14.7172            0
     14.7974            0
     14.8775            0
     14.9577            0

    -25.0423           -0
    -24.9621           -0
     -24.882           -0
    -24.8018           -0
    -24.7217           -0
    -24.6415           -0
    -24.5613           -0
    -24.4812           -0
     -24.401           -0
    -24.3209           -0
    -24.2407           -0
    -24.1605           -0
    -24.0804           -0
    -24.0002           -0
    -23.9201           -0
    -23.8399           -0
    -23.7597           -0
    -23.6796           -0
    -23.5994           -0
    -23.5193           -0
    -23.4391           -0
    -23.3589           -0
    -23.2788           -0
    -23.1986           -0
    -23.1185           -0
    -23.0383           -0
    -22.9581           -0
     -22.878           -0
    -22.7978           -0
    -22.7177           -0
    -22.6375           -0
    -22.5573           -0
    -22.4772           -0
     -22.397           -0
    -22.3168           -0
    -22.2367           -0
    -22.1565           -0
    -22.0764           -0
    -21.9962           -0
     -21.916           -0
    -21.8359           -0
    -21.7557           -0
    -21.6756           -0
    -21.5954           -0
    -21.5152           -0
    -21.4351           -0
    -21.3549           -0
    -21.2748           -0
    -21.1946           -0
    -21.1144           -0
    -21.0343           -0
    -20.9541           -0
     -20.874           -0
    -20.7938           -0
    -20.7136           -0
    -20.6335           -0
    -20.5533           -0
    -20.4732           -0
     -20.393      -0.0008
    -20.3128       -0.003
    -20.2327      -0.0096
    -20.1525      -0.0202
    -20.0724      -0.0386
    -19.9922      -0.0582
     -19.912      -0.0756
    -19.8319      -0.0886
    -19.7517      -0.1024
    -19.6716      -0.1256
    -19.5914      -0.1654
    -19.5112      -0.2333
    -19.4311      -0.3446
    -19.3509      -0.5113
    -19.2708      -0.7071
    -19.1906      -0.8512
    -19.1104       -0.862
    -19.0303      -0.7367
    -18.9501      -0.5734
      -18.87      -0.4899
    -18.7898      -0.5406
    -18.7096      -0.7083
    -18.6295       -0.922
    -18.5493      -1.0934
    -18.4692      -1.1489
     -18.389      -1.0625
    -18.3088      -0.8734
    -18.2287      -0.6539
    -18.1485      -0.4486
    -18.0684      -0.2695
    -17.9882      -0.1348
     -17.908       -0.054
    -17.8279      -0.0161
    -17.7477      -0.0033
    -17.6676      -0.0006
    -17.5874           -0
    -17.5072           -0
    -17.4271      -0.0001
    -17.3469      -0.0007
    -17.2667      -0.0034
    -17.1866      -0.0082
    -17.1064      -0.0145
    -17.0263      -0.0188
    -16.9461      -0.0191
    -16.8659      -0.0144
    -16.7858      -0.0088
    -16.7056      -0.0036
    -16.6255      -0.0006
    -16.5453           -0
    -16.4651           -0
     -16.385           -0
    -16.3048      -0.0006
    -16.2247      -0.0035
    -16.1445      -0.0092
    -16.0643      -0.0141
    -15.9842      -0.0184
     -15.904      -0.0166
    -15.8239      -0.0121
    -15.7437      -0.0062
    -15.6635      -0.0025
    -15.5834      -0.0004
    -15.5032           -0
    -15.4231           -0
    -15.3429           -0
    -15.2627           -0
    -15.1826           -0
    -15.1024           -0
    -15.0223           -0
    -14.9421           -0
    -14.8619           -0
    -14.7818           -0
    -14.7016           -0
    -14.6215           -0
    -14.5413           -0
    -14.4611           -0
     -14.381           -0
    -14.3008           -0
    -14.2207           -0
    -14.1405           -0
    -14.0603           -0
    -13.9802           -0
       -13.9           -0
    -13.8199           -0
    -13.7397           -0
    -13.6595           -0
    -13.5794           -0
    -13.4992           -0
    -13.4191           -0
    -13.3389           -0
    -13.2587           -0
    -13.1786           -0
    -13.0984           -0
    -13.0183           -0
    -12.9381           -0
    -12.8579           -0
    -12.7778           -0
    -12.6976           -0
    -12.6175           -0
    -12.5373           -0
    -12.4571           -0
     -12.377           -0
    -12.2968           -0
    -12.2166           -0
    -12.1365           -0
    -12.0563           -0
    -11.9762           -0
     -11.896           -0
    -11.8158           -0
    -11.7357           -0
    -11.6555           -0
    -11.5754           -0
    -11.4952           -0
     -11.415           -0
    -11.3349           -0
    -11.2547           -0
    -11.1746           -0
    -11.0944           -0
    -11.0142           -0
    -10.9341           -0
    -10.8539           -0
    -10.7738           -0
    -10.6936           -0
    -10.6134           -0
    -10.5333           -0
    -10.4531      -0.0002
     -10.373      -0.0042
    -10.2928       -0.028
    -10.2126      -0.1416
    -10.1325      -0.5554
    -10.0523      -1.6898
     -9.9722      -4.0963
      -9.892      -8.1284
     -9.8118      -13.578
     -9.7317     -19.5901
     -9.6515     -25.0697
     -9.5714     -29.3873
     -9.4912     -32.6363
      -9.411     -34.8365
     -9.3309     -35.1811
     -9.2507     -32.8085
     -9.1706     -28.2385
     -9.0904     -23.1683
     -9.0102     -18.9613
     -8.9301     -16.2166
     -8.8499     -15.2203
     -8.7698     -15.5822
     -8.6896     -15.9692
     -8.6094     -15.1935
     -8.5293     -13.0083
     -8.4491      -9.7421
      -8.369      -6.0803
     -8.2888      -3.0079
     -8.2086      -1.1406
     -8.1285      -0.3314
     -8.0483      -0.0907
     -7.9682      -0.0543
      -7.888      -0.0719
     -7.8078      -0.0961
     -7.7277      -0.1186
     -7.6475      -0.1444
     -7.5674       -0.174
     -7.4872      -0.2098
      -7.407      -0.2637
     -7.3269      -0.3486
     -7.2467      -0.4571
     -7.1665      -0.5828
     -7.0864        -0.73
     -7.0062      -0.8989
     -6.9261      -1.0573
     -6.8459      -1.1736
     -6.7657      -1.2582
     -6.6856      -1.3484
     -6.6054      -1.4587
     -6.5253      -1.5635
     -6.4451      -1.6385
     -6.3649      -1.6843
     -6.2848      -1.7211
     -6.2046      -1.7835
     -6.1245      -1.9315
     -6.0443      -2.2212
     -5.9641      -2.6587
      -5.884      -3.1646
     -5.8038       -3.579
     -5.7237      -3.7388
     -5.6435      -3.5985
     -5.5633      -3.2964
     -5.4832       -3.066
      -5.403      -3.0725
     -5.3229      -3.3493
     -5.2427      -3.8663
     -5.1625      -4.5853
     -5.0824      -5.4237
     -5.0022      -6.2284
     -4.9221      -6.8805
     -4.8419      -7.3436
     -4.7617       -7.573
     -4.6816       -7.459
     -4.6014      -7.0121
     -4.5213      -6.4597
     -4.4411      -6.0567
     -4.3609      -5.8591
     -4.2808      -5.7853
     -4.2006      -5.7574
     -4.1205      -5.7136
     -4.0403      -5.5807
     -3.9601      -5.3223
       -3.88      -4.9565
     -3.7998      -4.5041
     -3.7197      -3.9846
     -3.6395      -3.4738
     -3.5593      -3.0887
     -3.4792      -2.8905
      -3.399       -2.846
     -3.3189      -2.8896
     -3.2387      -2.9761
     -3.1585      -3.0535
     -3.0784      -3.0418
     -2.9982      -2.8937
     -2.9181      -2.6494
     -2.8379      -2.4183
     -2.7577      -2.2974
     -2.6776      -2.3104
     -2.5974      -2.4099
     -2.5172      -2.4923
     -2.4371      -2.4278
     -2.3569      -2.1333
     -2.2768      -1.6402
     -2.1966      -1.0753
     -2.1164       -0.584
     -2.0363      -0.2533
     -1.9561      -0.0848
      -1.876      -0.0216
     -1.7958      -0.0038
     -1.7156      -0.0002
     -1.6355           -0
     -1.5553           -0
     -1.4752           -0
      -1.395           -0
     -1.3148           -0
     -1.2347           -0
     -1.1545           -0
     -1.0744           -0
   -0.994203           -0
   -0.914003           -0
   -0.833903           -0
   -0.753703           -0
   -0.673603           -0
   -0.593403           -0
   -0.513203           -0
   -0.433103           -0
   -0.352903      -0.0009
   -0.272803       -0.013
   -0.192603      -0.0765
   -0.112403      -0.3493
  -0.0323027      -1.2592
   0.0478973      -3.5774
    0.127997      -8.0965
    0.208197      -14.805
    0.288397     -22.4293
    0.368497     -29.2902
    0.448697     -34.7618
    0.528797     -39.5722
    0.608997     -44.7641
    0.689197     -50.3147
    0.769297     -54.6082
    0.849497     -55.7192
    0.929597     -53.5464
      1.0098     -49.9722
        1.09     -46.7278
      1.1701     -43.9575
      1.2503     -41.0379
      1.3304     -37.8374
      1.4106      -34.628
      1.4908     -31.3307
      1.5709     -27.4889
      1.6511     -22.7901
      1.7312      -17.339
      1.8114      -11.703
      1.8916      -6.7747
      1.9717      -3.2699
      2.0519      -1.2871
       2.132      -0.4055
      2.2122      -0.1003
      2.2924      -0.0195
      2.3725      -0.0023
      2.4527      -0.0001
      2.5329           -0
       2.613           -0
      2.6932           -0
      2.7733           -0
      2.8535           -0
      2.9337           -0
      3.0138       -0.001
       3.094      -0.0037
      3.1741      -0.0084
      3.2543      -0.0132
      3.3345      -0.0178
      3.4146      -0.0251
      3.4948      -0.0384
      3.5749      -0.0545
      3.6551       -0.069
      3.7353        -0.08
      3.8154        -0.09
      3.8956      -0.1013
      3.9757      -0.1094
      4.0559      -0.1123
      4.1361      -0.1104
      4.2162      -0.1073
      4.2964      -0.1078
      4.3765      -0.1088
      4.4567      -0.1047
      4.5369      -0.0918
       4.617      -0.0747
      4.6972      -0.0594
      4.7773      -0.0495
      4.8575      -0.0461
      4.9377      -0.0463
      5.0178      -0.0502
       5.098      -0.0563
      5.1781      -0.0602
      5.2583      -0.0601
      5.3385      -0.0554
      5.4186      -0.0482
      5.4988      -0.0444
      5.5789      -0.0415
      5.6591      -0.0407
      5.7393      -0.0414
      5.8194      -0.0468
      5.8996      -0.0543
      5.9797      -0.0605
      6.0599      -0.0558
      6.1401      -0.0438
      6.2202      -0.0245
      6.3004      -0.0108
      6.3805      -0.0025
      6.4607      -0.0006
      6.5409      -0.0002
       6.621           -0
      6.7012           -0
      6.7813           -0
      6.8615           -0
      6.9417           -0
      7.0218           -0
       7.102           -0
      7.1821           -0
      7.2623           -0
      7.3425           -0
      7.4226           -0
      7.5028           -0
       7.583           -0
      7.6631           -0
      7.7433           -0
      7.8234           -0
      7.9036           -0
      7.9838           -0
      8.0639           -0
      8.1441           -0
      8.2242           -0
      8.3044           -0
      8.3846           -0
      8.4647           -0
      8.5449           -0
       8.625           -0
      8.7052           -0
      8.7854           -0
      8.8655           -0
      8.9457           -0
      9.0258           -0
       9.106           -0
      9.1862           -0
      9.2663           -0
      9.3465           -0
      9.4266           -0
      9.5068           -0
       9.587           -0
      9.6671           -0
      9.7473           -0
      9.8274           -0
      9.9076           -0
      9.9878           -0
     10.0679           -0
     10.1481           -0
     10.2282           -0
     10.3084           -0
     10.3886           -0
     10.4687           -0
     10.5489           -0
      10.629           -0
     10.7092           -0
     10.7894           -0
     10.8695           -0
     10.9497           -0
     11.0298           -0
       11.11           -0
     11.1902           -0
     11.2703           -0
     11.3505           -0
     11.4306           -0
     11.5108           -0
      11.591           -0
     11.6711           -0
     11.7513           -0
     11.8314           -0
     11.9116           -0
     11.9918           -0
     12.0719           -0
     12.1521           -0
     12.2322           -0
     12.3124           -0
     12.3926           -0
     12.4727           -0
     12.5529           -0
     12.6331           -0
     12.7132           -0
     12.7934           -0
     12.8735           -0
     12.9537           -0
     13.0339           -0
      13.114           -0
     13.1942           -0
     13.2743           -0
     13.3545           -0
     13.4347           -0
     13.5148           -0
      13.595           -0
     13.6751           -0
     13.7553           -0
     13.8355           -0
     13.9156           -0
     13.9958           -0
     14.0759           -0
     14.1561           -0
     14.2363           -0
     14.3164           -0
     14.3966           -0
     14.4767           -0
     14.5569           -0
     14.6371           -0
     14.7172           -0
     14.7974           -0
     14.8775           -0
     14.9577           -0

    -25.0423       0.0008
    -24.9621            0
     -24.882            0
    -24.8018            0
    -24.7217            0
    -24.6415            0
    -24.5613            0
    -24.4812            0
     -24.401            0
    -24.3209            0
    -24.2407            0
    -24.1605            0
    -24.0804            0
    -24.0002            0
    -23.9201            0
    -23.8399            0
    -23.7597            0
    -23.6796            0
    -23.5994            0
    -23.5193            0
    -23.4391            0
    -23.3589            0
    -23.2788            0
    -23.1986            0
    -23.1185            0
    -23.0383            0
    -22.9581            0
     -22.878            0
    -22.7978            0
    -22.7177            0
    -22.6375            0
    -22.5573            0
    -22.4772            0
     -22.397            0
    -22.3168            0
    -22.2367            0
    -22.1565            0
    -22.0764            0
    -21.9962            0
     -21.916            0
    -21.8359            0
    -21.7557            0
    -21.6756            0
    -21.5954            0
    -21.5152            0
    -21.4351            0
    -21.3549            0
    -21.2748            0
    -21.1946            0
    -21.1144            0
    -21.0343            0
    -20.9541            0
     -20.874            0
    -20.7938            0
    -20.7136            0
    -20.6335            0
    -20.5533       0.0004
    -20.4732       0.0004
     -20.393        0.003
    -20.3128       0.0048
    -20.2327        0.007
    -20.1525       0.0106
    -20.0724       0.0132
    -19.9922        0.015
     -19.912       0.0156
    -19.8319       0.0168
    -19.7517       0.0177
    -19.6716       0.0191
    -19.5914       0.0219
    -19.5112       0.0263
    -19.4311       0.0314
    -19.3509       0.0361
    -19.2708       0.0399
    -19.1906       0.0421
    -19.1104       0.0432
    -19.0303       0.0402
    -18.9501       0.0375
      -18.87       0.0313
    -18.7898       0.0242
    -18.7096       0.0182
    -18.6295       0.0148
    -18.5493       0.0122
    -18.4692       0.0107
     -18.389       0.0092
    -18.3088       0.0071
    -18.2287       0.0059
    -18.1485       0.0044
    -18.0684        0.003
    -17.9882       0.0015
     -17.908       0.0004
    -17.8279            0
    -17.7477            0
    -17.6676            0
    -17.5874            0
    -17.5072            0
    -17.4271       0.0001
    -17.3469       0.0011
    -17.2667       0.0025
    -17.1866       0.0054
    -17.1064       0.0092
    -17.0263       0.0112
    -16.9461       0.0106
    -16.8659       0.0087
    -16.7858       0.0073
    -16.7056       0.0094
    -16.6255       0.0152
    -16.5453        0.021
    -16.4651       0.0229
     -16.385       0.0189
    -16.3048        0.012
    -16.2247       0.0056
    -16.1445        0.002
    -16.0643       0.0006
    -15.9842            0
     -15.904            0
    -15.8239            0
    -15.7437            0
    -15.6635            0
    -15.5834            0
    -15.5032            0
    -15.4231            0
    -15.3429            0
    -15.2627            0
    -15.1826            0
    -15.1024            0
    -15.0223            0
    -14.9421            0
    -14.8619            0
    -14.7818            0
    -14.7016            0
    -14.6215            0
    -14.5413            0
    -14.4611            0
     -14.381            0
    -14.3008            0
    -14.2207            0
    -14.1405            0
    -14.0603            0
    -13.9802            0
       -13.9            0
    -13.8199            0
    -13.7397            0
    -13.6595            0
    -13.5794            0
    -13.4992            0
    -13.4191            0
    -13.3389            0
    -13.2587            0
    -13.1786            0
    -13.0984            0
    -13.0183            0
    -12.9381            0
    -12.8579            0
    -12.7778            0
    -12.6976            0
    -12.6175            0
    -12.5373            0
    -12.4571            0
     -12.377            0
    -12.2968            0
    -12.2166            0
    -12.1365            0
    -12.0563            0
    -11.9762            0
     -11.896            0
    -11.8158            0
    -11.7357            0
    -11.6555            0
    -11.5754            0
    -11.4952            0
     -11.415            0
    -11.3349            0
    -11.2547            0
    -11.1746            0
    -11.0944            0
    -11.0142            0
    -10.9341            0
    -10.8539            0
    -10.7738            0
    -10.6936       0.0002
    -10.6134        0.004
    -10.5333       0.0184
    -10.4531       0.0596
     -10.373       0.1541
    -10.2928       0.3453
    -10.2126       0.6929
    -10.1325       1.2615
    -10.0523       2.0442
     -9.9722       2.9251
      -9.892       3.7402
     -9.8118       4.3884
     -9.7317       4.8022
     -9.6515       4.9032
     -9.5714       4.7041
     -9.4912       4.4031
      -9.411       4.2341
     -9.3309       4.2395
     -9.2507       4.2537
     -9.1706       4.1108
     -9.0904       3.7875
     -9.0102       3.3746
     -8.9301       2.9661
     -8.8499       2.6093
     -8.7698       2.2745
     -8.6896       1.8917
     -8.6094       1.4396
     -8.5293       0.9671
     -8.4491       0.5567
      -8.369       0.2669
     -8.2888       0.1034
     -8.2086       0.0321
     -8.1285       0.0066
     -8.0483       0.0003
     -7.9682            0
      -7.888            0
     -7.8078            0
     -7.7277       0.0005
     -7.6475       0.0037
     -7.5674       0.0161
     -7.4872       0.0444
      -7.407       0.1012
     -7.3269       0.1941
     -7.2467       0.3265
     -7.1665       0.5165
     -7.0864       0.8097
     -7.0062       1.2774
     -6.9261        1.995
     -6.8459       2.9966
     -6.7657       4.1999
     -6.6856        5.424
     -6.6054       6.5325
     -6.5253       7.5852
     -6.4451       8.7399
     -6.3649       9.9657
     -6.2848      10.9009
     -6.2046      11.0788
     -6.1245      10.3996
     -6.0443       9.3365
     -5.9641       8.5544
      -5.884       8.3427
     -5.8038       8.4724
     -5.7237       8.5194
     -5.6435       8.2521
     -5.5633       7.8375
     -5.4832       7.7121
      -5.403       8.2235
     -5.3229       9.3752
     -5.2427      10.8848
     -5.1625      12.3815
     -5.0824      13.5777
     -5.0022      14.3151
     -4.9221       14.525
     -4.8419      14.2588
     -4.7617      13.7881
     -4.6816      13.4442
     -4.6014      13.3073
     -4.5213      13.2373
     -4.4411      13.1928
     -4.3609      13.3261
     -4.2808      13.7351
     -4.2006       14.276
     -4.1205      14.7034
     -4.0403      14.9337
     -3.9601      15.0315
       -3.88      15.0164
     -3.7998      14.8526
     -3.7197      14.5732
     -3.6395      14.3159
     -3.5593      14.3095
     -3.4792      14.7321
      -3.399      15.4406
     -3.3189      16.0177
     -3.2387       16.244
     -3.1585      16.3633
     -3.0784      16.7505
     -2.9982      17.4488
     -2.9181      18.1067
     -2.8379      18.2955
     -2.7577      17.8682
     -2.6776      17.0723
     -2.5974      16.3764
     -2.5172      16.1728
     -2.4371      16.4402
     -2.3569      16.5383
     -2.2768      15.5067
     -2.1966      12.8773
     -2.1164       9.2109
     -2.0363       5.6405
     -1.9561       2.9857
      -1.876       1.3823
     -1.7958       0.5579
     -1.7156       0.1924
     -1.6355       0.0529
     -1.5553        0.012
     -1.4752       0.0014
      -1.395            0
     -1.3148            0
     -1.2347            0
     -1.1545            0
     -1.0744            0
   -0.994203            0
   -0.914003            0
   -0.833903            0
   -0.753703            0
   -0.673603            0
   -0.593403            0
   -0.513203            0
   -0.433103       0.0024
   -0.352903       0.0142
   -0.272803       0.0592
   -0.192603        0.188
   -0.112403       0.4634
  -0.0323027       0.9296
   0.0478973       1.5812
    0.127997       2.3678
    0.208197       3.1807
    0.288397       3.8234
    0.368497       4.0528
    0.448697       3.7462
    0.528797       3.0486
    0.608997       2.2601
    0.689197       1.6212
    0.769297       1.2508
    0.849497       1.1794
    0.929597       1.3587
      1.0098       1.6805
        1.09       2.0401
      1.1701        2.382
      1.2503       2.6699
      1.3304       2.8523
      1.4106       2.8408
      1.4908        2.579
      1.5709       2.0906
      1.6511       1.4868
      1.7312       0.9025
      1.8114       0.4532
      1.8916        0.183
      1.9717        0.058
      2.0519       0.0148
       2.132       0.0045
      2.2122       0.0059
      2.2924       0.0132
      2.3725       0.0207
      2.4527       0.0253
      2.5329       0.0241
       2.613       0.0214
      2.6932       0.0242
      2.7733       0.0354
      2.8535       0.0536
      2.9337       0.0726
      3.0138        0.088
       3.094       0.0961
      3.1741       0.1013
      3.2543       0.1064
      3.3345       0.1186
      3.4146       0.1347
      3.4948       0.1524
      3.5749       0.1741
      3.6551       0.2068
      3.7353       0.2462
      3.8154       0.2731
      3.8956       0.2731
      3.9757       0.2524
      4.0559       0.2266
      4.1361        0.201
      4.2162       0.1702
      4.2964        0.137
      4.3765       0.1091
      4.4567       0.0889
      4.5369       0.0782
       4.617       0.0774
      4.6972        0.085
      4.7773       0.0969
      4.8575       0.1018
      4.9377       0.0964
      5.0178       0.0835
       5.098       0.0727
      5.1781       0.0693
      5.2583       0.0701
      5.3385       0.0712
      5.4186       0.0657
      5.4988       0.0508
      5.5789       0.0308
      5.6591       0.0154
      5.7393       0.0032
      5.8194       0.0002
      5.8996            0
      5.9797            0
      6.0599            0
      6.1401            0
      6.2202            0
      6.3004            0
      6.3805            0
      6.4607            0
      6.5409            0
       6.621            0
      6.7012            0
      6.7813            0
      6.8615            0
      6.9417            0
      7.0218            0
       7.102            0
      7.1821            0
      7.2623            0
      7.3425            0
      7.4226            0
      7.5028            0
       7.583            0
      7.6631            0
      7.7433            0
      7.8234            0
      7.9036            0
      7.9838            0
      8.0639            0
      8.1441            0
      8.2242            0
      8.3044            0
      8.3846            0
      8.4647            0
      8.5449            0
       8.625            0
      8.7052            0
      8.7854            0
      8.8655            0
      8.9457            0
      9.0258            0
       9.106            0
      9.1862            0
      9.2663            0
      9.3465            0
      9.4266            0
      9.5068            0
       9.587            0
      9.6671            0
      9.7473            0
      9.8274            0
      9.9076            0
      9.9878            0
     10.0679            0
     10.1481            0
     10.2282            0
     10.3084            0
     10.3886            0
     10.4687            0
     10.5489            0
      10.629            0
     10.7092            0
     10.7894            0
     10.8695            0
     10.9497            0
     11.0298            0
       11.11            0
     11.1902            0
     11.2703            0
     11.3505            0
     11.4306            0
     11.5108            0
      11.591            0
     11.6711            0
     11.7513            0
     11.8314            0
     11.9116            0
     11.9918            0
     12.0719            0
     12.1521            0
     12.2322            0
     12.3124            0
     12.3926            0
     12.4727            0
     12.5529            0
     12.6331            0
     12.7132            0
     12.7934            0
     12.8735            0
     12.9537            0
     13.0339            0
      13.114            0
     13.1942            0
     13.2743            0
     13.3545            0
     13.4347            0
     13.5148            0
      13.595            0
     13.6751            0
     13.7553            0
     13.8355            0
     13.9156            0
     13.9958            0
     14.0759            0
     14.1561            0
     14.2363            0
     14.3164            0
     14.3966            0
     14.4767            0
     14.5569            0
     14.6371            0
     14.7172            0
     14.7974            0
     14.8775            0
     14.9577            0

    -25.0423       -0.001
    -24.9621           -0
     -24.882           -0
    -24.8018           -0
    -24.7217           -0
    -24.6415           -0
    -24.5613           -0
    -24.4812           -0
     -24.401           -0
    -24.3209           -0
    -24.2407           -0
    -24.1605           -0
    -24.0804           -0
    -24.0002           -0
    -23.9201           -0
    -23.8399           -0
    -23.7597           -0
    -23.6796           -0
    -23.5994           -0
    -23.5193           -0
    -23.4391           -0
    -23.3589           -0
    -23.2788           -0
    -23.1986           -0
    -23.1185           -0
    -23.0383           -0
    -22.9581           -0
     -22.878           -0
    -22.7978           -0
    -22.7177           -0
    -22.6375           -0
    -22.5573           -0
    -22.4772           -0
     -22.397           -0
    -22.3168           -0
    -22.2367           -0
    -22.1565           -0
    -22.0764           -0
    -21.9962           -0
     -21.916           -0
    -21.8359           -0
    -21.7557           -0
    -21.6756           -0
    -21.5954           -0
    -21.5152           -0
    -21.4351           -0
    -21.3549           -0
    -21.2748           -0
    -21.1946           -0
    -21.1144           -0
    -21.0343           -0
    -20.9541           -0
     -20.874           -0
    -20.7938           -0
    -20.7136           -0
    -20.6335           -0
    -20.5533           -0
    -20.4732           -0
     -20.393           -0
    -20.3128      -0.0004
    -20.2327      -0.0004
    -20.1525      -0.0028
    -20.0724      -0.0038
    -19.9922      -0.0056
     -19.912      -0.0068
    -19.8319      -0.0074
    -19.7517      -0.0088
    -19.6716      -0.0102
    -19.5914       -0.013
    -19.5112      -0.0143
    -19.4311      -0.0146
    -19.3509      -0.0154
    -19.2708      -0.0156
    -19.1906      -0.0154
    -19.1104      -0.0137
    -19.0303       -0.012
    -18.9501      -0.0106
      -18.87      -0.0122
    -18.7898      -0.0156
    -18.7096       -0.022
    -18.6295      -0.0281
    -18.5493      -0.0327
    -18.4692      -0.0367
     -18.389      -0.0364
    -18.3088      -0.0307
    -18.2287      -0.0216
    -18.1485      -0.0125
    -18.0684      -0.0057
    -17.9882      -0.0019
     -17.908      -0.0008
    -17.8279           -0
    -17.7477           -0
    -17.6676           -0
    -17.5874           -0
    -17.5072           -0
    -17.4271           -0
    -17.3469      -0.0006
    -17.2667      -0.0018
    -17.1866      -0.0044
    -17.1064      -0.0075
    -17.0263        -0.01
    -16.9461        -0.01
    -16.8659       -0.008
    -16.7858      -0.0046
    -16.7056       -0.002
    -16.6255      -0.0006
    -16.5453           -0
    -16.4651           -0
     -16.385      -0.0001
    -16.3048      -0.0021
    -16.2247      -0.0058
    -16.1445      -0.0127
    -16.0643      -0.0207
    -15.9842      -0.0251
     -15.904      -0.0228
    -15.8239      -0.0153
    -15.7437      -0.0081
    -15.6635      -0.0032
    -15.5834      -0.0008
    -15.5032           -0
    -15.4231           -0
    -15.3429           -0
    -15.2627           -0
    -15.1826           -0
    -15.1024           -0
    -15.0223           -0
    -14.9421           -0
    -14.8619           -0
    -14.7818           -0
    -14.7016           -0
    -14.6215           -0
    -14.5413           -0
    -14.4611           -0
     -14.381           -0
    -14.3008           -0
    -14.2207           -0
    -14.1405           -0
    -14.0603           -0
    -13.9802           -0
       -13.9           -0
    -13.8199           -0
    -13.7397           -0
    -13.6595           -0
    -13.5794           -0
    -13.4992           -0
    -13.4191           -0
    -13.3389           -0
    -13.2587           -0
    -13.1786           -0
    -13.0984           -0
    -13.0183           -0
    -12.9381           -0
    -12.8579           -0
    -12.7778           -0
    -12.6976           -0
    -12.6175           -0
    -12.5373           -0
    -12.4571           -0
     -12.377           -0
    -12.2968           -0
    -12.2166           -0
    -12.1365           -0
    -12.0563           -0
    -11.9762           -0
     -11.896           -0
    -11.8158           -0
    -11.7357           -0
    -11.6555           -0
    -11.5754           -0
    -11.4952           -0
     -11.415           -0
    -11.3349           -0
    -11.2547           -0
    -11.1746           -0
    -11.0944           -0
    -11.0142           -0
    -10.9341           -0
    -10.8539           -0
    -10.7738           -0
    -10.6936           -0
    -10.6134           -0
    -10.5333           -0
    -10.4531           -0
     -10.373      -0.0004
    -10.2928       -0.004
    -10.2126      -0.0232
    -10.1325      -0.0876
    -10.0523      -0.2641
     -9.9722      -0.6243
      -9.892      -1.1957
     -9.8118      -1.9013
     -9.7317      -2.5674
     -9.6515      -3.0088
     -9.5714      -3.1464
     -9.4912      -3.0733
      -9.411      -2.9565
     -9.3309      -2.8744
     -9.2507      -2.7729
     -9.1706       -2.578
     -9.0904      -2.2698
     -9.0102      -1.8742
     -8.9301      -1.4637
     -8.8499      -1.1407
     -8.7698      -0.9478
     -8.6896      -0.8273
     -8.6094      -0.7076
     -8.5293      -0.5653
     -8.4491      -0.4084
      -8.369      -0.2539
     -8.2888      -0.1286
     -8.2086      -0.0615
     -8.1285      -0.0562
     -8.0483      -0.1068
     -7.9682      -0.1999
      -7.888      -0.3124
     -7.8078      -0.4135
     -7.7277      -0.5056
     -7.6475      -0.6133
     -7.5674      -0.7602
     -7.4872        -0.96
      -7.407      -1.2595
     -7.3269      -1.6854
     -7.2467      -2.1935
     -7.1665      -2.7537
     -7.0864       -3.402
     -7.0062      -4.1251
     -6.9261      -4.7593
     -6.8459       -5.149
     -6.7657       -5.355
     -6.6856      -5.5764
     -6.6054      -5.9084
     -6.5253      -6.2803
     -6.4451      -6.5995
     -6.3649      -6.8233
     -6.2848      -6.9357
     -6.2046      -7.0002
     -6.1245      -7.2336
     -6.0443      -7.8946
     -5.9641      -9.0422
      -5.884     -10.4119
     -5.8038     -11.5134
     -5.7237     -11.8606
     -5.6435     -11.3351
     -5.5633     -10.3293
     -5.4832      -9.4943
      -5.403      -9.2905
     -5.3229      -9.8048
     -5.2427     -10.8931
     -5.1625     -12.3706
     -5.0824     -14.0125
     -5.0022      -15.525
     -4.9221      -16.706
     -4.8419     -17.5343
     -4.7617     -17.9609
     -4.6816     -17.8256
     -4.6014     -17.2102
     -4.5213     -16.6103
     -4.4411      -16.458
     -4.3609     -16.7178
     -4.2808     -17.1378
     -4.2006     -17.6087
     -4.1205     -18.0945
     -4.0403     -18.4742
     -3.9601     -18.6183
       -3.88     -18.4253
     -3.7998     -17.7311
     -3.7197     -16.4714
     -3.6395     -14.9904
     -3.5593     -13.9208
     -3.4792      -13.684
      -3.399     -14.2171
     -3.3189     -15.1594
     -3.2387     -16.1484
     -3.1585     -16.8566
     -3.0784     -16.9376
     -2.9982     -16.1962
     -2.9181     -14.7905
     -2.8379     -13.1192
     -2.7577     -11.5459
     -2.6776      -10.294
     -2.5974      -9.4462
     -2.5172      -8.8689
     -2.4371      -8.1898
     -2.3569      -7.0339
     -2.2768      -5.3555
     -2.1966      -3.4846
     -2.1164      -1.8736
     -2.0363      -0.8056
     -1.9561      -0.2692
      -1.876      -0.0678
     -1.7958      -0.0122
     -1.7156       -0.001
     -1.6355           -0
     -1.5553           -0
     -1.4752           -0
      -1.395           -0
     -1.3148           -0
     -1.2347           -0
     -1.1545           -0
     -1.0744           -0
   -0.994203           -0
   -0.914003           -0
   -0.833903           -0
   -0.753703           -0
   -0.673603           -0
   -0.593403           -0
   -0.513203           -0
   -0.433103           -0
   -0.352903           -0
   -0.272803           -0
   -0.192603      -0.0026
   -0.112403      -0.0208
  -0.0323027      -0.0771
   0.0478973        -0.22
    0.127997      -0.5019
    0.208197      -0.9278
    0.288397      -1.4248
    0.368497      -1.8974
    0.448697      -2.3358
    0.528797      -2.8221
    0.608997      -3.4447
    0.689197      -4.1794
    0.769297      -4.8755
    0.849497       -5.377
    0.929597      -5.6866
      1.0098      -5.9562
        1.09      -6.3138
      1.1701      -6.7432
      1.2503      -7.1399
      1.3304      -7.4522
      1.4106      -7.6612
      1.4908      -7.6557
      1.5709      -7.2321
      1.6511      -6.2691
      1.7312      -4.8531
      1.8114      -3.2693
      1.8916       -1.871
      1.9717      -0.8906
      2.0519      -0.3456
       2.132      -0.1078
      2.2122      -0.0262
      2.2924      -0.0037
      2.3725      -0.0004
      2.4527           -0
      2.5329           -0
       2.613           -0
      2.6932           -0
      2.7733           -0
      2.8535           -0
      2.9337           -0
      3.0138      -0.0006
       3.094      -0.0042
      3.1741      -0.0097
      3.2543       -0.015
      3.3345      -0.0201
      3.4146      -0.0294
      3.4948      -0.0454
      3.5749      -0.0696
      3.6551      -0.0983
      3.7353      -0.1338
      3.8154      -0.1759
      3.8956      -0.2166
      3.9757      -0.2425
      4.0559      -0.2481
      4.1361      -0.2442
      4.2162      -0.2455
      4.2964      -0.2591
      4.3765      -0.2724
      4.4567      -0.2647
      4.5369       -0.232
       4.617      -0.1874
      4.6972      -0.1536
      4.7773      -0.1356
      4.8575        -0.13
      4.9377       -0.128
      5.0178       -0.132
       5.098      -0.1418
      5.1781      -0.1506
      5.2583      -0.1501
      5.3385       -0.141
      5.4186      -0.1294
      5.4988      -0.1227
      5.5789      -0.1174
      5.6591      -0.1119
      5.7393       -0.108
      5.8194      -0.1082
      5.8996      -0.1106
      5.9797       -0.109
      6.0599      -0.0954
      6.1401      -0.0695
      6.2202        -0.04
      6.3004       -0.019
      6.3805      -0.0047
      6.4607      -0.0006
      6.5409           -0
       6.621           -0
      6.7012           -0
      6.7813           -0
      6.8615           -0
      6.9417           -0
      7.0218           -0
       7.102           -0
      7.1821           -0
      7.2623           -0
      7.3425           -0
      7.4226           -0
      7.5028           -0
       7.583           -0
      7.6631           -0
      7.7433           -0
      7.8234           -0
      7.9036           -0
      7.9838           -0
      8.0639           -0
      8.1441           -0
      8.2242           -0
      8.3044           -0
      8.3846           -0
      8.4647           -0
      8.5449           -0
       8.625           -0
      8.7052           -0
      8.7854           -0
      8.8655           -0
      8.9457           -0
      9.0258           -0
       9.106           -0
      9.1862           -0
      9.2663           -0
      9.3465           -0
      9.4266           -0
      9.5068           -0
       9.587           -0
      9.6671           -0
      9.7473           -0
      9.8274           -0
      9.9076           -0
      9.9878           -0
     10.0679           -0
     10.1481           -0
     10.2282           -0
     10.3084           -0
     10.3886           -0
     10.4687           -0
     10.5489           -0
      10.629           -0
     10.7092           -0
     10.7894           -0
     10.8695           -0
     10.9497           -0
     11.0298           -0
       11.11           -0
     11.1902           -0
     11.2703           -0
     11.3505           -0
     11.4306           -0
     11.5108           -0
      11.591           -0
     11.6711           -0
     11.7513           -0
     11.8314           -0
     11.9116           -0
     11.9918           -0
     12.0719           -0
     12.1521           -0
     12.2322           -0
     12.3124           -0
     12.3926           -0
     12.4727           -0
     12.5529           -0
     12.6331           -0
     12.7132           -0
     12.7934           -0
     12.8735           -0
     12.9537           -0
     13.0339           -0
      13.114           -0
     13.1942           -0
     13.2743           -0
     13.3545           -0
     13.4347           -0
     13.5148           -0
      13.595           -0
     13.6751           -0
     13.7553           -0
     13.8355           -0
     13.9156           -0
     13.9958           -0
     14.0759           -0
     14.1561           -0
     14.2363           -0
     14.3164           -0
     14.3966           -0
     14.4767           -0
     14.5569           -0
     14.6371           -0
     14.7172           -0
     14.7974           -0
     14.8775           -0
     14.9577           -0



