    -24.5598        24.95
    -24.4796            0
    -24.3995            0
    -24.3193            0
    -24.2392            0
     -24.159            0
    -24.0788            0
    -23.9987            0
    -23.9185            0
    -23.8384            0
    -23.7582            0
     -23.678            0
    -23.5979            0
    -23.5177            0
    -23.4376            0
    -23.3574            0
    -23.2772            0
    -23.1971            0
    -23.1169            0
    -23.0368            0
    -22.9566            0
    -22.8764            0
    -22.7963            0
    -22.7161            0
     -22.636            0
    -22.5558            0
    -22.4756            0
    -22.3955            0
    -22.3153            0
    -22.2352            0
     -22.155            0
    -22.0748            0
    -21.9947            0
    -21.9145            0
    -21.8343            0
    -21.7542            0
     -21.674            0
    -21.5939            0
    -21.5137            0
    -21.4335            0
    -21.3534       0.0003
    -21.2732       0.0025
    -21.1931       0.0136
    -21.1129       0.0556
    -21.0327       0.1741
    -20.9526       0.4232
    -20.8724       0.8191
    -20.7923       1.3026
    -20.7121       1.7597
    -20.6319       2.0669
    -20.5518       2.1385
    -20.4716       2.0325
    -20.3915       2.0307
    -20.3113       2.4682
    -20.2311       3.4227
     -20.151       4.7318
    -20.0708       6.2987
    -19.9907       8.0564
    -19.9105       9.6107
    -19.8303      10.3768
    -19.7502      10.2156
      -19.67       9.6335
    -19.5899       9.3307
    -19.5097       9.7299
    -19.4295      10.7293
    -19.3494      11.6515
    -19.2692      11.6514
    -19.1891      10.4661
    -19.1089       8.7316
    -19.0287       7.4176
    -18.9486       6.9375
    -18.8684       6.9931
    -18.7883       7.2973
    -18.7081       8.0165
    -18.6279       9.3352
    -18.5478      11.0244
    -18.4676      12.7011
    -18.3875      14.1583
    -18.3073       15.163
    -18.2271      15.3777
     -18.147      14.9199
    -18.0668      14.6203
    -17.9867      15.1948
    -17.9065      16.3373
    -17.8263      17.0545
    -17.7462      16.7781
     -17.666      15.7766
    -17.5859      14.5705
    -17.5057      13.3449
    -17.4255      12.0198
    -17.3454      10.7222
    -17.2652       9.9947
    -17.1851      10.2584
    -17.1049      11.0575
    -17.0247      11.2738
    -16.9446      10.3079
    -16.8644       8.6913
    -16.7842       7.2749
    -16.7041       6.1689
    -16.6239       4.8821
    -16.5438       3.2491
    -16.4636       1.7007
    -16.3834       0.6769
    -16.3033       0.2015
    -16.2231       0.0444
     -16.143       0.0072
    -16.0628       0.0009
    -15.9826       0.0004
    -15.9025       0.0029
    -15.8223       0.0205
    -15.7422       0.1106
     -15.662       0.4504
    -15.5818       1.3869
    -15.5017       3.2323
    -15.4215       5.7031
    -15.3414       7.6134
    -15.2612       7.6793
     -15.181       5.8423
    -15.1009       3.3455
    -15.0207       1.4389
    -14.9406       0.4638
    -14.8604       0.1118
    -14.7802       0.0201
    -14.7001       0.0027
    -14.6199       0.0003
    -14.5398            0
    -14.4596            0
    -14.3794            0
    -14.2993            0
    -14.2191            0
     -14.139            0
    -14.0588            0
    -13.9786            0
    -13.8985            0
    -13.8183            0
    -13.7382            0
     -13.658            0
    -13.5778            0
    -13.4977            0
    -13.4175            0
    -13.3374            0
    -13.2572            0
     -13.177            0
    -13.0969            0
    -13.0167            0
    -12.9366            0
    -12.8564            0
    -12.7762            0
    -12.6961            0
    -12.6159            0
    -12.5358            0
    -12.4556            0
    -12.3754            0
    -12.2953            0
    -12.2151            0
     -12.135            0
    -12.0548            0
    -11.9746            0
    -11.8945            0
    -11.8143            0
    -11.7341            0
     -11.654            0
    -11.5738            0
    -11.4937            0
    -11.4135            0
    -11.3333            0
    -11.2532            0
     -11.173            0
    -11.0929            0
    -11.0127            0
    -10.9325       0.0003
    -10.8524       0.0018
    -10.7722       0.0102
    -10.6921       0.0423
    -10.6119       0.1355
    -10.5317       0.3413
    -10.4516       0.7014
    -10.3714       1.2372
    -10.2913       1.9918
    -10.2111       3.0771
    -10.1309       4.6163
    -10.0508        6.551
    -9.97065       8.5246
    -9.89055      10.1254
    -9.81035      11.2961
    -9.73015      12.3219
    -9.65005      13.3998
    -9.56985      14.4268
    -9.48975      15.2442
    -9.40955      15.9192
    -9.32935      16.6635
    -9.24925      17.5271
    -9.16905      18.3551
    -9.08895      19.0893
    -9.00875       19.916
    -8.92855      20.9906
    -8.84845      22.1957
    -8.76825        23.39
    -8.68815      24.7617
    -8.60795      26.5942
    -8.52775      28.6471
    -8.44765       30.101
    -8.36745      30.2656
    -8.28735      29.1987
    -8.20715      27.6673
    -8.12695      26.6542
    -8.04685      26.6383
    -7.96665      27.0191
    -7.88655      26.5704
    -7.80635      24.9033
    -7.72615       23.037
    -7.64605      22.0705
    -7.56585      21.9623
    -7.48575      22.0948
    -7.40555      22.2916
    -7.32535      22.8027
    -7.24525      23.6964
    -7.16505      24.5428
    -7.08495      24.7288
    -7.00475      24.1957
    -6.92455      23.6911
    -6.84445       23.953
    -6.76425      24.8231
    -6.68405      25.4377
    -6.60395      24.9221
    -6.52375      22.7779
    -6.44365      19.1995
    -6.36345      15.1985
    -6.28325      12.0342
    -6.20315      10.4044
    -6.12295      10.2125
    -6.04285      10.8758
    -5.96265      11.7187
    -5.88245      12.2548
    -5.80235      12.3556
    -5.72215      12.3201
    -5.64205      12.7622
    -5.56185      14.2322
    -5.48165      16.7884
    -5.40155      19.8481
    -5.32135      22.4303
    -5.24125      23.6592
    -5.16105      23.2456
    -5.08085      21.6632
    -5.00075      19.8815
    -4.92055      18.7849
    -4.84045      18.6832
    -4.76025      19.2525
    -4.68005      19.9291
    -4.59995      20.4833
    -4.51975      21.1723
    -4.43965      22.2072
    -4.35945      23.2674
    -4.27925      23.7628
    -4.19915      23.4924
    -4.11895      22.8916
    -4.03885      22.5538
    -3.95865      22.6695
    -3.87845      23.1143
    -3.79835      23.7822
    -3.71815      24.5245
    -3.63805      25.0176
    -3.55785      24.9949
    -3.47765      24.5781
    -3.39755      24.1938
    -3.31735      24.0935
    -3.23725      24.1361
    -3.15705       24.077
    -3.07685       23.816
    -2.99675      23.3745
    -2.91655      22.8517
    -2.83645      22.3673
    -2.75625      21.9304
    -2.67605       21.474
    -2.59595      21.1165
    -2.51575      21.2296
    -2.43565      22.0325
    -2.35545      23.1983
    -2.27525      24.0794
    -2.19515      24.2502
    -2.11495      23.7033
    -2.03475      22.6865
    -1.95465      21.4713
    -1.87445      20.1591
    -1.79435      18.7365
    -1.71415      17.3829
    -1.63395      16.4306
    -1.55385      15.8739
    -1.47365      15.3187
    -1.39355      14.6125
    -1.31335      14.1211
    -1.23315      14.1651
    -1.15305      14.5508
    -1.07285      14.9255
   -0.992746      15.2618
   -0.912546      15.6141
   -0.832346      15.6244
   -0.752246       14.753
   -0.672046      13.0509
   -0.591946       11.328
   -0.511746      10.3529
   -0.431546      10.0833
   -0.351446       9.8152
   -0.271246       8.9472
   -0.191146       7.4737
   -0.110946       5.8099
  -0.0307457       4.3849
   0.0493543       3.5675
    0.129554       3.7565
    0.209654       5.1802
    0.289854       7.5973
    0.370054      10.3964
    0.450154      12.9751
    0.530354      14.9919
    0.610454      16.4359
    0.690654        17.41
    0.770854      17.6713
    0.850954      16.6825
    0.931154      14.3032
     1.01125       11.026
     1.09145       7.5302
     1.17165       4.4519
     1.25175       2.4126
     1.33195       1.8871
     1.41205       3.1172
     1.49225       6.0356
     1.57245       9.8877
     1.65255      13.1176
     1.73275      14.3086
     1.81285      13.3942
     1.89305      11.6087
     1.97325      10.4047
     2.05335      10.6558
     2.13355      12.3927
     2.21365      14.8833
     2.29385       17.106
     2.37405      18.2199
     2.45415      17.8331
     2.53435      16.2903
     2.61445      14.5883
     2.69465       13.604
     2.77485      13.3633
     2.85495      13.2005
     2.93515      12.6629
     3.01535       11.973
     3.09545      11.3727
     3.17565      10.6001
     3.25575       9.5134
     3.33595       8.6523
     3.41615       8.6796
     3.49625       9.5567
     3.57645      10.5382
     3.65655      10.8638
     3.73675       10.267
     3.81695       8.9676
     3.89705       7.5158
     3.97725       6.5242
     4.05735       6.2023
     4.13755       6.1925
     4.21775       5.9958
     4.29785       5.4985
     4.37805       5.0404
     4.45815       5.0085
     4.53835       5.4291
     4.61855       5.9787
     4.69865       6.2614
     4.77885       5.9789
     4.85895       5.0373
     4.93915       3.6851
     5.01935       2.4508
     5.09945       1.7887
     5.17965       1.7554
     5.25975       2.0389
     5.33995       2.2582
     5.42015       2.2272
     5.50025       2.0133
     5.58045       1.8179
     5.66055       1.8112
     5.74075       2.0396
     5.82095       2.4115
     5.90105       2.7687
     5.98125        2.992
     6.06135       3.0104
     6.14155       2.8156
     6.22175       2.5866
     6.30185       2.6474
     6.38205       3.1416
     6.46215       3.8734
     6.54235       4.5871
     6.62255       5.2695
     6.70265         6.03
     6.78285       6.7997
     6.86295       7.3342
     6.94315       7.4724
     7.02335       7.2513
     7.10345       6.7883
     7.18365       6.1672
     7.26375       5.4722
     7.34395       4.8398
     7.42415       4.3744
     7.50425       4.0446
     7.58445       3.7211
     7.66455       3.2856
     7.74475       2.6962
     7.82495       1.9964
     7.90505       1.2908
     7.98525       0.7019
     8.06545       0.3091
     8.14555       0.1069
     8.22575       0.0283
     8.30585       0.0057
     8.38605       0.0008
     8.46625       0.0001
     8.54635            0
     8.62655            0
     8.70665            0
     8.78685            0
     8.86705            0
     8.94715            0
     9.02735            0
     9.10745            0
     9.18765            0
     9.26785            0
     9.34795            0
     9.42815            0
     9.50825            0
     9.58845            0
     9.66865            0
     9.74875            0
     9.82895            0
     9.90905            0
     9.98925            0
     10.0695            0
     10.1496            0
     10.2298            0
     10.3099            0
     10.3901            0
     10.4703            0
     10.5504            0
     10.6306            0
     10.7107            0
     10.7909            0
     10.8711            0
     10.9512            0
     11.0314            0
     11.1115            0
     11.1917            0
     11.2719            0
      11.352            0
     11.4322            0
     11.5123            0
     11.5925            0
     11.6727            0
     11.7528            0
      11.833            0
     11.9131            0
     11.9933            0
     12.0735            0
     12.1536            0
     12.2338            0
     12.3139            0
     12.3941            0
     12.4743            0
     12.5544            0
     12.6346            0
     12.7147            0
     12.7949            0
     12.8751            0
     12.9552            0
     13.0354            0
     13.1156            0
     13.1957            0
     13.2759            0
      13.356            0
     13.4362            0
     13.5164            0
     13.5965            0
     13.6767            0
     13.7568            0
      13.837            0
     13.9172            0
     13.9973            0
     14.0775            0
     14.1576            0
     14.2378            0
      14.318            0
     14.3981            0
     14.4783            0
     14.5584            0
     14.6386            0
     14.7188            0
     14.7989            0
     14.8791            0
     14.9592            0
     15.0394            0
     15.1196            0
     15.1997            0
     15.2799            0
       15.36            0
     15.4402            0

    -24.5598       -24.95
    -24.4796           -0
    -24.3995           -0
    -24.3193           -0
    -24.2392           -0
     -24.159           -0
    -24.0788           -0
    -23.9987           -0
    -23.9185           -0
    -23.8384           -0
    -23.7582           -0
     -23.678           -0
    -23.5979           -0
    -23.5177           -0
    -23.4376           -0
    -23.3574           -0
    -23.2772           -0
    -23.1971           -0
    -23.1169           -0
    -23.0368           -0
    -22.9566           -0
    -22.8764           -0
    -22.7963           -0
    -22.7161           -0
     -22.636           -0
    -22.5558           -0
    -22.4756           -0
    -22.3955           -0
    -22.3153           -0
    -22.2352           -0
     -22.155           -0
    -22.0748           -0
    -21.9947           -0
    -21.9145           -0
    -21.8343           -0
    -21.7542           -0
     -21.674           -0
    -21.5939           -0
    -21.5137           -0
    -21.4335           -0
    -21.3534           -0
    -21.2732           -0
    -21.1931      -0.0002
    -21.1129      -0.0017
    -21.0327      -0.0097
    -20.9526      -0.0429
    -20.8724      -0.1441
    -20.7923      -0.3743
    -20.7121      -0.7689
    -20.6319      -1.2846
    -20.5518       -1.797
    -20.4716      -2.1525
    -20.3915      -2.2565
    -20.3113       -2.202
    -20.2311       -2.299
     -20.151      -2.8082
    -20.0708      -3.6321
    -19.9907      -4.4663
    -19.9105      -5.2625
    -19.8303      -6.3538
    -19.7502      -8.0577
      -19.67     -10.0916
    -19.5899     -11.4658
    -19.5097     -11.3278
    -19.4295      -9.9233
    -19.3494      -8.4056
    -19.2692      -7.7627
    -19.1891      -8.0307
    -19.1089      -8.3976
    -19.0287      -8.0828
    -18.9486      -7.1271
    -18.8684      -6.2765
    -18.7883      -6.2669
    -18.7081      -7.2836
    -18.6279      -8.9404
    -18.5478     -10.6935
    -18.4676     -12.1446
    -18.3875     -12.9081
    -18.3073     -12.7095
    -18.2271     -11.9301
     -18.147     -11.5478
    -18.0668     -12.2078
    -17.9867     -13.5624
    -17.9065     -14.6007
    -17.8263     -14.5152
    -17.7462     -13.2653
     -17.666     -11.5814
    -17.5859     -10.5895
    -17.5057      -11.129
    -17.4255       -13.13
    -17.3454     -15.5389
    -17.2652     -16.8889
    -17.1851      -16.312
    -17.1049     -14.3308
    -17.0247     -12.5421
    -16.9446      -12.232
    -16.8644     -13.2816
    -16.7842      -14.478
    -16.7041     -14.5435
    -16.6239     -12.7757
    -16.5438      -9.3953
    -16.4636      -5.5627
    -16.3834      -2.5725
    -16.3033        -0.91
    -16.2231      -0.2429
     -16.143      -0.0485
    -16.0628      -0.0072
    -15.9826       -0.001
    -15.9025       -0.002
    -15.8223      -0.0145
    -15.7422      -0.0817
     -15.662       -0.349
    -15.5818      -1.1311
    -15.5017      -2.7843
    -15.4215      -5.2014
    -15.3414      -7.3588
    -15.2612      -7.8633
     -15.181      -6.3269
    -15.1009      -3.8217
    -15.0207      -1.7282
    -14.9406      -0.5836
    -14.8604      -0.1468
    -14.7802      -0.0275
    -14.7001      -0.0038
    -14.6199      -0.0004
    -14.5398           -0
    -14.4596           -0
    -14.3794           -0
    -14.2993           -0
    -14.2191           -0
     -14.139           -0
    -14.0588           -0
    -13.9786           -0
    -13.8985           -0
    -13.8183           -0
    -13.7382           -0
     -13.658           -0
    -13.5778           -0
    -13.4977           -0
    -13.4175           -0
    -13.3374           -0
    -13.2572           -0
     -13.177           -0
    -13.0969           -0
    -13.0167           -0
    -12.9366           -0
    -12.8564           -0
    -12.7762           -0
    -12.6961           -0
    -12.6159           -0
    -12.5358           -0
    -12.4556           -0
    -12.3754           -0
    -12.2953           -0
    -12.2151           -0
     -12.135           -0
    -12.0548           -0
    -11.9746           -0
    -11.8945           -0
    -11.8143           -0
    -11.7341           -0
     -11.654           -0
    -11.5738           -0
    -11.4937           -0
    -11.4135           -0
    -11.3333           -0
    -11.2532           -0
     -11.173           -0
    -11.0929           -0
    -11.0127           -0
    -10.9325           -0
    -10.8524           -0
    -10.7722           -0
    -10.6921           -0
    -10.6119           -0
    -10.5317      -0.0001
    -10.4516      -0.0007
    -10.3714      -0.0057
    -10.2913       -0.033
    -10.2111      -0.1445
    -10.1309      -0.4796
    -10.0508      -1.2332
    -9.97065      -2.5399
    -9.89055      -4.3716
    -9.81035       -6.534
    -9.73015      -8.6499
    -9.65005     -10.2144
    -9.56985     -10.9807
    -9.48975     -11.2743
    -9.40955     -11.6089
    -9.32935     -12.1133
    -9.24925      -12.755
    -9.16905      -13.764
    -9.08895     -14.9905
    -9.00875     -15.3041
    -8.92855     -13.8304
    -8.84845     -11.3097
    -8.76825      -9.1257
    -8.68815      -7.6817
    -8.60795      -6.6559
    -8.52775      -6.0024
    -8.44765      -5.8495
    -8.36745      -6.0343
    -8.28735      -6.3969
    -8.20715      -7.2727
    -8.12695      -9.1902
    -8.04685     -12.0577
    -7.96665      -14.979
    -7.88655     -16.8729
    -7.80635     -17.2006
    -7.72615     -16.4616
    -7.64605      -15.946
    -7.56585     -16.4356
    -7.48575      -17.243
    -7.40555     -17.1119
    -7.32535     -15.8911
    -7.24525     -14.5645
    -7.16505     -13.6797
    -7.08495     -12.6212
    -7.00475     -10.7167
    -6.92455       -8.476
    -6.84445      -7.2952
    -6.76425      -8.1544
    -6.68405     -10.7581
    -6.60395     -13.5927
    -6.52375     -14.8559
    -6.44365     -13.9116
    -6.36345     -11.8662
    -6.28325     -10.3983
    -6.20315     -10.2454
    -6.12295     -11.0435
    -6.04285     -12.2184
    -5.96265     -13.5278
    -5.88245      -14.858
    -5.80235     -16.0926
    -5.72215     -17.2762
    -5.64205     -18.4988
    -5.56185     -19.7366
    -5.48165     -21.0394
    -5.40155     -22.4588
    -5.32135     -23.5731
    -5.24125     -23.6502
    -5.16105      -22.618
    -5.08085     -21.4243
    -5.00075     -21.1234
    -4.92055     -21.8369
    -4.84045     -22.7657
    -4.76025     -23.0879
    -4.68005     -22.6632
    -4.59995     -21.8892
    -4.51975     -21.1931
    -4.43965     -20.8856
    -4.35945     -21.2751
    -4.27925     -22.4945
    -4.19915     -24.1719
    -4.11895     -25.5857
    -4.03885     -26.2944
    -3.95865     -26.4625
    -3.87845     -26.5092
    -3.79835     -26.6372
    -3.71815     -26.7994
    -3.63805     -26.9071
    -3.55785     -26.9078
    -3.47765     -26.7558
    -3.39755       -26.42
    -3.31735     -25.9526
    -3.23725     -25.5144
    -3.15705     -25.2282
    -3.07685      -24.976
    -2.99675     -24.5087
    -2.91655      -23.839
    -2.83645     -23.2671
    -2.75625     -22.9008
    -2.67605     -22.4589
    -2.59595     -21.6831
    -2.51575     -20.6903
    -2.43565     -19.8289
    -2.35545     -19.4256
    -2.27525     -19.7146
    -2.19515     -20.6578
    -2.11495     -21.7082
    -2.03475     -22.0663
    -1.95465     -21.3214
    -1.87445     -19.7162
    -1.79435     -17.7787
    -1.71415     -15.8787
    -1.63395     -14.2381
    -1.55385     -13.1649
    -1.47365     -12.9271
    -1.39355     -13.3367
    -1.31335     -13.7245
    -1.23315      -13.508
    -1.15305     -12.7013
    -1.07285     -11.7493
   -0.992746     -10.9316
   -0.912546     -10.0614
   -0.832346      -8.8097
   -0.752246      -7.2853
   -0.672046         -6.1
   -0.591946       -5.667
   -0.511746       -5.602
   -0.431546       -5.106
   -0.351446      -3.8774
   -0.271246      -2.3981
   -0.191146      -1.3681
   -0.110946      -1.1182
  -0.0307457      -1.5415
   0.0493543      -2.3096
    0.129554      -3.0719
    0.209654      -3.6092
    0.289854      -3.9178
    0.370054      -4.1518
    0.450154      -4.5078
    0.530354       -5.233
    0.610454      -6.6566
    0.690654        -8.98
    0.770854     -11.9923
    0.850954     -15.1836
    0.931154     -18.1614
     1.01125     -20.7955
     1.09145     -23.0573
     1.17165     -24.9787
     1.25175     -26.6687
     1.33195     -28.1036
     1.41205     -29.0016
     1.49225     -29.1657
     1.57245     -28.8784
     1.65255      -28.729
     1.73275     -29.0856
     1.81285     -29.9078
     1.89305     -31.0522
     1.97325     -32.5478
     2.05335     -34.3045
     2.13355     -35.5817
     2.21365     -35.2969
     2.29385     -33.1462
     2.37405     -29.9353
     2.45415     -26.6713
     2.53435     -23.9378
     2.61445      -22.289
     2.69465     -22.4975
     2.77485     -24.7619
     2.85495     -27.8954
     2.93515     -29.9831
     3.01535     -30.0855
     3.09545     -28.9891
     3.17565     -27.9846
     3.25575     -27.1227
     3.33595     -25.2594
     3.41615     -21.9052
     3.49625     -18.2717
     3.57645     -15.9976
     3.65655     -15.4356
     3.73675     -15.6012
     3.81695     -15.2346
     3.89705     -13.6758
     3.97725     -11.1551
     4.05735      -8.4464
     4.13755      -6.2491
     4.21775      -4.8786
     4.29785      -4.2823
     4.37805      -4.1915
     4.45815      -4.3685
     4.53835      -4.7276
     4.61855      -5.1973
     4.69865       -5.586
     4.77885      -5.6446
     4.85895      -5.2598
     4.93915      -4.5784
     5.01935      -3.8681
     5.09945      -3.2458
     5.17965      -2.6625
     5.25975      -2.1264
     5.33995      -1.7692
     5.42015      -1.6833
     5.50025      -1.8204
     5.58045      -2.0563
     5.66055      -2.2608
     5.74075      -2.3272
     5.82095      -2.2443
     5.90105      -2.1406
     5.98125      -2.2114
     6.06135      -2.5714
     6.14155      -3.1293
     6.22175      -3.6105
     6.30185      -3.7879
     6.38205      -3.7526
     6.46215      -3.9028
     6.54235       -4.526
     6.62255      -5.4102
     6.70265      -6.0667
     6.78285      -6.3077
     6.86295      -6.3421
     6.94315      -6.3645
     7.02335      -6.3882
     7.10345       -6.411
     7.18365      -6.4259
     7.26375      -6.3274
     7.34395      -5.9968
     7.42415      -5.4242
     7.50425      -4.6905
     7.58445      -3.8953
     7.66455      -3.1263
     7.74475       -2.468
     7.82495      -1.9835
     7.90505      -1.6272
     7.98525      -1.2585
     8.06545      -0.8229
     8.14555      -0.4222
     8.22575      -0.1638
     8.30585      -0.0473
     8.38605      -0.0101
     8.46625      -0.0016
     8.54635      -0.0002
     8.62655           -0
     8.70665           -0
     8.78685           -0
     8.86705           -0
     8.94715           -0
     9.02735           -0
     9.10745           -0
     9.18765           -0
     9.26785           -0
     9.34795           -0
     9.42815           -0
     9.50825           -0
     9.58845           -0
     9.66865           -0
     9.74875           -0
     9.82895           -0
     9.90905           -0
     9.98925           -0
     10.0695           -0
     10.1496           -0
     10.2298           -0
     10.3099           -0
     10.3901           -0
     10.4703           -0
     10.5504           -0
     10.6306           -0
     10.7107           -0
     10.7909           -0
     10.8711           -0
     10.9512           -0
     11.0314           -0
     11.1115           -0
     11.1917           -0
     11.2719           -0
      11.352           -0
     11.4322           -0
     11.5123           -0
     11.5925           -0
     11.6727           -0
     11.7528           -0
      11.833           -0
     11.9131           -0
     11.9933           -0
     12.0735           -0
     12.1536           -0
     12.2338           -0
     12.3139           -0
     12.3941           -0
     12.4743           -0
     12.5544           -0
     12.6346           -0
     12.7147           -0
     12.7949           -0
     12.8751           -0
     12.9552           -0
     13.0354           -0
     13.1156           -0
     13.1957           -0
     13.2759           -0
      13.356           -0
     13.4362           -0
     13.5164           -0
     13.5965           -0
     13.6767           -0
     13.7568           -0
      13.837           -0
     13.9172           -0
     13.9973           -0
     14.0775           -0
     14.1576           -0
     14.2378           -0
      14.318           -0
     14.3981           -0
     14.4783           -0
     14.5584           -0
     14.6386           -0
     14.7188           -0
     14.7989           -0
     14.8791           -0
     14.9592           -0
     15.0394           -0
     15.1196           -0
     15.1997           -0
     15.2799           -0
       15.36           -0
     15.4402           -0

    -24.5598            0
    -24.4796            0
    -24.3995            0
    -24.3193            0
    -24.2392            0
     -24.159            0
    -24.0788            0
    -23.9987            0
    -23.9185            0
    -23.8384            0
    -23.7582            0
     -23.678            0
    -23.5979            0
    -23.5177            0
    -23.4376            0
    -23.3574            0
    -23.2772            0
    -23.1971            0
    -23.1169            0
    -23.0368            0
    -22.9566            0
    -22.8764            0
    -22.7963            0
    -22.7161            0
     -22.636            0
    -22.5558            0
    -22.4756            0
    -22.3955            0
    -22.3153            0
    -22.2352            0
     -22.155            0
    -22.0748            0
    -21.9947            0
    -21.9145            0
    -21.8343            0
    -21.7542            0
     -21.674            0
    -21.5939            0
    -21.5137            0
    -21.4335            0
    -21.3534            0
    -21.2732            0
    -21.1931            0
    -21.1129            0
    -21.0327       0.0001
    -20.9526       0.0014
    -20.8724       0.0036
    -20.7923       0.0065
    -20.7121       0.0118
    -20.6319       0.0171
    -20.5518       0.0212
    -20.4716       0.0251
    -20.3915       0.0341
    -20.3113       0.0556
    -20.2311       0.0949
     -20.151       0.1582
    -20.0708       0.2531
    -19.9907       0.3712
    -19.9105       0.4703
    -19.8303       0.5004
    -19.7502       0.4521
      -19.67       0.3778
    -19.5899       0.3387
    -19.5097       0.3669
    -19.4295       0.4458
    -19.3494       0.5211
    -19.2692       0.5324
    -19.1891       0.4638
    -19.1089       0.3539
    -19.0287        0.261
    -18.9486       0.2134
    -18.8684       0.1987
    -18.7883       0.2018
    -18.7081       0.2311
    -18.6279       0.2941
    -18.5478       0.3854
    -18.4676       0.4882
    -18.3875       0.5864
    -18.3073       0.6625
    -18.2271       0.6988
     -18.147       0.7008
    -18.0668       0.7111
    -17.9867       0.7609
    -17.9065       0.8255
    -17.8263        0.847
    -17.7462       0.7975
     -17.666       0.7019
    -17.5859        0.597
    -17.5057       0.4971
    -17.4255       0.4028
    -17.3454       0.3236
    -17.2652       0.2837
    -17.1851       0.2984
    -17.1049       0.3481
    -17.0247       0.3916
    -16.9446       0.3987
    -16.8644       0.3785
    -16.7842       0.3526
    -16.7041       0.3218
    -16.6239       0.2641
    -16.5438       0.1792
    -16.4636       0.0937
    -16.3834       0.0376
    -16.3033        0.011
    -16.2231       0.0022
     -16.143       0.0002
    -16.0628            0
    -15.9826            0
    -15.9025            0
    -15.8223            0
    -15.7422       0.0002
     -15.662       0.0012
    -15.5818       0.0055
    -15.5017       0.0131
    -15.4215       0.0239
    -15.3414       0.0313
    -15.2612       0.0311
     -15.181       0.0233
    -15.1009       0.0129
    -15.0207       0.0055
    -14.9406        0.001
    -14.8604       0.0002
    -14.7802            0
    -14.7001            0
    -14.6199            0
    -14.5398            0
    -14.4596            0
    -14.3794            0
    -14.2993            0
    -14.2191            0
     -14.139            0
    -14.0588            0
    -13.9786            0
    -13.8985            0
    -13.8183            0
    -13.7382            0
     -13.658            0
    -13.5778            0
    -13.4977            0
    -13.4175            0
    -13.3374            0
    -13.2572            0
     -13.177            0
    -13.0969            0
    -13.0167            0
    -12.9366            0
    -12.8564            0
    -12.7762            0
    -12.6961            0
    -12.6159            0
    -12.5358            0
    -12.4556            0
    -12.3754            0
    -12.2953            0
    -12.2151            0
     -12.135            0
    -12.0548            0
    -11.9746            0
    -11.8945            0
    -11.8143            0
    -11.7341            0
     -11.654            0
    -11.5738            0
    -11.4937            0
    -11.4135            0
    -11.3333            0
    -11.2532            0
     -11.173            0
    -11.0929            0
    -11.0127            0
    -10.9325            0
    -10.8524        0.001
    -10.7722        0.006
    -10.6921       0.0258
    -10.6119       0.0836
    -10.5317       0.2129
    -10.4516       0.4427
    -10.3714        0.796
    -10.2913       1.3169
    -10.2111       2.1064
    -10.1309       3.2672
    -10.0508       4.7546
    -9.97065       6.2787
    -9.89055       7.5101
    -9.81035       8.4057
    -9.73015       9.1984
    -9.65005      10.0346
    -9.56985      10.8163
    -9.48975       11.424
    -9.40955      11.9332
    -9.32935       12.527
    -9.24925      13.2392
    -9.16905      13.9453
    -9.08895       14.611
    -9.00875      15.3913
    -8.92855      16.3922
    -8.84845      17.5011
    -8.76825       18.617
    -8.68815      19.9167
    -8.60795      21.6139
    -8.52775      23.4452
    -8.44765      24.6747
    -8.36745      24.7282
    -8.28735      23.7164
    -8.20715       22.354
    -8.12695      21.4881
    -8.04685        21.48
    -7.96665      21.7821
    -7.88655      21.3694
    -7.80635       19.942
    -7.72615      18.3419
    -7.64605      17.4495
    -7.56585      17.2243
    -7.48575      17.1939
    -7.40555      17.2608
    -7.32535      17.6333
    -7.24525      18.3428
    -7.16505      19.0274
    -7.08495      19.1799
    -7.00475      18.7035
    -6.92455      18.1265
    -6.84445      17.9866
    -6.76425      18.1277
    -6.68405      17.9015
    -6.60395      16.7671
    -6.52375      14.5276
    -6.44365      11.4066
    -6.36345       8.1138
    -6.28325       5.4713
    -6.20315       3.8853
    -6.12295       3.2288
    -6.04285       3.1052
    -5.96265       3.1419
    -5.88245       3.1121
    -5.80235       2.9623
    -5.72215       2.7673
    -5.64205       2.6716
    -5.56185       2.7906
    -5.48165       3.1186
    -5.40155       3.5291
    -5.32135       3.8561
    -5.24125       3.9886
    -5.16105        3.917
    -5.08085       3.7229
    -5.00075       3.5285
    -4.92055       3.4254
    -4.84045       3.4349
    -4.76025        3.513
    -4.68005       3.5901
    -4.59995       3.6341
    -4.51975       3.6833
    -4.43965       3.7757
    -4.35945       3.8794
    -4.27925       3.9303
    -4.19915       3.9101
    -4.11895       3.8638
    -4.03885       3.8347
    -3.95865       3.8143
    -3.87845       3.7988
    -3.79835        3.843
    -3.71815       3.9814
    -3.63805       4.1481
    -3.55785       4.2363
    -3.47765       4.2288
    -3.39755       4.2018
    -3.31735        4.216
    -3.23725       4.2411
    -3.15705        4.222
    -3.07685        4.149
    -2.99675       4.0499
    -2.91655       3.9536
    -2.83645       3.8723
    -2.75625       3.7914
    -2.67605       3.6946
    -2.59595       3.5993
    -2.51575       3.5761
    -2.43565        3.683
    -2.35545       3.8816
    -2.27525       4.0533
    -2.19515       4.0987
    -2.11495       3.9916
    -2.03475         3.77
    -1.95465       3.5047
    -1.87445       3.2515
    -1.79435       3.0408
    -1.71415       2.8988
    -1.63395       2.8399
    -1.55385       2.8217
    -1.47365       2.7659
    -1.39355       2.6719
    -1.31335       2.6239
    -1.23315       2.6648
    -1.15305       2.7288
    -1.07285       2.7501
   -0.992746       2.7616
   -0.912546       2.8107
   -0.832346       2.8339
   -0.752246       2.7163
   -0.672046       2.4581
   -0.591946       2.2211
   -0.511746       2.1555
   -0.431546       2.2293
   -0.351446       2.2651
   -0.271246       2.1126
   -0.191146       1.7829
   -0.110946       1.4135
  -0.0307457       1.1784
   0.0493543       1.2887
    0.129554       1.9942
    0.209654       3.4273
    0.289854       5.4337
    0.370054       7.6499
    0.450154       9.7135
    0.530354      11.3933
    0.610454       12.623
    0.690654      13.3809
    0.770854      13.3822
    0.850954      12.1677
    0.931154       9.7153
     1.01125       6.6981
     1.09145       3.9658
     1.17165       2.0283
     1.25175       1.0203
     1.33195       0.8847
     1.41205       1.5262
     1.49225       2.7935
     1.57245       4.3614
     1.65255       5.7151
     1.73275       6.3851
     1.81285       6.2795
     1.89305       5.8475
     1.97325       5.8585
     2.05335       6.9054
     2.13355       8.9514
     2.21365      11.3397
     2.29385      13.2654
     2.37405      14.1444
     2.45415      13.7703
     2.53435      12.5022
     2.61445      11.1723
     2.69465      10.4408
     2.77485      10.1889
     2.85495       9.6641
     2.93515       8.3056
     3.01535       6.3783
     3.09545       4.6879
     3.17565       3.8304
     3.25575       3.8802
     3.33595       4.6074
     3.41615       5.7014
     3.49625       6.7456
     3.57645       7.2306
     3.65655       6.8863
     3.73675       5.8918
     3.81695       4.6958
     3.89705       3.7233
     3.97725       3.1797
     4.05735       2.9212
     4.13755       2.5826
     4.21775       1.9665
     4.29785       1.2312
     4.37805       0.6528
     4.45815       0.3399
     4.53835       0.2213
     4.61855       0.1875
     4.69865       0.1739
     4.77885       0.1565
     4.85895       0.1288
     4.93915       0.0957
     5.01935       0.0674
     5.09945       0.0527
     5.17965       0.0555
     5.25975        0.065
     5.33995        0.071
     5.42015       0.0708
     5.50025       0.0637
     5.58045        0.058
     5.66055       0.0598
     5.74075         0.07
     5.82095       0.0863
     5.90105       0.1026
     5.98125       0.1114
     6.06135       0.1117
     6.14155       0.1039
     6.22175       0.0955
     6.30185        0.099
     6.38205       0.1214
     6.46215       0.1552
     6.54235        0.191
     6.62255       0.2237
     6.70265       0.2542
     6.78285       0.2808
     6.86295        0.292
     6.94315        0.287
     7.02335        0.269
     7.10345       0.2439
     7.18365       0.2168
     7.26375       0.1904
     7.34395       0.1707
     7.42415       0.1602
     7.50425       0.1555
     7.58445        0.149
     7.66455       0.1339
     7.74475       0.1097
     7.82495       0.0801
     7.90505        0.051
     7.98525       0.0272
     8.06545       0.0109
     8.14555       0.0024
     8.22575       0.0003
     8.30585            0
     8.38605            0
     8.46625            0
     8.54635            0
     8.62655            0
     8.70665            0
     8.78685            0
     8.86705            0
     8.94715            0
     9.02735            0
     9.10745            0
     9.18765            0
     9.26785            0
     9.34795            0
     9.42815            0
     9.50825            0
     9.58845            0
     9.66865            0
     9.74875            0
     9.82895            0
     9.90905            0
     9.98925            0
     10.0695            0
     10.1496            0
     10.2298            0
     10.3099            0
     10.3901            0
     10.4703            0
     10.5504            0
     10.6306            0
     10.7107            0
     10.7909            0
     10.8711            0
     10.9512            0
     11.0314            0
     11.1115            0
     11.1917            0
     11.2719            0
      11.352            0
     11.4322            0
     11.5123            0
     11.5925            0
     11.6727            0
     11.7528            0
      11.833            0
     11.9131            0
     11.9933            0
     12.0735            0
     12.1536            0
     12.2338            0
     12.3139            0
     12.3941            0
     12.4743            0
     12.5544            0
     12.6346            0
     12.7147            0
     12.7949            0
     12.8751            0
     12.9552            0
     13.0354            0
     13.1156            0
     13.1957            0
     13.2759            0
      13.356            0
     13.4362            0
     13.5164            0
     13.5965            0
     13.6767            0
     13.7568            0
      13.837            0
     13.9172            0
     13.9973            0
     14.0775            0
     14.1576            0
     14.2378            0
      14.318            0
     14.3981            0
     14.4783            0
     14.5584            0
     14.6386            0
     14.7188            0
     14.7989            0
     14.8791            0
     14.9592            0
     15.0394            0
     15.1196            0
     15.1997            0
     15.2799            0
       15.36            0
     15.4402            0

    -24.5598           -0
    -24.4796           -0
    -24.3995           -0
    -24.3193           -0
    -24.2392           -0
     -24.159           -0
    -24.0788           -0
    -23.9987           -0
    -23.9185           -0
    -23.8384           -0
    -23.7582           -0
     -23.678           -0
    -23.5979           -0
    -23.5177           -0
    -23.4376           -0
    -23.3574           -0
    -23.2772           -0
    -23.1971           -0
    -23.1169           -0
    -23.0368           -0
    -22.9566           -0
    -22.8764           -0
    -22.7963           -0
    -22.7161           -0
     -22.636           -0
    -22.5558           -0
    -22.4756           -0
    -22.3955           -0
    -22.3153           -0
    -22.2352           -0
     -22.155           -0
    -22.0748           -0
    -21.9947           -0
    -21.9145           -0
    -21.8343           -0
    -21.7542           -0
     -21.674           -0
    -21.5939           -0
    -21.5137           -0
    -21.4335           -0
    -21.3534           -0
    -21.2732           -0
    -21.1931           -0
    -21.1129           -0
    -21.0327           -0
    -20.9526      -0.0001
    -20.8724      -0.0006
    -20.7923       -0.002
    -20.7121       -0.005
    -20.6319      -0.0107
    -20.5518      -0.0184
    -20.4716      -0.0267
    -20.3915      -0.0341
    -20.3113      -0.0395
    -20.2311      -0.0497
     -20.151      -0.0695
    -20.0708      -0.0973
    -19.9907       -0.126
    -19.9105      -0.1564
    -19.8303      -0.1997
    -19.7502      -0.2643
      -19.67      -0.3371
    -19.5899      -0.3809
    -19.5097      -0.3674
    -19.4295      -0.3114
    -19.3494       -0.264
    -19.2692      -0.2626
    -19.1891      -0.2974
    -19.1089      -0.3219
    -19.0287      -0.3003
    -18.9486      -0.2408
    -18.8684      -0.1859
    -18.7883      -0.1741
    -18.7081      -0.2154
    -18.6279      -0.2909
    -18.5478      -0.3719
    -18.4676      -0.4304
    -18.3875      -0.4486
    -18.3073      -0.4283
    -18.2271      -0.3995
     -18.147      -0.3985
    -18.0668      -0.4379
    -17.9867      -0.4961
    -17.9065      -0.5326
    -17.8263      -0.5163
    -17.7462      -0.4549
     -17.666      -0.3785
    -17.5859      -0.3312
    -17.5057       -0.333
    -17.4255       -0.371
    -17.3454      -0.4107
    -17.2652      -0.4217
    -17.1851      -0.3914
    -17.1049      -0.3397
    -17.0247      -0.3064
    -16.9446      -0.3291
    -16.8644      -0.4089
    -16.7842      -0.5112
    -16.7041      -0.5737
    -16.6239      -0.5453
    -16.5438        -0.42
    -16.4636      -0.2545
    -16.3834      -0.1185
    -16.3033      -0.0415
    -16.2231      -0.0109
     -16.143      -0.0021
    -16.0628           -0
    -15.9826           -0
    -15.9025           -0
    -15.8223           -0
    -15.7422           -0
     -15.662      -0.0007
    -15.5818      -0.0034
    -15.5017      -0.0081
    -15.4215      -0.0169
    -15.3414      -0.0239
    -15.2612      -0.0258
     -15.181      -0.0209
    -15.1009      -0.0126
    -15.0207      -0.0055
    -14.9406      -0.0012
    -14.8604      -0.0001
    -14.7802           -0
    -14.7001           -0
    -14.6199           -0
    -14.5398           -0
    -14.4596           -0
    -14.3794           -0
    -14.2993           -0
    -14.2191           -0
     -14.139           -0
    -14.0588           -0
    -13.9786           -0
    -13.8985           -0
    -13.8183           -0
    -13.7382           -0
     -13.658           -0
    -13.5778           -0
    -13.4977           -0
    -13.4175           -0
    -13.3374           -0
    -13.2572           -0
     -13.177           -0
    -13.0969           -0
    -13.0167           -0
    -12.9366           -0
    -12.8564           -0
    -12.7762           -0
    -12.6961           -0
    -12.6159           -0
    -12.5358           -0
    -12.4556           -0
    -12.3754           -0
    -12.2953           -0
    -12.2151           -0
     -12.135           -0
    -12.0548           -0
    -11.9746           -0
    -11.8945           -0
    -11.8143           -0
    -11.7341           -0
     -11.654           -0
    -11.5738           -0
    -11.4937           -0
    -11.4135           -0
    -11.3333           -0
    -11.2532           -0
     -11.173           -0
    -11.0929           -0
    -11.0127           -0
    -10.9325           -0
    -10.8524           -0
    -10.7722           -0
    -10.6921           -0
    -10.6119           -0
    -10.5317           -0
    -10.4516      -0.0005
    -10.3714      -0.0041
    -10.2913      -0.0232
    -10.2111       -0.103
    -10.1309      -0.3419
    -10.0508      -0.8833
    -9.97065       -1.829
    -9.89055      -3.1766
    -9.81035      -4.8018
    -9.73015      -6.4361
    -9.65005      -7.6946
    -9.56985      -8.3787
    -9.48975      -8.7286
    -9.40955      -9.1305
    -9.32935      -9.6604
    -9.24925     -10.2681
    -9.16905     -11.1292
    -9.08895     -12.1288
    -9.00875     -12.3565
    -8.92855     -11.1091
    -8.84845      -8.9974
    -8.76825       -7.165
    -8.68815      -5.9577
    -8.60795      -5.1061
    -8.52775      -4.5564
    -8.44765      -4.3967
    -8.36745      -4.4814
    -8.28735      -4.6505
    -8.20715      -5.1519
    -8.12695      -6.4555
    -8.04685      -8.6001
    -7.96665     -10.9539
    -7.88655     -12.5975
    -7.80635     -12.9487
    -7.72615     -12.3035
    -7.64605     -11.7045
    -7.56585     -11.8428
    -7.48575     -12.2042
    -7.40555     -11.7499
    -7.32535     -10.3135
    -7.24525      -8.7024
    -7.16505      -7.4875
    -7.08495      -6.3778
    -7.00475      -4.9685
    -6.92455      -3.5367
    -6.84445      -2.8651
    -6.76425      -3.5176
    -6.68405      -5.3168
    -6.60395      -7.2476
    -6.52375      -8.0164
    -6.44365      -7.1138
    -6.36345      -5.2549
    -6.28325      -3.5709
    -6.20315      -2.6203
    -6.12295      -2.3055
    -6.04285      -2.3354
    -5.96265      -2.5065
    -5.88245       -2.679
    -5.80235       -2.761
    -5.72215      -2.7641
    -5.64205      -2.7697
    -5.56185      -2.8332
    -5.48165      -2.9679
    -5.40155      -3.1727
    -5.32135      -3.3957
    -5.24125      -3.5304
    -5.16105      -3.5234
    -5.08085      -3.4636
    -5.00075      -3.4967
    -4.92055      -3.6605
    -4.84045      -3.8531
    -4.76025      -3.9539
    -4.68005      -3.9402
    -4.59995      -3.8613
    -4.51975      -3.7787
    -4.43965      -3.7412
    -4.35945      -3.8135
    -4.27925        -4.03
    -4.19915      -4.3249
    -4.11895      -4.5625
    -4.03885        -4.64
    -3.95865      -4.5874
    -3.87845      -4.5211
    -3.79835       -4.539
    -3.71815      -4.6447
    -3.63805      -4.7773
    -3.55785      -4.8729
    -3.47765      -4.8922
    -3.39755      -4.8146
    -3.31735      -4.6549
    -3.23725      -4.4679
    -3.15705      -4.3115
    -3.07685      -4.1863
    -2.99675      -4.0433
    -2.91655      -3.8752
    -2.83645      -3.7397
    -2.75625      -3.6654
    -2.67605      -3.6001
    -2.59595      -3.4866
    -2.51575      -3.3332
    -2.43565      -3.1885
    -2.35545      -3.0973
    -2.27525      -3.1051
    -2.19515      -3.2237
    -2.11495      -3.3863
    -2.03475      -3.4784
    -1.95465      -3.4269
    -1.87445      -3.2388
    -1.79435      -2.9697
    -1.71415      -2.6771
    -1.63395      -2.4234
    -1.55385      -2.2795
    -1.47365      -2.2689
    -1.39355      -2.3259
    -1.31335      -2.3347
    -1.23315      -2.2367
    -1.15305      -2.0842
    -1.07285      -1.9765
   -0.992746      -1.9403
   -0.912546      -1.8834
   -0.832346      -1.7031
   -0.752246      -1.4377
   -0.672046      -1.2593
   -0.591946      -1.2724
   -0.511746      -1.3618
   -0.431546      -1.3076
   -0.351446      -1.0325
   -0.271246      -0.6956
   -0.191146      -0.5403
   -0.110946      -0.7214
  -0.0307457      -1.2295
   0.0493543      -1.9157
    0.129554       -2.557
    0.209654      -2.9972
    0.289854      -3.2401
    0.370054      -3.4215
    0.450154      -3.7119
    0.530354      -4.3223
    0.610454      -5.5355
    0.690654      -7.5239
    0.770854     -10.1135
    0.850954     -12.8679
    0.931154     -15.4292
     1.01125     -17.6553
     1.09145      -19.509
     1.17165     -21.0318
     1.25175     -22.3381
     1.33195     -23.3976
     1.41205     -23.9101
     1.49225     -23.6243
     1.57245     -22.6923
     1.65255     -21.5076
     1.73275     -20.3261
     1.81285     -19.2815
     1.89305     -18.6037
     1.97325      -18.532
     2.05335     -19.0414
     2.13355     -19.7898
     2.21365     -20.3547
     2.29385     -20.5107
     2.37405     -20.2392
     2.45415     -19.5398
     2.53435     -18.5149
     2.61445     -17.7131
     2.69465     -18.0194
     2.77485     -19.7994
     2.85495     -22.1978
     2.93515     -23.7132
     3.01535     -23.5786
     3.09545     -22.3359
     3.17565     -20.9162
     3.25575     -19.4358
     3.33595     -17.3242
     3.41615     -14.4846
     3.49625     -11.7485
     3.57645      -10.011
     3.65655      -9.3612
     3.73675      -9.1864
     3.81695      -8.7745
     3.89705      -7.7653
     3.97725      -6.2549
     4.05735      -4.5649
     4.13755      -2.9748
     4.21775      -1.6935
     4.29785      -0.8498
     4.37805      -0.4231
     4.45815      -0.2678
     4.53835      -0.2378
     4.61855      -0.2421
     4.69865      -0.2398
     4.77885      -0.2162
     4.85895      -0.1796
     4.93915      -0.1438
     5.01935      -0.1226
     5.09945      -0.1135
     5.17965      -0.1075
     5.25975      -0.0997
     5.33995      -0.0943
     5.42015      -0.0973
     5.50025      -0.1089
     5.58045       -0.126
     5.66055      -0.1408
     5.74075      -0.1477
     5.82095       -0.144
     5.90105      -0.1389
     5.98125       -0.146
     6.06135      -0.1725
     6.14155      -0.2138
     6.22175      -0.2521
     6.30185      -0.2718
     6.38205      -0.2797
     6.46215      -0.2971
     6.54235      -0.3401
     6.62255      -0.3943
     6.70265      -0.4289
     6.78285      -0.4339
     6.86295       -0.422
     6.94315      -0.4065
     7.02335       -0.384
     7.10345      -0.3558
     7.18365      -0.3232
     7.26375      -0.2874
     7.34395        -0.25
     7.42415      -0.2133
     7.50425      -0.1801
     7.58445      -0.1492
     7.66455      -0.1235
     7.74475      -0.1015
     7.82495      -0.0861
     7.90505      -0.0748
     7.98525        -0.06
     8.06545        -0.04
     8.14555        -0.02
     8.22575      -0.0066
     8.30585      -0.0014
     8.38605      -0.0001
     8.46625           -0
     8.54635           -0
     8.62655           -0
     8.70665           -0
     8.78685           -0
     8.86705           -0
     8.94715           -0
     9.02735           -0
     9.10745           -0
     9.18765           -0
     9.26785           -0
     9.34795           -0
     9.42815           -0
     9.50825           -0
     9.58845           -0
     9.66865           -0
     9.74875           -0
     9.82895           -0
     9.90905           -0
     9.98925           -0
     10.0695           -0
     10.1496           -0
     10.2298           -0
     10.3099           -0
     10.3901           -0
     10.4703           -0
     10.5504           -0
     10.6306           -0
     10.7107           -0
     10.7909           -0
     10.8711           -0
     10.9512           -0
     11.0314           -0
     11.1115           -0
     11.1917           -0
     11.2719           -0
      11.352           -0
     11.4322           -0
     11.5123           -0
     11.5925           -0
     11.6727           -0
     11.7528           -0
      11.833           -0
     11.9131           -0
     11.9933           -0
     12.0735           -0
     12.1536           -0
     12.2338           -0
     12.3139           -0
     12.3941           -0
     12.4743           -0
     12.5544           -0
     12.6346           -0
     12.7147           -0
     12.7949           -0
     12.8751           -0
     12.9552           -0
     13.0354           -0
     13.1156           -0
     13.1957           -0
     13.2759           -0
      13.356           -0
     13.4362           -0
     13.5164           -0
     13.5965           -0
     13.6767           -0
     13.7568           -0
      13.837           -0
     13.9172           -0
     13.9973           -0
     14.0775           -0
     14.1576           -0
     14.2378           -0
      14.318           -0
     14.3981           -0
     14.4783           -0
     14.5584           -0
     14.6386           -0
     14.7188           -0
     14.7989           -0
     14.8791           -0
     14.9592           -0
     15.0394           -0
     15.1196           -0
     15.1997           -0
     15.2799           -0
       15.36           -0
     15.4402           -0

    -24.5598       0.0023
    -24.4796            0
    -24.3995            0
    -24.3193            0
    -24.2392            0
     -24.159            0
    -24.0788            0
    -23.9987            0
    -23.9185            0
    -23.8384            0
    -23.7582            0
     -23.678            0
    -23.5979            0
    -23.5177            0
    -23.4376            0
    -23.3574            0
    -23.2772            0
    -23.1971            0
    -23.1169            0
    -23.0368            0
    -22.9566            0
    -22.8764            0
    -22.7963            0
    -22.7161            0
     -22.636            0
    -22.5558            0
    -22.4756            0
    -22.3955            0
    -22.3153            0
    -22.2352            0
     -22.155            0
    -22.0748            0
    -21.9947            0
    -21.9145            0
    -21.8343            0
    -21.7542            0
     -21.674            0
    -21.5939            0
    -21.5137            0
    -21.4335            0
    -21.3534            0
    -21.2732            0
    -21.1931            0
    -21.1129            0
    -21.0327       0.0001
    -20.9526       0.0004
    -20.8724       0.0013
    -20.7923       0.0024
    -20.7121       0.0034
    -20.6319       0.0044
    -20.5518        0.005
    -20.4716       0.0048
    -20.3915       0.0044
    -20.3113       0.0041
    -20.2311       0.0052
     -20.151        0.006
    -20.0708       0.0071
    -19.9907       0.0088
    -19.9105       0.0099
    -19.8303       0.0111
    -19.7502       0.0112
      -19.67       0.0114
    -19.5899       0.0109
    -19.5097       0.0116
    -19.4295       0.0127
    -19.3494       0.0147
    -19.2692       0.0157
    -19.1891       0.0156
    -19.1089       0.0147
    -19.0287       0.0135
    -18.9486       0.0139
    -18.8684       0.0147
    -18.7883       0.0154
    -18.7081       0.0164
    -18.6279       0.0193
    -18.5478       0.0219
    -18.4676        0.025
    -18.3875       0.0285
    -18.3073       0.0307
    -18.2271       0.0309
     -18.147       0.0295
    -18.0668       0.0266
    -17.9867       0.0258
    -17.9065       0.0257
    -17.8263       0.0247
    -17.7462       0.0225
     -17.666       0.0213
    -17.5859       0.0215
    -17.5057       0.0236
    -17.4255       0.0259
    -17.3454       0.0252
    -17.2652       0.0252
    -17.1851       0.0268
    -17.1049       0.0301
    -17.0247       0.0297
    -16.9446        0.025
    -16.8644       0.0183
    -16.7842       0.0138
    -16.7041       0.0101
    -16.6239       0.0073
    -16.5438       0.0049
    -16.4636       0.0025
    -16.3834       0.0008
    -16.3033       0.0001
    -16.2231            0
     -16.143            0
    -16.0628            0
    -15.9826            0
    -15.9025            0
    -15.8223            0
    -15.7422            0
     -15.662        0.001
    -15.5818       0.0028
    -15.5017       0.0064
    -15.4215       0.0115
    -15.3414       0.0147
    -15.2612       0.0141
     -15.181       0.0104
    -15.1009       0.0057
    -15.0207       0.0024
    -14.9406       0.0006
    -14.8604            0
    -14.7802            0
    -14.7001            0
    -14.6199            0
    -14.5398            0
    -14.4596            0
    -14.3794            0
    -14.2993            0
    -14.2191            0
     -14.139            0
    -14.0588            0
    -13.9786            0
    -13.8985            0
    -13.8183            0
    -13.7382            0
     -13.658            0
    -13.5778            0
    -13.4977            0
    -13.4175            0
    -13.3374            0
    -13.2572            0
     -13.177            0
    -13.0969            0
    -13.0167            0
    -12.9366            0
    -12.8564            0
    -12.7762            0
    -12.6961            0
    -12.6159            0
    -12.5358            0
    -12.4556            0
    -12.3754            0
    -12.2953            0
    -12.2151            0
     -12.135            0
    -12.0548            0
    -11.9746            0
    -11.8945            0
    -11.8143            0
    -11.7341            0
     -11.654            0
    -11.5738            0
    -11.4937            0
    -11.4135            0
    -11.3333            0
    -11.2532            0
     -11.173            0
    -11.0929            0
    -11.0127            0
    -10.9325            0
    -10.8524            0
    -10.7722       0.0014
    -10.6921       0.0066
    -10.6119       0.0204
    -10.5317       0.0526
    -10.4516       0.1081
    -10.3714       0.1894
    -10.2913       0.3015
    -10.2111       0.4604
    -10.1309       0.6805
    -10.0508       0.9526
    -9.97065       1.2226
    -9.89055       1.4308
    -9.81035       1.5657
    -9.73015         1.67
    -9.65005       1.7793
    -9.56985       1.8873
    -9.48975       1.9718
    -9.40955       2.0321
    -9.32935         2.09
    -9.24925       2.1505
    -9.16905       2.1957
    -9.08895       2.2089
    -9.00875       2.2081
    -8.92855       2.2205
    -8.84845       2.2473
    -8.76825       2.2719
    -8.68815       2.3014
    -8.60795       2.3729
    -8.52775       2.5018
    -8.44765        2.643
    -8.36745       2.7208
    -8.28735       2.6917
    -8.20715       2.5844
    -8.12695       2.4828
    -8.04685       2.4629
    -7.96665          2.5
    -7.88655       2.4849
    -7.80635       2.3665
    -7.72615       2.2342
    -7.64605        2.206
    -7.56585       2.2856
    -7.48575       2.3918
    -7.40555       2.4722
    -7.32535       2.5387
    -7.24525       2.6215
    -7.16505       2.7015
    -7.08495       2.7243
    -7.00475       2.6937
    -6.92455       2.7113
    -6.84445       2.8919
    -6.76425       3.2638
    -6.68405        3.732
    -6.60395       4.1139
    -6.52375       4.2332
    -6.44365       4.0597
    -6.36345       3.7517
    -6.28325       3.5322
    -6.20315       3.5488
    -6.12295       3.8186
    -6.04285       4.2466
    -5.96265       4.6703
    -5.88245       4.9345
    -5.80235       4.9735
    -5.72215       4.8767
    -5.64205       4.8882
    -5.56185       5.2475
    -5.48165       6.0099
    -5.40155       7.0073
    -5.32135       7.9476
    -5.24125       8.5312
    -5.16105       8.6011
    -5.08085       8.2751
    -5.00075       7.9014
    -4.92055       7.8105
    -4.84045       8.1031
    -4.76025       8.6265
    -4.68005       9.1347
    -4.59995       9.5311
    -4.51975       9.9495
    -4.43965       10.524
    -4.35945      11.1257
    -4.27925      11.4663
    -4.19915       11.418
    -4.11895      11.1489
    -4.03885      10.8951
    -3.95865       10.725
    -3.87845      10.6606
    -3.79835       10.829
    -3.71815      11.2931
    -3.63805      11.8576
    -3.55785      12.2386
    -3.47765      12.3643
    -3.39755      12.4068
    -3.31735      12.5093
    -3.23725      12.6341
    -3.15705      12.6879
    -3.07685      12.6325
    -2.99675      12.4828
    -2.91655      12.2932
    -2.83645      12.1337
    -2.75625      12.0115
    -2.67605      11.8856
    -2.59595      11.8207
    -2.51575       12.025
    -2.43565      12.6097
    -2.35545      13.3754
    -2.27525      13.9505
    -2.19515      14.1027
    -2.11495      13.8423
    -2.03475      13.3202
    -1.95465      12.6894
    -1.87445      11.9891
    -1.79435       11.186
    -1.71415      10.3748
    -1.63395       9.7732
    -1.55385       9.4074
    -1.47365       9.0567
    -1.39355       8.6199
    -1.31335       8.3068
    -1.23315       8.3235
    -1.15305       8.5856
    -1.07285       8.8847
   -0.992746       9.1755
   -0.912546       9.4511
   -0.832346       9.4793
   -0.752246       8.9458
   -0.672046       7.8943
   -0.591946       6.8219
   -0.511746       6.1996
   -0.431546       6.0107
   -0.351446       5.8455
   -0.271246       5.3443
   -0.191146        4.488
   -0.110946       3.4891
  -0.0307457        2.534
   0.0493543       1.7225
    0.129554       1.1477
    0.209654       0.8974
    0.289854       0.9598
    0.370054       1.2125
    0.450154       1.5067
    0.530354       1.7456
    0.610454        1.919
    0.690654       2.0576
    0.770854       2.1235
    0.850954       2.0158
    0.931154       1.6814
     1.01125       1.2051
     1.09145       0.7343
     1.17165       0.3782
     1.25175       0.1742
     1.33195       0.1096
     1.41205       0.1531
     1.49225       0.2782
     1.57245       0.4509
     1.65255       0.6242
     1.73275       0.7508
     1.81285       0.8101
     1.89305       0.8368
     1.97325       0.8968
     2.05335       1.0364
     2.13355        1.246
     2.21365       1.4866
     2.29385       1.7254
     2.37405       1.9205
     2.45415       1.9995
     2.53435       1.9179
     2.61445       1.7346
     2.69465       1.5689
     2.77485       1.4752
     2.85495       1.4063
     2.93515        1.278
     3.01535       1.0919
     3.09545       0.9263
     3.17565       0.8427
     3.25575       0.8239
     3.33595       0.8198
     3.41615       0.8193
     3.49625       0.8505
     3.57645       0.9297
     3.65655       1.0196
     3.73675       1.0591
     3.81695        1.024
     3.89705       0.9563
     3.97725       0.9287
     4.05735       0.9599
     4.13755       0.9872
     4.21775       0.9414
     4.29785       0.8272
     4.37805       0.7129
     4.45815       0.6632
     4.53835       0.6903
     4.61855        0.762
     4.69865       0.8229
     4.77885       0.8213
     4.85895       0.7228
     4.93915       0.5543
     5.01935       0.3938
     5.09945       0.3179
     5.17965       0.3412
     5.25975        0.412
     5.33995       0.4616
     5.42015       0.4562
     5.50025       0.4114
     5.58045       0.3697
     5.66055       0.3751
     5.74075       0.4361
     5.82095       0.5269
     5.90105       0.6033
     5.98125        0.633
     6.06135       0.6127
     6.14155       0.5497
     6.22175       0.4856
     6.30185       0.4786
     6.38205       0.5458
     6.46215       0.6382
     6.54235       0.7095
     6.62255       0.7706
     6.70265        0.854
     6.78285       0.9485
     6.86295       1.0113
     6.94315       1.0142
     7.02335       0.9669
     7.10345       0.8898
     7.18365       0.8037
     7.26375       0.7238
     7.34395       0.6641
     7.42415       0.6318
     7.50425       0.6149
     7.58445       0.5926
     7.66455       0.5441
     7.74475       0.4594
     7.82495       0.3468
     7.90505       0.2272
     7.98525       0.1237
     8.06545       0.0544
     8.14555       0.0195
     8.22575       0.0034
     8.30585       0.0002
     8.38605            0
     8.46625            0
     8.54635            0
     8.62655            0
     8.70665            0
     8.78685            0
     8.86705            0
     8.94715            0
     9.02735            0
     9.10745            0
     9.18765            0
     9.26785            0
     9.34795            0
     9.42815            0
     9.50825            0
     9.58845            0
     9.66865            0
     9.74875            0
     9.82895            0
     9.90905            0
     9.98925            0
     10.0695            0
     10.1496            0
     10.2298            0
     10.3099            0
     10.3901            0
     10.4703            0
     10.5504            0
     10.6306            0
     10.7107            0
     10.7909            0
     10.8711            0
     10.9512            0
     11.0314            0
     11.1115            0
     11.1917            0
     11.2719            0
      11.352            0
     11.4322            0
     11.5123            0
     11.5925            0
     11.6727            0
     11.7528            0
      11.833            0
     11.9131            0
     11.9933            0
     12.0735            0
     12.1536            0
     12.2338            0
     12.3139            0
     12.3941            0
     12.4743            0
     12.5544            0
     12.6346            0
     12.7147            0
     12.7949            0
     12.8751            0
     12.9552            0
     13.0354            0
     13.1156            0
     13.1957            0
     13.2759            0
      13.356            0
     13.4362            0
     13.5164            0
     13.5965            0
     13.6767            0
     13.7568            0
      13.837            0
     13.9172            0
     13.9973            0
     14.0775            0
     14.1576            0
     14.2378            0
      14.318            0
     14.3981            0
     14.4783            0
     14.5584            0
     14.6386            0
     14.7188            0
     14.7989            0
     14.8791            0
     14.9592            0
     15.0394            0
     15.1196            0
     15.1997            0
     15.2799            0
       15.36            0
     15.4402            0

    -24.5598      -0.0028
    -24.4796           -0
    -24.3995           -0
    -24.3193           -0
    -24.2392           -0
     -24.159           -0
    -24.0788           -0
    -23.9987           -0
    -23.9185           -0
    -23.8384           -0
    -23.7582           -0
     -23.678           -0
    -23.5979           -0
    -23.5177           -0
    -23.4376           -0
    -23.3574           -0
    -23.2772           -0
    -23.1971           -0
    -23.1169           -0
    -23.0368           -0
    -22.9566           -0
    -22.8764           -0
    -22.7963           -0
    -22.7161           -0
     -22.636           -0
    -22.5558           -0
    -22.4756           -0
    -22.3955           -0
    -22.3153           -0
    -22.2352           -0
     -22.155           -0
    -22.0748           -0
    -21.9947           -0
    -21.9145           -0
    -21.8343           -0
    -21.7542           -0
     -21.674           -0
    -21.5939           -0
    -21.5137           -0
    -21.4335           -0
    -21.3534           -0
    -21.2732           -0
    -21.1931           -0
    -21.1129           -0
    -21.0327           -0
    -20.9526           -0
    -20.8724           -0
    -20.7923      -0.0001
    -20.7121      -0.0005
    -20.6319       -0.002
    -20.5518      -0.0024
    -20.4716       -0.003
    -20.3915      -0.0032
    -20.3113      -0.0029
    -20.2311      -0.0029
     -20.151      -0.0036
    -20.0708       -0.004
    -19.9907      -0.0048
    -19.9105      -0.0051
    -19.8303      -0.0058
    -19.7502      -0.0065
      -19.67      -0.0072
    -19.5899       -0.009
    -19.5097      -0.0087
    -19.4295      -0.0074
    -19.3494      -0.0062
    -19.2692      -0.0058
    -19.1891      -0.0059
    -19.1089      -0.0052
    -19.0287       -0.006
    -18.9486      -0.0059
    -18.8684      -0.0062
    -18.7883      -0.0075
    -18.7081      -0.0096
    -18.6279      -0.0129
    -18.5478      -0.0163
    -18.4676       -0.021
    -18.3875      -0.0227
    -18.3073      -0.0227
    -18.2271        -0.02
     -18.147      -0.0169
    -18.0668      -0.0173
    -17.9867      -0.0193
    -17.9065      -0.0208
    -17.8263       -0.021
    -17.7462      -0.0193
     -17.666      -0.0155
    -17.5859       -0.013
    -17.5057      -0.0134
    -17.4255      -0.0166
    -17.3454      -0.0214
    -17.2652       -0.026
    -17.1851      -0.0265
    -17.1049      -0.0246
    -17.0247      -0.0246
    -16.9446      -0.0275
    -16.8644      -0.0316
    -16.7842       -0.032
    -16.7041      -0.0293
    -16.6239      -0.0226
    -16.5438      -0.0155
    -16.4636      -0.0085
    -16.3834      -0.0031
    -16.3033      -0.0009
    -16.2231      -0.0002
     -16.143           -0
    -16.0628           -0
    -15.9826           -0
    -15.9025           -0
    -15.8223           -0
    -15.7422           -0
     -15.662      -0.0004
    -15.5818       -0.002
    -15.5017      -0.0048
    -15.4215      -0.0094
    -15.3414      -0.0126
    -15.2612      -0.0133
     -15.181      -0.0106
    -15.1009      -0.0062
    -15.0207      -0.0024
    -14.9406      -0.0007
    -14.8604           -0
    -14.7802           -0
    -14.7001           -0
    -14.6199           -0
    -14.5398           -0
    -14.4596           -0
    -14.3794           -0
    -14.2993           -0
    -14.2191           -0
     -14.139           -0
    -14.0588           -0
    -13.9786           -0
    -13.8985           -0
    -13.8183           -0
    -13.7382           -0
     -13.658           -0
    -13.5778           -0
    -13.4977           -0
    -13.4175           -0
    -13.3374           -0
    -13.2572           -0
     -13.177           -0
    -13.0969           -0
    -13.0167           -0
    -12.9366           -0
    -12.8564           -0
    -12.7762           -0
    -12.6961           -0
    -12.6159           -0
    -12.5358           -0
    -12.4556           -0
    -12.3754           -0
    -12.2953           -0
    -12.2151           -0
     -12.135           -0
    -12.0548           -0
    -11.9746           -0
    -11.8945           -0
    -11.8143           -0
    -11.7341           -0
     -11.654           -0
    -11.5738           -0
    -11.4937           -0
    -11.4135           -0
    -11.3333           -0
    -11.2532           -0
     -11.173           -0
    -11.0929           -0
    -11.0127           -0
    -10.9325           -0
    -10.8524           -0
    -10.7722           -0
    -10.6921           -0
    -10.6119           -0
    -10.5317           -0
    -10.4516           -0
    -10.3714      -0.0007
    -10.2913      -0.0056
    -10.2111      -0.0239
    -10.1309      -0.0798
    -10.0508      -0.2046
    -9.97065      -0.4172
    -9.89055      -0.7058
    -9.81035      -1.0296
    -9.73015      -1.3202
    -9.65005       -1.496
    -9.56985      -1.5171
    -9.48975       -1.432
    -9.40955      -1.3333
    -9.32935      -1.2775
    -9.24925      -1.2849
    -9.16905      -1.3714
    -9.08895      -1.5046
    -9.00875      -1.5622
    -8.92855      -1.4488
    -8.84845      -1.2268
    -8.76825      -1.0258
    -8.68815      -0.8914
    -8.60795      -0.8071
    -8.52775      -0.7758
    -8.44765      -0.8043
    -8.36745      -0.8725
    -8.28735      -0.9757
    -8.20715      -1.1672
    -8.12695      -1.4912
    -8.04685      -1.8785
    -7.96665      -2.1816
    -7.88655      -2.3087
    -7.80635      -2.2816
    -7.72615      -2.1952
    -7.64605      -2.1711
    -7.56585      -2.2728
    -7.48575      -2.4515
    -7.40555      -2.6242
    -7.32535      -2.8003
    -7.24525      -3.0348
    -7.16505      -3.2762
    -7.08495      -3.3279
    -7.00475      -3.0532
    -6.92455      -2.5937
    -6.84445      -2.2879
    -6.76425      -2.3587
    -6.68405      -2.7448
    -6.60395      -3.1948
    -6.52375      -3.4539
    -6.44365      -3.4481
    -6.36345      -3.3524
    -6.28325      -3.4288
    -6.20315      -3.7847
    -6.12295      -4.3272
    -6.04285      -4.9452
    -5.96265      -5.5913
    -5.88245      -6.1801
    -5.80235      -6.5996
    -5.72215      -6.8635
    -5.64205       -7.088
    -5.56185       -7.364
    -5.48165      -7.7492
    -5.40155      -8.2706
    -5.32135       -8.814
    -5.24125      -9.1414
    -5.16105       -9.182
    -5.08085      -9.1949
    -5.00075      -9.5054
    -4.92055     -10.1234
    -4.84045     -10.7103
    -4.76025     -10.9443
    -4.68005     -10.8115
    -4.59995     -10.5194
    -4.51975     -10.2531
    -4.43965     -10.1427
    -4.35945     -10.3465
    -4.27925     -10.9614
    -4.19915     -11.8305
    -4.11895     -12.5952
    -4.03885     -13.0167
    -3.95865     -13.1589
    -3.87845     -13.2456
    -3.79835     -13.4093
    -3.71815     -13.6416
    -3.63805     -13.8804
    -3.55785     -14.0636
    -3.47765     -14.1438
    -3.39755     -14.0928
    -3.31735     -13.9346
    -3.23725     -13.7563
    -3.15705     -13.6406
    -3.07685     -13.5451
    -2.99675     -13.3574
    -2.91655     -13.0809
    -2.83645     -12.8562
    -2.75625     -12.7124
    -2.67605     -12.4867
    -2.59595     -12.0352
    -2.51575     -11.4392
    -2.43565     -10.9259
    -2.35545     -10.7167
    -2.27525     -10.9511
    -2.19515     -11.5808
    -2.11495      -12.262
    -2.03475     -12.5125
    -1.95465     -12.0979
    -1.87445     -11.1739
    -1.79435     -10.0639
    -1.71415      -8.9907
    -1.63395      -8.0735
    -1.55385      -7.4833
    -1.47365      -7.3858
    -1.39355      -7.6852
    -1.31335      -7.9877
    -1.23315      -7.9329
    -1.15305      -7.5049
    -1.07285      -6.9549
   -0.992746      -6.4545
   -0.912546      -5.9205
   -0.832346      -5.1734
   -0.752246      -4.2666
   -0.672046      -3.5361
   -0.591946      -3.2177
   -0.511746      -3.1174
   -0.431546      -2.8058
   -0.351446      -2.1098
   -0.271246      -1.2623
   -0.191146      -0.5957
   -0.110946      -0.2416
  -0.0307457      -0.1266
   0.0493543      -0.1292
    0.129554      -0.1683
    0.209654      -0.2101
    0.289854      -0.2461
    0.370054      -0.2771
    0.450154      -0.3097
    0.530354       -0.355
    0.610454      -0.4308
    0.690654        -0.55
    0.770854      -0.7033
    0.850954      -0.8722
    0.931154      -1.0506
     1.01125       -1.253
     1.09145      -1.4844
     1.17165      -1.7373
     1.25175      -2.0008
     1.33195      -2.2699
     1.41205      -2.5444
     1.49225      -2.8116
     1.57245      -3.0396
     1.65255      -3.1776
     1.73275      -3.2024
     1.81285      -3.1603
     1.89305      -3.1472
     1.97325      -3.2195
     2.05335      -3.3444
     2.13355      -3.4134
     2.21365      -3.3294
     2.29385      -3.0824
     2.37405      -2.7563
     2.45415      -2.4435
     2.53435      -2.2028
     2.61445      -2.1008
     2.69465      -2.2239
     2.77485      -2.5931
     2.85495      -3.0706
     2.93515      -3.4302
     3.01535       -3.544
     3.09545      -3.4738
     3.17565      -3.3544
     3.25575      -3.2063
     3.33595      -2.9578
     3.41615      -2.6223
     3.49625      -2.3483
     3.57645      -2.2683
     3.65655      -2.3649
     3.73675      -2.5073
     3.81695      -2.5424
     3.89705      -2.3764
     3.97725      -2.0226
     4.05735      -1.5803
     4.13755      -1.1623
     4.21775      -0.8536
     4.29785      -0.6824
     4.37805      -0.6201
     4.45815      -0.6175
     4.53835      -0.6487
     4.61855      -0.7021
     4.69865      -0.7538
     4.77885       -0.772
     4.85895      -0.7422
     4.93915      -0.6809
     5.01935      -0.6195
     5.09945      -0.5679
     5.17965      -0.5063
     5.25975      -0.4315
     5.33995      -0.3745
     5.42015      -0.3637
     5.50025      -0.4001
     5.58045      -0.4601
     5.66055      -0.5133
     5.74075      -0.5334
     5.82095       -0.515
     5.90105       -0.485
     5.98125      -0.4843
     6.06135      -0.5426
     6.14155      -0.6486
     6.22175      -0.7418
     6.30185      -0.7636
     6.38205      -0.7221
     6.46215      -0.6999
     6.54235      -0.7639
     6.62255      -0.8831
     6.70265      -0.9644
     6.78285      -0.9689
     6.86295      -0.9331
     6.94315      -0.9043
     7.02335       -0.896
     7.10345      -0.8998
     7.18365      -0.8938
     7.26375      -0.8553
     7.34395      -0.7861
     7.42415      -0.7047
     7.50425       -0.623
     7.58445      -0.5376
     7.66455      -0.4513
     7.74475      -0.3746
     7.82495      -0.3169
     7.90505      -0.2708
     7.98525      -0.2142
     8.06545      -0.1416
     8.14555      -0.0727
     8.22575      -0.0287
     8.30585      -0.0078
     8.38605      -0.0002
     8.46625           -0
     8.54635           -0
     8.62655           -0
     8.70665           -0
     8.78685           -0
     8.86705           -0
     8.94715           -0
     9.02735           -0
     9.10745           -0
     9.18765           -0
     9.26785           -0
     9.34795           -0
     9.42815           -0
     9.50825           -0
     9.58845           -0
     9.66865           -0
     9.74875           -0
     9.82895           -0
     9.90905           -0
     9.98925           -0
     10.0695           -0
     10.1496           -0
     10.2298           -0
     10.3099           -0
     10.3901           -0
     10.4703           -0
     10.5504           -0
     10.6306           -0
     10.7107           -0
     10.7909           -0
     10.8711           -0
     10.9512           -0
     11.0314           -0
     11.1115           -0
     11.1917           -0
     11.2719           -0
      11.352           -0
     11.4322           -0
     11.5123           -0
     11.5925           -0
     11.6727           -0
     11.7528           -0
      11.833           -0
     11.9131           -0
     11.9933           -0
     12.0735           -0
     12.1536           -0
     12.2338           -0
     12.3139           -0
     12.3941           -0
     12.4743           -0
     12.5544           -0
     12.6346           -0
     12.7147           -0
     12.7949           -0
     12.8751           -0
     12.9552           -0
     13.0354           -0
     13.1156           -0
     13.1957           -0
     13.2759           -0
      13.356           -0
     13.4362           -0
     13.5164           -0
     13.5965           -0
     13.6767           -0
     13.7568           -0
      13.837           -0
     13.9172           -0
     13.9973           -0
     14.0775           -0
     14.1576           -0
     14.2378           -0
      14.318           -0
     14.3981           -0
     14.4783           -0
     14.5584           -0
     14.6386           -0
     14.7188           -0
     14.7989           -0
     14.8791           -0
     14.9592           -0
     15.0394           -0
     15.1196           -0
     15.1997           -0
     15.2799           -0
       15.36           -0
     15.4402           -0



