-24.5598 12.475 -24.5598 -12.475 -24.5598 0.0 -24.5598 -0.0 -24.5598 0.00115 -24.5598 -0.0014 
-24.4796 0.0 -24.4796 -0.0 -24.4796 0.0 -24.4796 -0.0 -24.4796 0.0 -24.4796 -0.0 
-24.3995 0.0 -24.3995 -0.0 -24.3995 0.0 -24.3995 -0.0 -24.3995 0.0 -24.3995 -0.0 
-24.3193 0.0 -24.3193 -0.0 -24.3193 0.0 -24.3193 -0.0 -24.3193 0.0 -24.3193 -0.0 
-24.2392 0.0 -24.2392 -0.0 -24.2392 0.0 -24.2392 -0.0 -24.2392 0.0 -24.2392 -0.0 
-24.159 0.0 -24.159 -0.0 -24.159 0.0 -24.159 -0.0 -24.159 0.0 -24.159 -0.0 
-24.0788 0.0 -24.0788 -0.0 -24.0788 0.0 -24.0788 -0.0 -24.0788 0.0 -24.0788 -0.0 
-23.9987 0.0 -23.9987 -0.0 -23.9987 0.0 -23.9987 -0.0 -23.9987 0.0 -23.9987 -0.0 
-23.9185 0.0 -23.9185 -0.0 -23.9185 0.0 -23.9185 -0.0 -23.9185 0.0 -23.9185 -0.0 
-23.8384 0.0 -23.8384 -0.0 -23.8384 0.0 -23.8384 -0.0 -23.8384 0.0 -23.8384 -0.0 
-23.7582 0.0 -23.7582 -0.0 -23.7582 0.0 -23.7582 -0.0 -23.7582 0.0 -23.7582 -0.0 
-23.678 0.0 -23.678 -0.0 -23.678 0.0 -23.678 -0.0 -23.678 0.0 -23.678 -0.0 
-23.5979 0.0 -23.5979 -0.0 -23.5979 0.0 -23.5979 -0.0 -23.5979 0.0 -23.5979 -0.0 
-23.5177 0.0 -23.5177 -0.0 -23.5177 0.0 -23.5177 -0.0 -23.5177 0.0 -23.5177 -0.0 
-23.4376 0.0 -23.4376 -0.0 -23.4376 0.0 -23.4376 -0.0 -23.4376 0.0 -23.4376 -0.0 
-23.3574 0.0 -23.3574 -0.0 -23.3574 0.0 -23.3574 -0.0 -23.3574 0.0 -23.3574 -0.0 
-23.2772 0.0 -23.2772 -0.0 -23.2772 0.0 -23.2772 -0.0 -23.2772 0.0 -23.2772 -0.0 
-23.1971 0.0 -23.1971 -0.0 -23.1971 0.0 -23.1971 -0.0 -23.1971 0.0 -23.1971 -0.0 
-23.1169 0.0 -23.1169 -0.0 -23.1169 0.0 -23.1169 -0.0 -23.1169 0.0 -23.1169 -0.0 
-23.0368 0.0 -23.0368 -0.0 -23.0368 0.0 -23.0368 -0.0 -23.0368 0.0 -23.0368 -0.0 
-22.9566 0.0 -22.9566 -0.0 -22.9566 0.0 -22.9566 -0.0 -22.9566 0.0 -22.9566 -0.0 
-22.8764 0.0 -22.8764 -0.0 -22.8764 0.0 -22.8764 -0.0 -22.8764 0.0 -22.8764 -0.0 
-22.7963 0.0 -22.7963 -0.0 -22.7963 0.0 -22.7963 -0.0 -22.7963 0.0 -22.7963 -0.0 
-22.7161 0.0 -22.7161 -0.0 -22.7161 0.0 -22.7161 -0.0 -22.7161 0.0 -22.7161 -0.0 
-22.636 0.0 -22.636 -0.0 -22.636 0.0 -22.636 -0.0 -22.636 0.0 -22.636 -0.0 
-22.5558 0.0 -22.5558 -0.0 -22.5558 0.0 -22.5558 -0.0 -22.5558 0.0 -22.5558 -0.0 
-22.4756 0.0 -22.4756 -0.0 -22.4756 0.0 -22.4756 -0.0 -22.4756 0.0 -22.4756 -0.0 
-22.3955 0.0 -22.3955 -0.0 -22.3955 0.0 -22.3955 -0.0 -22.3955 0.0 -22.3955 -0.0 
-22.3153 0.0 -22.3153 -0.0 -22.3153 0.0 -22.3153 -0.0 -22.3153 0.0 -22.3153 -0.0 
-22.2352 0.0 -22.2352 -0.0 -22.2352 0.0 -22.2352 -0.0 -22.2352 0.0 -22.2352 -0.0 
-22.155 0.0 -22.155 -0.0 -22.155 0.0 -22.155 -0.0 -22.155 0.0 -22.155 -0.0 
-22.0748 0.0 -22.0748 -0.0 -22.0748 0.0 -22.0748 -0.0 -22.0748 0.0 -22.0748 -0.0 
-21.9947 0.0 -21.9947 -0.0 -21.9947 0.0 -21.9947 -0.0 -21.9947 0.0 -21.9947 -0.0 
-21.9145 0.0 -21.9145 -0.0 -21.9145 0.0 -21.9145 -0.0 -21.9145 0.0 -21.9145 -0.0 
-21.8343 0.0 -21.8343 -0.0 -21.8343 0.0 -21.8343 -0.0 -21.8343 0.0 -21.8343 -0.0 
-21.7542 0.0 -21.7542 -0.0 -21.7542 0.0 -21.7542 -0.0 -21.7542 0.0 -21.7542 -0.0 
-21.674 0.0 -21.674 -0.0 -21.674 0.0 -21.674 -0.0 -21.674 0.0 -21.674 -0.0 
-21.5939 0.0 -21.5939 -0.0 -21.5939 0.0 -21.5939 -0.0 -21.5939 0.0 -21.5939 -0.0 
-21.5137 0.0 -21.5137 -0.0 -21.5137 0.0 -21.5137 -0.0 -21.5137 0.0 -21.5137 -0.0 
-21.4335 0.0 -21.4335 -0.0 -21.4335 0.0 -21.4335 -0.0 -21.4335 0.0 -21.4335 -0.0 
-21.3534 0.00015 -21.3534 -0.0 -21.3534 0.0 -21.3534 -0.0 -21.3534 0.0 -21.3534 -0.0 
-21.2732 0.00125 -21.2732 -0.0 -21.2732 0.0 -21.2732 -0.0 -21.2732 0.0 -21.2732 -0.0 
-21.1931 0.0068 -21.1931 -0.0001 -21.1931 0.0 -21.1931 -0.0 -21.1931 0.0 -21.1931 -0.0 
-21.1129 0.0278 -21.1129 -0.00085 -21.1129 0.0 -21.1129 -0.0 -21.1129 0.0 -21.1129 -0.0 
-21.0327 0.08705 -21.0327 -0.00485 -21.0327 5e-05 -21.0327 -0.0 -21.0327 5e-05 -21.0327 -0.0 
-20.9526 0.2116 -20.9526 -0.02145 -20.9526 0.0007 -20.9526 -5e-05 -20.9526 0.0002 -20.9526 -0.0 
-20.8724 0.40955 -20.8724 -0.07205 -20.8724 0.0018 -20.8724 -0.0003 -20.8724 0.00065 -20.8724 -0.0 
-20.7923 0.6513 -20.7923 -0.18715 -20.7923 0.00325 -20.7923 -0.001 -20.7923 0.0012 -20.7923 -5e-05 
-20.7121 0.87985 -20.7121 -0.38445 -20.7121 0.0059 -20.7121 -0.0025 -20.7121 0.0017 -20.7121 -0.00025 
-20.6319 1.03345 -20.6319 -0.6423 -20.6319 0.00855 -20.6319 -0.00535 -20.6319 0.0022 -20.6319 -0.001 
-20.5518 1.06925 -20.5518 -0.8985 -20.5518 0.0106 -20.5518 -0.0092 -20.5518 0.0025 -20.5518 -0.0012 
-20.4716 1.01625 -20.4716 -1.07625 -20.4716 0.01255 -20.4716 -0.01335 -20.4716 0.0024 -20.4716 -0.0015 
-20.3915 1.01535 -20.3915 -1.12825 -20.3915 0.01705 -20.3915 -0.01705 -20.3915 0.0022 -20.3915 -0.0016 
-20.3113 1.2341 -20.3113 -1.101 -20.3113 0.0278 -20.3113 -0.01975 -20.3113 0.00205 -20.3113 -0.00145 
-20.2311 1.71135 -20.2311 -1.1495 -20.2311 0.04745 -20.2311 -0.02485 -20.2311 0.0026 -20.2311 -0.00145 
-20.151 2.3659 -20.151 -1.4041 -20.151 0.0791 -20.151 -0.03475 -20.151 0.003 -20.151 -0.0018 
-20.0708 3.14935 -20.0708 -1.81605 -20.0708 0.12655 -20.0708 -0.04865 -20.0708 0.00355 -20.0708 -0.002 
-19.9907 4.0282 -19.9907 -2.23315 -19.9907 0.1856 -19.9907 -0.063 -19.9907 0.0044 -19.9907 -0.0024 
-19.9105 4.80535 -19.9105 -2.63125 -19.9105 0.23515 -19.9105 -0.0782 -19.9105 0.00495 -19.9105 -0.00255 
-19.8303 5.1884 -19.8303 -3.1769 -19.8303 0.2502 -19.8303 -0.09985 -19.8303 0.00555 -19.8303 -0.0029 
-19.7502 5.1078 -19.7502 -4.02885 -19.7502 0.22605 -19.7502 -0.13215 -19.7502 0.0056 -19.7502 -0.00325 
-19.67 4.81675 -19.67 -5.0458 -19.67 0.1889 -19.67 -0.16855 -19.67 0.0057 -19.67 -0.0036 
-19.5899 4.66535 -19.5899 -5.7329 -19.5899 0.16935 -19.5899 -0.19045 -19.5899 0.00545 -19.5899 -0.0045 
-19.5097 4.86495 -19.5097 -5.6639 -19.5097 0.18345 -19.5097 -0.1837 -19.5097 0.0058 -19.5097 -0.00435 
-19.4295 5.36465 -19.4295 -4.96165 -19.4295 0.2229 -19.4295 -0.1557 -19.4295 0.00635 -19.4295 -0.0037 
-19.3494 5.82575 -19.3494 -4.2028 -19.3494 0.26055 -19.3494 -0.132 -19.3494 0.00735 -19.3494 -0.0031 
-19.2692 5.8257 -19.2692 -3.88135 -19.2692 0.2662 -19.2692 -0.1313 -19.2692 0.00785 -19.2692 -0.0029 
-19.1891 5.23305 -19.1891 -4.01535 -19.1891 0.2319 -19.1891 -0.1487 -19.1891 0.0078 -19.1891 -0.00295 
-19.1089 4.3658 -19.1089 -4.1988 -19.1089 0.17695 -19.1089 -0.16095 -19.1089 0.00735 -19.1089 -0.0026 
-19.0287 3.7088 -19.0287 -4.0414 -19.0287 0.1305 -19.0287 -0.15015 -19.0287 0.00675 -19.0287 -0.003 
-18.9486 3.46875 -18.9486 -3.56355 -18.9486 0.1067 -18.9486 -0.1204 -18.9486 0.00695 -18.9486 -0.00295 
-18.8684 3.49655 -18.8684 -3.13825 -18.8684 0.09935 -18.8684 -0.09295 -18.8684 0.00735 -18.8684 -0.0031 
-18.7883 3.64865 -18.7883 -3.13345 -18.7883 0.1009 -18.7883 -0.08705 -18.7883 0.0077 -18.7883 -0.00375 
-18.7081 4.00825 -18.7081 -3.6418 -18.7081 0.11555 -18.7081 -0.1077 -18.7081 0.0082 -18.7081 -0.0048 
-18.6279 4.6676 -18.6279 -4.4702 -18.6279 0.14705 -18.6279 -0.14545 -18.6279 0.00965 -18.6279 -0.00645 
-18.5478 5.5122 -18.5478 -5.34675 -18.5478 0.1927 -18.5478 -0.18595 -18.5478 0.01095 -18.5478 -0.00815 
-18.4676 6.35055 -18.4676 -6.0723 -18.4676 0.2441 -18.4676 -0.2152 -18.4676 0.0125 -18.4676 -0.0105 
-18.3875 7.07915 -18.3875 -6.45405 -18.3875 0.2932 -18.3875 -0.2243 -18.3875 0.01425 -18.3875 -0.01135 
-18.3073 7.5815 -18.3073 -6.35475 -18.3073 0.33125 -18.3073 -0.21415 -18.3073 0.01535 -18.3073 -0.01135 
-18.2271 7.68885 -18.2271 -5.96505 -18.2271 0.3494 -18.2271 -0.19975 -18.2271 0.01545 -18.2271 -0.01 
-18.147 7.45995 -18.147 -5.7739 -18.147 0.3504 -18.147 -0.19925 -18.147 0.01475 -18.147 -0.00845 
-18.0668 7.31015 -18.0668 -6.1039 -18.0668 0.35555 -18.0668 -0.21895 -18.0668 0.0133 -18.0668 -0.00865 
-17.9867 7.5974 -17.9867 -6.7812 -17.9867 0.38045 -17.9867 -0.24805 -17.9867 0.0129 -17.9867 -0.00965 
-17.9065 8.16865 -17.9065 -7.30035 -17.9065 0.41275 -17.9065 -0.2663 -17.9065 0.01285 -17.9065 -0.0104 
-17.8263 8.52725 -17.8263 -7.2576 -17.8263 0.4235 -17.8263 -0.25815 -17.8263 0.01235 -17.8263 -0.0105 
-17.7462 8.38905 -17.7462 -6.63265 -17.7462 0.39875 -17.7462 -0.22745 -17.7462 0.01125 -17.7462 -0.00965 
-17.666 7.8883 -17.666 -5.7907 -17.666 0.35095 -17.666 -0.18925 -17.666 0.01065 -17.666 -0.00775 
-17.5859 7.28525 -17.5859 -5.29475 -17.5859 0.2985 -17.5859 -0.1656 -17.5859 0.01075 -17.5859 -0.0065 
-17.5057 6.67245 -17.5057 -5.5645 -17.5057 0.24855 -17.5057 -0.1665 -17.5057 0.0118 -17.5057 -0.0067 
-17.4255 6.0099 -17.4255 -6.565 -17.4255 0.2014 -17.4255 -0.1855 -17.4255 0.01295 -17.4255 -0.0083 
-17.3454 5.3611 -17.3454 -7.76945 -17.3454 0.1618 -17.3454 -0.20535 -17.3454 0.0126 -17.3454 -0.0107 
-17.2652 4.99735 -17.2652 -8.44445 -17.2652 0.14185 -17.2652 -0.21085 -17.2652 0.0126 -17.2652 -0.013 
-17.1851 5.1292 -17.1851 -8.156 -17.1851 0.1492 -17.1851 -0.1957 -17.1851 0.0134 -17.1851 -0.01325 
-17.1049 5.52875 -17.1049 -7.1654 -17.1049 0.17405 -17.1049 -0.16985 -17.1049 0.01505 -17.1049 -0.0123 
-17.0247 5.6369 -17.0247 -6.27105 -17.0247 0.1958 -17.0247 -0.1532 -17.0247 0.01485 -17.0247 -0.0123 
-16.9446 5.15395 -16.9446 -6.116 -16.9446 0.19935 -16.9446 -0.16455 -16.9446 0.0125 -16.9446 -0.01375 
-16.8644 4.34565 -16.8644 -6.6408 -16.8644 0.18925 -16.8644 -0.20445 -16.8644 0.00915 -16.8644 -0.0158 
-16.7842 3.63745 -16.7842 -7.239 -16.7842 0.1763 -16.7842 -0.2556 -16.7842 0.0069 -16.7842 -0.016 
-16.7041 3.08445 -16.7041 -7.27175 -16.7041 0.1609 -16.7041 -0.28685 -16.7041 0.00505 -16.7041 -0.01465 
-16.6239 2.44105 -16.6239 -6.38785 -16.6239 0.13205 -16.6239 -0.27265 -16.6239 0.00365 -16.6239 -0.0113 
-16.5438 1.62455 -16.5438 -4.69765 -16.5438 0.0896 -16.5438 -0.21 -16.5438 0.00245 -16.5438 -0.00775 
-16.4636 0.85035 -16.4636 -2.78135 -16.4636 0.04685 -16.4636 -0.12725 -16.4636 0.00125 -16.4636 -0.00425 
-16.3834 0.33845 -16.3834 -1.28625 -16.3834 0.0188 -16.3834 -0.05925 -16.3834 0.0004 -16.3834 -0.00155 
-16.3033 0.10075 -16.3033 -0.455 -16.3033 0.0055 -16.3033 -0.02075 -16.3033 5e-05 -16.3033 -0.00045 
-16.2231 0.0222 -16.2231 -0.12145 -16.2231 0.0011 -16.2231 -0.00545 -16.2231 0.0 -16.2231 -0.0001 
-16.143 0.0036 -16.143 -0.02425 -16.143 0.0001 -16.143 -0.00105 -16.143 0.0 -16.143 -0.0 
-16.0628 0.00045 -16.0628 -0.0036 -16.0628 0.0 -16.0628 -0.0 -16.0628 0.0 -16.0628 -0.0 
-15.9826 0.0002 -15.9826 -0.0005 -15.9826 0.0 -15.9826 -0.0 -15.9826 0.0 -15.9826 -0.0 
-15.9025 0.00145 -15.9025 -0.001 -15.9025 0.0 -15.9025 -0.0 -15.9025 0.0 -15.9025 -0.0 
-15.8223 0.01025 -15.8223 -0.00725 -15.8223 0.0 -15.8223 -0.0 -15.8223 0.0 -15.8223 -0.0 
-15.7422 0.0553 -15.7422 -0.04085 -15.7422 0.0001 -15.7422 -0.0 -15.7422 0.0 -15.7422 -0.0 
-15.662 0.2252 -15.662 -0.1745 -15.662 0.0006 -15.662 -0.00035 -15.662 0.0005 -15.662 -0.0002 
-15.5818 0.69345 -15.5818 -0.56555 -15.5818 0.00275 -15.5818 -0.0017 -15.5818 0.0014 -15.5818 -0.001 
-15.5017 1.61615 -15.5017 -1.39215 -15.5017 0.00655 -15.5017 -0.00405 -15.5017 0.0032 -15.5017 -0.0024 
-15.4215 2.85155 -15.4215 -2.6007 -15.4215 0.01195 -15.4215 -0.00845 -15.4215 0.00575 -15.4215 -0.0047 
-15.3414 3.8067 -15.3414 -3.6794 -15.3414 0.01565 -15.3414 -0.01195 -15.3414 0.00735 -15.3414 -0.0063 
-15.2612 3.83965 -15.2612 -3.93165 -15.2612 0.01555 -15.2612 -0.0129 -15.2612 0.00705 -15.2612 -0.00665 
-15.181 2.92115 -15.181 -3.16345 -15.181 0.01165 -15.181 -0.01045 -15.181 0.0052 -15.181 -0.0053 
-15.1009 1.67275 -15.1009 -1.91085 -15.1009 0.00645 -15.1009 -0.0063 -15.1009 0.00285 -15.1009 -0.0031 
-15.0207 0.71945 -15.0207 -0.8641 -15.0207 0.00275 -15.0207 -0.00275 -15.0207 0.0012 -15.0207 -0.0012 
-14.9406 0.2319 -14.9406 -0.2918 -14.9406 0.0005 -14.9406 -0.0006 -14.9406 0.0003 -14.9406 -0.00035 
-14.8604 0.0559 -14.8604 -0.0734 -14.8604 0.0001 -14.8604 -5e-05 -14.8604 0.0 -14.8604 -0.0 
-14.7802 0.01005 -14.7802 -0.01375 -14.7802 0.0 -14.7802 -0.0 -14.7802 0.0 -14.7802 -0.0 
-14.7001 0.00135 -14.7001 -0.0019 -14.7001 0.0 -14.7001 -0.0 -14.7001 0.0 -14.7001 -0.0 
-14.6199 0.00015 -14.6199 -0.0002 -14.6199 0.0 -14.6199 -0.0 -14.6199 0.0 -14.6199 -0.0 
-14.5398 0.0 -14.5398 -0.0 -14.5398 0.0 -14.5398 -0.0 -14.5398 0.0 -14.5398 -0.0 
-14.4596 0.0 -14.4596 -0.0 -14.4596 0.0 -14.4596 -0.0 -14.4596 0.0 -14.4596 -0.0 
-14.3794 0.0 -14.3794 -0.0 -14.3794 0.0 -14.3794 -0.0 -14.3794 0.0 -14.3794 -0.0 
-14.2993 0.0 -14.2993 -0.0 -14.2993 0.0 -14.2993 -0.0 -14.2993 0.0 -14.2993 -0.0 
-14.2191 0.0 -14.2191 -0.0 -14.2191 0.0 -14.2191 -0.0 -14.2191 0.0 -14.2191 -0.0 
-14.139 0.0 -14.139 -0.0 -14.139 0.0 -14.139 -0.0 -14.139 0.0 -14.139 -0.0 
-14.0588 0.0 -14.0588 -0.0 -14.0588 0.0 -14.0588 -0.0 -14.0588 0.0 -14.0588 -0.0 
-13.9786 0.0 -13.9786 -0.0 -13.9786 0.0 -13.9786 -0.0 -13.9786 0.0 -13.9786 -0.0 
-13.8985 0.0 -13.8985 -0.0 -13.8985 0.0 -13.8985 -0.0 -13.8985 0.0 -13.8985 -0.0 
-13.8183 0.0 -13.8183 -0.0 -13.8183 0.0 -13.8183 -0.0 -13.8183 0.0 -13.8183 -0.0 
-13.7382 0.0 -13.7382 -0.0 -13.7382 0.0 -13.7382 -0.0 -13.7382 0.0 -13.7382 -0.0 
-13.658 0.0 -13.658 -0.0 -13.658 0.0 -13.658 -0.0 -13.658 0.0 -13.658 -0.0 
-13.5778 0.0 -13.5778 -0.0 -13.5778 0.0 -13.5778 -0.0 -13.5778 0.0 -13.5778 -0.0 
-13.4977 0.0 -13.4977 -0.0 -13.4977 0.0 -13.4977 -0.0 -13.4977 0.0 -13.4977 -0.0 
-13.4175 0.0 -13.4175 -0.0 -13.4175 0.0 -13.4175 -0.0 -13.4175 0.0 -13.4175 -0.0 
-13.3374 0.0 -13.3374 -0.0 -13.3374 0.0 -13.3374 -0.0 -13.3374 0.0 -13.3374 -0.0 
-13.2572 0.0 -13.2572 -0.0 -13.2572 0.0 -13.2572 -0.0 -13.2572 0.0 -13.2572 -0.0 
-13.177 0.0 -13.177 -0.0 -13.177 0.0 -13.177 -0.0 -13.177 0.0 -13.177 -0.0 
-13.0969 0.0 -13.0969 -0.0 -13.0969 0.0 -13.0969 -0.0 -13.0969 0.0 -13.0969 -0.0 
-13.0167 0.0 -13.0167 -0.0 -13.0167 0.0 -13.0167 -0.0 -13.0167 0.0 -13.0167 -0.0 
-12.9366 0.0 -12.9366 -0.0 -12.9366 0.0 -12.9366 -0.0 -12.9366 0.0 -12.9366 -0.0 
-12.8564 0.0 -12.8564 -0.0 -12.8564 0.0 -12.8564 -0.0 -12.8564 0.0 -12.8564 -0.0 
-12.7762 0.0 -12.7762 -0.0 -12.7762 0.0 -12.7762 -0.0 -12.7762 0.0 -12.7762 -0.0 
-12.6961 0.0 -12.6961 -0.0 -12.6961 0.0 -12.6961 -0.0 -12.6961 0.0 -12.6961 -0.0 
-12.6159 0.0 -12.6159 -0.0 -12.6159 0.0 -12.6159 -0.0 -12.6159 0.0 -12.6159 -0.0 
-12.5358 0.0 -12.5358 -0.0 -12.5358 0.0 -12.5358 -0.0 -12.5358 0.0 -12.5358 -0.0 
-12.4556 0.0 -12.4556 -0.0 -12.4556 0.0 -12.4556 -0.0 -12.4556 0.0 -12.4556 -0.0 
-12.3754 0.0 -12.3754 -0.0 -12.3754 0.0 -12.3754 -0.0 -12.3754 0.0 -12.3754 -0.0 
-12.2953 0.0 -12.2953 -0.0 -12.2953 0.0 -12.2953 -0.0 -12.2953 0.0 -12.2953 -0.0 
-12.2151 0.0 -12.2151 -0.0 -12.2151 0.0 -12.2151 -0.0 -12.2151 0.0 -12.2151 -0.0 
-12.135 0.0 -12.135 -0.0 -12.135 0.0 -12.135 -0.0 -12.135 0.0 -12.135 -0.0 
-12.0548 0.0 -12.0548 -0.0 -12.0548 0.0 -12.0548 -0.0 -12.0548 0.0 -12.0548 -0.0 
-11.9746 0.0 -11.9746 -0.0 -11.9746 0.0 -11.9746 -0.0 -11.9746 0.0 -11.9746 -0.0 
-11.8945 0.0 -11.8945 -0.0 -11.8945 0.0 -11.8945 -0.0 -11.8945 0.0 -11.8945 -0.0 
-11.8143 0.0 -11.8143 -0.0 -11.8143 0.0 -11.8143 -0.0 -11.8143 0.0 -11.8143 -0.0 
-11.7341 0.0 -11.7341 -0.0 -11.7341 0.0 -11.7341 -0.0 -11.7341 0.0 -11.7341 -0.0 
-11.654 0.0 -11.654 -0.0 -11.654 0.0 -11.654 -0.0 -11.654 0.0 -11.654 -0.0 
-11.5738 0.0 -11.5738 -0.0 -11.5738 0.0 -11.5738 -0.0 -11.5738 0.0 -11.5738 -0.0 
-11.4937 0.0 -11.4937 -0.0 -11.4937 0.0 -11.4937 -0.0 -11.4937 0.0 -11.4937 -0.0 
-11.4135 0.0 -11.4135 -0.0 -11.4135 0.0 -11.4135 -0.0 -11.4135 0.0 -11.4135 -0.0 
-11.3333 0.0 -11.3333 -0.0 -11.3333 0.0 -11.3333 -0.0 -11.3333 0.0 -11.3333 -0.0 
-11.2532 0.0 -11.2532 -0.0 -11.2532 0.0 -11.2532 -0.0 -11.2532 0.0 -11.2532 -0.0 
-11.173 0.0 -11.173 -0.0 -11.173 0.0 -11.173 -0.0 -11.173 0.0 -11.173 -0.0 
-11.0929 0.0 -11.0929 -0.0 -11.0929 0.0 -11.0929 -0.0 -11.0929 0.0 -11.0929 -0.0 
-11.0127 0.0 -11.0127 -0.0 -11.0127 0.0 -11.0127 -0.0 -11.0127 0.0 -11.0127 -0.0 
-10.9325 0.00015 -10.9325 -0.0 -10.9325 0.0 -10.9325 -0.0 -10.9325 0.0 -10.9325 -0.0 
-10.8524 0.0009 -10.8524 -0.0 -10.8524 0.0005 -10.8524 -0.0 -10.8524 0.0 -10.8524 -0.0 
-10.7722 0.0051 -10.7722 -0.0 -10.7722 0.003 -10.7722 -0.0 -10.7722 0.0007 -10.7722 -0.0 
-10.6921 0.02115 -10.6921 -0.0 -10.6921 0.0129 -10.6921 -0.0 -10.6921 0.0033 -10.6921 -0.0 
-10.6119 0.06775 -10.6119 -0.0 -10.6119 0.0418 -10.6119 -0.0 -10.6119 0.0102 -10.6119 -0.0 
-10.5317 0.17065 -10.5317 -5e-05 -10.5317 0.10645 -10.5317 -0.0 -10.5317 0.0263 -10.5317 -0.0 
-10.4516 0.3507 -10.4516 -0.00035 -10.4516 0.22135 -10.4516 -0.00025 -10.4516 0.05405 -10.4516 -0.0 
-10.3714 0.6186 -10.3714 -0.00285 -10.3714 0.398 -10.3714 -0.00205 -10.3714 0.0947 -10.3714 -0.00035 
-10.2913 0.9959 -10.2913 -0.0165 -10.2913 0.65845 -10.2913 -0.0116 -10.2913 0.15075 -10.2913 -0.0028 
-10.2111 1.53855 -10.2111 -0.07225 -10.2111 1.0532 -10.2111 -0.0515 -10.2111 0.2302 -10.2111 -0.01195 
-10.1309 2.30815 -10.1309 -0.2398 -10.1309 1.6336 -10.1309 -0.17095 -10.1309 0.34025 -10.1309 -0.0399 
-10.0508 3.2755 -10.0508 -0.6166 -10.0508 2.3773 -10.0508 -0.44165 -10.0508 0.4763 -10.0508 -0.1023 
-9.97065 4.2623 -9.97065 -1.26995 -9.97065 3.13935 -9.97065 -0.9145 -9.97065 0.6113 -9.97065 -0.2086 
-9.89055 5.0627 -9.89055 -2.1858 -9.89055 3.75505 -9.89055 -1.5883 -9.89055 0.7154 -9.89055 -0.3529 
-9.81035 5.64805 -9.81035 -3.267 -9.81035 4.20285 -9.81035 -2.4009 -9.81035 0.78285 -9.81035 -0.5148 
-9.73015 6.16095 -9.73015 -4.32495 -9.73015 4.5992 -9.73015 -3.21805 -9.73015 0.835 -9.73015 -0.6601 
-9.65005 6.6999 -9.65005 -5.1072 -9.65005 5.0173 -9.65005 -3.8473 -9.65005 0.88965 -9.65005 -0.748 
-9.56985 7.2134 -9.56985 -5.49035 -9.56985 5.40815 -9.56985 -4.18935 -9.56985 0.94365 -9.56985 -0.75855 
-9.48975 7.6221 -9.48975 -5.63715 -9.48975 5.712 -9.48975 -4.3643 -9.48975 0.9859 -9.48975 -0.716 
-9.40955 7.9596 -9.40955 -5.80445 -9.40955 5.9666 -9.40955 -4.56525 -9.40955 1.01605 -9.40955 -0.66665 
-9.32935 8.33175 -9.32935 -6.05665 -9.32935 6.2635 -9.32935 -4.8302 -9.32935 1.045 -9.32935 -0.63875 
-9.24925 8.76355 -9.24925 -6.3775 -9.24925 6.6196 -9.24925 -5.13405 -9.24925 1.07525 -9.24925 -0.64245 
-9.16905 9.17755 -9.16905 -6.882 -9.16905 6.97265 -9.16905 -5.5646 -9.16905 1.09785 -9.16905 -0.6857 
-9.08895 9.54465 -9.08895 -7.49525 -9.08895 7.3055 -9.08895 -6.0644 -9.08895 1.10445 -9.08895 -0.7523 
-9.00875 9.958 -9.00875 -7.65205 -9.00875 7.69565 -9.00875 -6.17825 -9.00875 1.10405 -9.00875 -0.7811 
-8.92855 10.4953 -8.92855 -6.9152 -8.92855 8.1961 -8.92855 -5.55455 -8.92855 1.11025 -8.92855 -0.7244 
-8.84845 11.09785 -8.84845 -5.65485 -8.84845 8.75055 -8.84845 -4.4987 -8.84845 1.12365 -8.84845 -0.6134 
-8.76825 11.695 -8.76825 -4.56285 -8.76825 9.3085 -8.76825 -3.5825 -8.76825 1.13595 -8.76825 -0.5129 
-8.68815 12.38085 -8.68815 -3.84085 -8.68815 9.95835 -8.68815 -2.97885 -8.68815 1.1507 -8.68815 -0.4457 
-8.60795 13.2971 -8.60795 -3.32795 -8.60795 10.80695 -8.60795 -2.55305 -8.60795 1.18645 -8.60795 -0.40355 
-8.52775 14.32355 -8.52775 -3.0012 -8.52775 11.7226 -8.52775 -2.2782 -8.52775 1.2509 -8.52775 -0.3879 
-8.44765 15.0505 -8.44765 -2.92475 -8.44765 12.33735 -8.44765 -2.19835 -8.44765 1.3215 -8.44765 -0.40215 
-8.36745 15.1328 -8.36745 -3.01715 -8.36745 12.3641 -8.36745 -2.2407 -8.36745 1.3604 -8.36745 -0.43625 
-8.28735 14.59935 -8.28735 -3.19845 -8.28735 11.8582 -8.28735 -2.32525 -8.28735 1.34585 -8.28735 -0.48785 
-8.20715 13.83365 -8.20715 -3.63635 -8.20715 11.177 -8.20715 -2.57595 -8.20715 1.2922 -8.20715 -0.5836 
-8.12695 13.3271 -8.12695 -4.5951 -8.12695 10.74405 -8.12695 -3.22775 -8.12695 1.2414 -8.12695 -0.7456 
-8.04685 13.31915 -8.04685 -6.02885 -8.04685 10.74 -8.04685 -4.30005 -8.04685 1.23145 -8.04685 -0.93925 
-7.96665 13.50955 -7.96665 -7.4895 -7.96665 10.89105 -7.96665 -5.47695 -7.96665 1.25 -7.96665 -1.0908 
-7.88655 13.2852 -7.88655 -8.43645 -7.88655 10.6847 -7.88655 -6.29875 -7.88655 1.24245 -7.88655 -1.15435 
-7.80635 12.45165 -7.80635 -8.6003 -7.80635 9.971 -7.80635 -6.47435 -7.80635 1.18325 -7.80635 -1.1408 
-7.72615 11.5185 -7.72615 -8.2308 -7.72615 9.17095 -7.72615 -6.15175 -7.72615 1.1171 -7.72615 -1.0976 
-7.64605 11.03525 -7.64605 -7.973 -7.64605 8.72475 -7.64605 -5.85225 -7.64605 1.103 -7.64605 -1.08555 
-7.56585 10.98115 -7.56585 -8.2178 -7.56585 8.61215 -7.56585 -5.9214 -7.56585 1.1428 -7.56585 -1.1364 
-7.48575 11.0474 -7.48575 -8.6215 -7.48575 8.59695 -7.48575 -6.1021 -7.48575 1.1959 -7.48575 -1.22575 
-7.40555 11.1458 -7.40555 -8.55595 -7.40555 8.6304 -7.40555 -5.87495 -7.40555 1.2361 -7.40555 -1.3121 
-7.32535 11.40135 -7.32535 -7.94555 -7.32535 8.81665 -7.32535 -5.15675 -7.32535 1.26935 -7.32535 -1.40015 
-7.24525 11.8482 -7.24525 -7.28225 -7.24525 9.1714 -7.24525 -4.3512 -7.24525 1.31075 -7.24525 -1.5174 
-7.16505 12.2714 -7.16505 -6.83985 -7.16505 9.5137 -7.16505 -3.74375 -7.16505 1.35075 -7.16505 -1.6381 
-7.08495 12.3644 -7.08495 -6.3106 -7.08495 9.58995 -7.08495 -3.1889 -7.08495 1.36215 -7.08495 -1.66395 
-7.00475 12.09785 -7.00475 -5.35835 -7.00475 9.35175 -7.00475 -2.48425 -7.00475 1.34685 -7.00475 -1.5266 
-6.92455 11.84555 -6.92455 -4.238 -6.92455 9.06325 -6.92455 -1.76835 -6.92455 1.35565 -6.92455 -1.29685 
-6.84445 11.9765 -6.84445 -3.6476 -6.84445 8.9933 -6.84445 -1.43255 -6.84445 1.44595 -6.84445 -1.14395 
-6.76425 12.41155 -6.76425 -4.0772 -6.76425 9.06385 -6.76425 -1.7588 -6.76425 1.6319 -6.76425 -1.17935 
-6.68405 12.71885 -6.68405 -5.37905 -6.68405 8.95075 -6.68405 -2.6584 -6.68405 1.866 -6.68405 -1.3724 
-6.60395 12.46105 -6.60395 -6.79635 -6.60395 8.38355 -6.60395 -3.6238 -6.60395 2.05695 -6.60395 -1.5974 
-6.52375 11.38895 -6.52375 -7.42795 -6.52375 7.2638 -6.52375 -4.0082 -6.52375 2.1166 -6.52375 -1.72695 
-6.44365 9.59975 -6.44365 -6.9558 -6.44365 5.7033 -6.44365 -3.5569 -6.44365 2.02985 -6.44365 -1.72405 
-6.36345 7.59925 -6.36345 -5.9331 -6.36345 4.0569 -6.36345 -2.62745 -6.36345 1.87585 -6.36345 -1.6762 
-6.28325 6.0171 -6.28325 -5.19915 -6.28325 2.73565 -6.28325 -1.78545 -6.28325 1.7661 -6.28325 -1.7144 
-6.20315 5.2022 -6.20315 -5.1227 -6.20315 1.94265 -6.20315 -1.31015 -6.20315 1.7744 -6.20315 -1.89235 
-6.12295 5.10625 -6.12295 -5.52175 -6.12295 1.6144 -6.12295 -1.15275 -6.12295 1.9093 -6.12295 -2.1636 
-6.04285 5.4379 -6.04285 -6.1092 -6.04285 1.5526 -6.04285 -1.1677 -6.04285 2.1233 -6.04285 -2.4726 
-5.96265 5.85935 -5.96265 -6.7639 -5.96265 1.57095 -5.96265 -1.25325 -5.96265 2.33515 -5.96265 -2.79565 
-5.88245 6.1274 -5.88245 -7.429 -5.88245 1.55605 -5.88245 -1.3395 -5.88245 2.46725 -5.88245 -3.09005 
-5.80235 6.1778 -5.80235 -8.0463 -5.80235 1.48115 -5.80235 -1.3805 -5.80235 2.48675 -5.80235 -3.2998 
-5.72215 6.16005 -5.72215 -8.6381 -5.72215 1.38365 -5.72215 -1.38205 -5.72215 2.43835 -5.72215 -3.43175 
-5.64205 6.3811 -5.64205 -9.2494 -5.64205 1.3358 -5.64205 -1.38485 -5.64205 2.4441 -5.64205 -3.544 
-5.56185 7.1161 -5.56185 -9.8683 -5.56185 1.3953 -5.56185 -1.4166 -5.56185 2.62375 -5.56185 -3.682 
-5.48165 8.3942 -5.48165 -10.5197 -5.48165 1.5593 -5.48165 -1.48395 -5.48165 3.00495 -5.48165 -3.8746 
-5.40155 9.92405 -5.40155 -11.2294 -5.40155 1.76455 -5.40155 -1.58635 -5.40155 3.50365 -5.40155 -4.1353 
-5.32135 11.21515 -5.32135 -11.78655 -5.32135 1.92805 -5.32135 -1.69785 -5.32135 3.9738 -5.32135 -4.407 
-5.24125 11.8296 -5.24125 -11.8251 -5.24125 1.9943 -5.24125 -1.7652 -5.24125 4.2656 -5.24125 -4.5707 
-5.16105 11.6228 -5.16105 -11.309 -5.16105 1.9585 -5.16105 -1.7617 -5.16105 4.30055 -5.16105 -4.591 
-5.08085 10.8316 -5.08085 -10.71215 -5.08085 1.86145 -5.08085 -1.7318 -5.08085 4.13755 -5.08085 -4.59745 
-5.00075 9.94075 -5.00075 -10.5617 -5.00075 1.76425 -5.00075 -1.74835 -5.00075 3.9507 -5.00075 -4.7527 
-4.92055 9.39245 -4.92055 -10.91845 -4.92055 1.7127 -4.92055 -1.83025 -4.92055 3.90525 -4.92055 -5.0617 
-4.84045 9.3416 -4.84045 -11.38285 -4.84045 1.71745 -4.84045 -1.92655 -4.84045 4.05155 -4.84045 -5.35515 
-4.76025 9.62625 -4.76025 -11.54395 -4.76025 1.7565 -4.76025 -1.97695 -4.76025 4.31325 -4.76025 -5.47215 
-4.68005 9.96455 -4.68005 -11.3316 -4.68005 1.79505 -4.68005 -1.9701 -4.68005 4.56735 -4.68005 -5.40575 
-4.59995 10.24165 -4.59995 -10.9446 -4.59995 1.81705 -4.59995 -1.93065 -4.59995 4.76555 -4.59995 -5.2597 
-4.51975 10.58615 -4.51975 -10.59655 -4.51975 1.84165 -4.51975 -1.88935 -4.51975 4.97475 -4.51975 -5.12655 
-4.43965 11.1036 -4.43965 -10.4428 -4.43965 1.88785 -4.43965 -1.8706 -4.43965 5.262 -4.43965 -5.07135 
-4.35945 11.6337 -4.35945 -10.63755 -4.35945 1.9397 -4.35945 -1.90675 -4.35945 5.56285 -4.35945 -5.17325 
-4.27925 11.8814 -4.27925 -11.24725 -4.27925 1.96515 -4.27925 -2.015 -4.27925 5.73315 -4.27925 -5.4807 
-4.19915 11.7462 -4.19915 -12.08595 -4.19915 1.95505 -4.19915 -2.16245 -4.19915 5.709 -4.19915 -5.91525 
-4.11895 11.4458 -4.11895 -12.79285 -4.11895 1.9319 -4.11895 -2.28125 -4.11895 5.57445 -4.11895 -6.2976 
-4.03885 11.2769 -4.03885 -13.1472 -4.03885 1.91735 -4.03885 -2.32 -4.03885 5.44755 -4.03885 -6.50835 
-3.95865 11.33475 -3.95865 -13.23125 -3.95865 1.90715 -3.95865 -2.2937 -3.95865 5.3625 -3.95865 -6.57945 
-3.87845 11.55715 -3.87845 -13.2546 -3.87845 1.8994 -3.87845 -2.26055 -3.87845 5.3303 -3.87845 -6.6228 
-3.79835 11.8911 -3.79835 -13.3186 -3.79835 1.9215 -3.79835 -2.2695 -3.79835 5.4145 -3.79835 -6.70465 
-3.71815 12.26225 -3.71815 -13.3997 -3.71815 1.9907 -3.71815 -2.32235 -3.71815 5.64655 -3.71815 -6.8208 
-3.63805 12.5088 -3.63805 -13.45355 -3.63805 2.07405 -3.63805 -2.38865 -3.63805 5.9288 -3.63805 -6.9402 
-3.55785 12.49745 -3.55785 -13.4539 -3.55785 2.11815 -3.55785 -2.43645 -3.55785 6.1193 -3.55785 -7.0318 
-3.47765 12.28905 -3.47765 -13.3779 -3.47765 2.1144 -3.47765 -2.4461 -3.47765 6.18215 -3.47765 -7.0719 
-3.39755 12.0969 -3.39755 -13.21 -3.39755 2.1009 -3.39755 -2.4073 -3.39755 6.2034 -3.39755 -7.0464 
-3.31735 12.04675 -3.31735 -12.9763 -3.31735 2.108 -3.31735 -2.32745 -3.31735 6.25465 -3.31735 -6.9673 
-3.23725 12.06805 -3.23725 -12.7572 -3.23725 2.12055 -3.23725 -2.23395 -3.23725 6.31705 -3.23725 -6.87815 
-3.15705 12.0385 -3.15705 -12.6141 -3.15705 2.111 -3.15705 -2.15575 -3.15705 6.34395 -3.15705 -6.8203 
-3.07685 11.908 -3.07685 -12.488 -3.07685 2.0745 -3.07685 -2.09315 -3.07685 6.31625 -3.07685 -6.77255 
-2.99675 11.68725 -2.99675 -12.25435 -2.99675 2.02495 -2.99675 -2.02165 -2.99675 6.2414 -2.99675 -6.6787 
-2.91655 11.42585 -2.91655 -11.9195 -2.91655 1.9768 -2.91655 -1.9376 -2.91655 6.1466 -2.91655 -6.54045 
-2.83645 11.18365 -2.83645 -11.63355 -2.83645 1.93615 -2.83645 -1.86985 -2.83645 6.06685 -2.83645 -6.4281 
-2.75625 10.9652 -2.75625 -11.4504 -2.75625 1.8957 -2.75625 -1.8327 -2.75625 6.00575 -2.75625 -6.3562 
-2.67605 10.737 -2.67605 -11.22945 -2.67605 1.8473 -2.67605 -1.80005 -2.67605 5.9428 -2.67605 -6.24335 
-2.59595 10.55825 -2.59595 -10.84155 -2.59595 1.79965 -2.59595 -1.7433 -2.59595 5.91035 -2.59595 -6.0176 
-2.51575 10.6148 -2.51575 -10.34515 -2.51575 1.78805 -2.51575 -1.6666 -2.51575 6.0125 -2.51575 -5.7196 
-2.43565 11.01625 -2.43565 -9.91445 -2.43565 1.8415 -2.43565 -1.59425 -2.43565 6.30485 -2.43565 -5.46295 
-2.35545 11.59915 -2.35545 -9.7128 -2.35545 1.9408 -2.35545 -1.54865 -2.35545 6.6877 -2.35545 -5.35835 
-2.27525 12.0397 -2.27525 -9.8573 -2.27525 2.02665 -2.27525 -1.55255 -2.27525 6.97525 -2.27525 -5.47555 
-2.19515 12.1251 -2.19515 -10.3289 -2.19515 2.04935 -2.19515 -1.61185 -2.19515 7.05135 -2.19515 -5.7904 
-2.11495 11.85165 -2.11495 -10.8541 -2.11495 1.9958 -2.11495 -1.69315 -2.11495 6.92115 -2.11495 -6.131 
-2.03475 11.34325 -2.03475 -11.03315 -2.03475 1.885 -2.03475 -1.7392 -2.03475 6.6601 -2.03475 -6.25625 
-1.95465 10.73565 -1.95465 -10.6607 -1.95465 1.75235 -1.95465 -1.71345 -1.95465 6.3447 -1.95465 -6.04895 
-1.87445 10.07955 -1.87445 -9.8581 -1.87445 1.62575 -1.87445 -1.6194 -1.87445 5.99455 -1.87445 -5.58695 
-1.79435 9.36825 -1.79435 -8.88935 -1.79435 1.5204 -1.79435 -1.48485 -1.79435 5.593 -1.79435 -5.03195 
-1.71415 8.69145 -1.71415 -7.93935 -1.71415 1.4494 -1.71415 -1.33855 -1.71415 5.1874 -1.71415 -4.49535 
-1.63395 8.2153 -1.63395 -7.11905 -1.63395 1.41995 -1.63395 -1.2117 -1.63395 4.8866 -1.63395 -4.03675 
-1.55385 7.93695 -1.55385 -6.58245 -1.55385 1.41085 -1.55385 -1.13975 -1.55385 4.7037 -1.55385 -3.74165 
-1.47365 7.65935 -1.47365 -6.46355 -1.47365 1.38295 -1.47365 -1.13445 -1.47365 4.52835 -1.47365 -3.6929 
-1.39355 7.30625 -1.39355 -6.66835 -1.39355 1.33595 -1.39355 -1.16295 -1.39355 4.30995 -1.39355 -3.8426 
-1.31335 7.06055 -1.31335 -6.86225 -1.31335 1.31195 -1.31335 -1.16735 -1.31335 4.1534 -1.31335 -3.99385 
-1.23315 7.08255 -1.23315 -6.754 -1.23315 1.3324 -1.23315 -1.11835 -1.23315 4.16175 -1.23315 -3.96645 
-1.15305 7.2754 -1.15305 -6.35065 -1.15305 1.3644 -1.15305 -1.0421 -1.15305 4.2928 -1.15305 -3.75245 
-1.07285 7.46275 -1.07285 -5.87465 -1.07285 1.37505 -1.07285 -0.98825 -1.07285 4.44235 -1.07285 -3.47745 
-0.992746 7.6309 -0.992746 -5.4658 -0.992746 1.3808 -0.992746 -0.97015 -0.992746 4.58775 -0.992746 -3.22725 
-0.912546 7.80705 -0.912546 -5.0307 -0.912546 1.40535 -0.912546 -0.9417 -0.912546 4.72555 -0.912546 -2.96025 
-0.832346 7.8122 -0.832346 -4.40485 -0.832346 1.41695 -0.832346 -0.85155 -0.832346 4.73965 -0.832346 -2.5867 
-0.752246 7.3765 -0.752246 -3.64265 -0.752246 1.35815 -0.752246 -0.71885 -0.752246 4.4729 -0.752246 -2.1333 
-0.672046 6.52545 -0.672046 -3.05 -0.672046 1.22905 -0.672046 -0.62965 -0.672046 3.94715 -0.672046 -1.76805 
-0.591946 5.664 -0.591946 -2.8335 -0.591946 1.11055 -0.591946 -0.6362 -0.591946 3.41095 -0.591946 -1.60885 
-0.511746 5.17645 -0.511746 -2.801 -0.511746 1.07775 -0.511746 -0.6809 -0.511746 3.0998 -0.511746 -1.5587 
-0.431546 5.04165 -0.431546 -2.553 -0.431546 1.11465 -0.431546 -0.6538 -0.431546 3.00535 -0.431546 -1.4029 
-0.351446 4.9076 -0.351446 -1.9387 -0.351446 1.13255 -0.351446 -0.51625 -0.351446 2.92275 -0.351446 -1.0549 
-0.271246 4.4736 -0.271246 -1.19905 -0.271246 1.0563 -0.271246 -0.3478 -0.271246 2.67215 -0.271246 -0.63115 
-0.191146 3.73685 -0.191146 -0.68405 -0.191146 0.89145 -0.191146 -0.27015 -0.191146 2.244 -0.191146 -0.29785 
-0.110946 2.90495 -0.110946 -0.5591 -0.110946 0.70675 -0.110946 -0.3607 -0.110946 1.74455 -0.110946 -0.1208 
-0.0307457 2.19245 -0.0307457 -0.77075 -0.0307457 0.5892 -0.0307457 -0.61475 -0.0307457 1.267 -0.0307457 -0.0633 
0.0493543 1.78375 0.0493543 -1.1548 0.0493543 0.64435 0.0493543 -0.95785 0.0493543 0.86125 0.0493543 -0.0646 
0.129554 1.87825 0.129554 -1.53595 0.129554 0.9971 0.129554 -1.2785 0.129554 0.57385 0.129554 -0.08415 
0.209654 2.5901 0.209654 -1.8046 0.209654 1.71365 0.209654 -1.4986 0.209654 0.4487 0.209654 -0.10505 
0.289854 3.79865 0.289854 -1.9589 0.289854 2.71685 0.289854 -1.62005 0.289854 0.4799 0.289854 -0.12305 
0.370054 5.1982 0.370054 -2.0759 0.370054 3.82495 0.370054 -1.71075 0.370054 0.60625 0.370054 -0.13855 
0.450154 6.48755 0.450154 -2.2539 0.450154 4.85675 0.450154 -1.85595 0.450154 0.75335 0.450154 -0.15485 
0.530354 7.49595 0.530354 -2.6165 0.530354 5.69665 0.530354 -2.16115 0.530354 0.8728 0.530354 -0.1775 
0.610454 8.21795 0.610454 -3.3283 0.610454 6.3115 0.610454 -2.76775 0.610454 0.9595 0.610454 -0.2154 
0.690654 8.705 0.690654 -4.49 0.690654 6.69045 0.690654 -3.76195 0.690654 1.0288 0.690654 -0.275 
0.770854 8.83565 0.770854 -5.99615 0.770854 6.6911 0.770854 -5.05675 0.770854 1.06175 0.770854 -0.35165 
0.850954 8.34125 0.850954 -7.5918 0.850954 6.08385 0.850954 -6.43395 0.850954 1.0079 0.850954 -0.4361 
0.931154 7.1516 0.931154 -9.0807 0.931154 4.85765 0.931154 -7.7146 0.931154 0.8407 0.931154 -0.5253 
1.01125 5.513 1.01125 -10.39775 1.01125 3.34905 1.01125 -8.82765 1.01125 0.60255 1.01125 -0.6265 
1.09145 3.7651 1.09145 -11.52865 1.09145 1.9829 1.09145 -9.7545 1.09145 0.36715 1.09145 -0.7422 
1.17165 2.22595 1.17165 -12.48935 1.17165 1.01415 1.17165 -10.5159 1.17165 0.1891 1.17165 -0.86865 
1.25175 1.2063 1.25175 -13.33435 1.25175 0.51015 1.25175 -11.16905 1.25175 0.0871 1.25175 -1.0004 
1.33195 0.94355 1.33195 -14.0518 1.33195 0.44235 1.33195 -11.6988 1.33195 0.0548 1.33195 -1.13495 
1.41205 1.5586 1.41205 -14.5008 1.41205 0.7631 1.41205 -11.95505 1.41205 0.07655 1.41205 -1.2722 
1.49225 3.0178 1.49225 -14.58285 1.49225 1.39675 1.49225 -11.81215 1.49225 0.1391 1.49225 -1.4058 
1.57245 4.94385 1.57245 -14.4392 1.57245 2.1807 1.57245 -11.34615 1.57245 0.22545 1.57245 -1.5198 
1.65255 6.5588 1.65255 -14.3645 1.65255 2.85755 1.65255 -10.7538 1.65255 0.3121 1.65255 -1.5888 
1.73275 7.1543 1.73275 -14.5428 1.73275 3.19255 1.73275 -10.16305 1.73275 0.3754 1.73275 -1.6012 
1.81285 6.6971 1.81285 -14.9539 1.81285 3.13975 1.81285 -9.64075 1.81285 0.40505 1.81285 -1.58015 
1.89305 5.80435 1.89305 -15.5261 1.89305 2.92375 1.89305 -9.30185 1.89305 0.4184 1.89305 -1.5736 
1.97325 5.20235 1.97325 -16.2739 1.97325 2.92925 1.97325 -9.266 1.97325 0.4484 1.97325 -1.60975 
2.05335 5.3279 2.05335 -17.15225 2.05335 3.4527 2.05335 -9.5207 2.05335 0.5182 2.05335 -1.6722 
2.13355 6.19635 2.13355 -17.79085 2.13355 4.4757 2.13355 -9.8949 2.13355 0.623 2.13355 -1.7067 
2.21365 7.44165 2.21365 -17.64845 2.21365 5.66985 2.21365 -10.17735 2.21365 0.7433 2.21365 -1.6647 
2.29385 8.553 2.29385 -16.5731 2.29385 6.6327 2.29385 -10.25535 2.29385 0.8627 2.29385 -1.5412 
2.37405 9.10995 2.37405 -14.96765 2.37405 7.0722 2.37405 -10.1196 2.37405 0.96025 2.37405 -1.37815 
2.45415 8.91655 2.45415 -13.33565 2.45415 6.88515 2.45415 -9.7699 2.45415 0.99975 2.45415 -1.22175 
2.53435 8.14515 2.53435 -11.9689 2.53435 6.2511 2.53435 -9.25745 2.53435 0.95895 2.53435 -1.1014 
2.61445 7.29415 2.61445 -11.1445 2.61445 5.58615 2.61445 -8.85655 2.61445 0.8673 2.61445 -1.0504 
2.69465 6.802 2.69465 -11.24875 2.69465 5.2204 2.69465 -9.0097 2.69465 0.78445 2.69465 -1.11195 
2.77485 6.68165 2.77485 -12.38095 2.77485 5.09445 2.77485 -9.8997 2.77485 0.7376 2.77485 -1.29655 
2.85495 6.60025 2.85495 -13.9477 2.85495 4.83205 2.85495 -11.0989 2.85495 0.70315 2.85495 -1.5353 
2.93515 6.33145 2.93515 -14.99155 2.93515 4.1528 2.93515 -11.8566 2.93515 0.639 2.93515 -1.7151 
3.01535 5.9865 3.01535 -15.04275 3.01535 3.18915 3.01535 -11.7893 3.01535 0.54595 3.01535 -1.772 
3.09545 5.68635 3.09545 -14.49455 3.09545 2.34395 3.09545 -11.16795 3.09545 0.46315 3.09545 -1.7369 
3.17565 5.30005 3.17565 -13.9923 3.17565 1.9152 3.17565 -10.4581 3.17565 0.42135 3.17565 -1.6772 
3.25575 4.7567 3.25575 -13.56135 3.25575 1.9401 3.25575 -9.7179 3.25575 0.41195 3.25575 -1.60315 
3.33595 4.32615 3.33595 -12.6297 3.33595 2.3037 3.33595 -8.6621 3.33595 0.4099 3.33595 -1.4789 
3.41615 4.3398 3.41615 -10.9526 3.41615 2.8507 3.41615 -7.2423 3.41615 0.40965 3.41615 -1.31115 
3.49625 4.77835 3.49625 -9.13585 3.49625 3.3728 3.49625 -5.87425 3.49625 0.42525 3.49625 -1.17415 
3.57645 5.2691 3.57645 -7.9988 3.57645 3.6153 3.57645 -5.0055 3.57645 0.46485 3.57645 -1.13415 
3.65655 5.4319 3.65655 -7.7178 3.65655 3.44315 3.65655 -4.6806 3.65655 0.5098 3.65655 -1.18245 
3.73675 5.1335 3.73675 -7.8006 3.73675 2.9459 3.73675 -4.5932 3.73675 0.52955 3.73675 -1.25365 
3.81695 4.4838 3.81695 -7.6173 3.81695 2.3479 3.81695 -4.38725 3.81695 0.512 3.81695 -1.2712 
3.89705 3.7579 3.89705 -6.8379 3.89705 1.86165 3.89705 -3.88265 3.89705 0.47815 3.89705 -1.1882 
3.97725 3.2621 3.97725 -5.57755 3.97725 1.58985 3.97725 -3.12745 3.97725 0.46435 3.97725 -1.0113 
4.05735 3.10115 4.05735 -4.2232 4.05735 1.4606 4.05735 -2.28245 4.05735 0.47995 4.05735 -0.79015 
4.13755 3.09625 4.13755 -3.12455 4.13755 1.2913 4.13755 -1.4874 4.13755 0.4936 4.13755 -0.58115 
4.21775 2.9979 4.21775 -2.4393 4.21775 0.98325 4.21775 -0.84675 4.21775 0.4707 4.21775 -0.4268 
4.29785 2.74925 4.29785 -2.14115 4.29785 0.6156 4.29785 -0.4249 4.29785 0.4136 4.29785 -0.3412 
4.37805 2.5202 4.37805 -2.09575 4.37805 0.3264 4.37805 -0.21155 4.37805 0.35645 4.37805 -0.31005 
4.45815 2.50425 4.45815 -2.18425 4.45815 0.16995 4.45815 -0.1339 4.45815 0.3316 4.45815 -0.30875 
4.53835 2.71455 4.53835 -2.3638 4.53835 0.11065 4.53835 -0.1189 4.53835 0.34515 4.53835 -0.32435 
4.61855 2.98935 4.61855 -2.59865 4.61855 0.09375 4.61855 -0.12105 4.61855 0.381 4.61855 -0.35105 
4.69865 3.1307 4.69865 -2.793 4.69865 0.08695 4.69865 -0.1199 4.69865 0.41145 4.69865 -0.3769 
4.77885 2.98945 4.77885 -2.8223 4.77885 0.07825 4.77885 -0.1081 4.77885 0.41065 4.77885 -0.386 
4.85895 2.51865 4.85895 -2.6299 4.85895 0.0644 4.85895 -0.0898 4.85895 0.3614 4.85895 -0.3711 
4.93915 1.84255 4.93915 -2.2892 4.93915 0.04785 4.93915 -0.0719 4.93915 0.27715 4.93915 -0.34045 
5.01935 1.2254 5.01935 -1.93405 5.01935 0.0337 5.01935 -0.0613 5.01935 0.1969 5.01935 -0.30975 
5.09945 0.89435 5.09945 -1.6229 5.09945 0.02635 5.09945 -0.05675 5.09945 0.15895 5.09945 -0.28395 
5.17965 0.8777 5.17965 -1.33125 5.17965 0.02775 5.17965 -0.05375 5.17965 0.1706 5.17965 -0.25315 
5.25975 1.01945 5.25975 -1.0632 5.25975 0.0325 5.25975 -0.04985 5.25975 0.206 5.25975 -0.21575 
5.33995 1.1291 5.33995 -0.8846 5.33995 0.0355 5.33995 -0.04715 5.33995 0.2308 5.33995 -0.18725 
5.42015 1.1136 5.42015 -0.84165 5.42015 0.0354 5.42015 -0.04865 5.42015 0.2281 5.42015 -0.18185 
5.50025 1.00665 5.50025 -0.9102 5.50025 0.03185 5.50025 -0.05445 5.50025 0.2057 5.50025 -0.20005 
5.58045 0.90895 5.58045 -1.02815 5.58045 0.029 5.58045 -0.063 5.58045 0.18485 5.58045 -0.23005 
5.66055 0.9056 5.66055 -1.1304 5.66055 0.0299 5.66055 -0.0704 5.66055 0.18755 5.66055 -0.25665 
5.74075 1.0198 5.74075 -1.1636 5.74075 0.035 5.74075 -0.07385 5.74075 0.21805 5.74075 -0.2667 
5.82095 1.20575 5.82095 -1.12215 5.82095 0.04315 5.82095 -0.072 5.82095 0.26345 5.82095 -0.2575 
5.90105 1.38435 5.90105 -1.0703 5.90105 0.0513 5.90105 -0.06945 5.90105 0.30165 5.90105 -0.2425 
5.98125 1.496 5.98125 -1.1057 5.98125 0.0557 5.98125 -0.073 5.98125 0.3165 5.98125 -0.24215 
6.06135 1.5052 6.06135 -1.2857 6.06135 0.05585 6.06135 -0.08625 6.06135 0.30635 6.06135 -0.2713 
6.14155 1.4078 6.14155 -1.56465 6.14155 0.05195 6.14155 -0.1069 6.14155 0.27485 6.14155 -0.3243 
6.22175 1.2933 6.22175 -1.80525 6.22175 0.04775 6.22175 -0.12605 6.22175 0.2428 6.22175 -0.3709 
6.30185 1.3237 6.30185 -1.89395 6.30185 0.0495 6.30185 -0.1359 6.30185 0.2393 6.30185 -0.3818 
6.38205 1.5708 6.38205 -1.8763 6.38205 0.0607 6.38205 -0.13985 6.38205 0.2729 6.38205 -0.36105 
6.46215 1.9367 6.46215 -1.9514 6.46215 0.0776 6.46215 -0.14855 6.46215 0.3191 6.46215 -0.34995 
6.54235 2.29355 6.54235 -2.263 6.54235 0.0955 6.54235 -0.17005 6.54235 0.35475 6.54235 -0.38195 
6.62255 2.63475 6.62255 -2.7051 6.62255 0.11185 6.62255 -0.19715 6.62255 0.3853 6.62255 -0.44155 
6.70265 3.015 6.70265 -3.03335 6.70265 0.1271 6.70265 -0.21445 6.70265 0.427 6.70265 -0.4822 
6.78285 3.39985 6.78285 -3.15385 6.78285 0.1404 6.78285 -0.21695 6.78285 0.47425 6.78285 -0.48445 
6.86295 3.6671 6.86295 -3.17105 6.86295 0.146 6.86295 -0.211 6.86295 0.50565 6.86295 -0.46655 
6.94315 3.7362 6.94315 -3.18225 6.94315 0.1435 6.94315 -0.20325 6.94315 0.5071 6.94315 -0.45215 
7.02335 3.62565 7.02335 -3.1941 7.02335 0.1345 7.02335 -0.192 7.02335 0.48345 7.02335 -0.448 
7.10345 3.39415 7.10345 -3.2055 7.10345 0.12195 7.10345 -0.1779 7.10345 0.4449 7.10345 -0.4499 
7.18365 3.0836 7.18365 -3.21295 7.18365 0.1084 7.18365 -0.1616 7.18365 0.40185 7.18365 -0.4469 
7.26375 2.7361 7.26375 -3.1637 7.26375 0.0952 7.26375 -0.1437 7.26375 0.3619 7.26375 -0.42765 
7.34395 2.4199 7.34395 -2.9984 7.34395 0.08535 7.34395 -0.125 7.34395 0.33205 7.34395 -0.39305 
7.42415 2.1872 7.42415 -2.7121 7.42415 0.0801 7.42415 -0.10665 7.42415 0.3159 7.42415 -0.35235 
7.50425 2.0223 7.50425 -2.34525 7.50425 0.07775 7.50425 -0.09005 7.50425 0.30745 7.50425 -0.3115 
7.58445 1.86055 7.58445 -1.94765 7.58445 0.0745 7.58445 -0.0746 7.58445 0.2963 7.58445 -0.2688 
7.66455 1.6428 7.66455 -1.56315 7.66455 0.06695 7.66455 -0.06175 7.66455 0.27205 7.66455 -0.22565 
7.74475 1.3481 7.74475 -1.234 7.74475 0.05485 7.74475 -0.05075 7.74475 0.2297 7.74475 -0.1873 
7.82495 0.9982 7.82495 -0.99175 7.82495 0.04005 7.82495 -0.04305 7.82495 0.1734 7.82495 -0.15845 
7.90505 0.6454 7.90505 -0.8136 7.90505 0.0255 7.90505 -0.0374 7.90505 0.1136 7.90505 -0.1354 
7.98525 0.35095 7.98525 -0.62925 7.98525 0.0136 7.98525 -0.03 7.98525 0.06185 7.98525 -0.1071 
8.06545 0.15455 8.06545 -0.41145 8.06545 0.00545 8.06545 -0.02 8.06545 0.0272 8.06545 -0.0708 
8.14555 0.05345 8.14555 -0.2111 8.14555 0.0012 8.14555 -0.01 8.14555 0.00975 8.14555 -0.03635 
8.22575 0.01415 8.22575 -0.0819 8.22575 0.00015 8.22575 -0.0033 8.22575 0.0017 8.22575 -0.01435 
8.30585 0.00285 8.30585 -0.02365 8.30585 0.0 8.30585 -0.0007 8.30585 0.0001 8.30585 -0.0039 
8.38605 0.0004 8.38605 -0.00505 8.38605 0.0 8.38605 -5e-05 8.38605 0.0 8.38605 -0.0001 
8.46625 5e-05 8.46625 -0.0008 8.46625 0.0 8.46625 -0.0 8.46625 0.0 8.46625 -0.0 
8.54635 0.0 8.54635 -0.0001 8.54635 0.0 8.54635 -0.0 8.54635 0.0 8.54635 -0.0 
8.62655 0.0 8.62655 -0.0 8.62655 0.0 8.62655 -0.0 8.62655 0.0 8.62655 -0.0 
8.70665 0.0 8.70665 -0.0 8.70665 0.0 8.70665 -0.0 8.70665 0.0 8.70665 -0.0 
8.78685 0.0 8.78685 -0.0 8.78685 0.0 8.78685 -0.0 8.78685 0.0 8.78685 -0.0 
8.86705 0.0 8.86705 -0.0 8.86705 0.0 8.86705 -0.0 8.86705 0.0 8.86705 -0.0 
8.94715 0.0 8.94715 -0.0 8.94715 0.0 8.94715 -0.0 8.94715 0.0 8.94715 -0.0 
9.02735 0.0 9.02735 -0.0 9.02735 0.0 9.02735 -0.0 9.02735 0.0 9.02735 -0.0 
9.10745 0.0 9.10745 -0.0 9.10745 0.0 9.10745 -0.0 9.10745 0.0 9.10745 -0.0 
9.18765 0.0 9.18765 -0.0 9.18765 0.0 9.18765 -0.0 9.18765 0.0 9.18765 -0.0 
9.26785 0.0 9.26785 -0.0 9.26785 0.0 9.26785 -0.0 9.26785 0.0 9.26785 -0.0 
9.34795 0.0 9.34795 -0.0 9.34795 0.0 9.34795 -0.0 9.34795 0.0 9.34795 -0.0 
9.42815 0.0 9.42815 -0.0 9.42815 0.0 9.42815 -0.0 9.42815 0.0 9.42815 -0.0 
9.50825 0.0 9.50825 -0.0 9.50825 0.0 9.50825 -0.0 9.50825 0.0 9.50825 -0.0 
9.58845 0.0 9.58845 -0.0 9.58845 0.0 9.58845 -0.0 9.58845 0.0 9.58845 -0.0 
9.66865 0.0 9.66865 -0.0 9.66865 0.0 9.66865 -0.0 9.66865 0.0 9.66865 -0.0 
9.74875 0.0 9.74875 -0.0 9.74875 0.0 9.74875 -0.0 9.74875 0.0 9.74875 -0.0 
9.82895 0.0 9.82895 -0.0 9.82895 0.0 9.82895 -0.0 9.82895 0.0 9.82895 -0.0 
9.90905 0.0 9.90905 -0.0 9.90905 0.0 9.90905 -0.0 9.90905 0.0 9.90905 -0.0 
9.98925 0.0 9.98925 -0.0 9.98925 0.0 9.98925 -0.0 9.98925 0.0 9.98925 -0.0 
10.0695 0.0 10.0695 -0.0 10.0695 0.0 10.0695 -0.0 10.0695 0.0 10.0695 -0.0 
10.1496 0.0 10.1496 -0.0 10.1496 0.0 10.1496 -0.0 10.1496 0.0 10.1496 -0.0 
10.2298 0.0 10.2298 -0.0 10.2298 0.0 10.2298 -0.0 10.2298 0.0 10.2298 -0.0 
10.3099 0.0 10.3099 -0.0 10.3099 0.0 10.3099 -0.0 10.3099 0.0 10.3099 -0.0 
10.3901 0.0 10.3901 -0.0 10.3901 0.0 10.3901 -0.0 10.3901 0.0 10.3901 -0.0 
10.4703 0.0 10.4703 -0.0 10.4703 0.0 10.4703 -0.0 10.4703 0.0 10.4703 -0.0 
10.5504 0.0 10.5504 -0.0 10.5504 0.0 10.5504 -0.0 10.5504 0.0 10.5504 -0.0 
10.6306 0.0 10.6306 -0.0 10.6306 0.0 10.6306 -0.0 10.6306 0.0 10.6306 -0.0 
10.7107 0.0 10.7107 -0.0 10.7107 0.0 10.7107 -0.0 10.7107 0.0 10.7107 -0.0 
10.7909 0.0 10.7909 -0.0 10.7909 0.0 10.7909 -0.0 10.7909 0.0 10.7909 -0.0 
10.8711 0.0 10.8711 -0.0 10.8711 0.0 10.8711 -0.0 10.8711 0.0 10.8711 -0.0 
10.9512 0.0 10.9512 -0.0 10.9512 0.0 10.9512 -0.0 10.9512 0.0 10.9512 -0.0 
11.0314 0.0 11.0314 -0.0 11.0314 0.0 11.0314 -0.0 11.0314 0.0 11.0314 -0.0 
11.1115 0.0 11.1115 -0.0 11.1115 0.0 11.1115 -0.0 11.1115 0.0 11.1115 -0.0 
11.1917 0.0 11.1917 -0.0 11.1917 0.0 11.1917 -0.0 11.1917 0.0 11.1917 -0.0 
11.2719 0.0 11.2719 -0.0 11.2719 0.0 11.2719 -0.0 11.2719 0.0 11.2719 -0.0 
11.352 0.0 11.352 -0.0 11.352 0.0 11.352 -0.0 11.352 0.0 11.352 -0.0 
11.4322 0.0 11.4322 -0.0 11.4322 0.0 11.4322 -0.0 11.4322 0.0 11.4322 -0.0 
11.5123 0.0 11.5123 -0.0 11.5123 0.0 11.5123 -0.0 11.5123 0.0 11.5123 -0.0 
11.5925 0.0 11.5925 -0.0 11.5925 0.0 11.5925 -0.0 11.5925 0.0 11.5925 -0.0 
11.6727 0.0 11.6727 -0.0 11.6727 0.0 11.6727 -0.0 11.6727 0.0 11.6727 -0.0 
11.7528 0.0 11.7528 -0.0 11.7528 0.0 11.7528 -0.0 11.7528 0.0 11.7528 -0.0 
11.833 0.0 11.833 -0.0 11.833 0.0 11.833 -0.0 11.833 0.0 11.833 -0.0 
11.9131 0.0 11.9131 -0.0 11.9131 0.0 11.9131 -0.0 11.9131 0.0 11.9131 -0.0 
11.9933 0.0 11.9933 -0.0 11.9933 0.0 11.9933 -0.0 11.9933 0.0 11.9933 -0.0 
12.0735 0.0 12.0735 -0.0 12.0735 0.0 12.0735 -0.0 12.0735 0.0 12.0735 -0.0 
12.1536 0.0 12.1536 -0.0 12.1536 0.0 12.1536 -0.0 12.1536 0.0 12.1536 -0.0 
12.2338 0.0 12.2338 -0.0 12.2338 0.0 12.2338 -0.0 12.2338 0.0 12.2338 -0.0 
12.3139 0.0 12.3139 -0.0 12.3139 0.0 12.3139 -0.0 12.3139 0.0 12.3139 -0.0 
12.3941 0.0 12.3941 -0.0 12.3941 0.0 12.3941 -0.0 12.3941 0.0 12.3941 -0.0 
12.4743 0.0 12.4743 -0.0 12.4743 0.0 12.4743 -0.0 12.4743 0.0 12.4743 -0.0 
12.5544 0.0 12.5544 -0.0 12.5544 0.0 12.5544 -0.0 12.5544 0.0 12.5544 -0.0 
12.6346 0.0 12.6346 -0.0 12.6346 0.0 12.6346 -0.0 12.6346 0.0 12.6346 -0.0 
12.7147 0.0 12.7147 -0.0 12.7147 0.0 12.7147 -0.0 12.7147 0.0 12.7147 -0.0 
12.7949 0.0 12.7949 -0.0 12.7949 0.0 12.7949 -0.0 12.7949 0.0 12.7949 -0.0 
12.8751 0.0 12.8751 -0.0 12.8751 0.0 12.8751 -0.0 12.8751 0.0 12.8751 -0.0 
12.9552 0.0 12.9552 -0.0 12.9552 0.0 12.9552 -0.0 12.9552 0.0 12.9552 -0.0 
13.0354 0.0 13.0354 -0.0 13.0354 0.0 13.0354 -0.0 13.0354 0.0 13.0354 -0.0 
13.1156 0.0 13.1156 -0.0 13.1156 0.0 13.1156 -0.0 13.1156 0.0 13.1156 -0.0 
13.1957 0.0 13.1957 -0.0 13.1957 0.0 13.1957 -0.0 13.1957 0.0 13.1957 -0.0 
13.2759 0.0 13.2759 -0.0 13.2759 0.0 13.2759 -0.0 13.2759 0.0 13.2759 -0.0 
13.356 0.0 13.356 -0.0 13.356 0.0 13.356 -0.0 13.356 0.0 13.356 -0.0 
13.4362 0.0 13.4362 -0.0 13.4362 0.0 13.4362 -0.0 13.4362 0.0 13.4362 -0.0 
13.5164 0.0 13.5164 -0.0 13.5164 0.0 13.5164 -0.0 13.5164 0.0 13.5164 -0.0 
13.5965 0.0 13.5965 -0.0 13.5965 0.0 13.5965 -0.0 13.5965 0.0 13.5965 -0.0 
13.6767 0.0 13.6767 -0.0 13.6767 0.0 13.6767 -0.0 13.6767 0.0 13.6767 -0.0 
13.7568 0.0 13.7568 -0.0 13.7568 0.0 13.7568 -0.0 13.7568 0.0 13.7568 -0.0 
13.837 0.0 13.837 -0.0 13.837 0.0 13.837 -0.0 13.837 0.0 13.837 -0.0 
13.9172 0.0 13.9172 -0.0 13.9172 0.0 13.9172 -0.0 13.9172 0.0 13.9172 -0.0 
13.9973 0.0 13.9973 -0.0 13.9973 0.0 13.9973 -0.0 13.9973 0.0 13.9973 -0.0 
14.0775 0.0 14.0775 -0.0 14.0775 0.0 14.0775 -0.0 14.0775 0.0 14.0775 -0.0 
14.1576 0.0 14.1576 -0.0 14.1576 0.0 14.1576 -0.0 14.1576 0.0 14.1576 -0.0 
14.2378 0.0 14.2378 -0.0 14.2378 0.0 14.2378 -0.0 14.2378 0.0 14.2378 -0.0 
14.318 0.0 14.318 -0.0 14.318 0.0 14.318 -0.0 14.318 0.0 14.318 -0.0 
14.3981 0.0 14.3981 -0.0 14.3981 0.0 14.3981 -0.0 14.3981 0.0 14.3981 -0.0 
14.4783 0.0 14.4783 -0.0 14.4783 0.0 14.4783 -0.0 14.4783 0.0 14.4783 -0.0 
14.5584 0.0 14.5584 -0.0 14.5584 0.0 14.5584 -0.0 14.5584 0.0 14.5584 -0.0 
14.6386 0.0 14.6386 -0.0 14.6386 0.0 14.6386 -0.0 14.6386 0.0 14.6386 -0.0 
14.7188 0.0 14.7188 -0.0 14.7188 0.0 14.7188 -0.0 14.7188 0.0 14.7188 -0.0 
14.7989 0.0 14.7989 -0.0 14.7989 0.0 14.7989 -0.0 14.7989 0.0 14.7989 -0.0 
14.8791 0.0 14.8791 -0.0 14.8791 0.0 14.8791 -0.0 14.8791 0.0 14.8791 -0.0 
14.9592 0.0 14.9592 -0.0 14.9592 0.0 14.9592 -0.0 14.9592 0.0 14.9592 -0.0 
15.0394 0.0 15.0394 -0.0 15.0394 0.0 15.0394 -0.0 15.0394 0.0 15.0394 -0.0 
15.1196 0.0 15.1196 -0.0 15.1196 0.0 15.1196 -0.0 15.1196 0.0 15.1196 -0.0 
15.1997 0.0 15.1997 -0.0 15.1997 0.0 15.1997 -0.0 15.1997 0.0 15.1997 -0.0 
15.2799 0.0 15.2799 -0.0 15.2799 0.0 15.2799 -0.0 15.2799 0.0 15.2799 -0.0 
15.36 0.0 15.36 -0.0 15.36 0.0 15.36 -0.0 15.36 0.0 15.36 -0.0 
15.4402 0.0 15.4402 -0.0 15.4402 0.0 15.4402 -0.0 15.4402 0.0 15.4402 -0.0 
