    -24.6152        24.95
     -24.535            0
    -24.4549            0
    -24.3747            0
    -24.2946            0
    -24.2144            0
    -24.1342            0
    -24.0541            0
    -23.9739            0
    -23.8938            0
    -23.8136            0
    -23.7334            0
    -23.6533            0
    -23.5731            0
     -23.493            0
    -23.4128            0
    -23.3326            0
    -23.2525            0
    -23.1723            0
    -23.0922            0
     -23.012            0
    -22.9318            0
    -22.8517            0
    -22.7715            0
    -22.6914            0
    -22.6112            0
     -22.531            0
    -22.4509            0
    -22.3707            0
    -22.2906            0
    -22.2104            0
    -22.1302            0
    -22.0501            0
    -21.9699            0
    -21.8897            0
    -21.8096            0
    -21.7294            0
    -21.6493            0
    -21.5691            0
    -21.4889            0
    -21.4088            0
    -21.3286            0
    -21.2485            0
    -21.1683            0
    -21.0881            0
     -21.008            0
    -20.9278            0
    -20.8477            0
    -20.7675       0.0001
    -20.6873       0.0005
    -20.6072       0.0039
     -20.527       0.0213
    -20.4469       0.0879
    -20.3667       0.2787
    -20.2865       0.6899
    -20.2064       1.3652
    -20.1262       2.2291
    -20.0461       3.1298
    -19.9659       3.9456
    -19.8857       4.6246
    -19.8056       5.1855
    -19.7254       5.7778
    -19.6453       6.6895
    -19.5651       8.1913
    -19.4849      10.4228
    -19.4048      13.4424
    -19.3246      17.1458
    -19.2445      20.9399
    -19.1643       23.671
    -19.0841      24.2419
     -19.004      22.5431
    -18.9238      19.7588
    -18.8437      17.5426
    -18.7635      16.7918
    -18.6833      17.3161
    -18.6032      18.5632
     -18.523       20.227
    -18.4429      21.9582
    -18.3627       22.833
    -18.2825      21.7051
    -18.2024      18.3093
    -18.1222      13.6904
    -18.0421        9.398
    -17.9619       6.4779
    -17.8817       5.1123
    -17.8016       4.8834
    -17.7214       5.3119
    -17.6413       6.1058
    -17.5611       7.0303
    -17.4809       7.8558
    -17.4008       8.3704
    -17.3206       8.3357
    -17.2405       7.5814
    -17.1603       6.1287
    -17.0801       4.2342
         -17       2.3861
    -16.9198       1.0529
    -16.8396       0.3537
    -16.7595       0.0889
    -16.6793       0.0167
    -16.5992       0.0037
     -16.519       0.0111
    -16.4388       0.0648
    -16.3587       0.2903
    -16.2785       0.9856
    -16.1984       2.5477
    -16.1182       5.0569
     -16.038        7.848
    -15.9579       9.8841
    -15.8777       10.747
    -15.7976      10.7218
    -15.7174       9.8547
    -15.6372       7.8649
    -15.5571       5.0917
    -15.4769       2.5578
    -15.3968       0.9744
    -15.3166       0.2783
    -15.2364       0.0592
    -15.1563       0.0094
    -15.0761       0.0011
     -14.996       0.0001
    -14.9158            0
    -14.8356            0
    -14.7555            0
    -14.6753            0
    -14.5952            0
     -14.515            0
    -14.4348            0
    -14.3547            0
    -14.2745            0
    -14.1944            0
    -14.1142            0
     -14.034            0
    -13.9539            0
    -13.8737            0
    -13.7936            0
    -13.7134            0
    -13.6332            0
    -13.5531            0
    -13.4729            0
    -13.3928            0
    -13.3126            0
    -13.2324            0
    -13.1523            0
    -13.0721            0
     -12.992            0
    -12.9118            0
    -12.8316            0
    -12.7515            0
    -12.6713            0
    -12.5912            0
     -12.511            0
    -12.4308            0
    -12.3507            0
    -12.2705            0
    -12.1904            0
    -12.1102            0
      -12.03            0
    -11.9499            0
    -11.8697            0
    -11.7895            0
    -11.7094            0
    -11.6292            0
    -11.5491            0
    -11.4689            0
    -11.3887            0
    -11.3086            0
    -11.2284            0
    -11.1483            0
    -11.0681            0
    -10.9879            0
    -10.9078            0
    -10.8276            0
    -10.7475            0
    -10.6673            0
    -10.5871            0
     -10.507            0
    -10.4268       0.0001
    -10.3467       0.0008
    -10.2665       0.0055
    -10.1863       0.0284
    -10.1062       0.1142
     -10.026        0.362
    -9.94589       0.9318
    -9.86569        2.024
    -9.78549       3.8641
    -9.70539        6.678
    -9.62519      10.5219
    -9.54509      14.9933
    -9.46489      19.2936
    -9.38469      22.9325
    -9.30459      26.3033
    -9.22439        30.18
    -9.14429      34.6527
    -9.06409       38.805
    -8.98389      41.4688
    -8.90379       42.275
    -8.82359      41.9656
    -8.74349      41.6388
    -8.66329      41.7991
    -8.58309      42.1592
    -8.50299      42.0594
    -8.42279      41.0217
    -8.34269      39.2726
    -8.26249      37.8364
    -8.18229      37.7542
    -8.10219      38.9732
    -8.02199      40.2031
    -7.94189      39.9917
    -7.86169      37.6948
    -7.78149      33.5704
    -7.70139      28.5301
    -7.62119      23.8189
    -7.54109      20.3418
    -7.46089      17.8816
    -7.38069      15.4182
    -7.30059      12.5778
    -7.22039       9.9178
    -7.14029       7.6494
    -7.06009        5.391
    -6.97989       3.1778
    -6.89979       1.5647
    -6.81959       0.8572
    -6.73939       0.9084
    -6.65929       1.5004
    -6.57909       2.5937
    -6.49899       4.2618
    -6.41879       6.5012
    -6.33859        9.114
    -6.25849      11.7281
    -6.17829       13.899
    -6.09819      15.3396
    -6.01799      16.2822
    -5.93779      17.4364
    -5.85769      19.1486
    -5.77749      20.7485
    -5.69739       21.241
    -5.61719      20.5162
    -5.53699      19.4007
    -5.45689       18.643
    -5.37669      18.2865
    -5.29659      17.9981
    -5.21639       17.585
    -5.13619      17.0252
    -5.05609      16.3445
    -4.97589       15.803
    -4.89579      16.0131
    -4.81559      17.4329
    -4.73539      19.6799
    -4.65529      21.7182
    -4.57509      22.8805
    -4.49499      23.3452
    -4.41479      23.5282
    -4.33459      23.5732
    -4.25449      23.5638
    -4.17429      23.6222
    -4.09419      23.6659
    -4.01399      23.5012
    -3.93379      23.1476
    -3.85369      22.8079
    -3.77349      22.6374
    -3.69339      22.7208
    -3.61319      23.1501
    -3.53299      23.9903
    -3.45289      25.1337
    -3.37269       26.176
    -3.29259      26.5889
    -3.21239      26.1376
    -3.13219      25.0452
    -3.05209      23.7829
    -2.97189      22.8473
    -2.89179      22.6411
    -2.81159      23.2835
    -2.73139      24.3767
    -2.65129       25.143
    -2.57109      25.0714
    -2.49099      24.3225
    -2.41079      23.3268
    -2.33059      22.2618
    -2.25049      21.1317
    -2.17029      20.1259
    -2.09009      19.6645
    -2.00999      20.0619
    -1.92979      21.1962
    -1.84969      22.5863
    -1.76949      23.7402
    -1.68929      24.3453
    -1.60919      24.3023
    -1.52899      23.6723
    -1.44889      22.4441
    -1.36869      20.4455
    -1.28849      17.6692
    -1.20839      14.5663
    -1.12819      11.7875
    -1.04809       9.6434
   -0.967886       7.9889
   -0.887686       6.5427
   -0.807586       5.1059
   -0.727386       3.6217
   -0.647286       2.2254
   -0.567086       1.1424
   -0.486886       0.4785
   -0.406786       0.1607
   -0.326586       0.0425
   -0.246486       0.0087
   -0.166286       0.0014
   -0.086086       0.0002
 -0.00598603            0
    0.074214            0
    0.154314       0.0001
    0.234514       0.0012
    0.314714       0.0099
    0.394814       0.0608
    0.475014       0.2812
    0.555114       0.9954
    0.635314       2.7405
    0.715514       6.0005
    0.795614      10.7564
    0.875814      16.3943
    0.955914      22.2345
     1.03611      27.9561
     1.11631      33.0492
     1.19641      35.9738
     1.27661      34.8097
     1.35671      29.2963
     1.43691      21.5884
     1.51711      14.4058
     1.59721       9.0183
     1.67741       5.4059
     1.75751       3.4198
     1.83771       3.0319
     1.91791       3.9472
     1.99801       5.5796
     2.07821       7.3601
     2.15831       8.9638
     2.23851      10.4479
     2.31871      12.1997
     2.39881      14.4646
     2.47901      16.8556
     2.55911      18.4478
     2.63931      18.4867
     2.71951      17.0942
     2.79961      15.1506
     2.87981      13.4544
     2.96001      12.1513
     3.04011      10.8605
     3.12031       9.1349
     3.20041       6.8755
     3.28061        4.469
     3.36081       2.5122
     3.44091       1.3355
     3.52111         0.82
     3.60121       0.6428
     3.68141       0.5679
     3.76161       0.5183
     3.84171        0.515
     3.92191       0.5945
     4.00201       0.7473
     4.08221       0.9089
     4.16241        0.993
     4.24251       0.9431
     4.32271       0.7745
     4.40281       0.5752
     4.48301       0.4741
     4.56321       0.5871
     4.64331       0.9331
     4.72351       1.3722
     4.80361       1.6773
     4.88381       1.7183
     4.96401       1.5588
     5.04411        1.353
     5.12431       1.1996
     5.20441       1.1335
     5.28461       1.1972
     5.36481       1.4528
     5.44491       1.9053
     5.52511       2.4317
     5.60521       2.8452
     5.68541       3.0688
     5.76561       3.1742
     5.84571         3.25
     5.92591       3.3594
     6.00601       3.5891
     6.08621       3.9775
     6.16641       4.4313
     6.24651        4.827
     6.32671       5.1283
     6.40681        5.341
     6.48701       5.4339
     6.56721        5.341
     6.64731       4.9871
     6.72751       4.3235
     6.80761       3.3994
     6.88781        2.378
     6.96801       1.4503
     7.04811       0.7494
     7.12831       0.3165
     7.20841       0.1056
     7.28861       0.0271
     7.36881       0.0053
     7.44891       0.0008
     7.52911       0.0001
     7.60921            0
     7.68941            0
     7.76961            0
     7.84971            0
     7.92991            0
     8.01011            0
     8.09021            0
     8.17041            0
     8.25051            0
     8.33071            0
     8.41091            0
     8.49101            0
     8.57121            0
     8.65131            0
     8.73151            0
     8.81171            0
     8.89181            0
     8.97201            0
     9.05211            0
     9.13231            0
     9.21251            0
     9.29261            0
     9.37281            0
     9.45291            0
     9.53311            0
     9.61331            0
     9.69341            0
     9.77361            0
     9.85371            0
     9.93391            0
     10.0141            0
     10.0942            0
     10.1744            0
     10.2545            0
     10.3347            0
     10.4149            0
      10.495            0
     10.5752            0
     10.6553            0
     10.7355            0
     10.8157            0
     10.8958            0
      10.976            0
     11.0561            0
     11.1363            0
     11.2165            0
     11.2966            0
     11.3768            0
     11.4569            0
     11.5371            0
     11.6173            0
     11.6974            0
     11.7776            0
     11.8577            0
     11.9379            0
     12.0181            0
     12.0982            0
     12.1784            0
     12.2585            0
     12.3387            0
     12.4189            0
      12.499            0
     12.5792            0
     12.6593            0
     12.7395            0
     12.8197            0
     12.8998            0
       12.98            0
     13.0602            0
     13.1403            0
     13.2205            0
     13.3006            0
     13.3808            0
      13.461            0
     13.5411            0
     13.6213            0
     13.7014            0
     13.7816            0
     13.8618            0
     13.9419            0
     14.0221            0
     14.1022            0
     14.1824            0
     14.2626            0
     14.3427            0
     14.4229            0
      14.503            0
     14.5832            0
     14.6634            0
     14.7435            0
     14.8237            0
     14.9038            0
      14.984            0
     15.0642            0
     15.1443            0
     15.2245            0
     15.3046            0
     15.3848            0

    -24.6152       -24.95
     -24.535           -0
    -24.4549           -0
    -24.3747           -0
    -24.2946           -0
    -24.2144           -0
    -24.1342           -0
    -24.0541           -0
    -23.9739           -0
    -23.8938           -0
    -23.8136           -0
    -23.7334           -0
    -23.6533           -0
    -23.5731           -0
     -23.493           -0
    -23.4128           -0
    -23.3326           -0
    -23.2525           -0
    -23.1723           -0
    -23.0922           -0
     -23.012           -0
    -22.9318           -0
    -22.8517           -0
    -22.7715           -0
    -22.6914           -0
    -22.6112           -0
     -22.531           -0
    -22.4509           -0
    -22.3707           -0
    -22.2906           -0
    -22.2104           -0
    -22.1302           -0
    -22.0501           -0
    -21.9699           -0
    -21.8897           -0
    -21.8096           -0
    -21.7294           -0
    -21.6493           -0
    -21.5691           -0
    -21.4889           -0
    -21.4088           -0
    -21.3286           -0
    -21.2485           -0
    -21.1683           -0
    -21.0881           -0
     -21.008           -0
    -20.9278           -0
    -20.8477           -0
    -20.7675           -0
    -20.6873           -0
    -20.6072      -0.0001
     -20.527      -0.0005
    -20.4469      -0.0037
    -20.3667      -0.0205
    -20.2865       -0.087
    -20.2064      -0.2834
    -20.1262      -0.7228
    -20.0461      -1.4748
    -19.9659      -2.4779
    -19.8857      -3.5421
    -19.8056      -4.4444
    -19.7254      -5.0486
    -19.6453      -5.4346
    -19.5651      -5.9395
    -19.4849      -6.9288
    -19.4048      -8.4665
    -19.3246     -10.3463
    -19.2445     -12.5256
    -19.1643     -15.3438
    -19.0841     -18.9503
     -19.004      -22.371
    -18.9238     -23.6007
    -18.8437     -21.2907
    -18.7635     -16.3408
    -18.6833     -11.3217
    -18.6032      -8.3086
     -18.523      -7.5805
    -18.4429      -8.1911
    -18.3627      -9.2585
    -18.2825     -10.6242
    -18.2024     -12.6257
    -18.1222     -15.4912
    -18.0421     -18.8879
    -17.9619     -21.8479
    -17.8817     -23.1473
    -17.8016     -22.1059
    -17.7214      -19.262
    -17.6413     -16.0873
    -17.5611     -13.8494
    -17.4809     -12.8233
    -17.4008     -12.4442
    -17.3206     -11.9109
    -17.2405     -10.7182
    -17.1603      -8.7997
    -17.0801      -6.3704
         -17      -3.8797
    -16.9198      -1.8958
    -16.8396      -0.7172
    -16.7595      -0.2054
    -16.6793       -0.044
    -16.5992      -0.0079
     -16.519      -0.0086
    -16.4388      -0.0481
    -16.3587      -0.2246
    -16.2785      -0.7979
    -16.1984      -2.1651
    -16.1182      -4.5157
     -16.038      -7.3408
    -15.9579      -9.5922
    -15.8777     -10.6601
    -15.7976     -10.7659
    -15.7174     -10.0868
    -15.6372      -8.3378
    -15.5571      -5.6566
    -15.4769      -2.9924
    -15.3968       -1.201
    -15.3166      -0.3607
    -15.2364      -0.0805
    -15.1563      -0.0133
    -15.0761      -0.0016
     -14.996      -0.0001
    -14.9158           -0
    -14.8356           -0
    -14.7555           -0
    -14.6753           -0
    -14.5952           -0
     -14.515           -0
    -14.4348           -0
    -14.3547           -0
    -14.2745           -0
    -14.1944           -0
    -14.1142           -0
     -14.034           -0
    -13.9539           -0
    -13.8737           -0
    -13.7936           -0
    -13.7134           -0
    -13.6332           -0
    -13.5531           -0
    -13.4729           -0
    -13.3928           -0
    -13.3126           -0
    -13.2324           -0
    -13.1523           -0
    -13.0721           -0
     -12.992           -0
    -12.9118           -0
    -12.8316           -0
    -12.7515           -0
    -12.6713           -0
    -12.5912           -0
     -12.511           -0
    -12.4308           -0
    -12.3507           -0
    -12.2705           -0
    -12.1904           -0
    -12.1102           -0
      -12.03           -0
    -11.9499           -0
    -11.8697           -0
    -11.7895           -0
    -11.7094           -0
    -11.6292           -0
    -11.5491           -0
    -11.4689           -0
    -11.3887           -0
    -11.3086           -0
    -11.2284           -0
    -11.1483           -0
    -11.0681           -0
    -10.9879           -0
    -10.9078           -0
    -10.8276           -0
    -10.7475           -0
    -10.6673           -0
    -10.5871           -0
     -10.507           -0
    -10.4268           -0
    -10.3467           -0
    -10.2665           -0
    -10.1863           -0
    -10.1062           -0
     -10.026      -0.0004
    -9.94589      -0.0036
    -9.86569       -0.023
    -9.78549       -0.112
    -9.70539      -0.4199
    -9.62519      -1.2341
    -9.54509      -2.9054
    -9.46489      -5.6404
    -9.38469      -9.3621
    -9.30459     -13.7877
    -9.22439     -18.4792
    -9.14429     -22.6827
    -9.06409     -25.4109
    -8.98389     -26.0843
    -8.90379     -25.0163
    -8.82359     -23.0648
    -8.74349     -20.8902
    -8.66329     -18.5664
    -8.58309     -15.9113
    -8.50299     -13.3318
    -8.42279     -12.0064
    -8.34269     -12.6796
    -8.26249     -14.5198
    -8.18229     -15.7176
    -8.10219     -15.1766
    -8.02199     -13.4124
    -7.94189     -11.8469
    -7.86169     -11.3947
    -7.78149     -12.0092
    -7.70139     -13.4308
    -7.62119     -15.3496
    -7.54109        -16.6
    -7.46089     -15.6715
    -7.38069     -12.6142
    -7.30059      -9.2346
    -7.22039      -7.2128
    -7.14029      -6.8881
    -7.06009      -7.5223
    -6.97989      -8.1007
    -6.89979      -8.2096
    -6.81959      -8.3109
    -6.73939      -9.0775
    -6.65929     -10.6582
    -6.57909     -12.5083
    -6.49899     -13.7157
    -6.41879     -13.7199
    -6.33859     -12.8743
    -6.25849     -12.0595
    -6.17829     -11.7605
    -6.09819     -11.8183
    -6.01799     -11.9368
    -5.93779     -12.0232
    -5.85769     -12.1076
    -5.77749     -12.3186
    -5.69739     -12.9441
    -5.61719     -14.2021
    -5.53699     -15.9437
    -5.45689     -17.8352
    -5.37669      -19.722
    -5.29659     -21.4704
    -5.21639     -22.6359
    -5.13619     -22.7642
    -5.05609     -21.9218
    -4.97589     -20.6345
    -4.89579     -19.5646
    -4.81559     -19.4168
    -4.73539     -20.6611
    -4.65529     -23.0347
    -4.57509     -25.6643
    -4.49499     -27.8674
    -4.41479      -29.566
    -4.33459     -30.8849
    -4.25449     -31.6684
    -4.17429     -31.5722
    -4.09419     -30.5608
    -4.01399     -29.1591
    -3.93379     -28.1545
    -3.85369     -28.0575
    -3.77349     -28.7359
    -3.69339     -29.5601
    -3.61319     -30.0332
    -3.53299     -30.1962
    -3.45289     -30.3373
    -3.37269     -30.5251
    -3.29259     -30.4863
    -3.21239      -29.679
    -3.13219     -27.5892
    -3.05209     -24.3937
    -2.97189     -21.2155
    -2.89179      -19.265
    -2.81159     -18.8245
    -2.73139     -19.3181
    -2.65129      -20.038
    -2.57109     -20.5547
    -2.49099     -20.7799
    -2.41079     -20.9103
    -2.33059      -21.189
    -2.25049     -21.6045
    -2.17029     -21.8209
    -2.09009     -21.3887
    -2.00999     -20.0044
    -1.92979     -17.6869
    -1.84969     -14.9211
    -1.76949      -12.507
    -1.68929     -11.0084
    -1.60919     -10.4513
    -1.52899     -10.5804
    -1.44889     -11.0755
    -1.36869     -11.4864
    -1.28849      -11.318
    -1.20839      -10.384
    -1.12819      -8.9352
    -1.04809      -7.2691
   -0.967886      -5.4275
   -0.887686      -3.4899
   -0.807586       -1.817
   -0.727386      -0.7352
   -0.647286      -0.2259
   -0.567086      -0.0521
   -0.486886      -0.0089
   -0.406786      -0.0011
   -0.326586      -0.0001
   -0.246486           -0
   -0.166286           -0
   -0.086086           -0
 -0.00598603           -0
    0.074214           -0
    0.154314      -0.0001
    0.234514      -0.0007
    0.314714      -0.0057
    0.394814      -0.0364
    0.475014      -0.1797
    0.555114       -0.692
    0.635314      -2.1044
    0.715514      -5.1112
    0.795614     -10.0425
    0.875814      -16.223
    0.955914     -22.0993
     1.03611     -26.4563
     1.11631     -29.4913
     1.19641     -32.3574
     1.27661     -35.8062
     1.35671     -39.6335
     1.43691     -43.1569
     1.51711      -45.752
     1.59721     -47.2117
     1.67741     -48.0179
     1.75751     -48.8257
     1.83771      -49.393
     1.91791     -48.8768
     1.99801     -47.3885
     2.07821     -46.0271
     2.15831     -45.1778
     2.23851     -44.0347
     2.31871     -41.9437
     2.39881     -39.0622
     2.47901     -35.5586
     2.55911     -31.2492
     2.63931      -26.288
     2.71951     -21.3898
     2.79961     -17.1324
     2.87981     -13.5225
     2.96001     -10.3185
     3.04011      -7.4708
     3.12031      -5.2043
     3.20041       -3.787
     3.28061      -3.1765
     3.36081      -2.9049
     3.44091      -2.4691
     3.52111      -1.8041
     3.60121      -1.2045
     3.68141       -0.871
     3.76161      -0.7289
     3.84171      -0.6223
     3.92191       -0.512
     4.00201      -0.4731
     4.08221      -0.5702
     4.16241      -0.7699
     4.24251      -0.9632
     4.32271      -1.0438
     4.40281      -0.9637
     4.48301      -0.7551
     4.56321      -0.5286
     4.64331      -0.4356
     4.72351      -0.5891
     4.80361      -0.9682
     4.88381      -1.3871
     4.96401      -1.6259
     5.04411      -1.6236
     5.12431      -1.4821
     5.20441      -1.2999
     5.28461      -1.1328
     5.36481      -1.1005
     5.44491      -1.3391
     5.52511      -1.7829
     5.60521      -2.1519
     5.68541      -2.2593
     5.76561      -2.2162
     5.84571      -2.2564
     5.92591       -2.514
     6.00601      -3.0141
     6.08621      -3.6856
     6.16641      -4.3499
     6.24651      -4.8536
     6.32671       -5.202
     6.40681      -5.4792
     6.48701      -5.7187
     6.56721      -5.8907
     6.64731      -5.8998
     6.72751      -5.5781
     6.80761      -4.8118
     6.88781      -3.7097
     6.96801      -2.5626
     7.04811      -1.6217
     7.12831      -0.9596
     7.20841      -0.5235
     7.28861      -0.2495
     7.36881      -0.0975
     7.44891      -0.0298
     7.52911      -0.0069
     7.60921      -0.0012
     7.68941      -0.0002
     7.76961           -0
     7.84971           -0
     7.92991           -0
     8.01011           -0
     8.09021           -0
     8.17041           -0
     8.25051           -0
     8.33071           -0
     8.41091           -0
     8.49101           -0
     8.57121           -0
     8.65131           -0
     8.73151           -0
     8.81171           -0
     8.89181           -0
     8.97201           -0
     9.05211           -0
     9.13231           -0
     9.21251           -0
     9.29261           -0
     9.37281           -0
     9.45291           -0
     9.53311           -0
     9.61331           -0
     9.69341           -0
     9.77361           -0
     9.85371           -0
     9.93391           -0
     10.0141           -0
     10.0942           -0
     10.1744           -0
     10.2545           -0
     10.3347           -0
     10.4149           -0
      10.495           -0
     10.5752           -0
     10.6553           -0
     10.7355           -0
     10.8157           -0
     10.8958           -0
      10.976           -0
     11.0561           -0
     11.1363           -0
     11.2165           -0
     11.2966           -0
     11.3768           -0
     11.4569           -0
     11.5371           -0
     11.6173           -0
     11.6974           -0
     11.7776           -0
     11.8577           -0
     11.9379           -0
     12.0181           -0
     12.0982           -0
     12.1784           -0
     12.2585           -0
     12.3387           -0
     12.4189           -0
      12.499           -0
     12.5792           -0
     12.6593           -0
     12.7395           -0
     12.8197           -0
     12.8998           -0
       12.98           -0
     13.0602           -0
     13.1403           -0
     13.2205           -0
     13.3006           -0
     13.3808           -0
      13.461           -0
     13.5411           -0
     13.6213           -0
     13.7014           -0
     13.7816           -0
     13.8618           -0
     13.9419           -0
     14.0221           -0
     14.1022           -0
     14.1824           -0
     14.2626           -0
     14.3427           -0
     14.4229           -0
      14.503           -0
     14.5832           -0
     14.6634           -0
     14.7435           -0
     14.8237           -0
     14.9038           -0
      14.984           -0
     15.0642           -0
     15.1443           -0
     15.2245           -0
     15.3046           -0
     15.3848           -0

    -24.6152            0
     -24.535            0
    -24.4549            0
    -24.3747            0
    -24.2946            0
    -24.2144            0
    -24.1342            0
    -24.0541            0
    -23.9739            0
    -23.8938            0
    -23.8136            0
    -23.7334            0
    -23.6533            0
    -23.5731            0
     -23.493            0
    -23.4128            0
    -23.3326            0
    -23.2525            0
    -23.1723            0
    -23.0922            0
     -23.012            0
    -22.9318            0
    -22.8517            0
    -22.7715            0
    -22.6914            0
    -22.6112            0
     -22.531            0
    -22.4509            0
    -22.3707            0
    -22.2906            0
    -22.2104            0
    -22.1302            0
    -22.0501            0
    -21.9699            0
    -21.8897            0
    -21.8096            0
    -21.7294            0
    -21.6493            0
    -21.5691            0
    -21.4889            0
    -21.4088            0
    -21.3286            0
    -21.2485            0
    -21.1683            0
    -21.0881            0
     -21.008            0
    -20.9278            0
    -20.8477            0
    -20.7675            0
    -20.6873            0
    -20.6072            0
     -20.527            0
    -20.4469            0
    -20.3667            0
    -20.2865       0.0008
    -20.2064       0.0038
    -20.1262       0.0083
    -20.0461        0.016
    -19.9659        0.027
    -19.8857       0.0395
    -19.8056       0.0539
    -19.7254        0.073
    -19.6453        0.103
    -19.5651       0.1572
    -19.4849        0.257
    -19.4048       0.4281
    -19.3246       0.6805
    -19.2445       0.9699
    -19.1643        1.195
    -19.0841       1.2586
     -19.004       1.1409
    -18.9238       0.9286
    -18.8437       0.7472
    -18.7635       0.6726
    -18.6833       0.7018
    -18.6032       0.7918
     -18.523       0.9148
    -18.4429       1.0479
    -18.3627       1.1424
    -18.2825        1.121
    -18.2024       0.9597
    -18.1222       0.7156
    -18.0421        0.477
    -17.9619       0.3054
    -17.8817       0.2146
    -17.8016       0.1876
    -17.7214       0.2016
    -17.6413        0.243
    -17.5611       0.2992
    -17.4809       0.3559
    -17.4008       0.3944
    -17.3206       0.3982
    -17.2405       0.3612
    -17.1603       0.2895
    -17.0801       0.1974
         -17       0.1113
    -16.9198       0.0487
    -16.8396       0.0159
    -16.7595        0.004
    -16.6793       0.0007
    -16.5992            0
     -16.519            0
    -16.4388       0.0001
    -16.3587       0.0005
    -16.2785       0.0038
    -16.1984       0.0101
    -16.1182       0.0189
     -16.038       0.0293
    -15.9579       0.0379
    -15.8777       0.0404
    -15.7976       0.0399
    -15.7174       0.0365
    -15.6372       0.0277
    -15.5571       0.0178
    -15.4769       0.0083
    -15.3968        0.003
    -15.3166       0.0004
    -15.2364            0
    -15.1563            0
    -15.0761            0
     -14.996            0
    -14.9158            0
    -14.8356            0
    -14.7555            0
    -14.6753            0
    -14.5952            0
     -14.515            0
    -14.4348            0
    -14.3547            0
    -14.2745            0
    -14.1944            0
    -14.1142            0
     -14.034            0
    -13.9539            0
    -13.8737            0
    -13.7936            0
    -13.7134            0
    -13.6332            0
    -13.5531            0
    -13.4729            0
    -13.3928            0
    -13.3126            0
    -13.2324            0
    -13.1523            0
    -13.0721            0
     -12.992            0
    -12.9118            0
    -12.8316            0
    -12.7515            0
    -12.6713            0
    -12.5912            0
     -12.511            0
    -12.4308            0
    -12.3507            0
    -12.2705            0
    -12.1904            0
    -12.1102            0
      -12.03            0
    -11.9499            0
    -11.8697            0
    -11.7895            0
    -11.7094            0
    -11.6292            0
    -11.5491            0
    -11.4689            0
    -11.3887            0
    -11.3086            0
    -11.2284            0
    -11.1483            0
    -11.0681            0
    -10.9879            0
    -10.9078            0
    -10.8276            0
    -10.7475            0
    -10.6673            0
    -10.5871            0
     -10.507            0
    -10.4268            0
    -10.3467       0.0002
    -10.2665       0.0028
    -10.1863        0.018
    -10.1062       0.0737
     -10.026       0.2354
    -9.94589       0.6167
    -9.86569       1.3684
    -9.78549       2.6854
    -9.70539       4.7808
    -9.62519       7.7347
    -9.54509      11.2351
    -9.46489       14.622
    -9.38469      17.4806
    -9.30459      20.1342
    -9.22439      23.2272
    -9.14429        26.83
    -9.06409      30.1792
    -8.98389      32.3141
    -8.90379      32.9404
    -8.82359      32.6772
    -8.74349      32.4499
    -8.66329       32.721
    -8.58309      33.2901
    -8.50299      33.5963
    -8.42279      33.1747
    -8.34269      32.1635
    -8.26249      31.4201
    -8.18229      31.8373
    -8.10219      33.3566
    -8.02199      34.8313
    -7.94189      34.9432
    -7.86169        33.08
    -7.78149      29.4788
    -7.70139      24.9982
    -7.62119      20.7765
    -7.54109      17.6364
    -7.46089      15.4276
    -7.38069      13.2873
    -7.30059      10.8749
    -7.22039       8.6277
    -7.14029       6.6902
    -7.06009       4.7209
    -6.97989       2.7497
    -6.89979       1.2518
    -6.81959       0.4672
    -6.73939       0.2252
    -6.65929       0.2726
    -6.57909       0.4918
    -6.49899       0.8665
    -6.41879       1.3953
    -6.33859        2.035
    -6.25849       2.6876
    -6.17829       3.2306
    -6.09819       3.5819
    -6.01799       3.7848
    -5.93779       4.0028
    -5.85769       4.3286
    -5.77749       4.6281
    -5.69739       4.6689
    -5.61719       4.3899
    -5.53699       3.9642
    -5.45689       3.5973
    -5.37669        3.365
    -5.29659       3.2292
    -5.21639       3.1291
    -5.13619       3.0173
    -5.05609       2.8674
    -4.97589       2.7224
    -4.89579       2.6919
    -4.81559       2.8642
    -4.73539       3.1819
    -4.65529       3.4687
    -4.57509        3.598
    -4.49499       3.5879
    -4.41479       3.5197
    -4.33459       3.4446
    -4.25449       3.3884
    -4.17429       3.3602
    -4.09419        3.338
    -4.01399       3.2957
    -3.93379       3.2473
    -3.85369       3.2256
    -3.77349       3.2527
    -3.69339       3.3427
    -3.61319       3.5163
    -3.53299       3.7844
    -3.45289       4.1193
    -3.37269       4.4343
    -3.29259       4.6149
    -3.21239       4.6015
    -3.13219       4.4353
    -3.05209       4.2242
    -2.97189       4.0907
    -2.89179       4.1244
    -2.81159       4.3298
    -2.73139       4.5981
    -2.65129       4.7634
    -2.57109       4.7476
    -2.49099       4.6118
    -2.41079       4.4476
    -2.33059       4.2665
    -2.25049       4.0395
    -2.17029        3.787
    -2.09009       3.5935
    -2.00999       3.5394
    -1.92979       3.6267
    -1.84969       3.7943
    -1.76949       3.9694
    -1.68929        4.075
    -1.60919       4.0597
    -1.52899       3.9046
    -1.44889       3.6218
    -1.36869       3.2195
    -1.28849       2.7286
    -1.20839       2.2184
    -1.12819       1.7729
    -1.04809       1.4327
   -0.967886       1.1804
   -0.887686       0.9767
   -0.807586       0.7806
   -0.727386       0.5703
   -0.647286         0.36
   -0.567086       0.1902
   -0.486886       0.0805
   -0.406786       0.0274
   -0.326586       0.0073
   -0.246486       0.0011
   -0.166286       0.0002
   -0.086086            0
 -0.00598603            0
    0.074214            0
    0.154314            0
    0.234514            0
    0.314714       0.0036
    0.394814       0.0225
    0.475014       0.1129
    0.555114       0.4233
    0.635314       1.2293
    0.715514        2.847
    0.795614       5.4564
    0.875814       9.0437
    0.955914      13.5573
     1.03611      18.8392
     1.11631      24.0676
     1.19641      27.4358
     1.27661      27.1076
     1.35671      22.9323
     1.43691      16.8329
     1.51711      11.1244
     1.59721       6.8475
     1.67741       3.9062
     1.75751       2.0458
     1.83771       1.1761
     1.91791       1.1724
     1.99801       1.8213
     2.07821        2.915
     2.15831       4.3798
     2.23851       6.2999
     2.31871       8.7401
     2.39881      11.4734
     2.47901      13.9042
     2.55911      15.2702
     2.63931      15.0831
     2.71951      13.5951
     2.79961      11.6663
     2.87981      10.0383
     2.96001       8.8584
     3.04011       7.8097
     3.12031       6.5094
     3.20041       4.8473
     3.28061       3.0716
     3.36081       1.5968
     3.44091       0.6652
     3.52111       0.2249
     3.60121       0.0702
     3.68141       0.0292
     3.76161       0.0191
     3.84171       0.0165
     3.92191       0.0166
     4.00201        0.019
     4.08221       0.0229
     4.16241       0.0253
     4.24251       0.0237
     4.32271       0.0194
     4.40281       0.0138
     4.48301       0.0107
     4.56321       0.0129
     4.64331       0.0212
     4.72351       0.0309
     4.80361       0.0379
     4.88381       0.0385
     4.96401       0.0348
     5.04411       0.0302
     5.12431       0.0266
     5.20441       0.0243
     5.28461       0.0263
     5.36481       0.0339
     5.44491       0.0494
     5.52511       0.0674
     5.60521       0.0826
     5.68541       0.0914
     5.76561        0.096
     5.84571       0.1005
     5.92591       0.1078
     6.00601       0.1193
     6.08621       0.1365
     6.16641       0.1519
     6.24651        0.161
     6.32671       0.1635
     6.40681       0.1633
     6.48701        0.158
     6.56721       0.1478
     6.64731       0.1316
     6.72751       0.1083
     6.80761       0.0812
     6.88781       0.0549
     6.96801       0.0321
     7.04811       0.0165
     7.12831       0.0056
     7.20841       0.0004
     7.28861            0
     7.36881            0
     7.44891            0
     7.52911            0
     7.60921            0
     7.68941            0
     7.76961            0
     7.84971            0
     7.92991            0
     8.01011            0
     8.09021            0
     8.17041            0
     8.25051            0
     8.33071            0
     8.41091            0
     8.49101            0
     8.57121            0
     8.65131            0
     8.73151            0
     8.81171            0
     8.89181            0
     8.97201            0
     9.05211            0
     9.13231            0
     9.21251            0
     9.29261            0
     9.37281            0
     9.45291            0
     9.53311            0
     9.61331            0
     9.69341            0
     9.77361            0
     9.85371            0
     9.93391            0
     10.0141            0
     10.0942            0
     10.1744            0
     10.2545            0
     10.3347            0
     10.4149            0
      10.495            0
     10.5752            0
     10.6553            0
     10.7355            0
     10.8157            0
     10.8958            0
      10.976            0
     11.0561            0
     11.1363            0
     11.2165            0
     11.2966            0
     11.3768            0
     11.4569            0
     11.5371            0
     11.6173            0
     11.6974            0
     11.7776            0
     11.8577            0
     11.9379            0
     12.0181            0
     12.0982            0
     12.1784            0
     12.2585            0
     12.3387            0
     12.4189            0
      12.499            0
     12.5792            0
     12.6593            0
     12.7395            0
     12.8197            0
     12.8998            0
       12.98            0
     13.0602            0
     13.1403            0
     13.2205            0
     13.3006            0
     13.3808            0
      13.461            0
     13.5411            0
     13.6213            0
     13.7014            0
     13.7816            0
     13.8618            0
     13.9419            0
     14.0221            0
     14.1022            0
     14.1824            0
     14.2626            0
     14.3427            0
     14.4229            0
      14.503            0
     14.5832            0
     14.6634            0
     14.7435            0
     14.8237            0
     14.9038            0
      14.984            0
     15.0642            0
     15.1443            0
     15.2245            0
     15.3046            0
     15.3848            0

    -24.6152           -0
     -24.535           -0
    -24.4549           -0
    -24.3747           -0
    -24.2946           -0
    -24.2144           -0
    -24.1342           -0
    -24.0541           -0
    -23.9739           -0
    -23.8938           -0
    -23.8136           -0
    -23.7334           -0
    -23.6533           -0
    -23.5731           -0
     -23.493           -0
    -23.4128           -0
    -23.3326           -0
    -23.2525           -0
    -23.1723           -0
    -23.0922           -0
     -23.012           -0
    -22.9318           -0
    -22.8517           -0
    -22.7715           -0
    -22.6914           -0
    -22.6112           -0
     -22.531           -0
    -22.4509           -0
    -22.3707           -0
    -22.2906           -0
    -22.2104           -0
    -22.1302           -0
    -22.0501           -0
    -21.9699           -0
    -21.8897           -0
    -21.8096           -0
    -21.7294           -0
    -21.6493           -0
    -21.5691           -0
    -21.4889           -0
    -21.4088           -0
    -21.3286           -0
    -21.2485           -0
    -21.1683           -0
    -21.0881           -0
     -21.008           -0
    -20.9278           -0
    -20.8477           -0
    -20.7675           -0
    -20.6873           -0
    -20.6072           -0
     -20.527           -0
    -20.4469           -0
    -20.3667           -0
    -20.2865           -0
    -20.2064      -0.0006
    -20.1262       -0.003
    -20.0461      -0.0085
    -19.9659      -0.0194
    -19.8857      -0.0366
    -19.8056      -0.0601
    -19.7254      -0.0838
    -19.6453      -0.1049
    -19.5651      -0.1262
    -19.4849      -0.1566
    -19.4048      -0.2014
    -19.3246      -0.2642
    -19.2445      -0.3575
    -19.1643      -0.5044
    -19.0841      -0.7088
     -19.004      -0.9206
    -18.9238      -1.0337
    -18.8437      -0.9629
    -18.7635      -0.7335
    -18.6833      -0.4619
    -18.6032      -0.2594
     -18.523      -0.1642
    -18.4429      -0.1502
    -18.3627      -0.1837
    -18.2825      -0.2491
    -18.2024      -0.3527
    -18.1222      -0.4982
    -18.0421      -0.6693
    -17.9619      -0.8195
    -17.8817      -0.8856
    -17.8016      -0.8342
    -17.7214      -0.6954
    -17.6413      -0.5459
    -17.5611      -0.4503
    -17.4809      -0.4253
    -17.4008      -0.4375
    -17.3206        -0.44
    -17.2405      -0.4048
    -17.1603        -0.33
    -17.0801      -0.2339
         -17      -0.1396
    -16.9198      -0.0677
    -16.8396      -0.0249
    -16.7595      -0.0068
    -16.6793      -0.0014
    -16.5992      -0.0002
     -16.519           -0
    -16.4388           -0
    -16.3587      -0.0002
    -16.2785      -0.0017
    -16.1984      -0.0064
    -16.1182      -0.0123
     -16.038        -0.02
    -15.9579      -0.0268
    -15.8777      -0.0287
    -15.7976      -0.0277
    -15.7174      -0.0238
    -15.6372      -0.0182
    -15.5571       -0.012
    -15.4769      -0.0066
    -15.3968      -0.0014
    -15.3166      -0.0005
    -15.2364           -0
    -15.1563           -0
    -15.0761           -0
     -14.996           -0
    -14.9158           -0
    -14.8356           -0
    -14.7555           -0
    -14.6753           -0
    -14.5952           -0
     -14.515           -0
    -14.4348           -0
    -14.3547           -0
    -14.2745           -0
    -14.1944           -0
    -14.1142           -0
     -14.034           -0
    -13.9539           -0
    -13.8737           -0
    -13.7936           -0
    -13.7134           -0
    -13.6332           -0
    -13.5531           -0
    -13.4729           -0
    -13.3928           -0
    -13.3126           -0
    -13.2324           -0
    -13.1523           -0
    -13.0721           -0
     -12.992           -0
    -12.9118           -0
    -12.8316           -0
    -12.7515           -0
    -12.6713           -0
    -12.5912           -0
     -12.511           -0
    -12.4308           -0
    -12.3507           -0
    -12.2705           -0
    -12.1904           -0
    -12.1102           -0
      -12.03           -0
    -11.9499           -0
    -11.8697           -0
    -11.7895           -0
    -11.7094           -0
    -11.6292           -0
    -11.5491           -0
    -11.4689           -0
    -11.3887           -0
    -11.3086           -0
    -11.2284           -0
    -11.1483           -0
    -11.0681           -0
    -10.9879           -0
    -10.9078           -0
    -10.8276           -0
    -10.7475           -0
    -10.6673           -0
    -10.5871           -0
     -10.507           -0
    -10.4268           -0
    -10.3467           -0
    -10.2665           -0
    -10.1863           -0
    -10.1062           -0
     -10.026           -0
    -9.94589      -0.0024
    -9.86569      -0.0163
    -9.78549      -0.0791
    -9.70539      -0.2984
    -9.62519      -0.8806
    -9.54509      -2.0818
    -9.46489      -4.0681
    -9.38469      -6.8163
    -9.30459     -10.1703
    -9.22439     -13.8333
    -9.14429     -17.2315
    -9.06409     -19.5671
    -8.98389      -20.355
    -8.90379     -19.8206
    -8.82359      -18.621
    -8.74349     -17.2381
    -8.66329      -15.636
    -8.58309     -13.5506
    -8.50299     -11.2548
    -8.42279      -9.7751
    -8.34269      -9.8698
    -8.26249     -11.0158
    -8.18229     -11.8271
    -8.10219     -11.4131
    -8.02199     -10.1284
    -7.94189      -9.0157
    -7.86169      -8.7239
    -7.78149      -9.1785
    -7.70139     -10.1977
    -7.62119     -11.5831
    -7.54109     -12.3918
    -7.46089     -11.3024
    -7.38069      -8.2441
    -7.30059      -4.7181
    -7.22039      -2.2012
    -7.14029      -0.9986
    -7.06009       -0.638
    -6.97989      -0.6132
    -6.89979      -0.6701
    -6.81959      -0.7486
    -6.73939      -0.8613
    -6.65929      -1.0078
    -6.57909      -1.1513
    -6.49899      -1.2316
    -6.41879      -1.2302
    -6.33859      -1.1934
    -6.25849      -1.1883
    -6.17829      -1.2344
    -6.09819      -1.3058
    -6.01799       -1.378
    -5.93779      -1.4507
    -5.85769      -1.5326
    -5.77749      -1.6404
    -5.69739      -1.8122
    -5.61719      -2.0812
    -5.53699      -2.4353
    -5.45689      -2.8444
    -5.37669      -3.2938
    -5.29659      -3.7355
    -5.21639      -4.0423
    -5.13619      -4.1026
    -5.05609      -3.9365
    -4.97589      -3.6716
    -4.89579      -3.4608
    -4.81559      -3.4582
    -4.73539      -3.7735
    -4.65529      -4.3587
    -4.57509      -5.0166
    -4.49499      -5.5741
    -4.41479      -5.9995
    -4.33459      -6.3325
    -4.25449      -6.5494
    -4.17429      -6.5697
    -4.09419        -6.38
    -4.01399      -6.0917
    -3.93379      -5.8682
    -3.85369      -5.8157
    -3.77349      -5.9213
    -3.69339       -6.067
    -3.61319      -6.1392
    -3.53299      -6.1008
    -3.45289       -5.961
    -3.37269      -5.7184
    -3.29259      -5.3679
    -3.21239      -4.8993
    -3.13219       -4.293
    -3.05209       -3.602
    -2.97189      -2.9994
    -2.89179       -2.652
    -2.81159      -2.5729
    -2.73139      -2.6463
    -2.65129      -2.7451
    -2.57109      -2.7932
    -2.49099      -2.7783
    -2.41079      -2.7317
    -2.33059      -2.6919
    -2.25049      -2.6703
    -2.17029      -2.6452
    -2.09009      -2.5832
    -2.00999      -2.4543
    -1.92979      -2.2504
    -1.84969      -2.0164
    -1.76949      -1.8431
    -1.68929      -1.8024
    -1.60919      -1.9118
    -1.52899      -2.1477
    -1.44889        -2.43
    -1.36869       -2.614
    -1.28849      -2.5573
    -1.20839      -2.2367
    -1.12819      -1.7791
    -1.04809      -1.3305
   -0.967886      -0.9362
   -0.887686      -0.5856
   -0.807586      -0.3025
   -0.727386      -0.1217
   -0.647286      -0.0373
   -0.567086      -0.0081
   -0.486886       -0.001
   -0.406786           -0
   -0.326586           -0
   -0.246486           -0
   -0.166286           -0
   -0.086086           -0
 -0.00598603           -0
    0.074214           -0
    0.154314           -0
    0.234514      -0.0001
    0.314714      -0.0044
    0.394814      -0.0289
    0.475014      -0.1447
    0.555114      -0.5629
    0.635314      -1.7198
    0.715514      -4.1953
    0.795614      -8.2799
    0.875814     -13.4335
    0.955914     -18.3737
     1.03611      -22.066
     1.11631     -24.6361
     1.19641     -27.0293
     1.27661     -29.8991
     1.35671     -33.1259
     1.43691     -36.1497
     1.51711     -38.3996
     1.59721      -39.618
     1.67741     -40.1483
     1.75751     -40.5307
     1.83771     -40.5959
     1.91791     -39.6686
     1.99801     -37.8494
     2.07821     -36.0634
     2.15831     -34.7168
     2.23851     -33.2968
     2.31871     -31.3742
     2.39881     -29.0431
     2.47901     -26.3397
     2.55911     -23.0556
     2.63931     -19.3077
     2.71951     -15.6469
     2.79961     -12.4815
     2.87981      -9.7858
     2.96001      -7.3999
     3.04011      -5.3154
     3.12031      -3.6898
     3.20041      -2.6854
     3.28061      -2.2496
     3.36081        -2.04
     3.44091      -1.6857
     3.52111      -1.1335
     3.60121      -0.5989
     3.68141      -0.2594
     3.76161      -0.1066
     3.84171       -0.052
     3.92191      -0.0323
     4.00201      -0.0266
     4.08221      -0.0316
     4.16241      -0.0421
     4.24251      -0.0502
     4.32271      -0.0538
     4.40281      -0.0488
     4.48301      -0.0369
     4.56321      -0.0252
     4.64331      -0.0201
     4.72351      -0.0284
     4.80361      -0.0472
     4.88381      -0.0677
     4.96401      -0.0787
     5.04411       -0.076
     5.12431      -0.0665
     5.20441      -0.0548
     5.28461      -0.0468
     5.36481      -0.0483
     5.44491       -0.063
     5.52511      -0.0874
     5.60521      -0.1059
     5.68541      -0.1096
     5.76561      -0.1065
     5.84571      -0.1073
     5.92591      -0.1163
     6.00601      -0.1362
     6.08621      -0.1645
     6.16641      -0.1966
     6.24651      -0.2236
     6.32671       -0.243
     6.40681      -0.2576
     6.48701       -0.269
     6.56721      -0.2766
     6.64731      -0.2739
     6.72751      -0.2526
     6.80761      -0.2099
     6.88781      -0.1548
     6.96801      -0.1041
     7.04811      -0.0648
     7.12831      -0.0388
     7.20841      -0.0221
     7.28861      -0.0096
     7.36881       -0.003
     7.44891      -0.0005
     7.52911           -0
     7.60921           -0
     7.68941           -0
     7.76961           -0
     7.84971           -0
     7.92991           -0
     8.01011           -0
     8.09021           -0
     8.17041           -0
     8.25051           -0
     8.33071           -0
     8.41091           -0
     8.49101           -0
     8.57121           -0
     8.65131           -0
     8.73151           -0
     8.81171           -0
     8.89181           -0
     8.97201           -0
     9.05211           -0
     9.13231           -0
     9.21251           -0
     9.29261           -0
     9.37281           -0
     9.45291           -0
     9.53311           -0
     9.61331           -0
     9.69341           -0
     9.77361           -0
     9.85371           -0
     9.93391           -0
     10.0141           -0
     10.0942           -0
     10.1744           -0
     10.2545           -0
     10.3347           -0
     10.4149           -0
      10.495           -0
     10.5752           -0
     10.6553           -0
     10.7355           -0
     10.8157           -0
     10.8958           -0
      10.976           -0
     11.0561           -0
     11.1363           -0
     11.2165           -0
     11.2966           -0
     11.3768           -0
     11.4569           -0
     11.5371           -0
     11.6173           -0
     11.6974           -0
     11.7776           -0
     11.8577           -0
     11.9379           -0
     12.0181           -0
     12.0982           -0
     12.1784           -0
     12.2585           -0
     12.3387           -0
     12.4189           -0
      12.499           -0
     12.5792           -0
     12.6593           -0
     12.7395           -0
     12.8197           -0
     12.8998           -0
       12.98           -0
     13.0602           -0
     13.1403           -0
     13.2205           -0
     13.3006           -0
     13.3808           -0
      13.461           -0
     13.5411           -0
     13.6213           -0
     13.7014           -0
     13.7816           -0
     13.8618           -0
     13.9419           -0
     14.0221           -0
     14.1022           -0
     14.1824           -0
     14.2626           -0
     14.3427           -0
     14.4229           -0
      14.503           -0
     14.5832           -0
     14.6634           -0
     14.7435           -0
     14.8237           -0
     14.9038           -0
      14.984           -0
     15.0642           -0
     15.1443           -0
     15.2245           -0
     15.3046           -0
     15.3848           -0

    -24.6152       0.0007
     -24.535            0
    -24.4549            0
    -24.3747            0
    -24.2946            0
    -24.2144            0
    -24.1342            0
    -24.0541            0
    -23.9739            0
    -23.8938            0
    -23.8136            0
    -23.7334            0
    -23.6533            0
    -23.5731            0
     -23.493            0
    -23.4128            0
    -23.3326            0
    -23.2525            0
    -23.1723            0
    -23.0922            0
     -23.012            0
    -22.9318            0
    -22.8517            0
    -22.7715            0
    -22.6914            0
    -22.6112            0
     -22.531            0
    -22.4509            0
    -22.3707            0
    -22.2906            0
    -22.2104            0
    -22.1302            0
    -22.0501            0
    -21.9699            0
    -21.8897            0
    -21.8096            0
    -21.7294            0
    -21.6493            0
    -21.5691            0
    -21.4889            0
    -21.4088            0
    -21.3286            0
    -21.2485            0
    -21.1683            0
    -21.0881            0
     -21.008            0
    -20.9278            0
    -20.8477            0
    -20.7675            0
    -20.6873            0
    -20.6072            0
     -20.527            0
    -20.4469            0
    -20.3667            0
    -20.2865       0.0003
    -20.2064       0.0011
    -20.1262       0.0029
    -20.0461       0.0043
    -19.9659       0.0059
    -19.8857       0.0083
    -19.8056       0.0097
    -19.7254       0.0104
    -19.6453       0.0119
    -19.5651       0.0145
    -19.4849       0.0161
    -19.4048       0.0178
    -19.3246       0.0182
    -19.2445       0.0182
    -19.1643       0.0169
    -19.0841       0.0161
     -19.004       0.0155
    -18.9238       0.0167
    -18.8437       0.0201
    -18.7635       0.0244
    -18.6833       0.0302
    -18.6032       0.0353
     -18.523       0.0397
    -18.4429       0.0428
    -18.3627       0.0443
    -18.2825       0.0407
    -18.2024       0.0337
    -18.1222       0.0242
    -18.0421       0.0164
    -17.9619       0.0111
    -17.8817       0.0085
    -17.8016       0.0085
    -17.7214       0.0096
    -17.6413        0.011
    -17.5611       0.0121
    -17.4809       0.0135
    -17.4008       0.0139
    -17.3206       0.0135
    -17.2405       0.0121
    -17.1603       0.0094
    -17.0801       0.0065
         -17       0.0028
    -16.9198       0.0013
    -16.8396       0.0003
    -16.7595            0
    -16.6793            0
    -16.5992            0
     -16.519            0
    -16.4388            0
    -16.3587       0.0004
    -16.2785       0.0019
    -16.1984       0.0053
    -16.1182       0.0107
     -16.038        0.016
    -15.9579       0.0207
    -15.8777       0.0226
    -15.7976       0.0228
    -15.7174       0.0211
    -15.6372       0.0166
    -15.5571       0.0105
    -15.4769       0.0051
    -15.3968       0.0018
    -15.3166       0.0005
    -15.2364            0
    -15.1563            0
    -15.0761            0
     -14.996            0
    -14.9158            0
    -14.8356            0
    -14.7555            0
    -14.6753            0
    -14.5952            0
     -14.515            0
    -14.4348            0
    -14.3547            0
    -14.2745            0
    -14.1944            0
    -14.1142            0
     -14.034            0
    -13.9539            0
    -13.8737            0
    -13.7936            0
    -13.7134            0
    -13.6332            0
    -13.5531            0
    -13.4729            0
    -13.3928            0
    -13.3126            0
    -13.2324            0
    -13.1523            0
    -13.0721            0
     -12.992            0
    -12.9118            0
    -12.8316            0
    -12.7515            0
    -12.6713            0
    -12.5912            0
     -12.511            0
    -12.4308            0
    -12.3507            0
    -12.2705            0
    -12.1904            0
    -12.1102            0
      -12.03            0
    -11.9499            0
    -11.8697            0
    -11.7895            0
    -11.7094            0
    -11.6292            0
    -11.5491            0
    -11.4689            0
    -11.3887            0
    -11.3086            0
    -11.2284            0
    -11.1483            0
    -11.0681            0
    -10.9879            0
    -10.9078            0
    -10.8276            0
    -10.7475            0
    -10.6673            0
    -10.5871            0
     -10.507            0
    -10.4268            0
    -10.3467            0
    -10.2665       0.0002
    -10.1863       0.0039
    -10.1062       0.0154
     -10.026       0.0499
    -9.94589       0.1283
    -9.86569       0.2745
    -9.78549       0.5146
    -9.70539       0.8688
    -9.62519       1.3382
    -9.54509       1.8696
    -9.46489       2.3689
    -9.38469       2.7734
    -9.30459       3.1249
    -9.22439       3.5216
    -9.14429       3.9941
    -9.06409       4.4609
    -8.98389       4.7815
    -8.90379        4.883
    -8.82359       4.8039
    -8.74349       4.6424
    -8.66329       4.4444
    -8.58309       4.2036
    -8.50299       3.8976
    -8.42279       3.5304
    -8.34269       3.1439
    -8.26249       2.8074
    -8.18229       2.5787
    -8.10219       2.4482
    -8.02199       2.3437
    -7.94189       2.2116
    -7.86169       2.0478
    -7.78149       1.8608
    -7.70139       1.6547
    -7.62119       1.4621
    -7.54109        1.318
    -7.46089       1.1922
    -7.38069       1.0161
    -7.30059       0.7828
    -7.22039       0.5604
    -7.14029       0.3938
    -7.06009       0.2655
    -6.97989       0.1715
    -6.89979       0.1369
    -6.81959       0.1897
    -6.73939       0.3444
    -6.65929       0.6265
    -6.57909        1.084
    -6.49899       1.7677
    -6.41879       2.6806
    -6.33859       3.7466
    -6.25849       4.8184
    -6.17829       5.7228
    -6.09819       6.3409
    -6.01799       6.7609
    -5.93779       7.2656
    -5.85769        7.992
    -5.77749       8.6632
    -5.69739       8.8889
    -5.61719       8.6582
    -5.53699       8.3312
    -5.45689       8.1928
    -5.37669       8.2129
    -5.29659       8.2176
    -5.21639       8.1223
    -5.13619       7.9357
    -5.05609       7.6922
    -4.97589       7.5427
    -4.89579       7.7974
    -4.81559        8.676
    -4.73539       9.9646
    -4.65529      11.1229
    -4.57509      11.8073
    -4.49499      12.1226
    -4.41479      12.2981
    -4.33459      12.4059
    -4.25449      12.4878
    -4.17429      12.6077
    -4.09419      12.7081
    -4.01399      12.6777
    -3.93379      12.5306
    -3.85369       12.386
    -3.77349      12.3242
    -3.69339      12.3753
    -3.61319      12.5849
    -3.53299      13.0096
    -3.45289      13.6208
    -3.37269      14.2042
    -3.29259      14.4564
    -3.21239      14.2303
    -3.13219      13.6481
    -3.05209       12.979
    -2.97189        12.49
    -2.89179      12.3983
    -2.81159      12.7789
    -2.73139      13.4332
    -2.65129      13.9406
    -2.57109       14.003
    -2.49099      13.6849
    -2.41079      13.2116
    -2.33059        12.69
    -2.25049      12.1411
    -2.17029      11.6911
    -2.09009      11.5808
    -2.00999      11.9841
    -1.92979      12.8138
    -1.84969      13.7766
    -1.76949      14.5812
    -1.68929      15.0513
    -1.60919      15.1268
    -1.52899      14.8251
    -1.44889      14.1053
    -1.36869      12.8418
    -1.28849      11.0382
    -1.20839       8.9934
    -1.12819        7.137
    -1.04809       5.7014
   -0.967886       4.6283
   -0.887686       3.7477
   -0.807586       2.9194
   -0.727386       2.0848
   -0.647286        1.296
   -0.567086       0.6754
   -0.486886       0.2876
   -0.406786       0.0972
   -0.326586       0.0255
   -0.246486       0.0054
   -0.166286       0.0007
   -0.086086            0
 -0.00598603            0
    0.074214            0
    0.154314            0
    0.234514            0
    0.314714       0.0003
    0.394814       0.0048
    0.475014       0.0261
    0.555114       0.0969
    0.635314       0.2763
    0.715514       0.6252
    0.795614       1.1583
    0.875814       1.8093
    0.955914       2.4756
     1.03611       3.0927
     1.11631       3.6186
     1.19641       3.9404
     1.27661       3.8824
     1.35671       3.3851
     1.43691       2.6288
     1.51711       1.8705
     1.59721       1.2503
     1.67741       0.7908
     1.75751       0.5217
     1.83771       0.4733
     1.91791       0.6123
     1.99801       0.8459
     2.07821       1.0672
     2.15831       1.1893
     2.23851       1.1834
     2.31871       1.1211
     2.39881        1.117
     2.47901        1.215
     2.55911       1.3726
     2.63931       1.5273
     2.71951       1.6554
     2.79961       1.7701
     2.87981       1.8787
     2.96001       1.9509
     3.04011       1.9142
     3.12031       1.7036
     3.20041         1.32
     3.28061       0.8617
     3.36081        0.469
     3.44091       0.2221
     3.52111         0.11
     3.60121       0.0735
     3.68141       0.0643
     3.76161       0.0622
     3.84171       0.0664
     3.92191       0.0806
     4.00201       0.1061
     4.08221       0.1318
     4.16241       0.1492
     4.24251       0.1448
     4.32271       0.1205
     4.40281       0.0907
     4.48301       0.0752
     4.56321       0.0958
     4.64331       0.1561
     4.72351       0.2316
     4.80361       0.2853
     4.88381       0.2927
     4.96401       0.2668
     5.04411       0.2326
     5.12431       0.2053
     5.20441       0.1897
     5.28461       0.1972
     5.36481       0.2426
     5.44491       0.3305
     5.52511       0.4343
     5.60521       0.5113
     5.68541       0.5381
     5.76561       0.5255
     5.84571        0.498
     5.92591       0.4708
     6.00601        0.459
     6.08621       0.4716
     6.16641       0.5015
     6.24651       0.5387
     6.32671       0.5775
     6.40681       0.6149
     6.48701       0.6406
     6.56721       0.6425
     6.64731       0.6084
     6.72751       0.5329
     6.80761       0.4218
     6.88781       0.2964
     6.96801       0.1815
     7.04811        0.094
     7.12831       0.0399
     7.20841       0.0139
     7.28861       0.0018
     7.36881            0
     7.44891            0
     7.52911            0
     7.60921            0
     7.68941            0
     7.76961            0
     7.84971            0
     7.92991            0
     8.01011            0
     8.09021            0
     8.17041            0
     8.25051            0
     8.33071            0
     8.41091            0
     8.49101            0
     8.57121            0
     8.65131            0
     8.73151            0
     8.81171            0
     8.89181            0
     8.97201            0
     9.05211            0
     9.13231            0
     9.21251            0
     9.29261            0
     9.37281            0
     9.45291            0
     9.53311            0
     9.61331            0
     9.69341            0
     9.77361            0
     9.85371            0
     9.93391            0
     10.0141            0
     10.0942            0
     10.1744            0
     10.2545            0
     10.3347            0
     10.4149            0
      10.495            0
     10.5752            0
     10.6553            0
     10.7355            0
     10.8157            0
     10.8958            0
      10.976            0
     11.0561            0
     11.1363            0
     11.2165            0
     11.2966            0
     11.3768            0
     11.4569            0
     11.5371            0
     11.6173            0
     11.6974            0
     11.7776            0
     11.8577            0
     11.9379            0
     12.0181            0
     12.0982            0
     12.1784            0
     12.2585            0
     12.3387            0
     12.4189            0
      12.499            0
     12.5792            0
     12.6593            0
     12.7395            0
     12.8197            0
     12.8998            0
       12.98            0
     13.0602            0
     13.1403            0
     13.2205            0
     13.3006            0
     13.3808            0
      13.461            0
     13.5411            0
     13.6213            0
     13.7014            0
     13.7816            0
     13.8618            0
     13.9419            0
     14.0221            0
     14.1022            0
     14.1824            0
     14.2626            0
     14.3427            0
     14.4229            0
      14.503            0
     14.5832            0
     14.6634            0
     14.7435            0
     14.8237            0
     14.9038            0
      14.984            0
     15.0642            0
     15.1443            0
     15.2245            0
     15.3046            0
     15.3848            0

    -24.6152      -0.0007
     -24.535           -0
    -24.4549           -0
    -24.3747           -0
    -24.2946           -0
    -24.2144           -0
    -24.1342           -0
    -24.0541           -0
    -23.9739           -0
    -23.8938           -0
    -23.8136           -0
    -23.7334           -0
    -23.6533           -0
    -23.5731           -0
     -23.493           -0
    -23.4128           -0
    -23.3326           -0
    -23.2525           -0
    -23.1723           -0
    -23.0922           -0
     -23.012           -0
    -22.9318           -0
    -22.8517           -0
    -22.7715           -0
    -22.6914           -0
    -22.6112           -0
     -22.531           -0
    -22.4509           -0
    -22.3707           -0
    -22.2906           -0
    -22.2104           -0
    -22.1302           -0
    -22.0501           -0
    -21.9699           -0
    -21.8897           -0
    -21.8096           -0
    -21.7294           -0
    -21.6493           -0
    -21.5691           -0
    -21.4889           -0
    -21.4088           -0
    -21.3286           -0
    -21.2485           -0
    -21.1683           -0
    -21.0881           -0
     -21.008           -0
    -20.9278           -0
    -20.8477           -0
    -20.7675           -0
    -20.6873           -0
    -20.6072           -0
     -20.527           -0
    -20.4469           -0
    -20.3667           -0
    -20.2865           -0
    -20.2064           -0
    -20.1262      -0.0002
    -20.0461      -0.0004
    -19.9659      -0.0018
    -19.8857       -0.004
    -19.8056      -0.0054
    -19.7254       -0.006
    -19.6453      -0.0063
    -19.5651      -0.0066
    -19.4849      -0.0081
    -19.4048      -0.0096
    -19.3246      -0.0113
    -19.2445      -0.0128
    -19.1643      -0.0143
    -19.0841      -0.0144
     -19.004      -0.0143
    -18.9238      -0.0129
    -18.8437      -0.0097
    -18.7635      -0.0065
    -18.6833      -0.0044
    -18.6032      -0.0045
     -18.523      -0.0054
    -18.4429      -0.0078
    -18.3627      -0.0101
    -18.2825      -0.0128
    -18.2024      -0.0157
    -18.1222      -0.0204
    -18.0421      -0.0259
    -17.9619      -0.0311
    -17.8817      -0.0347
    -17.8016      -0.0343
    -17.7214      -0.0315
    -17.6413      -0.0267
    -17.5611      -0.0233
    -17.4809       -0.021
    -17.4008      -0.0187
    -17.3206       -0.016
    -17.2405      -0.0131
    -17.1603      -0.0095
    -17.0801      -0.0062
         -17      -0.0031
    -16.9198      -0.0011
    -16.8396      -0.0001
    -16.7595           -0
    -16.6793           -0
    -16.5992           -0
     -16.519           -0
    -16.4388           -0
    -16.3587      -0.0002
    -16.2785      -0.0013
    -16.1984       -0.004
    -16.1182      -0.0088
     -16.038      -0.0137
    -15.9579       -0.018
    -15.8777      -0.0206
    -15.7976      -0.0206
    -15.7174      -0.0195
    -15.6372      -0.0161
    -15.5571      -0.0103
    -15.4769      -0.0061
    -15.3968      -0.0022
    -15.3166      -0.0006
    -15.2364           -0
    -15.1563           -0
    -15.0761           -0
     -14.996           -0
    -14.9158           -0
    -14.8356           -0
    -14.7555           -0
    -14.6753           -0
    -14.5952           -0
     -14.515           -0
    -14.4348           -0
    -14.3547           -0
    -14.2745           -0
    -14.1944           -0
    -14.1142           -0
     -14.034           -0
    -13.9539           -0
    -13.8737           -0
    -13.7936           -0
    -13.7134           -0
    -13.6332           -0
    -13.5531           -0
    -13.4729           -0
    -13.3928           -0
    -13.3126           -0
    -13.2324           -0
    -13.1523           -0
    -13.0721           -0
     -12.992           -0
    -12.9118           -0
    -12.8316           -0
    -12.7515           -0
    -12.6713           -0
    -12.5912           -0
     -12.511           -0
    -12.4308           -0
    -12.3507           -0
    -12.2705           -0
    -12.1904           -0
    -12.1102           -0
      -12.03           -0
    -11.9499           -0
    -11.8697           -0
    -11.7895           -0
    -11.7094           -0
    -11.6292           -0
    -11.5491           -0
    -11.4689           -0
    -11.3887           -0
    -11.3086           -0
    -11.2284           -0
    -11.1483           -0
    -11.0681           -0
    -10.9879           -0
    -10.9078           -0
    -10.8276           -0
    -10.7475           -0
    -10.6673           -0
    -10.5871           -0
     -10.507           -0
    -10.4268           -0
    -10.3467           -0
    -10.2665           -0
    -10.1863           -0
    -10.1062           -0
     -10.026           -0
    -9.94589      -0.0006
    -9.86569      -0.0033
    -9.78549      -0.0183
    -9.70539      -0.0694
    -9.62519      -0.2041
    -9.54509      -0.4773
    -9.46489      -0.9146
    -9.38469      -1.4866
    -9.30459      -2.1218
    -9.22439      -2.7379
    -9.14429      -3.2175
    -9.06409      -3.4242
    -8.98389      -3.2832
    -8.90379      -2.8548
    -8.82359      -2.2969
    -8.74349      -1.7629
    -8.66329      -1.3398
    -8.58309      -1.0687
    -8.50299       -1.003
    -8.42279       -1.196
    -8.34269      -1.6061
    -8.26249      -2.0457
    -8.18229      -2.2773
    -8.10219      -2.1923
    -8.02199      -1.8778
    -7.94189      -1.5372
    -7.86169      -1.3307
    -7.78149      -1.2974
    -7.70139      -1.4025
    -7.62119      -1.5853
    -7.54109      -1.7327
    -7.46089      -1.7417
    -7.38069      -1.6437
    -7.30059      -1.5688
    -7.22039        -1.62
    -7.14029      -1.8365
    -7.06009      -2.1813
    -6.97989      -2.5318
    -6.89979      -2.8199
    -6.81959      -3.1129
    -6.73939      -3.5111
    -6.65929      -3.9907
    -6.57909      -4.3953
    -6.49899      -4.5714
    -6.41879      -4.5286
    -6.33859      -4.4628
    -6.25849      -4.5586
    -6.17829      -4.8084
    -6.09819      -5.0703
    -6.01799      -5.2533
    -5.93779      -5.3607
    -5.85769      -5.4199
    -5.77749      -5.4962
    -5.69739       -5.739
    -5.61719      -6.2697
    -5.53699      -7.0393
    -5.45689      -7.8976
    -5.37669      -8.7621
    -5.29659      -9.5604
    -5.21639     -10.0979
    -5.13619     -10.1784
    -5.05609      -9.8403
    -4.97589      -9.3301
    -4.89579       -8.962
    -4.81559      -9.0645
    -4.73539      -9.8461
    -4.65529     -11.1622
    -4.57509     -12.5746
    -4.49499     -13.7461
    -4.41479     -14.6508
    -4.33459     -15.3723
    -4.25449     -15.8392
    -4.17429     -15.8558
    -4.09419     -15.3912
    -4.01399     -14.7233
    -3.93379     -14.2743
    -3.85369     -14.3091
    -3.77349     -14.7444
    -3.69339     -15.2496
    -3.61319     -15.5819
    -3.53299     -15.7927
    -3.45289     -16.0596
    -3.37269     -16.4228
    -3.29259     -16.6976
    -3.21239     -16.5204
    -3.13219     -15.5507
    -3.05209     -13.8719
    -2.97189     -12.1408
    -2.89179     -11.0829
    -2.81159     -10.8937
    -2.73139     -11.2554
    -2.65129      -11.759
    -2.57109     -12.1422
    -2.49099     -12.3409
    -2.41079     -12.4713
    -2.33059      -12.695
    -2.25049     -13.0182
    -2.17029     -13.2215
    -2.09009     -12.9976
    -2.00999     -12.1384
    -1.92979     -10.6605
    -1.84969      -8.8789
    -1.76949      -7.3091
    -1.68929       -6.316
    -1.60919      -5.9125
    -1.52899      -5.9227
    -1.44889      -6.1423
    -1.36869      -6.3196
    -1.28849      -6.1787
    -1.20839      -5.6105
    -1.12819      -4.7574
    -1.04809      -3.8061
   -0.967886      -2.8038
   -0.887686      -1.7879
   -0.807586      -0.9272
   -0.727386       -0.374
   -0.647286      -0.1139
   -0.567086      -0.0264
   -0.486886      -0.0041
   -0.406786      -0.0003
   -0.326586           -0
   -0.246486           -0
   -0.166286           -0
   -0.086086           -0
 -0.00598603           -0
    0.074214           -0
    0.154314           -0
    0.234514           -0
    0.314714           -0
    0.394814       -0.001
    0.475014      -0.0111
    0.555114      -0.0436
    0.635314       -0.134
    0.715514      -0.3241
    0.795614      -0.6325
    0.875814      -1.0122
    0.955914      -1.3651
     1.03611      -1.6294
     1.11631      -1.8465
     1.19641      -2.1143
     1.27661      -2.4761
     1.35671      -2.8868
     1.43691       -3.266
     1.51711      -3.5668
     1.59721        -3.81
     1.67741      -4.0874
     1.75751      -4.4741
     1.83771      -4.9326
     1.91791      -5.3578
     1.99801      -5.7574
     2.07821      -6.2294
     2.15831      -6.7382
     2.23851      -7.0596
     2.31871      -7.0292
     2.39881      -6.6927
     2.47901       -6.154
     2.55911      -5.4386
     2.63931      -4.5902
     2.71951      -3.7424
     2.79961      -3.0175
     2.87981      -2.4238
     2.96001      -1.8948
     3.04011      -1.3964
     3.12031      -0.9726
     3.20041      -0.6953
     3.28061      -0.5707
     3.36081      -0.5157
     3.44091      -0.4339
     3.52111       -0.308
     3.60121      -0.1917
     3.68141      -0.1253
     3.76161      -0.0987
     3.84171      -0.0838
     3.92191      -0.0719
     4.00201       -0.072
     4.08221      -0.0921
     4.16241      -0.1288
     4.24251      -0.1651
     4.32271      -0.1821
     4.40281      -0.1707
     4.48301      -0.1362
     4.56321      -0.0966
     4.64331      -0.0832
     4.72351       -0.118
     4.80361      -0.1977
     4.88381      -0.2841
     4.96401      -0.3308
     5.04411      -0.3255
     5.12431      -0.2909
     5.20441      -0.2493
     5.28461      -0.2153
     5.36481      -0.2146
     5.44491      -0.2733
     5.52511      -0.3711
     5.60521      -0.4441
     5.68541      -0.4542
     5.76561      -0.4272
     5.84571      -0.4109
     5.92591      -0.4286
     6.00601      -0.4769
     6.08621      -0.5467
     6.16641      -0.6119
     6.24651       -0.649
     6.32671      -0.6566
     6.40681      -0.6538
     6.48701      -0.6507
     6.56721      -0.6511
     6.64731      -0.6453
     6.72751      -0.6129
     6.80761      -0.5344
     6.88781      -0.4185
     6.96801      -0.2946
     7.04811      -0.1907
     7.12831      -0.1165
     7.20841      -0.0649
     7.28861      -0.0316
     7.36881      -0.0126
     7.44891      -0.0025
     7.52911           -0
     7.60921           -0
     7.68941           -0
     7.76961           -0
     7.84971           -0
     7.92991           -0
     8.01011           -0
     8.09021           -0
     8.17041           -0
     8.25051           -0
     8.33071           -0
     8.41091           -0
     8.49101           -0
     8.57121           -0
     8.65131           -0
     8.73151           -0
     8.81171           -0
     8.89181           -0
     8.97201           -0
     9.05211           -0
     9.13231           -0
     9.21251           -0
     9.29261           -0
     9.37281           -0
     9.45291           -0
     9.53311           -0
     9.61331           -0
     9.69341           -0
     9.77361           -0
     9.85371           -0
     9.93391           -0
     10.0141           -0
     10.0942           -0
     10.1744           -0
     10.2545           -0
     10.3347           -0
     10.4149           -0
      10.495           -0
     10.5752           -0
     10.6553           -0
     10.7355           -0
     10.8157           -0
     10.8958           -0
      10.976           -0
     11.0561           -0
     11.1363           -0
     11.2165           -0
     11.2966           -0
     11.3768           -0
     11.4569           -0
     11.5371           -0
     11.6173           -0
     11.6974           -0
     11.7776           -0
     11.8577           -0
     11.9379           -0
     12.0181           -0
     12.0982           -0
     12.1784           -0
     12.2585           -0
     12.3387           -0
     12.4189           -0
      12.499           -0
     12.5792           -0
     12.6593           -0
     12.7395           -0
     12.8197           -0
     12.8998           -0
       12.98           -0
     13.0602           -0
     13.1403           -0
     13.2205           -0
     13.3006           -0
     13.3808           -0
      13.461           -0
     13.5411           -0
     13.6213           -0
     13.7014           -0
     13.7816           -0
     13.8618           -0
     13.9419           -0
     14.0221           -0
     14.1022           -0
     14.1824           -0
     14.2626           -0
     14.3427           -0
     14.4229           -0
      14.503           -0
     14.5832           -0
     14.6634           -0
     14.7435           -0
     14.8237           -0
     14.9038           -0
      14.984           -0
     15.0642           -0
     15.1443           -0
     15.2245           -0
     15.3046           -0
     15.3848           -0



