-24.6152 12.475 -24.6152 -12.475 -24.6152 0.0 -24.6152 -0.0 -24.6152 0.00035 -24.6152 -0.00035 
-24.535 0.0 -24.535 -0.0 -24.535 0.0 -24.535 -0.0 -24.535 0.0 -24.535 -0.0 
-24.4549 0.0 -24.4549 -0.0 -24.4549 0.0 -24.4549 -0.0 -24.4549 0.0 -24.4549 -0.0 
-24.3747 0.0 -24.3747 -0.0 -24.3747 0.0 -24.3747 -0.0 -24.3747 0.0 -24.3747 -0.0 
-24.2946 0.0 -24.2946 -0.0 -24.2946 0.0 -24.2946 -0.0 -24.2946 0.0 -24.2946 -0.0 
-24.2144 0.0 -24.2144 -0.0 -24.2144 0.0 -24.2144 -0.0 -24.2144 0.0 -24.2144 -0.0 
-24.1342 0.0 -24.1342 -0.0 -24.1342 0.0 -24.1342 -0.0 -24.1342 0.0 -24.1342 -0.0 
-24.0541 0.0 -24.0541 -0.0 -24.0541 0.0 -24.0541 -0.0 -24.0541 0.0 -24.0541 -0.0 
-23.9739 0.0 -23.9739 -0.0 -23.9739 0.0 -23.9739 -0.0 -23.9739 0.0 -23.9739 -0.0 
-23.8938 0.0 -23.8938 -0.0 -23.8938 0.0 -23.8938 -0.0 -23.8938 0.0 -23.8938 -0.0 
-23.8136 0.0 -23.8136 -0.0 -23.8136 0.0 -23.8136 -0.0 -23.8136 0.0 -23.8136 -0.0 
-23.7334 0.0 -23.7334 -0.0 -23.7334 0.0 -23.7334 -0.0 -23.7334 0.0 -23.7334 -0.0 
-23.6533 0.0 -23.6533 -0.0 -23.6533 0.0 -23.6533 -0.0 -23.6533 0.0 -23.6533 -0.0 
-23.5731 0.0 -23.5731 -0.0 -23.5731 0.0 -23.5731 -0.0 -23.5731 0.0 -23.5731 -0.0 
-23.493 0.0 -23.493 -0.0 -23.493 0.0 -23.493 -0.0 -23.493 0.0 -23.493 -0.0 
-23.4128 0.0 -23.4128 -0.0 -23.4128 0.0 -23.4128 -0.0 -23.4128 0.0 -23.4128 -0.0 
-23.3326 0.0 -23.3326 -0.0 -23.3326 0.0 -23.3326 -0.0 -23.3326 0.0 -23.3326 -0.0 
-23.2525 0.0 -23.2525 -0.0 -23.2525 0.0 -23.2525 -0.0 -23.2525 0.0 -23.2525 -0.0 
-23.1723 0.0 -23.1723 -0.0 -23.1723 0.0 -23.1723 -0.0 -23.1723 0.0 -23.1723 -0.0 
-23.0922 0.0 -23.0922 -0.0 -23.0922 0.0 -23.0922 -0.0 -23.0922 0.0 -23.0922 -0.0 
-23.012 0.0 -23.012 -0.0 -23.012 0.0 -23.012 -0.0 -23.012 0.0 -23.012 -0.0 
-22.9318 0.0 -22.9318 -0.0 -22.9318 0.0 -22.9318 -0.0 -22.9318 0.0 -22.9318 -0.0 
-22.8517 0.0 -22.8517 -0.0 -22.8517 0.0 -22.8517 -0.0 -22.8517 0.0 -22.8517 -0.0 
-22.7715 0.0 -22.7715 -0.0 -22.7715 0.0 -22.7715 -0.0 -22.7715 0.0 -22.7715 -0.0 
-22.6914 0.0 -22.6914 -0.0 -22.6914 0.0 -22.6914 -0.0 -22.6914 0.0 -22.6914 -0.0 
-22.6112 0.0 -22.6112 -0.0 -22.6112 0.0 -22.6112 -0.0 -22.6112 0.0 -22.6112 -0.0 
-22.531 0.0 -22.531 -0.0 -22.531 0.0 -22.531 -0.0 -22.531 0.0 -22.531 -0.0 
-22.4509 0.0 -22.4509 -0.0 -22.4509 0.0 -22.4509 -0.0 -22.4509 0.0 -22.4509 -0.0 
-22.3707 0.0 -22.3707 -0.0 -22.3707 0.0 -22.3707 -0.0 -22.3707 0.0 -22.3707 -0.0 
-22.2906 0.0 -22.2906 -0.0 -22.2906 0.0 -22.2906 -0.0 -22.2906 0.0 -22.2906 -0.0 
-22.2104 0.0 -22.2104 -0.0 -22.2104 0.0 -22.2104 -0.0 -22.2104 0.0 -22.2104 -0.0 
-22.1302 0.0 -22.1302 -0.0 -22.1302 0.0 -22.1302 -0.0 -22.1302 0.0 -22.1302 -0.0 
-22.0501 0.0 -22.0501 -0.0 -22.0501 0.0 -22.0501 -0.0 -22.0501 0.0 -22.0501 -0.0 
-21.9699 0.0 -21.9699 -0.0 -21.9699 0.0 -21.9699 -0.0 -21.9699 0.0 -21.9699 -0.0 
-21.8897 0.0 -21.8897 -0.0 -21.8897 0.0 -21.8897 -0.0 -21.8897 0.0 -21.8897 -0.0 
-21.8096 0.0 -21.8096 -0.0 -21.8096 0.0 -21.8096 -0.0 -21.8096 0.0 -21.8096 -0.0 
-21.7294 0.0 -21.7294 -0.0 -21.7294 0.0 -21.7294 -0.0 -21.7294 0.0 -21.7294 -0.0 
-21.6493 0.0 -21.6493 -0.0 -21.6493 0.0 -21.6493 -0.0 -21.6493 0.0 -21.6493 -0.0 
-21.5691 0.0 -21.5691 -0.0 -21.5691 0.0 -21.5691 -0.0 -21.5691 0.0 -21.5691 -0.0 
-21.4889 0.0 -21.4889 -0.0 -21.4889 0.0 -21.4889 -0.0 -21.4889 0.0 -21.4889 -0.0 
-21.4088 0.0 -21.4088 -0.0 -21.4088 0.0 -21.4088 -0.0 -21.4088 0.0 -21.4088 -0.0 
-21.3286 0.0 -21.3286 -0.0 -21.3286 0.0 -21.3286 -0.0 -21.3286 0.0 -21.3286 -0.0 
-21.2485 0.0 -21.2485 -0.0 -21.2485 0.0 -21.2485 -0.0 -21.2485 0.0 -21.2485 -0.0 
-21.1683 0.0 -21.1683 -0.0 -21.1683 0.0 -21.1683 -0.0 -21.1683 0.0 -21.1683 -0.0 
-21.0881 0.0 -21.0881 -0.0 -21.0881 0.0 -21.0881 -0.0 -21.0881 0.0 -21.0881 -0.0 
-21.008 0.0 -21.008 -0.0 -21.008 0.0 -21.008 -0.0 -21.008 0.0 -21.008 -0.0 
-20.9278 0.0 -20.9278 -0.0 -20.9278 0.0 -20.9278 -0.0 -20.9278 0.0 -20.9278 -0.0 
-20.8477 0.0 -20.8477 -0.0 -20.8477 0.0 -20.8477 -0.0 -20.8477 0.0 -20.8477 -0.0 
-20.7675 5e-05 -20.7675 -0.0 -20.7675 0.0 -20.7675 -0.0 -20.7675 0.0 -20.7675 -0.0 
-20.6873 0.00025 -20.6873 -0.0 -20.6873 0.0 -20.6873 -0.0 -20.6873 0.0 -20.6873 -0.0 
-20.6072 0.00195 -20.6072 -5e-05 -20.6072 0.0 -20.6072 -0.0 -20.6072 0.0 -20.6072 -0.0 
-20.527 0.01065 -20.527 -0.00025 -20.527 0.0 -20.527 -0.0 -20.527 0.0 -20.527 -0.0 
-20.4469 0.04395 -20.4469 -0.00185 -20.4469 0.0 -20.4469 -0.0 -20.4469 0.0 -20.4469 -0.0 
-20.3667 0.13935 -20.3667 -0.01025 -20.3667 0.0 -20.3667 -0.0 -20.3667 0.0 -20.3667 -0.0 
-20.2865 0.34495 -20.2865 -0.0435 -20.2865 0.0004 -20.2865 -0.0 -20.2865 0.00015 -20.2865 -0.0 
-20.2064 0.6826 -20.2064 -0.1417 -20.2064 0.0019 -20.2064 -0.0003 -20.2064 0.00055 -20.2064 -0.0 
-20.1262 1.11455 -20.1262 -0.3614 -20.1262 0.00415 -20.1262 -0.0015 -20.1262 0.00145 -20.1262 -0.0001 
-20.0461 1.5649 -20.0461 -0.7374 -20.0461 0.008 -20.0461 -0.00425 -20.0461 0.00215 -20.0461 -0.0002 
-19.9659 1.9728 -19.9659 -1.23895 -19.9659 0.0135 -19.9659 -0.0097 -19.9659 0.00295 -19.9659 -0.0009 
-19.8857 2.3123 -19.8857 -1.77105 -19.8857 0.01975 -19.8857 -0.0183 -19.8857 0.00415 -19.8857 -0.002 
-19.8056 2.59275 -19.8056 -2.2222 -19.8056 0.02695 -19.8056 -0.03005 -19.8056 0.00485 -19.8056 -0.0027 
-19.7254 2.8889 -19.7254 -2.5243 -19.7254 0.0365 -19.7254 -0.0419 -19.7254 0.0052 -19.7254 -0.003 
-19.6453 3.34475 -19.6453 -2.7173 -19.6453 0.0515 -19.6453 -0.05245 -19.6453 0.00595 -19.6453 -0.00315 
-19.5651 4.09565 -19.5651 -2.96975 -19.5651 0.0786 -19.5651 -0.0631 -19.5651 0.00725 -19.5651 -0.0033 
-19.4849 5.2114 -19.4849 -3.4644 -19.4849 0.1285 -19.4849 -0.0783 -19.4849 0.00805 -19.4849 -0.00405 
-19.4048 6.7212 -19.4048 -4.23325 -19.4048 0.21405 -19.4048 -0.1007 -19.4048 0.0089 -19.4048 -0.0048 
-19.3246 8.5729 -19.3246 -5.17315 -19.3246 0.34025 -19.3246 -0.1321 -19.3246 0.0091 -19.3246 -0.00565 
-19.2445 10.46995 -19.2445 -6.2628 -19.2445 0.48495 -19.2445 -0.17875 -19.2445 0.0091 -19.2445 -0.0064 
-19.1643 11.8355 -19.1643 -7.6719 -19.1643 0.5975 -19.1643 -0.2522 -19.1643 0.00845 -19.1643 -0.00715 
-19.0841 12.12095 -19.0841 -9.47515 -19.0841 0.6293 -19.0841 -0.3544 -19.0841 0.00805 -19.0841 -0.0072 
-19.004 11.27155 -19.004 -11.1855 -19.004 0.57045 -19.004 -0.4603 -19.004 0.00775 -19.004 -0.00715 
-18.9238 9.8794 -18.9238 -11.80035 -18.9238 0.4643 -18.9238 -0.51685 -18.9238 0.00835 -18.9238 -0.00645 
-18.8437 8.7713 -18.8437 -10.64535 -18.8437 0.3736 -18.8437 -0.48145 -18.8437 0.01005 -18.8437 -0.00485 
-18.7635 8.3959 -18.7635 -8.1704 -18.7635 0.3363 -18.7635 -0.36675 -18.7635 0.0122 -18.7635 -0.00325 
-18.6833 8.65805 -18.6833 -5.66085 -18.6833 0.3509 -18.6833 -0.23095 -18.6833 0.0151 -18.6833 -0.0022 
-18.6032 9.2816 -18.6032 -4.1543 -18.6032 0.3959 -18.6032 -0.1297 -18.6032 0.01765 -18.6032 -0.00225 
-18.523 10.1135 -18.523 -3.79025 -18.523 0.4574 -18.523 -0.0821 -18.523 0.01985 -18.523 -0.0027 
-18.4429 10.9791 -18.4429 -4.09555 -18.4429 0.52395 -18.4429 -0.0751 -18.4429 0.0214 -18.4429 -0.0039 
-18.3627 11.4165 -18.3627 -4.62925 -18.3627 0.5712 -18.3627 -0.09185 -18.3627 0.02215 -18.3627 -0.00505 
-18.2825 10.85255 -18.2825 -5.3121 -18.2825 0.5605 -18.2825 -0.12455 -18.2825 0.02035 -18.2825 -0.0064 
-18.2024 9.15465 -18.2024 -6.31285 -18.2024 0.47985 -18.2024 -0.17635 -18.2024 0.01685 -18.2024 -0.00785 
-18.1222 6.8452 -18.1222 -7.7456 -18.1222 0.3578 -18.1222 -0.2491 -18.1222 0.0121 -18.1222 -0.0102 
-18.0421 4.699 -18.0421 -9.44395 -18.0421 0.2385 -18.0421 -0.33465 -18.0421 0.0082 -18.0421 -0.01295 
-17.9619 3.23895 -17.9619 -10.92395 -17.9619 0.1527 -17.9619 -0.40975 -17.9619 0.00555 -17.9619 -0.01555 
-17.8817 2.55615 -17.8817 -11.57365 -17.8817 0.1073 -17.8817 -0.4428 -17.8817 0.00425 -17.8817 -0.01735 
-17.8016 2.4417 -17.8016 -11.05295 -17.8016 0.0938 -17.8016 -0.4171 -17.8016 0.00425 -17.8016 -0.01715 
-17.7214 2.65595 -17.7214 -9.631 -17.7214 0.1008 -17.7214 -0.3477 -17.7214 0.0048 -17.7214 -0.01575 
-17.6413 3.0529 -17.6413 -8.04365 -17.6413 0.1215 -17.6413 -0.27295 -17.6413 0.0055 -17.6413 -0.01335 
-17.5611 3.51515 -17.5611 -6.9247 -17.5611 0.1496 -17.5611 -0.22515 -17.5611 0.00605 -17.5611 -0.01165 
-17.4809 3.9279 -17.4809 -6.41165 -17.4809 0.17795 -17.4809 -0.21265 -17.4809 0.00675 -17.4809 -0.0105 
-17.4008 4.1852 -17.4008 -6.2221 -17.4008 0.1972 -17.4008 -0.21875 -17.4008 0.00695 -17.4008 -0.00935 
-17.3206 4.16785 -17.3206 -5.95545 -17.3206 0.1991 -17.3206 -0.22 -17.3206 0.00675 -17.3206 -0.008 
-17.2405 3.7907 -17.2405 -5.3591 -17.2405 0.1806 -17.2405 -0.2024 -17.2405 0.00605 -17.2405 -0.00655 
-17.1603 3.06435 -17.1603 -4.39985 -17.1603 0.14475 -17.1603 -0.165 -17.1603 0.0047 -17.1603 -0.00475 
-17.0801 2.1171 -17.0801 -3.1852 -17.0801 0.0987 -17.0801 -0.11695 -17.0801 0.00325 -17.0801 -0.0031 
-17 1.19305 -17 -1.93985 -17 0.05565 -17 -0.0698 -17 0.0014 -17 -0.00155 
-16.9198 0.52645 -16.9198 -0.9479 -16.9198 0.02435 -16.9198 -0.03385 -16.9198 0.00065 -16.9198 -0.00055 
-16.8396 0.17685 -16.8396 -0.3586 -16.8396 0.00795 -16.8396 -0.01245 -16.8396 0.00015 -16.8396 -5e-05 
-16.7595 0.04445 -16.7595 -0.1027 -16.7595 0.002 -16.7595 -0.0034 -16.7595 0.0 -16.7595 -0.0 
-16.6793 0.00835 -16.6793 -0.022 -16.6793 0.00035 -16.6793 -0.0007 -16.6793 0.0 -16.6793 -0.0 
-16.5992 0.00185 -16.5992 -0.00395 -16.5992 0.0 -16.5992 -0.0001 -16.5992 0.0 -16.5992 -0.0 
-16.519 0.00555 -16.519 -0.0043 -16.519 0.0 -16.519 -0.0 -16.519 0.0 -16.519 -0.0 
-16.4388 0.0324 -16.4388 -0.02405 -16.4388 5e-05 -16.4388 -0.0 -16.4388 0.0 -16.4388 -0.0 
-16.3587 0.14515 -16.3587 -0.1123 -16.3587 0.00025 -16.3587 -0.0001 -16.3587 0.0002 -16.3587 -0.0001 
-16.2785 0.4928 -16.2785 -0.39895 -16.2785 0.0019 -16.2785 -0.00085 -16.2785 0.00095 -16.2785 -0.00065 
-16.1984 1.27385 -16.1984 -1.08255 -16.1984 0.00505 -16.1984 -0.0032 -16.1984 0.00265 -16.1984 -0.002 
-16.1182 2.52845 -16.1182 -2.25785 -16.1182 0.00945 -16.1182 -0.00615 -16.1182 0.00535 -16.1182 -0.0044 
-16.038 3.924 -16.038 -3.6704 -16.038 0.01465 -16.038 -0.01 -16.038 0.008 -16.038 -0.00685 
-15.9579 4.94205 -15.9579 -4.7961 -15.9579 0.01895 -15.9579 -0.0134 -15.9579 0.01035 -15.9579 -0.009 
-15.8777 5.3735 -15.8777 -5.33005 -15.8777 0.0202 -15.8777 -0.01435 -15.8777 0.0113 -15.8777 -0.0103 
-15.7976 5.3609 -15.7976 -5.38295 -15.7976 0.01995 -15.7976 -0.01385 -15.7976 0.0114 -15.7976 -0.0103 
-15.7174 4.92735 -15.7174 -5.0434 -15.7174 0.01825 -15.7174 -0.0119 -15.7174 0.01055 -15.7174 -0.00975 
-15.6372 3.93245 -15.6372 -4.1689 -15.6372 0.01385 -15.6372 -0.0091 -15.6372 0.0083 -15.6372 -0.00805 
-15.5571 2.54585 -15.5571 -2.8283 -15.5571 0.0089 -15.5571 -0.006 -15.5571 0.00525 -15.5571 -0.00515 
-15.4769 1.2789 -15.4769 -1.4962 -15.4769 0.00415 -15.4769 -0.0033 -15.4769 0.00255 -15.4769 -0.00305 
-15.3968 0.4872 -15.3968 -0.6005 -15.3968 0.0015 -15.3968 -0.0007 -15.3968 0.0009 -15.3968 -0.0011 
-15.3166 0.13915 -15.3166 -0.18035 -15.3166 0.0002 -15.3166 -0.00025 -15.3166 0.00025 -15.3166 -0.0003 
-15.2364 0.0296 -15.2364 -0.04025 -15.2364 0.0 -15.2364 -0.0 -15.2364 0.0 -15.2364 -0.0 
-15.1563 0.0047 -15.1563 -0.00665 -15.1563 0.0 -15.1563 -0.0 -15.1563 0.0 -15.1563 -0.0 
-15.0761 0.00055 -15.0761 -0.0008 -15.0761 0.0 -15.0761 -0.0 -15.0761 0.0 -15.0761 -0.0 
-14.996 5e-05 -14.996 -5e-05 -14.996 0.0 -14.996 -0.0 -14.996 0.0 -14.996 -0.0 
-14.9158 0.0 -14.9158 -0.0 -14.9158 0.0 -14.9158 -0.0 -14.9158 0.0 -14.9158 -0.0 
-14.8356 0.0 -14.8356 -0.0 -14.8356 0.0 -14.8356 -0.0 -14.8356 0.0 -14.8356 -0.0 
-14.7555 0.0 -14.7555 -0.0 -14.7555 0.0 -14.7555 -0.0 -14.7555 0.0 -14.7555 -0.0 
-14.6753 0.0 -14.6753 -0.0 -14.6753 0.0 -14.6753 -0.0 -14.6753 0.0 -14.6753 -0.0 
-14.5952 0.0 -14.5952 -0.0 -14.5952 0.0 -14.5952 -0.0 -14.5952 0.0 -14.5952 -0.0 
-14.515 0.0 -14.515 -0.0 -14.515 0.0 -14.515 -0.0 -14.515 0.0 -14.515 -0.0 
-14.4348 0.0 -14.4348 -0.0 -14.4348 0.0 -14.4348 -0.0 -14.4348 0.0 -14.4348 -0.0 
-14.3547 0.0 -14.3547 -0.0 -14.3547 0.0 -14.3547 -0.0 -14.3547 0.0 -14.3547 -0.0 
-14.2745 0.0 -14.2745 -0.0 -14.2745 0.0 -14.2745 -0.0 -14.2745 0.0 -14.2745 -0.0 
-14.1944 0.0 -14.1944 -0.0 -14.1944 0.0 -14.1944 -0.0 -14.1944 0.0 -14.1944 -0.0 
-14.1142 0.0 -14.1142 -0.0 -14.1142 0.0 -14.1142 -0.0 -14.1142 0.0 -14.1142 -0.0 
-14.034 0.0 -14.034 -0.0 -14.034 0.0 -14.034 -0.0 -14.034 0.0 -14.034 -0.0 
-13.9539 0.0 -13.9539 -0.0 -13.9539 0.0 -13.9539 -0.0 -13.9539 0.0 -13.9539 -0.0 
-13.8737 0.0 -13.8737 -0.0 -13.8737 0.0 -13.8737 -0.0 -13.8737 0.0 -13.8737 -0.0 
-13.7936 0.0 -13.7936 -0.0 -13.7936 0.0 -13.7936 -0.0 -13.7936 0.0 -13.7936 -0.0 
-13.7134 0.0 -13.7134 -0.0 -13.7134 0.0 -13.7134 -0.0 -13.7134 0.0 -13.7134 -0.0 
-13.6332 0.0 -13.6332 -0.0 -13.6332 0.0 -13.6332 -0.0 -13.6332 0.0 -13.6332 -0.0 
-13.5531 0.0 -13.5531 -0.0 -13.5531 0.0 -13.5531 -0.0 -13.5531 0.0 -13.5531 -0.0 
-13.4729 0.0 -13.4729 -0.0 -13.4729 0.0 -13.4729 -0.0 -13.4729 0.0 -13.4729 -0.0 
-13.3928 0.0 -13.3928 -0.0 -13.3928 0.0 -13.3928 -0.0 -13.3928 0.0 -13.3928 -0.0 
-13.3126 0.0 -13.3126 -0.0 -13.3126 0.0 -13.3126 -0.0 -13.3126 0.0 -13.3126 -0.0 
-13.2324 0.0 -13.2324 -0.0 -13.2324 0.0 -13.2324 -0.0 -13.2324 0.0 -13.2324 -0.0 
-13.1523 0.0 -13.1523 -0.0 -13.1523 0.0 -13.1523 -0.0 -13.1523 0.0 -13.1523 -0.0 
-13.0721 0.0 -13.0721 -0.0 -13.0721 0.0 -13.0721 -0.0 -13.0721 0.0 -13.0721 -0.0 
-12.992 0.0 -12.992 -0.0 -12.992 0.0 -12.992 -0.0 -12.992 0.0 -12.992 -0.0 
-12.9118 0.0 -12.9118 -0.0 -12.9118 0.0 -12.9118 -0.0 -12.9118 0.0 -12.9118 -0.0 
-12.8316 0.0 -12.8316 -0.0 -12.8316 0.0 -12.8316 -0.0 -12.8316 0.0 -12.8316 -0.0 
-12.7515 0.0 -12.7515 -0.0 -12.7515 0.0 -12.7515 -0.0 -12.7515 0.0 -12.7515 -0.0 
-12.6713 0.0 -12.6713 -0.0 -12.6713 0.0 -12.6713 -0.0 -12.6713 0.0 -12.6713 -0.0 
-12.5912 0.0 -12.5912 -0.0 -12.5912 0.0 -12.5912 -0.0 -12.5912 0.0 -12.5912 -0.0 
-12.511 0.0 -12.511 -0.0 -12.511 0.0 -12.511 -0.0 -12.511 0.0 -12.511 -0.0 
-12.4308 0.0 -12.4308 -0.0 -12.4308 0.0 -12.4308 -0.0 -12.4308 0.0 -12.4308 -0.0 
-12.3507 0.0 -12.3507 -0.0 -12.3507 0.0 -12.3507 -0.0 -12.3507 0.0 -12.3507 -0.0 
-12.2705 0.0 -12.2705 -0.0 -12.2705 0.0 -12.2705 -0.0 -12.2705 0.0 -12.2705 -0.0 
-12.1904 0.0 -12.1904 -0.0 -12.1904 0.0 -12.1904 -0.0 -12.1904 0.0 -12.1904 -0.0 
-12.1102 0.0 -12.1102 -0.0 -12.1102 0.0 -12.1102 -0.0 -12.1102 0.0 -12.1102 -0.0 
-12.03 0.0 -12.03 -0.0 -12.03 0.0 -12.03 -0.0 -12.03 0.0 -12.03 -0.0 
-11.9499 0.0 -11.9499 -0.0 -11.9499 0.0 -11.9499 -0.0 -11.9499 0.0 -11.9499 -0.0 
-11.8697 0.0 -11.8697 -0.0 -11.8697 0.0 -11.8697 -0.0 -11.8697 0.0 -11.8697 -0.0 
-11.7895 0.0 -11.7895 -0.0 -11.7895 0.0 -11.7895 -0.0 -11.7895 0.0 -11.7895 -0.0 
-11.7094 0.0 -11.7094 -0.0 -11.7094 0.0 -11.7094 -0.0 -11.7094 0.0 -11.7094 -0.0 
-11.6292 0.0 -11.6292 -0.0 -11.6292 0.0 -11.6292 -0.0 -11.6292 0.0 -11.6292 -0.0 
-11.5491 0.0 -11.5491 -0.0 -11.5491 0.0 -11.5491 -0.0 -11.5491 0.0 -11.5491 -0.0 
-11.4689 0.0 -11.4689 -0.0 -11.4689 0.0 -11.4689 -0.0 -11.4689 0.0 -11.4689 -0.0 
-11.3887 0.0 -11.3887 -0.0 -11.3887 0.0 -11.3887 -0.0 -11.3887 0.0 -11.3887 -0.0 
-11.3086 0.0 -11.3086 -0.0 -11.3086 0.0 -11.3086 -0.0 -11.3086 0.0 -11.3086 -0.0 
-11.2284 0.0 -11.2284 -0.0 -11.2284 0.0 -11.2284 -0.0 -11.2284 0.0 -11.2284 -0.0 
-11.1483 0.0 -11.1483 -0.0 -11.1483 0.0 -11.1483 -0.0 -11.1483 0.0 -11.1483 -0.0 
-11.0681 0.0 -11.0681 -0.0 -11.0681 0.0 -11.0681 -0.0 -11.0681 0.0 -11.0681 -0.0 
-10.9879 0.0 -10.9879 -0.0 -10.9879 0.0 -10.9879 -0.0 -10.9879 0.0 -10.9879 -0.0 
-10.9078 0.0 -10.9078 -0.0 -10.9078 0.0 -10.9078 -0.0 -10.9078 0.0 -10.9078 -0.0 
-10.8276 0.0 -10.8276 -0.0 -10.8276 0.0 -10.8276 -0.0 -10.8276 0.0 -10.8276 -0.0 
-10.7475 0.0 -10.7475 -0.0 -10.7475 0.0 -10.7475 -0.0 -10.7475 0.0 -10.7475 -0.0 
-10.6673 0.0 -10.6673 -0.0 -10.6673 0.0 -10.6673 -0.0 -10.6673 0.0 -10.6673 -0.0 
-10.5871 0.0 -10.5871 -0.0 -10.5871 0.0 -10.5871 -0.0 -10.5871 0.0 -10.5871 -0.0 
-10.507 0.0 -10.507 -0.0 -10.507 0.0 -10.507 -0.0 -10.507 0.0 -10.507 -0.0 
-10.4268 5e-05 -10.4268 -0.0 -10.4268 0.0 -10.4268 -0.0 -10.4268 0.0 -10.4268 -0.0 
-10.3467 0.0004 -10.3467 -0.0 -10.3467 0.0001 -10.3467 -0.0 -10.3467 0.0 -10.3467 -0.0 
-10.2665 0.00275 -10.2665 -0.0 -10.2665 0.0014 -10.2665 -0.0 -10.2665 0.0001 -10.2665 -0.0 
-10.1863 0.0142 -10.1863 -0.0 -10.1863 0.009 -10.1863 -0.0 -10.1863 0.00195 -10.1863 -0.0 
-10.1062 0.0571 -10.1062 -0.0 -10.1062 0.03685 -10.1062 -0.0 -10.1062 0.0077 -10.1062 -0.0 
-10.026 0.181 -10.026 -0.0002 -10.026 0.1177 -10.026 -0.0 -10.026 0.02495 -10.026 -0.0 
-9.94589 0.4659 -9.94589 -0.0018 -9.94589 0.30835 -9.94589 -0.0012 -9.94589 0.06415 -9.94589 -0.0003 
-9.86569 1.012 -9.86569 -0.0115 -9.86569 0.6842 -9.86569 -0.00815 -9.86569 0.13725 -9.86569 -0.00165 
-9.78549 1.93205 -9.78549 -0.056 -9.78549 1.3427 -9.78549 -0.03955 -9.78549 0.2573 -9.78549 -0.00915 
-9.70539 3.339 -9.70539 -0.20995 -9.70539 2.3904 -9.70539 -0.1492 -9.70539 0.4344 -9.70539 -0.0347 
-9.62519 5.26095 -9.62519 -0.61705 -9.62519 3.86735 -9.62519 -0.4403 -9.62519 0.6691 -9.62519 -0.10205 
-9.54509 7.49665 -9.54509 -1.4527 -9.54509 5.61755 -9.54509 -1.0409 -9.54509 0.9348 -9.54509 -0.23865 
-9.46489 9.6468 -9.46489 -2.8202 -9.46489 7.311 -9.46489 -2.03405 -9.46489 1.18445 -9.46489 -0.4573 
-9.38469 11.46625 -9.38469 -4.68105 -9.38469 8.7403 -9.38469 -3.40815 -9.38469 1.3867 -9.38469 -0.7433 
-9.30459 13.15165 -9.30459 -6.89385 -9.30459 10.0671 -9.30459 -5.08515 -9.30459 1.56245 -9.30459 -1.0609 
-9.22439 15.09 -9.22439 -9.2396 -9.22439 11.6136 -9.22439 -6.91665 -9.22439 1.7608 -9.22439 -1.36895 
-9.14429 17.32635 -9.14429 -11.34135 -9.14429 13.415 -9.14429 -8.61575 -9.14429 1.99705 -9.14429 -1.60875 
-9.06409 19.4025 -9.06409 -12.70545 -9.06409 15.0896 -9.06409 -9.78355 -9.06409 2.23045 -9.06409 -1.7121 
-8.98389 20.7344 -8.98389 -13.04215 -8.98389 16.15705 -8.98389 -10.1775 -8.98389 2.39075 -8.98389 -1.6416 
-8.90379 21.1375 -8.90379 -12.50815 -8.90379 16.4702 -8.90379 -9.9103 -8.90379 2.4415 -8.90379 -1.4274 
-8.82359 20.9828 -8.82359 -11.5324 -8.82359 16.3386 -8.82359 -9.3105 -8.82359 2.40195 -8.82359 -1.14845 
-8.74349 20.8194 -8.74349 -10.4451 -8.74349 16.22495 -8.74349 -8.61905 -8.74349 2.3212 -8.74349 -0.88145 
-8.66329 20.89955 -8.66329 -9.2832 -8.66329 16.3605 -8.66329 -7.818 -8.66329 2.2222 -8.66329 -0.6699 
-8.58309 21.0796 -8.58309 -7.95565 -8.58309 16.64505 -8.58309 -6.7753 -8.58309 2.1018 -8.58309 -0.53435 
-8.50299 21.0297 -8.50299 -6.6659 -8.50299 16.79815 -8.50299 -5.6274 -8.50299 1.9488 -8.50299 -0.5015 
-8.42279 20.51085 -8.42279 -6.0032 -8.42279 16.58735 -8.42279 -4.88755 -8.42279 1.7652 -8.42279 -0.598 
-8.34269 19.6363 -8.34269 -6.3398 -8.34269 16.08175 -8.34269 -4.9349 -8.34269 1.57195 -8.34269 -0.80305 
-8.26249 18.9182 -8.26249 -7.2599 -8.26249 15.71005 -8.26249 -5.5079 -8.26249 1.4037 -8.26249 -1.02285 
-8.18229 18.8771 -8.18229 -7.8588 -8.18229 15.91865 -8.18229 -5.91355 -8.18229 1.28935 -8.18229 -1.13865 
-8.10219 19.4866 -8.10219 -7.5883 -8.10219 16.6783 -8.10219 -5.70655 -8.10219 1.2241 -8.10219 -1.09615 
-8.02199 20.10155 -8.02199 -6.7062 -8.02199 17.41565 -8.02199 -5.0642 -8.02199 1.17185 -8.02199 -0.9389 
-7.94189 19.99585 -7.94189 -5.92345 -7.94189 17.4716 -7.94189 -4.50785 -7.94189 1.1058 -7.94189 -0.7686 
-7.86169 18.8474 -7.86169 -5.69735 -7.86169 16.54 -7.86169 -4.36195 -7.86169 1.0239 -7.86169 -0.66535 
-7.78149 16.7852 -7.78149 -6.0046 -7.78149 14.7394 -7.78149 -4.58925 -7.78149 0.9304 -7.78149 -0.6487 
-7.70139 14.26505 -7.70139 -6.7154 -7.70139 12.4991 -7.70139 -5.09885 -7.70139 0.82735 -7.70139 -0.70125 
-7.62119 11.90945 -7.62119 -7.6748 -7.62119 10.38825 -7.62119 -5.79155 -7.62119 0.73105 -7.62119 -0.79265 
-7.54109 10.1709 -7.54109 -8.3 -7.54109 8.8182 -7.54109 -6.1959 -7.54109 0.659 -7.54109 -0.86635 
-7.46089 8.9408 -7.46089 -7.83575 -7.46089 7.7138 -7.46089 -5.6512 -7.46089 0.5961 -7.46089 -0.87085 
-7.38069 7.7091 -7.38069 -6.3071 -7.38069 6.64365 -7.38069 -4.12205 -7.38069 0.50805 -7.38069 -0.82185 
-7.30059 6.2889 -7.30059 -4.6173 -7.30059 5.43745 -7.30059 -2.35905 -7.30059 0.3914 -7.30059 -0.7844 
-7.22039 4.9589 -7.22039 -3.6064 -7.22039 4.31385 -7.22039 -1.1006 -7.22039 0.2802 -7.22039 -0.81 
-7.14029 3.8247 -7.14029 -3.44405 -7.14029 3.3451 -7.14029 -0.4993 -7.14029 0.1969 -7.14029 -0.91825 
-7.06009 2.6955 -7.06009 -3.76115 -7.06009 2.36045 -7.06009 -0.319 -7.06009 0.13275 -7.06009 -1.09065 
-6.97989 1.5889 -6.97989 -4.05035 -6.97989 1.37485 -6.97989 -0.3066 -6.97989 0.08575 -6.97989 -1.2659 
-6.89979 0.78235 -6.89979 -4.1048 -6.89979 0.6259 -6.89979 -0.33505 -6.89979 0.06845 -6.89979 -1.40995 
-6.81959 0.4286 -6.81959 -4.15545 -6.81959 0.2336 -6.81959 -0.3743 -6.81959 0.09485 -6.81959 -1.55645 
-6.73939 0.4542 -6.73939 -4.53875 -6.73939 0.1126 -6.73939 -0.43065 -6.73939 0.1722 -6.73939 -1.75555 
-6.65929 0.7502 -6.65929 -5.3291 -6.65929 0.1363 -6.65929 -0.5039 -6.65929 0.31325 -6.65929 -1.99535 
-6.57909 1.29685 -6.57909 -6.25415 -6.57909 0.2459 -6.57909 -0.57565 -6.57909 0.542 -6.57909 -2.19765 
-6.49899 2.1309 -6.49899 -6.85785 -6.49899 0.43325 -6.49899 -0.6158 -6.49899 0.88385 -6.49899 -2.2857 
-6.41879 3.2506 -6.41879 -6.85995 -6.41879 0.69765 -6.41879 -0.6151 -6.41879 1.3403 -6.41879 -2.2643 
-6.33859 4.557 -6.33859 -6.43715 -6.33859 1.0175 -6.33859 -0.5967 -6.33859 1.8733 -6.33859 -2.2314 
-6.25849 5.86405 -6.25849 -6.02975 -6.25849 1.3438 -6.25849 -0.59415 -6.25849 2.4092 -6.25849 -2.2793 
-6.17829 6.9495 -6.17829 -5.88025 -6.17829 1.6153 -6.17829 -0.6172 -6.17829 2.8614 -6.17829 -2.4042 
-6.09819 7.6698 -6.09819 -5.90915 -6.09819 1.79095 -6.09819 -0.6529 -6.09819 3.17045 -6.09819 -2.53515 
-6.01799 8.1411 -6.01799 -5.9684 -6.01799 1.8924 -6.01799 -0.689 -6.01799 3.38045 -6.01799 -2.62665 
-5.93779 8.7182 -5.93779 -6.0116 -5.93779 2.0014 -5.93779 -0.72535 -5.93779 3.6328 -5.93779 -2.68035 
-5.85769 9.5743 -5.85769 -6.0538 -5.85769 2.1643 -5.85769 -0.7663 -5.85769 3.996 -5.85769 -2.70995 
-5.77749 10.37425 -5.77749 -6.1593 -5.77749 2.31405 -5.77749 -0.8202 -5.77749 4.3316 -5.77749 -2.7481 
-5.69739 10.6205 -5.69739 -6.47205 -5.69739 2.33445 -5.69739 -0.9061 -5.69739 4.44445 -5.69739 -2.8695 
-5.61719 10.2581 -5.61719 -7.10105 -5.61719 2.19495 -5.61719 -1.0406 -5.61719 4.3291 -5.61719 -3.13485 
-5.53699 9.70035 -5.53699 -7.97185 -5.53699 1.9821 -5.53699 -1.21765 -5.53699 4.1656 -5.53699 -3.51965 
-5.45689 9.3215 -5.45689 -8.9176 -5.45689 1.79865 -5.45689 -1.4222 -5.45689 4.0964 -5.45689 -3.9488 
-5.37669 9.14325 -5.37669 -9.861 -5.37669 1.6825 -5.37669 -1.6469 -5.37669 4.10645 -5.37669 -4.38105 
-5.29659 8.99905 -5.29659 -10.7352 -5.29659 1.6146 -5.29659 -1.86775 -5.29659 4.1088 -5.29659 -4.7802 
-5.21639 8.7925 -5.21639 -11.31795 -5.21639 1.56455 -5.21639 -2.02115 -5.21639 4.06115 -5.21639 -5.04895 
-5.13619 8.5126 -5.13619 -11.3821 -5.13619 1.50865 -5.13619 -2.0513 -5.13619 3.96785 -5.13619 -5.0892 
-5.05609 8.17225 -5.05609 -10.9609 -5.05609 1.4337 -5.05609 -1.96825 -5.05609 3.8461 -5.05609 -4.92015 
-4.97589 7.9015 -4.97589 -10.31725 -4.97589 1.3612 -4.97589 -1.8358 -4.97589 3.77135 -4.97589 -4.66505 
-4.89579 8.00655 -4.89579 -9.7823 -4.89579 1.34595 -4.89579 -1.7304 -4.89579 3.8987 -4.89579 -4.481 
-4.81559 8.71645 -4.81559 -9.7084 -4.81559 1.4321 -4.81559 -1.7291 -4.81559 4.338 -4.81559 -4.53225 
-4.73539 9.83995 -4.73539 -10.33055 -4.73539 1.59095 -4.73539 -1.88675 -4.73539 4.9823 -4.73539 -4.92305 
-4.65529 10.8591 -4.65529 -11.51735 -4.65529 1.73435 -4.65529 -2.17935 -4.65529 5.56145 -4.65529 -5.5811 
-4.57509 11.44025 -4.57509 -12.83215 -4.57509 1.799 -4.57509 -2.5083 -4.57509 5.90365 -4.57509 -6.2873 
-4.49499 11.6726 -4.49499 -13.9337 -4.49499 1.79395 -4.49499 -2.78705 -4.49499 6.0613 -4.49499 -6.87305 
-4.41479 11.7641 -4.41479 -14.783 -4.41479 1.75985 -4.41479 -2.99975 -4.41479 6.14905 -4.41479 -7.3254 
-4.33459 11.7866 -4.33459 -15.44245 -4.33459 1.7223 -4.33459 -3.16625 -4.33459 6.20295 -4.33459 -7.68615 
-4.25449 11.7819 -4.25449 -15.8342 -4.25449 1.6942 -4.25449 -3.2747 -4.25449 6.2439 -4.25449 -7.9196 
-4.17429 11.8111 -4.17429 -15.7861 -4.17429 1.6801 -4.17429 -3.28485 -4.17429 6.30385 -4.17429 -7.9279 
-4.09419 11.83295 -4.09419 -15.2804 -4.09419 1.669 -4.09419 -3.19 -4.09419 6.35405 -4.09419 -7.6956 
-4.01399 11.7506 -4.01399 -14.57955 -4.01399 1.64785 -4.01399 -3.04585 -4.01399 6.33885 -4.01399 -7.36165 
-3.93379 11.5738 -3.93379 -14.07725 -3.93379 1.62365 -3.93379 -2.9341 -3.93379 6.2653 -3.93379 -7.13715 
-3.85369 11.40395 -3.85369 -14.02875 -3.85369 1.6128 -3.85369 -2.90785 -3.85369 6.193 -3.85369 -7.15455 
-3.77349 11.3187 -3.77349 -14.36795 -3.77349 1.62635 -3.77349 -2.96065 -3.77349 6.1621 -3.77349 -7.3722 
-3.69339 11.3604 -3.69339 -14.78005 -3.69339 1.67135 -3.69339 -3.0335 -3.69339 6.18765 -3.69339 -7.6248 
-3.61319 11.57505 -3.61319 -15.0166 -3.61319 1.75815 -3.61319 -3.0696 -3.61319 6.29245 -3.61319 -7.79095 
-3.53299 11.99515 -3.53299 -15.0981 -3.53299 1.8922 -3.53299 -3.0504 -3.53299 6.5048 -3.53299 -7.89635 
-3.45289 12.56685 -3.45289 -15.16865 -3.45289 2.05965 -3.45289 -2.9805 -3.45289 6.8104 -3.45289 -8.0298 
-3.37269 13.088 -3.37269 -15.26255 -3.37269 2.21715 -3.37269 -2.8592 -3.37269 7.1021 -3.37269 -8.2114 
-3.29259 13.29445 -3.29259 -15.24315 -3.29259 2.30745 -3.29259 -2.68395 -3.29259 7.2282 -3.29259 -8.3488 
-3.21239 13.0688 -3.21239 -14.8395 -3.21239 2.30075 -3.21239 -2.44965 -3.21239 7.11515 -3.21239 -8.2602 
-3.13219 12.5226 -3.13219 -13.7946 -3.13219 2.21765 -3.13219 -2.1465 -3.13219 6.82405 -3.13219 -7.77535 
-3.05209 11.89145 -3.05209 -12.19685 -3.05209 2.1121 -3.05209 -1.801 -3.05209 6.4895 -3.05209 -6.93595 
-2.97189 11.42365 -2.97189 -10.60775 -2.97189 2.04535 -2.97189 -1.4997 -2.97189 6.245 -2.97189 -6.0704 
-2.89179 11.32055 -2.89179 -9.6325 -2.89179 2.0622 -2.89179 -1.326 -2.89179 6.19915 -2.89179 -5.54145 
-2.81159 11.64175 -2.81159 -9.41225 -2.81159 2.1649 -2.81159 -1.28645 -2.81159 6.38945 -2.81159 -5.44685 
-2.73139 12.18835 -2.73139 -9.65905 -2.73139 2.29905 -2.73139 -1.32315 -2.73139 6.7166 -2.73139 -5.6277 
-2.65129 12.5715 -2.65129 -10.019 -2.65129 2.3817 -2.65129 -1.37255 -2.65129 6.9703 -2.65129 -5.8795 
-2.57109 12.5357 -2.57109 -10.27735 -2.57109 2.3738 -2.57109 -1.3966 -2.57109 7.0015 -2.57109 -6.0711 
-2.49099 12.16125 -2.49099 -10.38995 -2.49099 2.3059 -2.49099 -1.38915 -2.49099 6.84245 -2.49099 -6.17045 
-2.41079 11.6634 -2.41079 -10.45515 -2.41079 2.2238 -2.41079 -1.36585 -2.41079 6.6058 -2.41079 -6.23565 
-2.33059 11.1309 -2.33059 -10.5945 -2.33059 2.13325 -2.33059 -1.34595 -2.33059 6.345 -2.33059 -6.3475 
-2.25049 10.56585 -2.25049 -10.80225 -2.25049 2.01975 -2.25049 -1.33515 -2.25049 6.07055 -2.25049 -6.5091 
-2.17029 10.06295 -2.17029 -10.91045 -2.17029 1.8935 -2.17029 -1.3226 -2.17029 5.84555 -2.17029 -6.61075 
-2.09009 9.83225 -2.09009 -10.69435 -2.09009 1.79675 -2.09009 -1.2916 -2.09009 5.7904 -2.09009 -6.4988 
-2.00999 10.03095 -2.00999 -10.0022 -2.00999 1.7697 -2.00999 -1.22715 -2.00999 5.99205 -2.00999 -6.0692 
-1.92979 10.5981 -1.92979 -8.84345 -1.92979 1.81335 -1.92979 -1.1252 -1.92979 6.4069 -1.92979 -5.33025 
-1.84969 11.29315 -1.84969 -7.46055 -1.84969 1.89715 -1.84969 -1.0082 -1.84969 6.8883 -1.84969 -4.43945 
-1.76949 11.8701 -1.76949 -6.2535 -1.76949 1.9847 -1.76949 -0.92155 -1.76949 7.2906 -1.76949 -3.65455 
-1.68929 12.17265 -1.68929 -5.5042 -1.68929 2.0375 -1.68929 -0.9012 -1.68929 7.52565 -1.68929 -3.158 
-1.60919 12.15115 -1.60919 -5.22565 -1.60919 2.02985 -1.60919 -0.9559 -1.60919 7.5634 -1.60919 -2.95625 
-1.52899 11.83615 -1.52899 -5.2902 -1.52899 1.9523 -1.52899 -1.07385 -1.52899 7.41255 -1.52899 -2.96135 
-1.44889 11.22205 -1.44889 -5.53775 -1.44889 1.8109 -1.44889 -1.215 -1.44889 7.05265 -1.44889 -3.07115 
-1.36869 10.22275 -1.36869 -5.7432 -1.36869 1.60975 -1.36869 -1.307 -1.36869 6.4209 -1.36869 -3.1598 
-1.28849 8.8346 -1.28849 -5.659 -1.28849 1.3643 -1.28849 -1.27865 -1.28849 5.5191 -1.28849 -3.08935 
-1.20839 7.28315 -1.20839 -5.192 -1.20839 1.1092 -1.20839 -1.11835 -1.20839 4.4967 -1.20839 -2.80525 
-1.12819 5.89375 -1.12819 -4.4676 -1.12819 0.88645 -1.12819 -0.88955 -1.12819 3.5685 -1.12819 -2.3787 
-1.04809 4.8217 -1.04809 -3.63455 -1.04809 0.71635 -1.04809 -0.66525 -1.04809 2.8507 -1.04809 -1.90305 
-0.967886 3.99445 -0.967886 -2.71375 -0.967886 0.5902 -0.967886 -0.4681 -0.967886 2.31415 -0.967886 -1.4019 
-0.887686 3.27135 -0.887686 -1.74495 -0.887686 0.48835 -0.887686 -0.2928 -0.887686 1.87385 -0.887686 -0.89395 
-0.807586 2.55295 -0.807586 -0.9085 -0.807586 0.3903 -0.807586 -0.15125 -0.807586 1.4597 -0.807586 -0.4636 
-0.727386 1.81085 -0.727386 -0.3676 -0.727386 0.28515 -0.727386 -0.06085 -0.727386 1.0424 -0.727386 -0.187 
-0.647286 1.1127 -0.647286 -0.11295 -0.647286 0.18 -0.647286 -0.01865 -0.647286 0.648 -0.647286 -0.05695 
-0.567086 0.5712 -0.567086 -0.02605 -0.567086 0.0951 -0.567086 -0.00405 -0.567086 0.3377 -0.567086 -0.0132 
-0.486886 0.23925 -0.486886 -0.00445 -0.486886 0.04025 -0.486886 -0.0005 -0.486886 0.1438 -0.486886 -0.00205 
-0.406786 0.08035 -0.406786 -0.00055 -0.406786 0.0137 -0.406786 -0.0 -0.406786 0.0486 -0.406786 -0.00015 
-0.326586 0.02125 -0.326586 -5e-05 -0.326586 0.00365 -0.326586 -0.0 -0.326586 0.01275 -0.326586 -0.0 
-0.246486 0.00435 -0.246486 -0.0 -0.246486 0.00055 -0.246486 -0.0 -0.246486 0.0027 -0.246486 -0.0 
-0.166286 0.0007 -0.166286 -0.0 -0.166286 0.0001 -0.166286 -0.0 -0.166286 0.00035 -0.166286 -0.0 
-0.086086 0.0001 -0.086086 -0.0 -0.086086 0.0 -0.086086 -0.0 -0.086086 0.0 -0.086086 -0.0 
-0.00598603 0.0 -0.00598603 -0.0 -0.00598603 0.0 -0.00598603 -0.0 -0.00598603 0.0 -0.00598603 -0.0 
0.074214 0.0 0.074214 -0.0 0.074214 0.0 0.074214 -0.0 0.074214 0.0 0.074214 -0.0 
0.154314 5e-05 0.154314 -5e-05 0.154314 0.0 0.154314 -0.0 0.154314 0.0 0.154314 -0.0 
0.234514 0.0006 0.234514 -0.00035 0.234514 0.0 0.234514 -5e-05 0.234514 0.0 0.234514 -0.0 
0.314714 0.00495 0.314714 -0.00285 0.314714 0.0018 0.314714 -0.0022 0.314714 0.00015 0.314714 -0.0 
0.394814 0.0304 0.394814 -0.0182 0.394814 0.01125 0.394814 -0.01445 0.394814 0.0024 0.394814 -0.0005 
0.475014 0.1406 0.475014 -0.08985 0.475014 0.05645 0.475014 -0.07235 0.475014 0.01305 0.475014 -0.00555 
0.555114 0.4977 0.555114 -0.346 0.555114 0.21165 0.555114 -0.28145 0.555114 0.04845 0.555114 -0.0218 
0.635314 1.37025 0.635314 -1.0522 0.635314 0.61465 0.635314 -0.8599 0.635314 0.13815 0.635314 -0.067 
0.715514 3.00025 0.715514 -2.5556 0.715514 1.4235 0.715514 -2.09765 0.715514 0.3126 0.715514 -0.16205 
0.795614 5.3782 0.795614 -5.02125 0.795614 2.7282 0.795614 -4.13995 0.795614 0.57915 0.795614 -0.31625 
0.875814 8.19715 0.875814 -8.1115 0.875814 4.52185 0.875814 -6.71675 0.875814 0.90465 0.875814 -0.5061 
0.955914 11.11725 0.955914 -11.04965 0.955914 6.77865 0.955914 -9.18685 0.955914 1.2378 0.955914 -0.68255 
1.03611 13.97805 1.03611 -13.22815 1.03611 9.4196 1.03611 -11.033 1.03611 1.54635 1.03611 -0.8147 
1.11631 16.5246 1.11631 -14.74565 1.11631 12.0338 1.11631 -12.31805 1.11631 1.8093 1.11631 -0.92325 
1.19641 17.9869 1.19641 -16.1787 1.19641 13.7179 1.19641 -13.51465 1.19641 1.9702 1.19641 -1.05715 
1.27661 17.40485 1.27661 -17.9031 1.27661 13.5538 1.27661 -14.94955 1.27661 1.9412 1.27661 -1.23805 
1.35671 14.64815 1.35671 -19.81675 1.35671 11.46615 1.35671 -16.56295 1.35671 1.69255 1.35671 -1.4434 
1.43691 10.7942 1.43691 -21.57845 1.43691 8.41645 1.43691 -18.07485 1.43691 1.3144 1.43691 -1.633 
1.51711 7.2029 1.51711 -22.876 1.51711 5.5622 1.51711 -19.1998 1.51711 0.93525 1.51711 -1.7834 
1.59721 4.50915 1.59721 -23.60585 1.59721 3.42375 1.59721 -19.809 1.59721 0.62515 1.59721 -1.905 
1.67741 2.70295 1.67741 -24.00895 1.67741 1.9531 1.67741 -20.07415 1.67741 0.3954 1.67741 -2.0437 
1.75751 1.7099 1.75751 -24.41285 1.75751 1.0229 1.75751 -20.26535 1.75751 0.26085 1.75751 -2.23705 
1.83771 1.51595 1.83771 -24.6965 1.83771 0.58805 1.83771 -20.29795 1.83771 0.23665 1.83771 -2.4663 
1.91791 1.9736 1.91791 -24.4384 1.91791 0.5862 1.91791 -19.8343 1.91791 0.30615 1.91791 -2.6789 
1.99801 2.7898 1.99801 -23.69425 1.99801 0.91065 1.99801 -18.9247 1.99801 0.42295 1.99801 -2.8787 
2.07821 3.68005 2.07821 -23.01355 2.07821 1.4575 2.07821 -18.0317 2.07821 0.5336 2.07821 -3.1147 
2.15831 4.4819 2.15831 -22.5889 2.15831 2.1899 2.15831 -17.3584 2.15831 0.59465 2.15831 -3.3691 
2.23851 5.22395 2.23851 -22.01735 2.23851 3.14995 2.23851 -16.6484 2.23851 0.5917 2.23851 -3.5298 
2.31871 6.09985 2.31871 -20.97185 2.31871 4.37005 2.31871 -15.6871 2.31871 0.56055 2.31871 -3.5146 
2.39881 7.2323 2.39881 -19.5311 2.39881 5.7367 2.39881 -14.52155 2.39881 0.5585 2.39881 -3.34635 
2.47901 8.4278 2.47901 -17.7793 2.47901 6.9521 2.47901 -13.16985 2.47901 0.6075 2.47901 -3.077 
2.55911 9.2239 2.55911 -15.6246 2.55911 7.6351 2.55911 -11.5278 2.55911 0.6863 2.55911 -2.7193 
2.63931 9.24335 2.63931 -13.144 2.63931 7.54155 2.63931 -9.65385 2.63931 0.76365 2.63931 -2.2951 
2.71951 8.5471 2.71951 -10.6949 2.71951 6.79755 2.71951 -7.82345 2.71951 0.8277 2.71951 -1.8712 
2.79961 7.5753 2.79961 -8.5662 2.79961 5.83315 2.79961 -6.24075 2.79961 0.88505 2.79961 -1.50875 
2.87981 6.7272 2.87981 -6.76125 2.87981 5.01915 2.87981 -4.8929 2.87981 0.93935 2.87981 -1.2119 
2.96001 6.07565 2.96001 -5.15925 2.96001 4.4292 2.96001 -3.69995 2.96001 0.97545 2.96001 -0.9474 
3.04011 5.43025 3.04011 -3.7354 3.04011 3.90485 3.04011 -2.6577 3.04011 0.9571 3.04011 -0.6982 
3.12031 4.56745 3.12031 -2.60215 3.12031 3.2547 3.12031 -1.8449 3.12031 0.8518 3.12031 -0.4863 
3.20041 3.43775 3.20041 -1.8935 3.20041 2.42365 3.20041 -1.3427 3.20041 0.66 3.20041 -0.34765 
3.28061 2.2345 3.28061 -1.58825 3.28061 1.5358 3.28061 -1.1248 3.28061 0.43085 3.28061 -0.28535 
3.36081 1.2561 3.36081 -1.45245 3.36081 0.7984 3.36081 -1.02 3.36081 0.2345 3.36081 -0.25785 
3.44091 0.66775 3.44091 -1.23455 3.44091 0.3326 3.44091 -0.84285 3.44091 0.11105 3.44091 -0.21695 
3.52111 0.41 3.52111 -0.90205 3.52111 0.11245 3.52111 -0.56675 3.52111 0.055 3.52111 -0.154 
3.60121 0.3214 3.60121 -0.60225 3.60121 0.0351 3.60121 -0.29945 3.60121 0.03675 3.60121 -0.09585 
3.68141 0.28395 3.68141 -0.4355 3.68141 0.0146 3.68141 -0.1297 3.68141 0.03215 3.68141 -0.06265 
3.76161 0.25915 3.76161 -0.36445 3.76161 0.00955 3.76161 -0.0533 3.76161 0.0311 3.76161 -0.04935 
3.84171 0.2575 3.84171 -0.31115 3.84171 0.00825 3.84171 -0.026 3.84171 0.0332 3.84171 -0.0419 
3.92191 0.29725 3.92191 -0.256 3.92191 0.0083 3.92191 -0.01615 3.92191 0.0403 3.92191 -0.03595 
4.00201 0.37365 4.00201 -0.23655 4.00201 0.0095 4.00201 -0.0133 4.00201 0.05305 4.00201 -0.036 
4.08221 0.45445 4.08221 -0.2851 4.08221 0.01145 4.08221 -0.0158 4.08221 0.0659 4.08221 -0.04605 
4.16241 0.4965 4.16241 -0.38495 4.16241 0.01265 4.16241 -0.02105 4.16241 0.0746 4.16241 -0.0644 
4.24251 0.47155 4.24251 -0.4816 4.24251 0.01185 4.24251 -0.0251 4.24251 0.0724 4.24251 -0.08255 
4.32271 0.38725 4.32271 -0.5219 4.32271 0.0097 4.32271 -0.0269 4.32271 0.06025 4.32271 -0.09105 
4.40281 0.2876 4.40281 -0.48185 4.40281 0.0069 4.40281 -0.0244 4.40281 0.04535 4.40281 -0.08535 
4.48301 0.23705 4.48301 -0.37755 4.48301 0.00535 4.48301 -0.01845 4.48301 0.0376 4.48301 -0.0681 
4.56321 0.29355 4.56321 -0.2643 4.56321 0.00645 4.56321 -0.0126 4.56321 0.0479 4.56321 -0.0483 
4.64331 0.46655 4.64331 -0.2178 4.64331 0.0106 4.64331 -0.01005 4.64331 0.07805 4.64331 -0.0416 
4.72351 0.6861 4.72351 -0.29455 4.72351 0.01545 4.72351 -0.0142 4.72351 0.1158 4.72351 -0.059 
4.80361 0.83865 4.80361 -0.4841 4.80361 0.01895 4.80361 -0.0236 4.80361 0.14265 4.80361 -0.09885 
4.88381 0.85915 4.88381 -0.69355 4.88381 0.01925 4.88381 -0.03385 4.88381 0.14635 4.88381 -0.14205 
4.96401 0.7794 4.96401 -0.81295 4.96401 0.0174 4.96401 -0.03935 4.96401 0.1334 4.96401 -0.1654 
5.04411 0.6765 5.04411 -0.8118 5.04411 0.0151 5.04411 -0.038 5.04411 0.1163 5.04411 -0.16275 
5.12431 0.5998 5.12431 -0.74105 5.12431 0.0133 5.12431 -0.03325 5.12431 0.10265 5.12431 -0.14545 
5.20441 0.56675 5.20441 -0.64995 5.20441 0.01215 5.20441 -0.0274 5.20441 0.09485 5.20441 -0.12465 
5.28461 0.5986 5.28461 -0.5664 5.28461 0.01315 5.28461 -0.0234 5.28461 0.0986 5.28461 -0.10765 
5.36481 0.7264 5.36481 -0.55025 5.36481 0.01695 5.36481 -0.02415 5.36481 0.1213 5.36481 -0.1073 
5.44491 0.95265 5.44491 -0.66955 5.44491 0.0247 5.44491 -0.0315 5.44491 0.16525 5.44491 -0.13665 
5.52511 1.21585 5.52511 -0.89145 5.52511 0.0337 5.52511 -0.0437 5.52511 0.21715 5.52511 -0.18555 
5.60521 1.4226 5.60521 -1.07595 5.60521 0.0413 5.60521 -0.05295 5.60521 0.25565 5.60521 -0.22205 
5.68541 1.5344 5.68541 -1.12965 5.68541 0.0457 5.68541 -0.0548 5.68541 0.26905 5.68541 -0.2271 
5.76561 1.5871 5.76561 -1.1081 5.76561 0.048 5.76561 -0.05325 5.76561 0.26275 5.76561 -0.2136 
5.84571 1.625 5.84571 -1.1282 5.84571 0.05025 5.84571 -0.05365 5.84571 0.249 5.84571 -0.20545 
5.92591 1.6797 5.92591 -1.257 5.92591 0.0539 5.92591 -0.05815 5.92591 0.2354 5.92591 -0.2143 
6.00601 1.79455 6.00601 -1.50705 6.00601 0.05965 6.00601 -0.0681 6.00601 0.2295 6.00601 -0.23845 
6.08621 1.98875 6.08621 -1.8428 6.08621 0.06825 6.08621 -0.08225 6.08621 0.2358 6.08621 -0.27335 
6.16641 2.21565 6.16641 -2.17495 6.16641 0.07595 6.16641 -0.0983 6.16641 0.25075 6.16641 -0.30595 
6.24651 2.4135 6.24651 -2.4268 6.24651 0.0805 6.24651 -0.1118 6.24651 0.26935 6.24651 -0.3245 
6.32671 2.56415 6.32671 -2.601 6.32671 0.08175 6.32671 -0.1215 6.32671 0.28875 6.32671 -0.3283 
6.40681 2.6705 6.40681 -2.7396 6.40681 0.08165 6.40681 -0.1288 6.40681 0.30745 6.40681 -0.3269 
6.48701 2.71695 6.48701 -2.85935 6.48701 0.079 6.48701 -0.1345 6.48701 0.3203 6.48701 -0.32535 
6.56721 2.6705 6.56721 -2.94535 6.56721 0.0739 6.56721 -0.1383 6.56721 0.32125 6.56721 -0.32555 
6.64731 2.49355 6.64731 -2.9499 6.64731 0.0658 6.64731 -0.13695 6.64731 0.3042 6.64731 -0.32265 
6.72751 2.16175 6.72751 -2.78905 6.72751 0.05415 6.72751 -0.1263 6.72751 0.26645 6.72751 -0.30645 
6.80761 1.6997 6.80761 -2.4059 6.80761 0.0406 6.80761 -0.10495 6.80761 0.2109 6.80761 -0.2672 
6.88781 1.189 6.88781 -1.85485 6.88781 0.02745 6.88781 -0.0774 6.88781 0.1482 6.88781 -0.20925 
6.96801 0.72515 6.96801 -1.2813 6.96801 0.01605 6.96801 -0.05205 6.96801 0.09075 6.96801 -0.1473 
7.04811 0.3747 7.04811 -0.81085 7.04811 0.00825 7.04811 -0.0324 7.04811 0.047 7.04811 -0.09535 
7.12831 0.15825 7.12831 -0.4798 7.12831 0.0028 7.12831 -0.0194 7.12831 0.01995 7.12831 -0.05825 
7.20841 0.0528 7.20841 -0.26175 7.20841 0.0002 7.20841 -0.01105 7.20841 0.00695 7.20841 -0.03245 
7.28861 0.01355 7.28861 -0.12475 7.28861 0.0 7.28861 -0.0048 7.28861 0.0009 7.28861 -0.0158 
7.36881 0.00265 7.36881 -0.04875 7.36881 0.0 7.36881 -0.0015 7.36881 0.0 7.36881 -0.0063 
7.44891 0.0004 7.44891 -0.0149 7.44891 0.0 7.44891 -0.00025 7.44891 0.0 7.44891 -0.00125 
7.52911 5e-05 7.52911 -0.00345 7.52911 0.0 7.52911 -0.0 7.52911 0.0 7.52911 -0.0 
7.60921 0.0 7.60921 -0.0006 7.60921 0.0 7.60921 -0.0 7.60921 0.0 7.60921 -0.0 
7.68941 0.0 7.68941 -0.0001 7.68941 0.0 7.68941 -0.0 7.68941 0.0 7.68941 -0.0 
7.76961 0.0 7.76961 -0.0 7.76961 0.0 7.76961 -0.0 7.76961 0.0 7.76961 -0.0 
7.84971 0.0 7.84971 -0.0 7.84971 0.0 7.84971 -0.0 7.84971 0.0 7.84971 -0.0 
7.92991 0.0 7.92991 -0.0 7.92991 0.0 7.92991 -0.0 7.92991 0.0 7.92991 -0.0 
8.01011 0.0 8.01011 -0.0 8.01011 0.0 8.01011 -0.0 8.01011 0.0 8.01011 -0.0 
8.09021 0.0 8.09021 -0.0 8.09021 0.0 8.09021 -0.0 8.09021 0.0 8.09021 -0.0 
8.17041 0.0 8.17041 -0.0 8.17041 0.0 8.17041 -0.0 8.17041 0.0 8.17041 -0.0 
8.25051 0.0 8.25051 -0.0 8.25051 0.0 8.25051 -0.0 8.25051 0.0 8.25051 -0.0 
8.33071 0.0 8.33071 -0.0 8.33071 0.0 8.33071 -0.0 8.33071 0.0 8.33071 -0.0 
8.41091 0.0 8.41091 -0.0 8.41091 0.0 8.41091 -0.0 8.41091 0.0 8.41091 -0.0 
8.49101 0.0 8.49101 -0.0 8.49101 0.0 8.49101 -0.0 8.49101 0.0 8.49101 -0.0 
8.57121 0.0 8.57121 -0.0 8.57121 0.0 8.57121 -0.0 8.57121 0.0 8.57121 -0.0 
8.65131 0.0 8.65131 -0.0 8.65131 0.0 8.65131 -0.0 8.65131 0.0 8.65131 -0.0 
8.73151 0.0 8.73151 -0.0 8.73151 0.0 8.73151 -0.0 8.73151 0.0 8.73151 -0.0 
8.81171 0.0 8.81171 -0.0 8.81171 0.0 8.81171 -0.0 8.81171 0.0 8.81171 -0.0 
8.89181 0.0 8.89181 -0.0 8.89181 0.0 8.89181 -0.0 8.89181 0.0 8.89181 -0.0 
8.97201 0.0 8.97201 -0.0 8.97201 0.0 8.97201 -0.0 8.97201 0.0 8.97201 -0.0 
9.05211 0.0 9.05211 -0.0 9.05211 0.0 9.05211 -0.0 9.05211 0.0 9.05211 -0.0 
9.13231 0.0 9.13231 -0.0 9.13231 0.0 9.13231 -0.0 9.13231 0.0 9.13231 -0.0 
9.21251 0.0 9.21251 -0.0 9.21251 0.0 9.21251 -0.0 9.21251 0.0 9.21251 -0.0 
9.29261 0.0 9.29261 -0.0 9.29261 0.0 9.29261 -0.0 9.29261 0.0 9.29261 -0.0 
9.37281 0.0 9.37281 -0.0 9.37281 0.0 9.37281 -0.0 9.37281 0.0 9.37281 -0.0 
9.45291 0.0 9.45291 -0.0 9.45291 0.0 9.45291 -0.0 9.45291 0.0 9.45291 -0.0 
9.53311 0.0 9.53311 -0.0 9.53311 0.0 9.53311 -0.0 9.53311 0.0 9.53311 -0.0 
9.61331 0.0 9.61331 -0.0 9.61331 0.0 9.61331 -0.0 9.61331 0.0 9.61331 -0.0 
9.69341 0.0 9.69341 -0.0 9.69341 0.0 9.69341 -0.0 9.69341 0.0 9.69341 -0.0 
9.77361 0.0 9.77361 -0.0 9.77361 0.0 9.77361 -0.0 9.77361 0.0 9.77361 -0.0 
9.85371 0.0 9.85371 -0.0 9.85371 0.0 9.85371 -0.0 9.85371 0.0 9.85371 -0.0 
9.93391 0.0 9.93391 -0.0 9.93391 0.0 9.93391 -0.0 9.93391 0.0 9.93391 -0.0 
10.0141 0.0 10.0141 -0.0 10.0141 0.0 10.0141 -0.0 10.0141 0.0 10.0141 -0.0 
10.0942 0.0 10.0942 -0.0 10.0942 0.0 10.0942 -0.0 10.0942 0.0 10.0942 -0.0 
10.1744 0.0 10.1744 -0.0 10.1744 0.0 10.1744 -0.0 10.1744 0.0 10.1744 -0.0 
10.2545 0.0 10.2545 -0.0 10.2545 0.0 10.2545 -0.0 10.2545 0.0 10.2545 -0.0 
10.3347 0.0 10.3347 -0.0 10.3347 0.0 10.3347 -0.0 10.3347 0.0 10.3347 -0.0 
10.4149 0.0 10.4149 -0.0 10.4149 0.0 10.4149 -0.0 10.4149 0.0 10.4149 -0.0 
10.495 0.0 10.495 -0.0 10.495 0.0 10.495 -0.0 10.495 0.0 10.495 -0.0 
10.5752 0.0 10.5752 -0.0 10.5752 0.0 10.5752 -0.0 10.5752 0.0 10.5752 -0.0 
10.6553 0.0 10.6553 -0.0 10.6553 0.0 10.6553 -0.0 10.6553 0.0 10.6553 -0.0 
10.7355 0.0 10.7355 -0.0 10.7355 0.0 10.7355 -0.0 10.7355 0.0 10.7355 -0.0 
10.8157 0.0 10.8157 -0.0 10.8157 0.0 10.8157 -0.0 10.8157 0.0 10.8157 -0.0 
10.8958 0.0 10.8958 -0.0 10.8958 0.0 10.8958 -0.0 10.8958 0.0 10.8958 -0.0 
10.976 0.0 10.976 -0.0 10.976 0.0 10.976 -0.0 10.976 0.0 10.976 -0.0 
11.0561 0.0 11.0561 -0.0 11.0561 0.0 11.0561 -0.0 11.0561 0.0 11.0561 -0.0 
11.1363 0.0 11.1363 -0.0 11.1363 0.0 11.1363 -0.0 11.1363 0.0 11.1363 -0.0 
11.2165 0.0 11.2165 -0.0 11.2165 0.0 11.2165 -0.0 11.2165 0.0 11.2165 -0.0 
11.2966 0.0 11.2966 -0.0 11.2966 0.0 11.2966 -0.0 11.2966 0.0 11.2966 -0.0 
11.3768 0.0 11.3768 -0.0 11.3768 0.0 11.3768 -0.0 11.3768 0.0 11.3768 -0.0 
11.4569 0.0 11.4569 -0.0 11.4569 0.0 11.4569 -0.0 11.4569 0.0 11.4569 -0.0 
11.5371 0.0 11.5371 -0.0 11.5371 0.0 11.5371 -0.0 11.5371 0.0 11.5371 -0.0 
11.6173 0.0 11.6173 -0.0 11.6173 0.0 11.6173 -0.0 11.6173 0.0 11.6173 -0.0 
11.6974 0.0 11.6974 -0.0 11.6974 0.0 11.6974 -0.0 11.6974 0.0 11.6974 -0.0 
11.7776 0.0 11.7776 -0.0 11.7776 0.0 11.7776 -0.0 11.7776 0.0 11.7776 -0.0 
11.8577 0.0 11.8577 -0.0 11.8577 0.0 11.8577 -0.0 11.8577 0.0 11.8577 -0.0 
11.9379 0.0 11.9379 -0.0 11.9379 0.0 11.9379 -0.0 11.9379 0.0 11.9379 -0.0 
12.0181 0.0 12.0181 -0.0 12.0181 0.0 12.0181 -0.0 12.0181 0.0 12.0181 -0.0 
12.0982 0.0 12.0982 -0.0 12.0982 0.0 12.0982 -0.0 12.0982 0.0 12.0982 -0.0 
12.1784 0.0 12.1784 -0.0 12.1784 0.0 12.1784 -0.0 12.1784 0.0 12.1784 -0.0 
12.2585 0.0 12.2585 -0.0 12.2585 0.0 12.2585 -0.0 12.2585 0.0 12.2585 -0.0 
12.3387 0.0 12.3387 -0.0 12.3387 0.0 12.3387 -0.0 12.3387 0.0 12.3387 -0.0 
12.4189 0.0 12.4189 -0.0 12.4189 0.0 12.4189 -0.0 12.4189 0.0 12.4189 -0.0 
12.499 0.0 12.499 -0.0 12.499 0.0 12.499 -0.0 12.499 0.0 12.499 -0.0 
12.5792 0.0 12.5792 -0.0 12.5792 0.0 12.5792 -0.0 12.5792 0.0 12.5792 -0.0 
12.6593 0.0 12.6593 -0.0 12.6593 0.0 12.6593 -0.0 12.6593 0.0 12.6593 -0.0 
12.7395 0.0 12.7395 -0.0 12.7395 0.0 12.7395 -0.0 12.7395 0.0 12.7395 -0.0 
12.8197 0.0 12.8197 -0.0 12.8197 0.0 12.8197 -0.0 12.8197 0.0 12.8197 -0.0 
12.8998 0.0 12.8998 -0.0 12.8998 0.0 12.8998 -0.0 12.8998 0.0 12.8998 -0.0 
12.98 0.0 12.98 -0.0 12.98 0.0 12.98 -0.0 12.98 0.0 12.98 -0.0 
13.0602 0.0 13.0602 -0.0 13.0602 0.0 13.0602 -0.0 13.0602 0.0 13.0602 -0.0 
13.1403 0.0 13.1403 -0.0 13.1403 0.0 13.1403 -0.0 13.1403 0.0 13.1403 -0.0 
13.2205 0.0 13.2205 -0.0 13.2205 0.0 13.2205 -0.0 13.2205 0.0 13.2205 -0.0 
13.3006 0.0 13.3006 -0.0 13.3006 0.0 13.3006 -0.0 13.3006 0.0 13.3006 -0.0 
13.3808 0.0 13.3808 -0.0 13.3808 0.0 13.3808 -0.0 13.3808 0.0 13.3808 -0.0 
13.461 0.0 13.461 -0.0 13.461 0.0 13.461 -0.0 13.461 0.0 13.461 -0.0 
13.5411 0.0 13.5411 -0.0 13.5411 0.0 13.5411 -0.0 13.5411 0.0 13.5411 -0.0 
13.6213 0.0 13.6213 -0.0 13.6213 0.0 13.6213 -0.0 13.6213 0.0 13.6213 -0.0 
13.7014 0.0 13.7014 -0.0 13.7014 0.0 13.7014 -0.0 13.7014 0.0 13.7014 -0.0 
13.7816 0.0 13.7816 -0.0 13.7816 0.0 13.7816 -0.0 13.7816 0.0 13.7816 -0.0 
13.8618 0.0 13.8618 -0.0 13.8618 0.0 13.8618 -0.0 13.8618 0.0 13.8618 -0.0 
13.9419 0.0 13.9419 -0.0 13.9419 0.0 13.9419 -0.0 13.9419 0.0 13.9419 -0.0 
14.0221 0.0 14.0221 -0.0 14.0221 0.0 14.0221 -0.0 14.0221 0.0 14.0221 -0.0 
14.1022 0.0 14.1022 -0.0 14.1022 0.0 14.1022 -0.0 14.1022 0.0 14.1022 -0.0 
14.1824 0.0 14.1824 -0.0 14.1824 0.0 14.1824 -0.0 14.1824 0.0 14.1824 -0.0 
14.2626 0.0 14.2626 -0.0 14.2626 0.0 14.2626 -0.0 14.2626 0.0 14.2626 -0.0 
14.3427 0.0 14.3427 -0.0 14.3427 0.0 14.3427 -0.0 14.3427 0.0 14.3427 -0.0 
14.4229 0.0 14.4229 -0.0 14.4229 0.0 14.4229 -0.0 14.4229 0.0 14.4229 -0.0 
14.503 0.0 14.503 -0.0 14.503 0.0 14.503 -0.0 14.503 0.0 14.503 -0.0 
14.5832 0.0 14.5832 -0.0 14.5832 0.0 14.5832 -0.0 14.5832 0.0 14.5832 -0.0 
14.6634 0.0 14.6634 -0.0 14.6634 0.0 14.6634 -0.0 14.6634 0.0 14.6634 -0.0 
14.7435 0.0 14.7435 -0.0 14.7435 0.0 14.7435 -0.0 14.7435 0.0 14.7435 -0.0 
14.8237 0.0 14.8237 -0.0 14.8237 0.0 14.8237 -0.0 14.8237 0.0 14.8237 -0.0 
14.9038 0.0 14.9038 -0.0 14.9038 0.0 14.9038 -0.0 14.9038 0.0 14.9038 -0.0 
14.984 0.0 14.984 -0.0 14.984 0.0 14.984 -0.0 14.984 0.0 14.984 -0.0 
15.0642 0.0 15.0642 -0.0 15.0642 0.0 15.0642 -0.0 15.0642 0.0 15.0642 -0.0 
15.1443 0.0 15.1443 -0.0 15.1443 0.0 15.1443 -0.0 15.1443 0.0 15.1443 -0.0 
15.2245 0.0 15.2245 -0.0 15.2245 0.0 15.2245 -0.0 15.2245 0.0 15.2245 -0.0 
15.3046 0.0 15.3046 -0.0 15.3046 0.0 15.3046 -0.0 15.3046 0.0 15.3046 -0.0 
15.3848 0.0 15.3848 -0.0 15.3848 0.0 15.3848 -0.0 15.3848 0.0 15.3848 -0.0 
