    -24.4892        24.95
     -24.409            0
    -24.3289            0
    -24.2487            0
    -24.1686            0
    -24.0884            0
    -24.0082            0
    -23.9281            0
    -23.8479            0
    -23.7678            0
    -23.6876            0
    -23.6074            0
    -23.5273            0
    -23.4471            0
     -23.367            0
    -23.2868            0
    -23.2066            0
    -23.1265            0
    -23.0463            0
    -22.9662            0
     -22.886            0
    -22.8058            0
    -22.7257            0
    -22.6455            0
    -22.5654            0
    -22.4852            0
     -22.405            0
    -22.3249            0
    -22.2447            0
    -22.1646            0
    -22.0844            0
    -22.0042            0
    -21.9241            0
    -21.8439            0
    -21.7637            0
    -21.6836            0
    -21.6034            0
    -21.5233            0
    -21.4431            0
    -21.3629            0
    -21.2828            0
    -21.2026            0
    -21.1225            0
    -21.0423            0
    -20.9621            0
     -20.882            0
    -20.8018            0
    -20.7217            0
    -20.6415       0.0002
    -20.5613       0.0015
    -20.4812       0.0096
     -20.401       0.0465
    -20.3209       0.1705
    -20.2407       0.4795
    -20.1605       1.0553
    -20.0804       1.8706
    -20.0002        2.783
    -19.9201       3.6505
    -19.8399       4.4149
    -19.7597       5.0737
    -19.6796        5.693
    -19.5994       6.4755
    -19.5193       7.6931
    -19.4391       9.5406
    -19.3589      12.1494
    -19.2788      15.5928
    -19.1986      19.5889
    -19.1185      23.1825
    -19.0383      24.9767
    -18.9581      24.0915
     -18.878       21.258
    -18.7978      18.6484
    -18.7177      17.9954
    -18.6375      19.0775
    -18.5573      20.4777
    -18.4772      21.4794
     -18.397      22.5345
    -18.3169      23.6408
    -18.2367      23.1268
    -18.1565      19.3122
    -18.0764      13.0444
    -17.9962        7.272
    -17.9161        4.281
    -17.8359       4.1463
    -17.7557       5.3388
    -17.6756       6.2276
    -17.5954       6.3928
    -17.5153        6.673
    -17.4351       7.8032
    -17.3549       9.2758
    -17.2748       9.7088
    -17.1946       8.2374
    -17.1145        5.439
    -17.0343       2.7319
    -16.9541       1.0294
     -16.874       0.2884
    -16.7938       0.0597
    -16.7136       0.0091
    -16.6335       0.0011
    -16.5533       0.0005
    -16.4732       0.0041
     -16.393        0.031
    -16.3128       0.1751
    -16.2327       0.7447
    -16.1525       2.3924
    -16.0724       5.8156
    -15.9922      10.6998
     -15.912      14.8885
    -15.8319      15.6427
    -15.7517      12.3819
    -15.6716       7.3651
    -15.5914       3.2838
    -15.5112       1.0946
    -15.4311       0.2722
    -15.3509       0.0504
    -15.2708       0.0069
    -15.1906       0.0007
    -15.1104       0.0001
    -15.0303            0
    -14.9501            0
      -14.87            0
    -14.7898            0
    -14.7096            0
    -14.6295            0
    -14.5493            0
    -14.4692            0
     -14.389            0
    -14.3088            0
    -14.2287            0
    -14.1485            0
    -14.0684            0
    -13.9882            0
     -13.908            0
    -13.8279            0
    -13.7477            0
    -13.6676            0
    -13.5874            0
    -13.5072            0
    -13.4271            0
    -13.3469            0
    -13.2668            0
    -13.1866            0
    -13.1064            0
    -13.0263            0
    -12.9461            0
     -12.866            0
    -12.7858            0
    -12.7056            0
    -12.6255            0
    -12.5453            0
    -12.4652            0
     -12.385            0
    -12.3048            0
    -12.2247            0
    -12.1445            0
    -12.0644            0
    -11.9842            0
     -11.904            0
    -11.8239            0
    -11.7437            0
    -11.6635            0
    -11.5834            0
    -11.5032            0
    -11.4231            0
    -11.3429            0
    -11.2627            0
    -11.1826            0
    -11.1024            0
    -11.0223            0
    -10.9421            0
    -10.8619            0
    -10.7818            0
    -10.7016            0
    -10.6215            0
    -10.5413            0
    -10.4611            0
     -10.381            0
    -10.3008       0.0003
    -10.2207       0.0024
    -10.1405       0.0146
    -10.0603       0.0671
    -9.98021       0.2396
    -9.90001       0.6785
    -9.81991       1.5819
    -9.73971       3.1744
    -9.65951       5.7057
    -9.57941       9.3579
    -9.49921      13.9389
    -9.41911      18.7121
    -9.33891      22.9631
    -9.25871      26.8499
    -9.17861      31.1638
    -9.09841      36.0857
    -9.01831      40.6437
    -8.93811      43.4288
    -8.85791       43.746
    -8.77781      42.4603
    -8.69761      41.4766
    -8.61751      41.8066
    -8.53731      42.7255
    -8.45711      43.0329
    -8.37701      42.1106
    -8.29681      40.0686
    -8.21671      38.0614
    -8.13651      37.7989
    -8.05631      39.6995
    -7.97621      42.0038
    -7.89601      42.2249
    -7.81591      39.2348
    -7.73571      33.9508
    -7.65551      28.2631
    -7.57541      23.4141
    -7.49521      19.6899
    -7.41511      17.1343
    -7.33491      15.2617
    -7.25471      12.7384
    -7.17461       8.9064
    -7.09441       4.8475
    -7.01431       1.9914
    -6.93411       0.6388
    -6.85391       0.2507
    -6.77381       0.3167
    -6.69361       0.6486
    -6.61341       1.2756
    -6.53331       2.3329
    -6.45311       3.9819
    -6.37301       6.2756
    -6.29281       9.0172
    -6.21261      11.7533
    -6.13251      13.9691
    -6.05231       15.416
    -5.97221        16.35
    -5.89201      17.3901
    -5.81181       18.921
    -5.73171      20.5164
    -5.65151      21.2285
    -5.57141      20.7039
    -5.49121      19.6423
    -5.41101      18.8712
    -5.33091      18.4605
    -5.25071      18.0334
    -5.17061      17.4488
    -5.09041      16.8163
    -5.01021      16.1863
    -4.93011       15.666
    -4.84991      15.7444
    -4.76981      17.0051
    -4.68961      19.2742
    -4.60941      21.5034
    -4.52931      22.8685
    -4.44911      23.4765
    -4.36901      23.7006
    -4.28881      23.6093
    -4.20861      23.3771
    -4.12851      23.3781
    -4.04831       23.588
    -3.96821      23.6133
    -3.88801      23.3408
    -3.80781      22.9844
    -3.72771      22.6933
    -3.64751      22.5643
    -3.56741      22.7751
    -3.48721      23.4705
    -3.40701       24.646
    -3.32691      25.9991
    -3.24671      26.8793
    -3.16661      26.7575
    -3.08641      25.7306
    -3.00621      24.3339
    -2.92611       23.113
    -2.84591      22.5828
    -2.76581      23.1331
    -2.68561       24.519
    -2.60541      25.7328
    -2.52531      25.8357
    -2.44511      24.7965
    -2.36501      23.2888
    -2.28481      21.9358
    -2.20461      20.9311
    -2.12451      20.2239
    -2.04431      20.0494
    -1.96411      21.0025
    -1.88401      23.0592
    -1.80381      24.9922
    -1.72371      25.5957
    -1.64351      25.0811
    -1.56331      24.5222
    -1.48321      24.2262
    -1.40301       23.225
    -1.32291      20.4415
    -1.24271      16.1131
    -1.16251      11.7404
    -1.08241       8.6335
    -1.00221       6.8685
   -0.922113       5.6727
   -0.841913       4.3981
   -0.761713       2.9676
   -0.681613       1.6672
   -0.601413       0.7565
   -0.521313       0.2705
   -0.441113       0.0747
   -0.360913       0.0157
   -0.280813       0.0025
   -0.200613       0.0003
   -0.120513            0
  -0.0403128            0
   0.0398872            0
    0.119987            0
    0.200187            0
    0.280287       0.0001
    0.360487       0.0016
    0.440687       0.0125
    0.520787        0.075
    0.600987       0.3359
    0.681087       1.1411
    0.761287       2.9949
    0.841487       6.2665
    0.921587      10.9436
     1.00179      16.8326
     1.08189      23.7114
     1.16209      30.6701
     1.24229      35.4401
     1.32239       35.432
     1.40259      30.1638
     1.48269      22.1593
     1.56289      14.6935
     1.64309       9.1804
     1.72319       5.3304
     1.80339       2.7472
     1.88349        1.419
     1.96369       1.3465
     2.04389       2.4022
     2.12399        4.385
     2.20419       7.1079
     2.28429      10.5929
     2.36449      14.9578
     2.44469       19.742
     2.52479      23.6268
     2.60499      25.2465
     2.68509      24.1937
     2.76529      21.3079
     2.84549      18.2129
     2.92559      16.2497
     3.00579      15.4683
     3.08599      14.6599
     3.16609      12.5463
     3.24629       9.0508
     3.32639       5.3355
     3.40659        2.624
     3.48679       1.2416
     3.56689       0.7544
     3.64709       0.6228
     3.72719       0.5576
     3.80739        0.499
     3.88759       0.4912
     3.96769        0.578
     4.04789       0.7419
     4.12799        0.909
     4.20819        0.993
     4.28839         0.94
     4.36849       0.7649
     4.44869       0.5548
     4.52879       0.4329
     4.60899       0.5061
     4.68919       0.7981
     4.76929       1.1914
     4.84949        1.476
     4.92959       1.5315
     5.00979       1.4395
     5.08999        1.343
     5.17009       1.2539
     5.25029       1.1048
     5.33039       0.9315
     5.41059       0.8918
     5.49079       1.1293
     5.57089       1.6522
     5.65109       2.3058
     5.73119       2.8785
     5.81139       3.2655
     5.89159       3.5055
     5.97169        3.683
     6.05189       3.8729
     6.13199       4.1716
     6.21219       4.6727
     6.29239        5.326
     6.37249        5.886
     6.45269       6.1084
     6.53279       5.9612
     6.61299       5.5684
     6.69319       5.0097
     6.77329       4.2702
     6.85349       3.3532
     6.93359       2.3603
     7.01379       1.4496
     7.09399       0.7529
     7.17409       0.3195
     7.25429       0.1073
     7.33439       0.0278
     7.41459       0.0055
     7.49479       0.0008
     7.57489       0.0001
     7.65509            0
     7.73519            0
     7.81539            0
     7.89559            0
     7.97569            0
     8.05589            0
     8.13609            0
     8.21619            0
     8.29639            0
     8.37649            0
     8.45669            0
     8.53689            0
     8.61699            0
     8.69719            0
     8.77729            0
     8.85749            0
     8.93769            0
     9.01779            0
     9.09799            0
     9.17809            0
     9.25829            0
     9.33849            0
     9.41859            0
     9.49879            0
     9.57889            0
     9.65909            0
     9.73929            0
     9.81939            0
     9.89959            0
     9.97969            0
     10.0599            0
     10.1401            0
     10.2202            0
     10.3004            0
     10.3805            0
     10.4607            0
     10.5409            0
      10.621            0
     10.7012            0
     10.7813            0
     10.8615            0
     10.9417            0
     11.0218            0
      11.102            0
     11.1821            0
     11.2623            0
     11.3425            0
     11.4226            0
     11.5028            0
     11.5829            0
     11.6631            0
     11.7433            0
     11.8234            0
     11.9036            0
     11.9837            0
     12.0639            0
     12.1441            0
     12.2242            0
     12.3044            0
     12.3845            0
     12.4647            0
     12.5449            0
      12.625            0
     12.7052            0
     12.7853            0
     12.8655            0
     12.9457            0
     13.0258            0
      13.106            0
     13.1862            0
     13.2663            0
     13.3465            0
     13.4266            0
     13.5068            0
      13.587            0
     13.6671            0
     13.7473            0
     13.8274            0
     13.9076            0
     13.9878            0
     14.0679            0
     14.1481            0
     14.2282            0
     14.3084            0
     14.3886            0
     14.4687            0
     14.5489            0
      14.629            0
     14.7092            0
     14.7894            0
     14.8695            0
     14.9497            0
     15.0298            0
       15.11            0
     15.1902            0
     15.2703            0
     15.3505            0
     15.4306            0
     15.5108            0

    -24.4892       -24.95
     -24.409           -0
    -24.3289           -0
    -24.2487           -0
    -24.1686           -0
    -24.0884           -0
    -24.0082           -0
    -23.9281           -0
    -23.8479           -0
    -23.7678           -0
    -23.6876           -0
    -23.6074           -0
    -23.5273           -0
    -23.4471           -0
     -23.367           -0
    -23.2868           -0
    -23.2066           -0
    -23.1265           -0
    -23.0463           -0
    -22.9662           -0
     -22.886           -0
    -22.8058           -0
    -22.7257           -0
    -22.6455           -0
    -22.5654           -0
    -22.4852           -0
     -22.405           -0
    -22.3249           -0
    -22.2447           -0
    -22.1646           -0
    -22.0844           -0
    -22.0042           -0
    -21.9241           -0
    -21.8439           -0
    -21.7637           -0
    -21.6836           -0
    -21.6034           -0
    -21.5233           -0
    -21.4431           -0
    -21.3629           -0
    -21.2828           -0
    -21.2026           -0
    -21.1225           -0
    -21.0423           -0
    -20.9621           -0
     -20.882           -0
    -20.8018           -0
    -20.7217           -0
    -20.6415           -0
    -20.5613           -0
    -20.4812      -0.0002
     -20.401      -0.0013
    -20.3209      -0.0089
    -20.2407      -0.0447
    -20.1605      -0.1693
    -20.0804      -0.4922
    -20.0002      -1.1202
    -19.9201      -2.0526
    -19.8399      -3.1362
    -19.7597      -4.1457
    -19.6796      -4.9022
    -19.5994      -5.3848
    -19.5193      -5.8321
    -19.4391      -6.6366
    -19.3589       -7.992
    -19.2788      -9.7351
    -19.1986     -11.6986
    -19.1185     -14.1638
    -19.0383     -17.6291
    -18.9581     -21.7135
     -18.878     -24.4032
    -18.7978     -23.3242
    -18.7177     -18.3759
    -18.6375     -12.4057
    -18.5573      -8.6077
    -18.4772      -7.8153
     -18.397      -8.6728
    -18.3169      -9.6761
    -18.2367     -10.5619
    -18.1565      -12.151
    -18.0764     -15.2602
    -17.9962     -19.6532
    -17.9161      -23.823
    -17.8359     -25.7868
    -17.7557     -24.3636
    -17.6756     -20.1677
    -17.5954     -15.4237
    -17.5153     -12.3254
    -17.4351     -11.4866
    -17.3549     -12.0243
    -17.2748     -12.4572
    -17.1946     -11.4322
    -17.1145      -8.6137
    -17.0343      -5.0832
    -16.9541       -2.287
     -16.874      -0.7728
    -16.7938      -0.1945
    -16.7136      -0.0362
    -16.6335       -0.005
    -16.5533      -0.0008
    -16.4732      -0.0029
     -16.393      -0.0224
    -16.3128      -0.1311
    -16.2327      -0.5818
    -16.1525      -1.9581
    -16.0724      -5.0057
    -15.9922      -9.7141
     -15.912     -14.2823
    -15.8319      -15.863
    -15.7517     -13.2642
    -15.6716      -8.3209
    -15.5914      -3.9033
    -15.5112      -1.3652
    -15.4311      -0.3551
    -15.3509      -0.0685
    -15.2708      -0.0098
    -15.1906       -0.001
    -15.1104      -0.0001
    -15.0303           -0
    -14.9501           -0
      -14.87           -0
    -14.7898           -0
    -14.7096           -0
    -14.6295           -0
    -14.5493           -0
    -14.4692           -0
     -14.389           -0
    -14.3088           -0
    -14.2287           -0
    -14.1485           -0
    -14.0684           -0
    -13.9882           -0
     -13.908           -0
    -13.8279           -0
    -13.7477           -0
    -13.6676           -0
    -13.5874           -0
    -13.5072           -0
    -13.4271           -0
    -13.3469           -0
    -13.2668           -0
    -13.1866           -0
    -13.1064           -0
    -13.0263           -0
    -12.9461           -0
     -12.866           -0
    -12.7858           -0
    -12.7056           -0
    -12.6255           -0
    -12.5453           -0
    -12.4652           -0
     -12.385           -0
    -12.3048           -0
    -12.2247           -0
    -12.1445           -0
    -12.0644           -0
    -11.9842           -0
     -11.904           -0
    -11.8239           -0
    -11.7437           -0
    -11.6635           -0
    -11.5834           -0
    -11.5032           -0
    -11.4231           -0
    -11.3429           -0
    -11.2627           -0
    -11.1826           -0
    -11.1024           -0
    -11.0223           -0
    -10.9421           -0
    -10.8619           -0
    -10.7818           -0
    -10.7016           -0
    -10.6215           -0
    -10.5413           -0
    -10.4611           -0
     -10.381           -0
    -10.3008           -0
    -10.2207           -0
    -10.1405           -0
    -10.0603           -0
    -9.98021      -0.0001
    -9.90001      -0.0015
    -9.81991       -0.011
    -9.73971      -0.0624
    -9.65951      -0.2693
    -9.57941       -0.894
    -9.49921      -2.3291
    -9.41911      -4.8972
    -9.33891      -8.6145
    -9.25871     -13.1898
    -9.17861     -18.1361
    -9.09841     -22.6578
    -9.01831     -25.6571
    -8.93811     -26.4284
    -8.85791      -25.319
    -8.77781     -23.3269
    -8.69761     -21.1948
    -8.61751     -18.9585
    -8.53731     -16.2597
    -8.45711     -13.4812
    -8.37701     -12.3902
    -8.29681       -14.61
    -8.21671     -19.3232
    -8.13651     -23.3096
    -8.05631     -23.6443
    -7.97621     -20.3343
    -7.89601     -16.2267
    -7.81591     -14.0711
    -7.73571     -13.9006
    -7.65551     -14.1331
    -7.57541     -14.5823
    -7.49521      -16.203
    -7.41511     -18.0688
    -7.33491     -17.4725
    -7.25471     -13.5849
    -7.17461      -8.6658
    -7.09441      -5.2676
    -7.01431        -4.03
    -6.93411      -4.1934
    -6.85391      -4.8892
    -6.77381      -5.7393
    -6.69361      -6.7376
    -6.61341      -7.8072
    -6.53331      -8.5918
    -6.45311      -8.7517
    -6.37301      -8.4211
    -6.29281      -8.1908
    -6.21261      -8.5169
    -6.13251       -9.318
    -6.05231     -10.2764
    -5.97221     -11.2415
    -5.89201     -12.1607
    -5.81181     -12.8707
    -5.73171     -13.2107
    -5.65151      -13.361
    -5.57141     -13.8713
    -5.49121     -15.1518
    -5.41101     -17.1157
    -5.33091      -19.443
    -5.25071     -21.7702
    -5.17061     -23.4544
    -5.09041     -23.7229
    -5.01021     -22.4257
    -4.93011     -20.3549
    -4.84991      -18.674
    -4.76981     -18.2775
    -4.68961     -19.5775
    -4.60941     -22.3179
    -4.52931     -25.4957
    -4.44911     -27.9929
    -4.36901     -29.5117
    -4.28881     -30.5973
    -4.20861     -31.5987
    -4.12851      -32.004
    -4.04831     -31.1819
    -3.96821     -29.4438
    -3.88801     -27.9348
    -3.80781     -27.6067
    -3.72771     -28.4086
    -3.64751     -29.4495
    -3.56741     -29.9973
    -3.48721     -30.1235
    -3.40701     -30.2877
    -3.32691     -30.6841
    -3.24671     -31.0729
    -3.16661     -30.7789
    -3.08641     -28.9348
    -3.00621     -25.4217
    -2.92611     -21.5279
    -2.84591     -18.9862
    -2.76581     -18.4297
    -2.68561     -19.2502
    -2.60541     -20.5189
    -2.52531      -21.438
    -2.44511      -21.467
    -2.36501     -20.8389
    -2.28481     -20.6138
    -2.20461     -21.5029
    -2.12451     -22.7988
    -2.04431     -22.9496
    -1.96411      -21.134
    -1.88401     -17.9154
    -1.80381      -14.432
    -1.72371     -11.5031
    -1.64351      -9.6066
    -1.56331      -9.0927
    -1.48321       -9.987
    -1.40301      -11.689
    -1.32291      -13.104
    -1.24271     -13.2069
    -1.16251     -11.5538
    -1.08241      -8.4995
    -1.00221      -5.0813
   -0.922113      -2.3931
   -0.841913       -0.867
   -0.761713      -0.2377
   -0.681613      -0.0488
   -0.601413      -0.0075
   -0.521313      -0.0008
   -0.441113      -0.0001
   -0.360913           -0
   -0.280813           -0
   -0.200613           -0
   -0.120513           -0
  -0.0403128           -0
   0.0398872           -0
    0.119987           -0
    0.200187           -0
    0.280287      -0.0003
    0.360487      -0.0026
    0.440687      -0.0193
    0.520787      -0.1075
    0.600987      -0.4633
    0.681087      -1.5594
    0.761287      -4.1463
    0.841487      -8.8198
    0.921587     -15.2503
     1.00179     -21.9695
     1.08189     -27.4416
     1.16209     -31.3623
     1.24229     -34.4603
     1.32239     -37.4215
     1.40259     -40.6897
     1.48269     -44.5358
     1.56289     -48.3466
     1.64309     -50.6471
     1.72319      -50.846
     1.80339     -50.1798
     1.88349     -49.8484
     1.96369     -49.2782
     2.04389     -47.6655
     2.12399     -45.9449
     2.20419     -45.4625
     2.28429     -45.7151
     2.36449     -44.9381
     2.44469     -42.2332
     2.52479     -37.9263
     2.60499       -32.38
     2.68509     -25.6708
     2.76529     -18.3897
     2.84549     -11.9148
     2.92559      -7.5988
     3.00579      -5.7705
     3.08599      -5.4693
     3.16609      -5.1975
     3.24629      -4.1228
     3.32639      -2.5478
     3.40659      -1.2264
     3.48679       -0.527
     3.56689      -0.3422
     3.64709      -0.4265
     3.72719      -0.5793
     3.80739      -0.6572
     3.88759      -0.6064
     3.96769      -0.4991
     4.04789      -0.4722
     4.12799      -0.5987
     4.20819      -0.8222
     4.28839      -1.0153
     4.36849      -1.0785
     4.44869       -0.977
     4.52879       -0.744
     4.60899       -0.486
     4.68919       -0.353
     4.76929      -0.4626
     4.84949      -0.8161
     4.92959      -1.2474
     5.00979      -1.5185
     5.08999      -1.5455
     5.17009      -1.4461
     5.25029      -1.3184
     5.33039      -1.1375
     5.41059      -0.9256
     5.49079      -0.8377
     5.57089      -0.9855
     5.65109      -1.2837
     5.73119      -1.5681
     5.81139      -1.8168
     5.89159      -2.1416
     5.97169      -2.5976
     6.05189      -3.1554
     6.13199      -3.8338
     6.21219      -4.6499
     6.29239      -5.4322
     6.37249      -5.9024
     6.45269      -5.9876
     6.53279      -5.8765
     6.61299      -5.7608
     6.69319      -5.6612
     6.77329      -5.4514
     6.85349      -4.9509
     6.93359      -4.1001
     7.01379      -3.0652
     7.09399       -2.086
     7.17409      -1.2907
     7.25429      -0.7049
     7.33439      -0.3242
     7.41459      -0.1202
     7.49479      -0.0348
     7.57489      -0.0077
     7.65509      -0.0013
     7.73519      -0.0002
     7.81539           -0
     7.89559           -0
     7.97569           -0
     8.05589           -0
     8.13609           -0
     8.21619           -0
     8.29639           -0
     8.37649           -0
     8.45669           -0
     8.53689           -0
     8.61699           -0
     8.69719           -0
     8.77729           -0
     8.85749           -0
     8.93769           -0
     9.01779           -0
     9.09799           -0
     9.17809           -0
     9.25829           -0
     9.33849           -0
     9.41859           -0
     9.49879           -0
     9.57889           -0
     9.65909           -0
     9.73929           -0
     9.81939           -0
     9.89959           -0
     9.97969           -0
     10.0599           -0
     10.1401           -0
     10.2202           -0
     10.3004           -0
     10.3805           -0
     10.4607           -0
     10.5409           -0
      10.621           -0
     10.7012           -0
     10.7813           -0
     10.8615           -0
     10.9417           -0
     11.0218           -0
      11.102           -0
     11.1821           -0
     11.2623           -0
     11.3425           -0
     11.4226           -0
     11.5028           -0
     11.5829           -0
     11.6631           -0
     11.7433           -0
     11.8234           -0
     11.9036           -0
     11.9837           -0
     12.0639           -0
     12.1441           -0
     12.2242           -0
     12.3044           -0
     12.3845           -0
     12.4647           -0
     12.5449           -0
      12.625           -0
     12.7052           -0
     12.7853           -0
     12.8655           -0
     12.9457           -0
     13.0258           -0
      13.106           -0
     13.1862           -0
     13.2663           -0
     13.3465           -0
     13.4266           -0
     13.5068           -0
      13.587           -0
     13.6671           -0
     13.7473           -0
     13.8274           -0
     13.9076           -0
     13.9878           -0
     14.0679           -0
     14.1481           -0
     14.2282           -0
     14.3084           -0
     14.3886           -0
     14.4687           -0
     14.5489           -0
      14.629           -0
     14.7092           -0
     14.7894           -0
     14.8695           -0
     14.9497           -0
     15.0298           -0
       15.11           -0
     15.1902           -0
     15.2703           -0
     15.3505           -0
     15.4306           -0
     15.5108           -0

    -24.4892            0
     -24.409            0
    -24.3289            0
    -24.2487            0
    -24.1686            0
    -24.0884            0
    -24.0082            0
    -23.9281            0
    -23.8479            0
    -23.7678            0
    -23.6876            0
    -23.6074            0
    -23.5273            0
    -23.4471            0
     -23.367            0
    -23.2868            0
    -23.2066            0
    -23.1265            0
    -23.0463            0
    -22.9662            0
     -22.886            0
    -22.8058            0
    -22.7257            0
    -22.6455            0
    -22.5654            0
    -22.4852            0
     -22.405            0
    -22.3249            0
    -22.2447            0
    -22.1646            0
    -22.0844            0
    -22.0042            0
    -21.9241            0
    -21.8439            0
    -21.7637            0
    -21.6836            0
    -21.6034            0
    -21.5233            0
    -21.4431            0
    -21.3629            0
    -21.2828            0
    -21.2026            0
    -21.1225            0
    -21.0423            0
    -20.9621            0
     -20.882            0
    -20.8018            0
    -20.7217            0
    -20.6415            0
    -20.5613            0
    -20.4812            0
     -20.401            0
    -20.3209            0
    -20.2407       0.0002
    -20.1605       0.0018
    -20.0804       0.0056
    -20.0002       0.0116
    -19.9201       0.0218
    -19.8399       0.0332
    -19.7597        0.048
    -19.6796       0.0672
    -19.5994        0.092
    -19.5193        0.133
    -19.4391       0.2084
    -19.3589        0.344
    -19.2788       0.5634
    -19.1986        0.853
    -19.1185       1.1363
    -19.0383       1.2906
    -18.9581       1.2368
     -18.878       1.0203
    -18.7978       0.7976
    -18.7177       0.7048
    -18.6375       0.7548
    -18.5573       0.8712
    -18.4772        0.985
     -18.397       1.0958
    -18.3169        1.205
    -18.2367       1.2246
    -18.1565       1.0562
    -18.0764       0.7271
    -17.9962       0.4026
    -17.9161       0.2068
    -17.8359       0.1602
    -17.7557         0.19
    -17.6756       0.2276
    -17.5954       0.2506
    -17.5153       0.2894
    -17.4351        0.372
    -17.3549        0.465
    -17.2748       0.4972
    -17.1946       0.4286
    -17.1145       0.2856
    -17.0343       0.1444
    -16.9541       0.0536
     -16.874        0.015
    -16.7938       0.0028
    -16.7136       0.0004
    -16.6335            0
    -16.5533            0
    -16.4732            0
     -16.393            0
    -16.3128       0.0004
    -16.2327       0.0014
    -16.1525       0.0091
    -16.0724       0.0224
    -15.9922       0.0406
     -15.912       0.0562
    -15.8319       0.0594
    -15.7517        0.045
    -15.6716        0.027
    -15.5914       0.0128
    -15.5112        0.002
    -15.4311       0.0006
    -15.3509            0
    -15.2708            0
    -15.1906            0
    -15.1104            0
    -15.0303            0
    -14.9501            0
      -14.87            0
    -14.7898            0
    -14.7096            0
    -14.6295            0
    -14.5493            0
    -14.4692            0
     -14.389            0
    -14.3088            0
    -14.2287            0
    -14.1485            0
    -14.0684            0
    -13.9882            0
     -13.908            0
    -13.8279            0
    -13.7477            0
    -13.6676            0
    -13.5874            0
    -13.5072            0
    -13.4271            0
    -13.3469            0
    -13.2668            0
    -13.1866            0
    -13.1064            0
    -13.0263            0
    -12.9461            0
     -12.866            0
    -12.7858            0
    -12.7056            0
    -12.6255            0
    -12.5453            0
    -12.4652            0
     -12.385            0
    -12.3048            0
    -12.2247            0
    -12.1445            0
    -12.0644            0
    -11.9842            0
     -11.904            0
    -11.8239            0
    -11.7437            0
    -11.6635            0
    -11.5834            0
    -11.5032            0
    -11.4231            0
    -11.3429            0
    -11.2627            0
    -11.1826            0
    -11.1024            0
    -11.0223            0
    -10.9421            0
    -10.8619            0
    -10.7818            0
    -10.7016            0
    -10.6215            0
    -10.5413            0
    -10.4611            0
     -10.381            0
    -10.3008            0
    -10.2207       0.0006
    -10.1405       0.0096
    -10.0603       0.0436
    -9.98021       0.1558
    -9.90001       0.4478
    -9.81991       1.0614
    -9.73971       2.1854
    -9.65951       4.0477
    -9.57941       6.8295
    -9.49921      10.3994
    -9.41911      14.1533
    -9.33891      17.4986
    -9.25871      20.5632
    -9.17861      24.0137
    -9.09841      28.0028
    -9.01831      31.7142
    -8.93811      33.9694
    -8.85791      34.2046
    -8.77781      33.1457
    -8.69761      32.3841
    -8.61751      32.8032
    -8.53731      33.8727
    -8.45711       34.583
    -8.37701      34.3146
    -8.29681      33.0756
    -8.21671      31.8451
    -8.13651      32.0932
    -8.05631      34.1574
    -7.97621       36.536
    -7.89601      37.1028
    -7.81591      34.7839
    -7.73571      30.1975
    -7.65551      24.9681
    -7.57541      20.4074
    -7.49521      17.0126
    -7.41511      14.8597
    -7.33491      13.3855
    -7.25471      11.2793
    -7.17461       7.9285
    -7.09441       4.3234
    -7.01431       1.7707
    -6.93411       0.5398
    -6.85391       0.1309
    -6.77381       0.0554
    -6.69361       0.0938
    -6.61341        0.203
    -6.53331       0.4154
    -6.45311       0.7738
    -6.37301       1.3014
    -6.29281       1.9612
    -6.21261       2.6394
    -6.13251       3.1953
    -6.05231       3.5571
    -5.97221       3.7865
    -5.89201       4.0127
    -5.81181       4.3038
    -5.73171       4.5801
    -5.65151       4.6486
    -5.57141       4.4123
    -5.49121       3.9958
    -5.41101       3.6169
    -5.33091       3.3632
    -5.25071       3.2025
    -5.17061       3.0889
    -5.09041       2.9903
    -5.01021       2.8755
    -4.93011       2.7494
    -4.84991       2.7014
    -4.76981       2.8472
    -4.68961       3.1704
    -4.60941        3.499
    -4.52931       3.6742
    -4.44911       3.6982
    -4.36901        3.643
    -4.28881       3.5548
    -4.20861       3.4809
    -4.12851        3.467
    -4.04831       3.4889
    -3.96821       3.4865
    -3.88801        3.455
    -3.80781       3.4278
    -3.72771        3.424
    -3.64751       3.4733
    -3.56741       3.6167
    -3.48721       3.8811
    -3.40701       4.2526
    -3.32691        4.663
    -3.24671       4.9777
    -3.16661       5.0681
    -3.08641       4.9181
    -3.00621       4.6363
    -2.92611       4.3793
    -2.84591       4.2963
    -2.76581       4.4563
    -2.68561       4.7692
    -2.60541       5.0188
    -2.52531       5.0418
    -2.44511        4.868
    -2.36501       4.6267
    -2.28481       4.4007
    -2.20461       4.1944
    -2.12451       3.9879
    -2.04431        3.834
    -1.96411       3.8561
    -1.88401       4.0778
    -1.80381       4.3188
    -1.72371       4.4029
    -1.64351       4.3487
    -1.56331       4.2719
    -1.48321       4.1549
    -1.40301       3.8508
    -1.32291       3.2629
    -1.24271       2.4944
    -1.16251       1.8015
    -1.08241       1.3591
    -1.00221       1.1386
   -0.922113       0.9838
   -0.841913       0.7821
   -0.761713       0.5344
   -0.681613       0.3016
   -0.601413       0.1377
   -0.521313       0.0486
   -0.441113       0.0126
   -0.360913       0.0022
   -0.280813       0.0004
   -0.200613            0
   -0.120513            0
  -0.0403128            0
   0.0398872            0
    0.119987            0
    0.200187            0
    0.280287            0
    0.360487       0.0012
    0.440687       0.0088
    0.520787       0.0546
    0.600987       0.2496
    0.681087       0.8457
    0.761287       2.2178
    0.841487        4.648
    0.921587       8.1683
     1.00179       12.722
     1.08189      18.2356
     1.16209      23.9835
     1.24229      28.0306
     1.32239      28.1569
     1.40259      23.9378
     1.48269      17.4645
     1.56289      11.4495
     1.64309       7.0621
     1.72319       4.0618
     1.80339       2.0864
     1.88349       1.0892
     1.96369       1.0658
     2.04389       1.9367
     2.12399       3.5649
     2.20419       5.8507
     2.28429       8.8525
     2.36449      12.6566
     2.44469      16.7995
     2.52479      20.0842
     2.60499      21.3117
     2.68509      20.1373
     2.76529      17.3046
     2.84549      14.2616
     2.92559      12.2261
     3.00579      11.3158
     3.08599      10.5818
     3.16609       8.9985
     3.24629       6.4422
     3.32639       3.7149
     3.40659       1.6864
     3.48679       0.5983
     3.56689       0.1746
     3.64709       0.0535
     3.72719       0.0286
     3.80739       0.0223
     3.88759       0.0186
     3.96769       0.0185
     4.04789        0.021
     4.12799       0.0253
     4.20819       0.0287
     4.28839        0.027
     4.36849        0.022
     4.44869        0.015
     4.52879       0.0108
     4.60899       0.0118
     4.68919       0.0195
     4.76929        0.029
     4.84949       0.0372
     4.92959       0.0392
     5.00979       0.0372
     5.08999       0.0344
     5.17009       0.0303
     5.25029       0.0253
     5.33039       0.0214
     5.41059        0.021
     5.49079       0.0309
     5.57089       0.0481
     5.65109         0.07
     5.73119       0.0904
     5.81139       0.1043
     5.89159       0.1156
     5.97169       0.1273
     6.05189       0.1379
     6.13199       0.1515
     6.21219       0.1685
     6.29239       0.1862
     6.37249       0.1967
     6.45269       0.1936
     6.53279       0.1791
     6.61299       0.1593
     6.69319       0.1392
     6.77329       0.1161
     6.85349         0.09
     6.93359       0.0622
     7.01379       0.0373
     7.09399        0.019
     7.17409       0.0068
     7.25429       0.0007
     7.33439       0.0001
     7.41459            0
     7.49479            0
     7.57489            0
     7.65509            0
     7.73519            0
     7.81539            0
     7.89559            0
     7.97569            0
     8.05589            0
     8.13609            0
     8.21619            0
     8.29639            0
     8.37649            0
     8.45669            0
     8.53689            0
     8.61699            0
     8.69719            0
     8.77729            0
     8.85749            0
     8.93769            0
     9.01779            0
     9.09799            0
     9.17809            0
     9.25829            0
     9.33849            0
     9.41859            0
     9.49879            0
     9.57889            0
     9.65909            0
     9.73929            0
     9.81939            0
     9.89959            0
     9.97969            0
     10.0599            0
     10.1401            0
     10.2202            0
     10.3004            0
     10.3805            0
     10.4607            0
     10.5409            0
      10.621            0
     10.7012            0
     10.7813            0
     10.8615            0
     10.9417            0
     11.0218            0
      11.102            0
     11.1821            0
     11.2623            0
     11.3425            0
     11.4226            0
     11.5028            0
     11.5829            0
     11.6631            0
     11.7433            0
     11.8234            0
     11.9036            0
     11.9837            0
     12.0639            0
     12.1441            0
     12.2242            0
     12.3044            0
     12.3845            0
     12.4647            0
     12.5449            0
      12.625            0
     12.7052            0
     12.7853            0
     12.8655            0
     12.9457            0
     13.0258            0
      13.106            0
     13.1862            0
     13.2663            0
     13.3465            0
     13.4266            0
     13.5068            0
      13.587            0
     13.6671            0
     13.7473            0
     13.8274            0
     13.9076            0
     13.9878            0
     14.0679            0
     14.1481            0
     14.2282            0
     14.3084            0
     14.3886            0
     14.4687            0
     14.5489            0
      14.629            0
     14.7092            0
     14.7894            0
     14.8695            0
     14.9497            0
     15.0298            0
       15.11            0
     15.1902            0
     15.2703            0
     15.3505            0
     15.4306            0
     15.5108            0

    -24.4892           -0
     -24.409           -0
    -24.3289           -0
    -24.2487           -0
    -24.1686           -0
    -24.0884           -0
    -24.0082           -0
    -23.9281           -0
    -23.8479           -0
    -23.7678           -0
    -23.6876           -0
    -23.6074           -0
    -23.5273           -0
    -23.4471           -0
     -23.367           -0
    -23.2868           -0
    -23.2066           -0
    -23.1265           -0
    -23.0463           -0
    -22.9662           -0
     -22.886           -0
    -22.8058           -0
    -22.7257           -0
    -22.6455           -0
    -22.5654           -0
    -22.4852           -0
     -22.405           -0
    -22.3249           -0
    -22.2447           -0
    -22.1646           -0
    -22.0844           -0
    -22.0042           -0
    -21.9241           -0
    -21.8439           -0
    -21.7637           -0
    -21.6836           -0
    -21.6034           -0
    -21.5233           -0
    -21.4431           -0
    -21.3629           -0
    -21.2828           -0
    -21.2026           -0
    -21.1225           -0
    -21.0423           -0
    -20.9621           -0
     -20.882           -0
    -20.8018           -0
    -20.7217           -0
    -20.6415           -0
    -20.5613           -0
    -20.4812           -0
     -20.401           -0
    -20.3209           -0
    -20.2407           -0
    -20.1605           -0
    -20.0804       -0.002
    -20.0002      -0.0054
    -19.9201      -0.0134
    -19.8399      -0.0272
    -19.7597      -0.0488
    -19.6796      -0.0754
    -19.5994      -0.0984
    -19.5193      -0.1204
    -19.4391      -0.1492
    -19.3589      -0.1882
    -19.2788      -0.2413
    -19.1986       -0.318
    -19.1185      -0.4372
    -19.0383      -0.6244
    -18.9581      -0.8599
     -18.878       -1.045
    -18.7978      -1.0534
    -18.7177      -0.8423
    -18.6375      -0.5354
    -18.5573      -0.2863
    -18.4772      -0.1676
     -18.397      -0.1501
    -18.3169       -0.183
    -18.2367      -0.2436
    -18.1565      -0.3425
    -18.0764      -0.5062
    -17.9962      -0.7316
    -17.9161      -0.9598
    -17.8359      -1.0902
    -17.7557      -1.0496
    -17.6756      -0.8505
    -17.5954      -0.6062
    -17.5153       -0.441
    -17.4351      -0.4056
    -17.3549      -0.4668
    -17.2748      -0.5381
    -17.1946      -0.5304
    -17.1145      -0.4178
    -17.0343      -0.2522
    -16.9541      -0.1148
     -16.874       -0.038
    -16.7938      -0.0098
    -16.7136      -0.0012
    -16.6335           -0
    -16.5533           -0
    -16.4732           -0
     -16.393           -0
    -16.3128           -0
    -16.2327      -0.0012
    -16.1525      -0.0046
    -16.0724      -0.0148
    -15.9922       -0.028
     -15.912      -0.0406
    -15.8319      -0.0468
    -15.7517      -0.0392
    -15.6716       -0.025
    -15.5914      -0.0112
    -15.5112       -0.003
    -15.4311      -0.0004
    -15.3509           -0
    -15.2708           -0
    -15.1906           -0
    -15.1104           -0
    -15.0303           -0
    -14.9501           -0
      -14.87           -0
    -14.7898           -0
    -14.7096           -0
    -14.6295           -0
    -14.5493           -0
    -14.4692           -0
     -14.389           -0
    -14.3088           -0
    -14.2287           -0
    -14.1485           -0
    -14.0684           -0
    -13.9882           -0
     -13.908           -0
    -13.8279           -0
    -13.7477           -0
    -13.6676           -0
    -13.5874           -0
    -13.5072           -0
    -13.4271           -0
    -13.3469           -0
    -13.2668           -0
    -13.1866           -0
    -13.1064           -0
    -13.0263           -0
    -12.9461           -0
     -12.866           -0
    -12.7858           -0
    -12.7056           -0
    -12.6255           -0
    -12.5453           -0
    -12.4652           -0
     -12.385           -0
    -12.3048           -0
    -12.2247           -0
    -12.1445           -0
    -12.0644           -0
    -11.9842           -0
     -11.904           -0
    -11.8239           -0
    -11.7437           -0
    -11.6635           -0
    -11.5834           -0
    -11.5032           -0
    -11.4231           -0
    -11.3429           -0
    -11.2627           -0
    -11.1826           -0
    -11.1024           -0
    -11.0223           -0
    -10.9421           -0
    -10.8619           -0
    -10.7818           -0
    -10.7016           -0
    -10.6215           -0
    -10.5413           -0
    -10.4611           -0
     -10.381           -0
    -10.3008           -0
    -10.2207           -0
    -10.1405           -0
    -10.0603           -0
    -9.98021           -0
    -9.90001      -0.0012
    -9.81991      -0.0076
    -9.73971      -0.0442
    -9.65951      -0.1914
    -9.57941      -0.6388
    -9.49921      -1.6702
    -9.41911      -3.5305
    -9.33891      -6.2626
    -9.25871      -9.7059
    -9.17861     -13.5416
    -9.09841     -17.1768
    -9.01831     -19.7221
    -8.93811     -20.5929
    -8.85791     -20.0266
    -8.77781     -18.7983
    -8.69761     -17.4674
    -8.61751     -15.9717
    -8.53731     -13.8894
    -8.45711     -11.4406
    -8.37701     -10.1005
    -8.29681     -11.3336
    -8.21671     -14.6646
    -8.13651     -17.6434
    -8.05631      -17.954
    -7.97621     -15.5197
    -7.89601     -12.4874
    -7.81591     -10.9433
    -7.73571      -10.869
    -7.65551     -11.0219
    -7.57541     -11.3243
    -7.49521     -12.6138
    -7.41511     -14.1405
    -7.33491     -13.6175
    -7.25471     -10.2658
    -7.17461        -5.91
    -7.09441      -2.6835
    -7.01431      -1.1305
    -6.93411      -0.6549
    -6.85391      -0.6082
    -6.77381      -0.6766
    -6.69361      -0.7812
    -6.61341       -0.896
    -6.53331       -0.982
    -6.45311      -0.9976
    -6.37301      -0.9637
    -6.29281      -0.9506
    -6.21261      -1.0102
    -6.13251       -1.128
    -6.05231      -1.2669
    -5.97221      -1.4127
    -5.89201      -1.5692
    -5.81181      -1.7181
    -5.73171      -1.8419
    -5.65151      -1.9606
    -5.57141      -2.1435
    -5.49121      -2.4493
    -5.41101      -2.8715
    -5.33091       -3.386
    -5.25071      -3.9195
    -5.17061      -4.3163
    -5.09041      -4.3974
    -5.01021      -4.1353
    -4.93011      -3.7146
    -4.84991      -3.3887
    -4.76981      -3.3471
    -4.68961      -3.6909
    -4.60941      -4.3712
    -4.52931      -5.1674
    -4.44911      -5.8086
    -4.36901      -6.2075
    -4.28881      -6.4884
    -4.20861      -6.7425
    -4.12851      -6.8643
    -4.04831      -6.7168
    -3.96821      -6.3589
    -3.88801      -6.0307
    -3.80781       -5.937
    -3.72771      -6.0824
    -3.64751       -6.291
    -3.56741      -6.3932
    -3.48721      -6.3594
    -3.40701      -6.2266
    -3.32691      -6.0094
    -3.24671      -5.7014
    -3.16661      -5.2689
    -3.08641      -4.6605
    -3.00621      -3.8945
    -2.92611      -3.1745
    -2.84591      -2.7431
    -2.76581      -2.6577
    -2.68561      -2.8003
    -2.60541      -3.0139
    -2.52531      -3.1589
    -2.44511      -3.1288
    -2.36501      -2.9401
    -2.28481      -2.7684
    -2.20461      -2.7585
    -2.12451      -2.8689
    -2.04431      -2.9329
    -1.96411      -2.8436
    -1.88401       -2.615
    -1.80381      -2.3138
    -1.72371      -2.0255
    -1.64351      -1.8573
    -1.56331      -1.9241
    -1.48321      -2.2704
    -1.40301      -2.7888
    -1.32291      -3.2333
    -1.24271      -3.3401
    -1.16251      -2.9718
    -1.08241      -2.2122
    -1.00221      -1.3328
   -0.922113      -0.6325
   -0.841913      -0.2294
   -0.761713       -0.063
   -0.681613      -0.0128
   -0.601413      -0.0016
   -0.521313           -0
   -0.441113           -0
   -0.360913           -0
   -0.280813           -0
   -0.200613           -0
   -0.120513           -0
  -0.0403128           -0
   0.0398872           -0
    0.119987           -0
    0.200187           -0
    0.280287           -0
    0.360487      -0.0008
    0.440687      -0.0156
    0.520787      -0.0864
    0.600987      -0.3763
    0.681087      -1.2713
    0.761287      -3.3969
    0.841487      -7.2604
    0.921587     -12.6112
     1.00179     -18.2448
     1.08189     -22.8739
     1.16209     -26.2091
     1.24229     -28.8256
     1.32239     -31.3073
     1.40259     -34.0779
     1.48269     -37.4011
     1.56289     -40.7197
     1.64309     -42.6792
     1.72319     -42.6792
     1.80339     -41.7436
     1.88349     -40.9509
     1.96369     -39.8955
     2.04389     -37.9193
     2.12399     -35.7867
     2.20419     -34.6536
     2.28429     -34.2678
     2.36449     -33.3799
     2.44469     -31.3073
     2.52479     -28.1608
     2.60499     -24.0323
     2.68509     -18.9171
     2.76529     -13.3563
     2.84549      -8.4957
     2.92559      -5.3504
     3.00579      -4.0862
     3.08599      -3.9325
     3.16609      -3.7726
     3.24629      -3.0025
     3.32639      -1.8477
     3.40659      -0.8595
     3.48679      -0.3045
     3.56689      -0.0911
     3.64709      -0.0398
     3.72719      -0.0369
     3.80739      -0.0379
     3.88759      -0.0327
     3.96769      -0.0259
     4.04789      -0.0243
     4.12799      -0.0297
     4.20819      -0.0411
     4.28839      -0.0492
     4.36849      -0.0516
     4.44869      -0.0459
     4.52879      -0.0344
     4.60899      -0.0216
     4.68919       -0.016
     4.76929      -0.0224
     4.84949      -0.0408
     4.92959      -0.0618
     5.00979      -0.0742
     5.08999      -0.0732
     5.17009      -0.0649
     5.25029      -0.0554
     5.33039      -0.0456
     5.41059      -0.0371
     5.49079      -0.0382
     5.57089      -0.0506
     5.65109      -0.0679
     5.73119      -0.0814
     5.81139      -0.0909
     5.89159      -0.1024
     5.97169      -0.1206
     6.05189      -0.1427
     6.13199      -0.1707
     6.21219      -0.2085
     6.29239      -0.2477
     6.37249      -0.2756
     6.45269      -0.2864
     6.53279       -0.286
     6.61299      -0.2811
     6.69319      -0.2709
     6.77329       -0.253
     6.85349      -0.2226
     6.93359      -0.1806
     7.01379      -0.1343
     7.09399      -0.0915
     7.17409       -0.057
     7.25429      -0.0308
     7.33439      -0.0126
     7.41459       -0.004
     7.49479      -0.0006
     7.57489           -0
     7.65509           -0
     7.73519           -0
     7.81539           -0
     7.89559           -0
     7.97569           -0
     8.05589           -0
     8.13609           -0
     8.21619           -0
     8.29639           -0
     8.37649           -0
     8.45669           -0
     8.53689           -0
     8.61699           -0
     8.69719           -0
     8.77729           -0
     8.85749           -0
     8.93769           -0
     9.01779           -0
     9.09799           -0
     9.17809           -0
     9.25829           -0
     9.33849           -0
     9.41859           -0
     9.49879           -0
     9.57889           -0
     9.65909           -0
     9.73929           -0
     9.81939           -0
     9.89959           -0
     9.97969           -0
     10.0599           -0
     10.1401           -0
     10.2202           -0
     10.3004           -0
     10.3805           -0
     10.4607           -0
     10.5409           -0
      10.621           -0
     10.7012           -0
     10.7813           -0
     10.8615           -0
     10.9417           -0
     11.0218           -0
      11.102           -0
     11.1821           -0
     11.2623           -0
     11.3425           -0
     11.4226           -0
     11.5028           -0
     11.5829           -0
     11.6631           -0
     11.7433           -0
     11.8234           -0
     11.9036           -0
     11.9837           -0
     12.0639           -0
     12.1441           -0
     12.2242           -0
     12.3044           -0
     12.3845           -0
     12.4647           -0
     12.5449           -0
      12.625           -0
     12.7052           -0
     12.7853           -0
     12.8655           -0
     12.9457           -0
     13.0258           -0
      13.106           -0
     13.1862           -0
     13.2663           -0
     13.3465           -0
     13.4266           -0
     13.5068           -0
      13.587           -0
     13.6671           -0
     13.7473           -0
     13.8274           -0
     13.9076           -0
     13.9878           -0
     14.0679           -0
     14.1481           -0
     14.2282           -0
     14.3084           -0
     14.3886           -0
     14.4687           -0
     14.5489           -0
      14.629           -0
     14.7092           -0
     14.7894           -0
     14.8695           -0
     14.9497           -0
     15.0298           -0
       15.11           -0
     15.1902           -0
     15.2703           -0
     15.3505           -0
     15.4306           -0
     15.5108           -0

    -24.4892       0.0004
     -24.409            0
    -24.3289            0
    -24.2487            0
    -24.1686            0
    -24.0884            0
    -24.0082            0
    -23.9281            0
    -23.8479            0
    -23.7678            0
    -23.6876            0
    -23.6074            0
    -23.5273            0
    -23.4471            0
     -23.367            0
    -23.2868            0
    -23.2066            0
    -23.1265            0
    -23.0463            0
    -22.9662            0
     -22.886            0
    -22.8058            0
    -22.7257            0
    -22.6455            0
    -22.5654            0
    -22.4852            0
     -22.405            0
    -22.3249            0
    -22.2447            0
    -22.1646            0
    -22.0844            0
    -22.0042            0
    -21.9241            0
    -21.8439            0
    -21.7637            0
    -21.6836            0
    -21.6034            0
    -21.5233            0
    -21.4431            0
    -21.3629            0
    -21.2828            0
    -21.2026            0
    -21.1225            0
    -21.0423            0
    -20.9621            0
     -20.882            0
    -20.8018            0
    -20.7217            0
    -20.6415            0
    -20.5613            0
    -20.4812            0
     -20.401            0
    -20.3209            0
    -20.2407            0
    -20.1605       0.0004
    -20.0804       0.0024
    -20.0002       0.0036
    -19.9201       0.0052
    -19.8399       0.0076
    -19.7597       0.0096
    -19.6796       0.0112
    -19.5994       0.0112
    -19.5193       0.0132
    -19.4391        0.016
    -19.3589       0.0168
    -19.2788       0.0184
    -19.1986       0.0188
    -19.1185       0.0176
    -19.0383       0.0164
    -18.9581       0.0152
     -18.878       0.0162
    -18.7978       0.0194
    -18.7177       0.0266
    -18.6375       0.0342
    -18.5573       0.0416
    -18.4772       0.0448
     -18.397       0.0448
    -18.3169        0.043
    -18.2367       0.0406
    -18.1565        0.032
    -18.0764       0.0196
    -17.9962       0.0102
    -17.9161       0.0058
    -17.8359       0.0068
    -17.7557       0.0098
    -17.6756        0.011
    -17.5954       0.0112
    -17.5153        0.011
    -17.4351       0.0126
    -17.3549       0.0142
    -17.2748       0.0146
    -17.1946       0.0124
    -17.1145       0.0064
    -17.0343       0.0034
    -16.9541       0.0008
     -16.874            0
    -16.7938            0
    -16.7136            0
    -16.6335            0
    -16.5533            0
    -16.4732            0
     -16.393            0
    -16.3128            0
    -16.2327       0.0016
    -16.1525       0.0046
    -16.0724       0.0112
    -15.9922       0.0224
     -15.912       0.0302
    -15.8319       0.0314
    -15.7517       0.0238
    -15.6716       0.0144
    -15.5914        0.006
    -15.5112       0.0016
    -15.4311            0
    -15.3509            0
    -15.2708            0
    -15.1906            0
    -15.1104            0
    -15.0303            0
    -14.9501            0
      -14.87            0
    -14.7898            0
    -14.7096            0
    -14.6295            0
    -14.5493            0
    -14.4692            0
     -14.389            0
    -14.3088            0
    -14.2287            0
    -14.1485            0
    -14.0684            0
    -13.9882            0
     -13.908            0
    -13.8279            0
    -13.7477            0
    -13.6676            0
    -13.5874            0
    -13.5072            0
    -13.4271            0
    -13.3469            0
    -13.2668            0
    -13.1866            0
    -13.1064            0
    -13.0263            0
    -12.9461            0
     -12.866            0
    -12.7858            0
    -12.7056            0
    -12.6255            0
    -12.5453            0
    -12.4652            0
     -12.385            0
    -12.3048            0
    -12.2247            0
    -12.1445            0
    -12.0644            0
    -11.9842            0
     -11.904            0
    -11.8239            0
    -11.7437            0
    -11.6635            0
    -11.5834            0
    -11.5032            0
    -11.4231            0
    -11.3429            0
    -11.2627            0
    -11.1826            0
    -11.1024            0
    -11.0223            0
    -10.9421            0
    -10.8619            0
    -10.7818            0
    -10.7016            0
    -10.6215            0
    -10.5413            0
    -10.4611            0
     -10.381            0
    -10.3008            0
    -10.2207            0
    -10.1405        0.002
    -10.0603       0.0096
    -9.98021       0.0332
    -9.90001       0.0924
    -9.81991       0.2148
    -9.73971        0.422
    -9.65951       0.7444
    -9.57941       1.1902
    -9.49921        1.738
    -9.41911       2.2956
    -9.33891       2.7736
    -9.25871       3.1879
    -9.17861       3.6306
    -9.09841       4.1372
    -9.01831       4.6294
    -8.93811        4.952
    -8.85791       4.9975
    -8.77781       4.8114
    -8.69761       4.5707
    -8.61751       4.3712
    -8.53731       4.1494
    -8.45711       3.8346
    -8.37701       3.4508
    -8.29681       3.0504
    -8.21671       2.6964
    -8.13651       2.4742
    -8.05631       2.4177
    -7.97621       2.4024
    -7.89601        2.252
    -7.81591       1.9554
    -7.73571        1.687
    -7.65551       1.5666
    -7.57541       1.5088
    -7.49521       1.3588
    -7.41511       1.1023
    -7.33491       0.8303
    -7.25471       0.5928
    -7.17461       0.3762
    -7.09441       0.1964
    -7.01431       0.0829
    -6.93411       0.0422
    -6.85391       0.0578
    -6.77381       0.1308
    -6.69361       0.2809
    -6.61341       0.5449
    -6.53331       0.9868
    -6.45311       1.6661
    -6.37301       2.6042
    -6.29281        3.729
    -6.21261       4.8537
    -6.13251       5.7802
    -6.05231       6.4062
    -5.97221       6.8257
    -5.89201       7.2832
    -5.81181       7.9359
    -5.73171       8.6074
    -5.65151       8.9196
    -5.57141       8.7637
    -5.49121       8.4573
    -5.41101       8.3241
    -5.33091       8.3405
    -5.25071        8.304
    -5.17061       8.1451
    -5.09041       7.9267
    -5.01021       7.6984
    -4.93011       7.5384
    -4.84991       7.7118
    -4.76981       8.5088
    -4.68961       9.8275
    -4.60941      11.1054
    -4.52931      11.9095
    -4.44911      12.3059
    -4.36901      12.5053
    -4.28881      12.5481
    -4.20861      12.5234
    -4.12851       12.623
    -4.04831      12.8163
    -3.96821      12.8713
    -3.88801       12.741
    -3.80781       12.573
    -3.72771      12.4616
    -3.64751      12.4366
    -3.56741      12.5665
    -3.48721      12.9385
    -3.40701      13.5817
    -3.32691      14.3451
    -3.24671       14.852
    -3.16661      14.7889
    -3.08641      14.2167
    -3.00621      13.4555
    -2.92611      12.8023
    -2.84591      12.5343
    -2.76581      12.8775
    -2.68561      13.7134
    -2.60541      14.4821
    -2.52531      14.6383
    -2.44511      14.1448
    -2.36501      13.3753
    -2.28481      12.6921
    -2.20461      12.2142
    -2.12451       11.914
    -2.04431       11.938
    -1.96411      12.6516
    -1.88401       14.042
    -1.80381      15.3533
    -1.72371       15.838
    -1.64351      15.6276
    -1.56331      15.4091
    -1.48321      15.3824
    -1.40301      14.9042
    -1.32291      13.2255
    -1.24271      10.4642
    -1.16251       7.5985
    -1.08241       5.5253
    -1.00221       4.3376
   -0.922113       3.5574
   -0.841913        2.757
   -0.761713       1.8657
   -0.681613       1.0518
   -0.601413       0.4795
   -0.521313       0.1724
   -0.441113       0.0474
   -0.360913       0.0094
   -0.280813       0.0014
   -0.200613            0
   -0.120513            0
  -0.0403128            0
   0.0398872            0
    0.119987            0
    0.200187            0
    0.280287            0
    0.360487            0
    0.440687            0
    0.520787       0.0069
    0.600987       0.0332
    0.681087       0.1162
    0.761287       0.3112
    0.841487        0.664
    0.921587       1.1802
     1.00179        1.823
     1.08189       2.5503
     1.16209        3.274
     1.24229        3.798
     1.32239       3.8788
     1.40259       3.4279
     1.48269       2.6598
     1.56289       1.8904
     1.64309       1.2666
     1.72319       0.7735
     1.80339       0.4066
     1.88349       0.1904
     1.96369       0.1312
     2.04389          0.2
     2.12399        0.356
     2.20419       0.5605
     2.28429        0.787
     2.36449       1.0462
     2.44469       1.3356
     2.52479       1.6088
     2.60499       1.7966
     2.68509       1.8885
     2.76529       1.9461
     2.84549       2.0574
     2.92559        2.272
     3.00579       2.5228
     3.08599       2.6138
     3.16609       2.3497
     3.24629       1.7415
     3.32639       1.0352
     3.40659       0.4923
     3.48679       0.2031
     3.56689       0.0957
     3.64709       0.0691
     3.72719       0.0634
     3.80739        0.061
     3.88759       0.0636
     3.96769       0.0783
     4.04789       0.1047
     4.12799       0.1323
     4.20819       0.1488
     4.28839       0.1432
     4.36849       0.1191
     4.44869       0.0871
     4.52879       0.0685
     4.60899       0.0823
     4.68919        0.132
     4.76929       0.2027
     4.84949       0.2573
     4.92959       0.2704
     5.00979       0.2534
     5.08999       0.2336
     5.17009       0.2135
     5.25029       0.1837
     5.33039       0.1515
     5.41059       0.1437
     5.49079       0.1861
     5.57089       0.2787
     5.65109       0.3903
     5.73119       0.4782
     5.81139       0.5229
     5.89159       0.5326
     5.97169       0.5226
     6.05189       0.5062
     6.13199       0.5054
     6.21219       0.5434
     6.29239        0.617
     6.37249       0.6871
     6.45269       0.7156
     6.53279       0.6929
     6.61299        0.642
     6.69319       0.5795
     6.77329       0.5049
     6.85349       0.4101
     6.93359       0.2996
     7.01379        0.191
     7.09399       0.1024
     7.17409       0.0444
     7.25429       0.0146
     7.33439       0.0015
     7.41459            0
     7.49479            0
     7.57489            0
     7.65509            0
     7.73519            0
     7.81539            0
     7.89559            0
     7.97569            0
     8.05589            0
     8.13609            0
     8.21619            0
     8.29639            0
     8.37649            0
     8.45669            0
     8.53689            0
     8.61699            0
     8.69719            0
     8.77729            0
     8.85749            0
     8.93769            0
     9.01779            0
     9.09799            0
     9.17809            0
     9.25829            0
     9.33849            0
     9.41859            0
     9.49879            0
     9.57889            0
     9.65909            0
     9.73929            0
     9.81939            0
     9.89959            0
     9.97969            0
     10.0599            0
     10.1401            0
     10.2202            0
     10.3004            0
     10.3805            0
     10.4607            0
     10.5409            0
      10.621            0
     10.7012            0
     10.7813            0
     10.8615            0
     10.9417            0
     11.0218            0
      11.102            0
     11.1821            0
     11.2623            0
     11.3425            0
     11.4226            0
     11.5028            0
     11.5829            0
     11.6631            0
     11.7433            0
     11.8234            0
     11.9036            0
     11.9837            0
     12.0639            0
     12.1441            0
     12.2242            0
     12.3044            0
     12.3845            0
     12.4647            0
     12.5449            0
      12.625            0
     12.7052            0
     12.7853            0
     12.8655            0
     12.9457            0
     13.0258            0
      13.106            0
     13.1862            0
     13.2663            0
     13.3465            0
     13.4266            0
     13.5068            0
      13.587            0
     13.6671            0
     13.7473            0
     13.8274            0
     13.9076            0
     13.9878            0
     14.0679            0
     14.1481            0
     14.2282            0
     14.3084            0
     14.3886            0
     14.4687            0
     14.5489            0
      14.629            0
     14.7092            0
     14.7894            0
     14.8695            0
     14.9497            0
     15.0298            0
       15.11            0
     15.1902            0
     15.2703            0
     15.3505            0
     15.4306            0
     15.5108            0

    -24.4892      -0.0004
     -24.409           -0
    -24.3289           -0
    -24.2487           -0
    -24.1686           -0
    -24.0884           -0
    -24.0082           -0
    -23.9281           -0
    -23.8479           -0
    -23.7678           -0
    -23.6876           -0
    -23.6074           -0
    -23.5273           -0
    -23.4471           -0
     -23.367           -0
    -23.2868           -0
    -23.2066           -0
    -23.1265           -0
    -23.0463           -0
    -22.9662           -0
     -22.886           -0
    -22.8058           -0
    -22.7257           -0
    -22.6455           -0
    -22.5654           -0
    -22.4852           -0
     -22.405           -0
    -22.3249           -0
    -22.2447           -0
    -22.1646           -0
    -22.0844           -0
    -22.0042           -0
    -21.9241           -0
    -21.8439           -0
    -21.7637           -0
    -21.6836           -0
    -21.6034           -0
    -21.5233           -0
    -21.4431           -0
    -21.3629           -0
    -21.2828           -0
    -21.2026           -0
    -21.1225           -0
    -21.0423           -0
    -20.9621           -0
     -20.882           -0
    -20.8018           -0
    -20.7217           -0
    -20.6415           -0
    -20.5613           -0
    -20.4812           -0
     -20.401           -0
    -20.3209           -0
    -20.2407           -0
    -20.1605           -0
    -20.0804           -0
    -20.0002      -0.0004
    -19.9201      -0.0004
    -19.8399      -0.0036
    -19.7597      -0.0052
    -19.6796       -0.006
    -19.5994      -0.0064
    -19.5193      -0.0072
    -19.4391      -0.0076
    -19.3589      -0.0096
    -19.2788      -0.0104
    -19.1986      -0.0128
    -19.1185       -0.014
    -19.0383      -0.0148
    -18.9581      -0.0152
     -18.878       -0.014
    -18.7978       -0.012
    -18.7177      -0.0068
    -18.6375      -0.0044
    -18.5573      -0.0034
    -18.4772      -0.0058
     -18.397      -0.0086
    -18.3169       -0.011
    -18.2367      -0.0126
    -18.1565      -0.0152
    -18.0764      -0.0198
    -17.9962      -0.0256
    -17.9161       -0.033
    -17.8359      -0.0382
    -17.7557      -0.0388
    -17.6756       -0.035
    -17.5954       -0.027
    -17.5153      -0.0206
    -17.4351      -0.0174
    -17.3549      -0.0162
    -17.2748      -0.0138
    -17.1946      -0.0116
    -17.1145      -0.0072
    -17.0343      -0.0042
    -16.9541      -0.0008
     -16.874           -0
    -16.7938           -0
    -16.7136           -0
    -16.6335           -0
    -16.5533           -0
    -16.4732           -0
     -16.393           -0
    -16.3128           -0
    -16.2327      -0.0004
    -16.1525      -0.0028
    -16.0724      -0.0094
    -15.9922      -0.0182
     -15.912       -0.027
    -15.8319      -0.0286
    -15.7517      -0.0242
    -15.6716       -0.014
    -15.5914      -0.0064
    -15.5112       -0.002
    -15.4311           -0
    -15.3509           -0
    -15.2708           -0
    -15.1906           -0
    -15.1104           -0
    -15.0303           -0
    -14.9501           -0
      -14.87           -0
    -14.7898           -0
    -14.7096           -0
    -14.6295           -0
    -14.5493           -0
    -14.4692           -0
     -14.389           -0
    -14.3088           -0
    -14.2287           -0
    -14.1485           -0
    -14.0684           -0
    -13.9882           -0
     -13.908           -0
    -13.8279           -0
    -13.7477           -0
    -13.6676           -0
    -13.5874           -0
    -13.5072           -0
    -13.4271           -0
    -13.3469           -0
    -13.2668           -0
    -13.1866           -0
    -13.1064           -0
    -13.0263           -0
    -12.9461           -0
     -12.866           -0
    -12.7858           -0
    -12.7056           -0
    -12.6255           -0
    -12.5453           -0
    -12.4652           -0
     -12.385           -0
    -12.3048           -0
    -12.2247           -0
    -12.1445           -0
    -12.0644           -0
    -11.9842           -0
     -11.904           -0
    -11.8239           -0
    -11.7437           -0
    -11.6635           -0
    -11.5834           -0
    -11.5032           -0
    -11.4231           -0
    -11.3429           -0
    -11.2627           -0
    -11.1826           -0
    -11.1024           -0
    -11.0223           -0
    -10.9421           -0
    -10.8619           -0
    -10.7818           -0
    -10.7016           -0
    -10.6215           -0
    -10.5413           -0
    -10.4611           -0
     -10.381           -0
    -10.3008           -0
    -10.2207           -0
    -10.1405           -0
    -10.0603           -0
    -9.98021           -0
    -9.90001           -0
    -9.81991      -0.0012
    -9.73971      -0.0092
    -9.65951      -0.0448
    -9.57941      -0.1466
    -9.49921      -0.3816
    -9.41911      -0.7926
    -9.33891      -1.3681
    -9.25871      -2.0388
    -9.17861      -2.7027
    -9.09841      -3.2376
    -9.01831      -3.4902
    -8.93811      -3.3669
    -8.85791        -2.93
    -8.77781      -2.3536
    -8.69761      -1.8008
    -8.61751      -1.3588
    -8.53731      -1.0572
    -8.45711       -0.967
    -8.37701      -1.2226
    -8.29681      -1.8824
    -8.21671      -2.7259
    -8.13651      -3.3083
    -8.05631      -3.2924
    -7.97621       -2.736
    -7.89601      -2.0406
    -7.81591      -1.5846
    -7.73571       -1.431
    -7.65551      -1.4156
    -7.57541      -1.4582
    -7.49521      -1.5888
    -7.41511      -1.7282
    -7.33491      -1.6972
    -7.25471      -1.4797
    -7.17461      -1.2643
    -7.09441       -1.232
    -7.01431      -1.4204
    -6.93411      -1.7581
    -6.85391      -2.1452
    -6.77381      -2.5545
    -6.69361      -3.0201
    -6.61341      -3.5132
    -6.53331      -3.8704
    -6.45311      -3.9334
    -6.37301      -3.7692
    -6.29281      -3.6506
    -6.21261      -3.7934
    -6.13251      -4.1642
    -6.05231      -4.6206
    -5.97221      -5.0888
    -5.89201      -5.5282
    -5.81181      -5.8526
    -5.73171       -5.984
    -5.65151      -6.0086
    -5.57141      -6.1995
    -5.49121        -6.76
    -5.41101      -7.6533
    -5.33091      -8.7224
    -5.25071      -9.7927
    -5.17061     -10.5805
    -5.09041       -10.75
    -5.01021     -10.2332
    -4.93011      -9.3761
    -4.84991      -8.7072
    -4.76981      -8.6463
    -4.68961      -9.4102
    -4.60941     -10.8841
    -4.52931      -12.575
    -4.44911     -13.9254
    -4.36901     -14.7792
    -4.28881      -15.407
    -4.20861     -15.9785
    -4.12851     -16.2324
    -4.04831     -15.8563
    -3.96821     -15.0194
    -3.88801     -14.3103
    -3.80781     -14.2108
    -3.72771      -14.685
    -3.64751     -15.2795
    -3.56741     -15.6336
    -3.48721     -15.8117
    -3.40701     -16.0764
    -3.32691     -16.5416
    -3.24671     -17.0523
    -3.16661     -17.1792
    -3.08641      -16.373
    -3.00621     -14.5371
    -2.92611     -12.4181
    -2.84591     -11.0356
    -2.76581     -10.7797
    -2.68561       -11.31
    -2.60541     -12.1011
    -2.52531     -12.6935
    -2.44511     -12.7778
    -2.36501     -12.4884
    -2.28481     -12.4434
    -2.20461     -13.0571
    -2.12451     -13.9004
    -2.04431     -14.0108
    -1.96411     -12.8579
    -1.88401     -10.7966
    -1.80381      -8.5747
    -1.72371      -6.7347
    -1.64351       -5.556
    -1.56331      -5.2031
    -1.48321      -5.6534
    -1.40301      -6.5401
    -1.32291      -7.2551
    -1.24271      -7.2512
    -1.16251       -6.307
    -1.08241       -4.622
    -1.00221      -2.7554
   -0.922113      -1.2948
   -0.841913      -0.4677
   -0.761713      -0.1278
   -0.681613       -0.025
   -0.601413      -0.0026
   -0.521313      -0.0002
   -0.441113           -0
   -0.360913           -0
   -0.280813           -0
   -0.200613           -0
   -0.120513           -0
  -0.0403128           -0
   0.0398872           -0
    0.119987           -0
    0.200187           -0
    0.280287           -0
    0.360487           -0
    0.440687           -0
    0.520787      -0.0068
    0.600987      -0.0282
    0.681087      -0.0994
    0.761287      -0.2604
    0.841487      -0.5494
    0.921587      -0.9406
     1.00179      -1.3354
     1.08189      -1.6526
     1.16209      -1.9048
     1.24229       -2.172
     1.32239      -2.5083
     1.40259       -2.905
     1.48269      -3.3301
     1.56289      -3.7118
     1.64309           -4
     1.72319      -4.2403
     1.80339      -4.5704
     1.88349      -5.0388
     1.96369       -5.518
     2.04389       -5.929
     2.12399         -6.4
     2.20419      -7.0408
     2.28429      -7.6345
     2.36449      -7.7963
     2.44469      -7.3837
     2.52479      -6.5911
     2.60499      -5.6321
     2.68509      -4.5516
     2.76529       -3.374
     2.84549      -2.2658
     2.92559      -1.4669
     3.00579      -1.0896
     3.08599      -1.0029
     3.16609       -0.942
     3.24629      -0.7463
     3.32639       -0.461
     3.40659       -0.218
     3.48679      -0.0867
     3.56689      -0.0461
     3.64709      -0.0495
     3.72719      -0.0689
     3.80739      -0.0803
     3.88759      -0.0774
     3.96769      -0.0666
     4.04789      -0.0698
     4.12799      -0.0933
     4.20819      -0.1334
     4.28839      -0.1695
     4.36849      -0.1841
     4.44869      -0.1706
     4.52879      -0.1319
     4.60899      -0.0888
     4.68919      -0.0681
     4.76929      -0.0953
     4.84949      -0.1704
     4.92959      -0.2611
     5.00979      -0.3154
     5.08999      -0.3149
     5.17009      -0.2845
     5.25029      -0.2471
     5.33039       -0.204
     5.41059      -0.1654
     5.49079      -0.1631
     5.57089      -0.2092
     5.65109      -0.2778
     5.73119      -0.3281
     5.81139      -0.3525
     5.89159      -0.3781
     5.97169       -0.419
     6.05189      -0.4674
     6.13199      -0.5249
     6.21219      -0.5992
     6.29239      -0.6718
     6.37249      -0.7068
     6.45269      -0.6956
     6.53279      -0.6627
     6.61299      -0.6359
     6.69319      -0.6201
     6.77329      -0.6028
     6.85349      -0.5592
     6.93359      -0.4791
     7.01379      -0.3741
     7.09399      -0.2672
     7.17409      -0.1721
     7.25429      -0.0976
     7.33439      -0.0455
     7.41459      -0.0171
     7.49479      -0.0038
     7.57489           -0
     7.65509           -0
     7.73519           -0
     7.81539           -0
     7.89559           -0
     7.97569           -0
     8.05589           -0
     8.13609           -0
     8.21619           -0
     8.29639           -0
     8.37649           -0
     8.45669           -0
     8.53689           -0
     8.61699           -0
     8.69719           -0
     8.77729           -0
     8.85749           -0
     8.93769           -0
     9.01779           -0
     9.09799           -0
     9.17809           -0
     9.25829           -0
     9.33849           -0
     9.41859           -0
     9.49879           -0
     9.57889           -0
     9.65909           -0
     9.73929           -0
     9.81939           -0
     9.89959           -0
     9.97969           -0
     10.0599           -0
     10.1401           -0
     10.2202           -0
     10.3004           -0
     10.3805           -0
     10.4607           -0
     10.5409           -0
      10.621           -0
     10.7012           -0
     10.7813           -0
     10.8615           -0
     10.9417           -0
     11.0218           -0
      11.102           -0
     11.1821           -0
     11.2623           -0
     11.3425           -0
     11.4226           -0
     11.5028           -0
     11.5829           -0
     11.6631           -0
     11.7433           -0
     11.8234           -0
     11.9036           -0
     11.9837           -0
     12.0639           -0
     12.1441           -0
     12.2242           -0
     12.3044           -0
     12.3845           -0
     12.4647           -0
     12.5449           -0
      12.625           -0
     12.7052           -0
     12.7853           -0
     12.8655           -0
     12.9457           -0
     13.0258           -0
      13.106           -0
     13.1862           -0
     13.2663           -0
     13.3465           -0
     13.4266           -0
     13.5068           -0
      13.587           -0
     13.6671           -0
     13.7473           -0
     13.8274           -0
     13.9076           -0
     13.9878           -0
     14.0679           -0
     14.1481           -0
     14.2282           -0
     14.3084           -0
     14.3886           -0
     14.4687           -0
     14.5489           -0
      14.629           -0
     14.7092           -0
     14.7894           -0
     14.8695           -0
     14.9497           -0
     15.0298           -0
       15.11           -0
     15.1902           -0
     15.2703           -0
     15.3505           -0
     15.4306           -0
     15.5108           -0



