-24.4892 12.475 -24.4892 -12.475 -24.4892 0.0 -24.4892 -0.0 -24.4892 0.0002 -24.4892 -0.0002 
-24.409 0.0 -24.409 -0.0 -24.409 0.0 -24.409 -0.0 -24.409 0.0 -24.409 -0.0 
-24.3289 0.0 -24.3289 -0.0 -24.3289 0.0 -24.3289 -0.0 -24.3289 0.0 -24.3289 -0.0 
-24.2487 0.0 -24.2487 -0.0 -24.2487 0.0 -24.2487 -0.0 -24.2487 0.0 -24.2487 -0.0 
-24.1686 0.0 -24.1686 -0.0 -24.1686 0.0 -24.1686 -0.0 -24.1686 0.0 -24.1686 -0.0 
-24.0884 0.0 -24.0884 -0.0 -24.0884 0.0 -24.0884 -0.0 -24.0884 0.0 -24.0884 -0.0 
-24.0082 0.0 -24.0082 -0.0 -24.0082 0.0 -24.0082 -0.0 -24.0082 0.0 -24.0082 -0.0 
-23.9281 0.0 -23.9281 -0.0 -23.9281 0.0 -23.9281 -0.0 -23.9281 0.0 -23.9281 -0.0 
-23.8479 0.0 -23.8479 -0.0 -23.8479 0.0 -23.8479 -0.0 -23.8479 0.0 -23.8479 -0.0 
-23.7678 0.0 -23.7678 -0.0 -23.7678 0.0 -23.7678 -0.0 -23.7678 0.0 -23.7678 -0.0 
-23.6876 0.0 -23.6876 -0.0 -23.6876 0.0 -23.6876 -0.0 -23.6876 0.0 -23.6876 -0.0 
-23.6074 0.0 -23.6074 -0.0 -23.6074 0.0 -23.6074 -0.0 -23.6074 0.0 -23.6074 -0.0 
-23.5273 0.0 -23.5273 -0.0 -23.5273 0.0 -23.5273 -0.0 -23.5273 0.0 -23.5273 -0.0 
-23.4471 0.0 -23.4471 -0.0 -23.4471 0.0 -23.4471 -0.0 -23.4471 0.0 -23.4471 -0.0 
-23.367 0.0 -23.367 -0.0 -23.367 0.0 -23.367 -0.0 -23.367 0.0 -23.367 -0.0 
-23.2868 0.0 -23.2868 -0.0 -23.2868 0.0 -23.2868 -0.0 -23.2868 0.0 -23.2868 -0.0 
-23.2066 0.0 -23.2066 -0.0 -23.2066 0.0 -23.2066 -0.0 -23.2066 0.0 -23.2066 -0.0 
-23.1265 0.0 -23.1265 -0.0 -23.1265 0.0 -23.1265 -0.0 -23.1265 0.0 -23.1265 -0.0 
-23.0463 0.0 -23.0463 -0.0 -23.0463 0.0 -23.0463 -0.0 -23.0463 0.0 -23.0463 -0.0 
-22.9662 0.0 -22.9662 -0.0 -22.9662 0.0 -22.9662 -0.0 -22.9662 0.0 -22.9662 -0.0 
-22.886 0.0 -22.886 -0.0 -22.886 0.0 -22.886 -0.0 -22.886 0.0 -22.886 -0.0 
-22.8058 0.0 -22.8058 -0.0 -22.8058 0.0 -22.8058 -0.0 -22.8058 0.0 -22.8058 -0.0 
-22.7257 0.0 -22.7257 -0.0 -22.7257 0.0 -22.7257 -0.0 -22.7257 0.0 -22.7257 -0.0 
-22.6455 0.0 -22.6455 -0.0 -22.6455 0.0 -22.6455 -0.0 -22.6455 0.0 -22.6455 -0.0 
-22.5654 0.0 -22.5654 -0.0 -22.5654 0.0 -22.5654 -0.0 -22.5654 0.0 -22.5654 -0.0 
-22.4852 0.0 -22.4852 -0.0 -22.4852 0.0 -22.4852 -0.0 -22.4852 0.0 -22.4852 -0.0 
-22.405 0.0 -22.405 -0.0 -22.405 0.0 -22.405 -0.0 -22.405 0.0 -22.405 -0.0 
-22.3249 0.0 -22.3249 -0.0 -22.3249 0.0 -22.3249 -0.0 -22.3249 0.0 -22.3249 -0.0 
-22.2447 0.0 -22.2447 -0.0 -22.2447 0.0 -22.2447 -0.0 -22.2447 0.0 -22.2447 -0.0 
-22.1646 0.0 -22.1646 -0.0 -22.1646 0.0 -22.1646 -0.0 -22.1646 0.0 -22.1646 -0.0 
-22.0844 0.0 -22.0844 -0.0 -22.0844 0.0 -22.0844 -0.0 -22.0844 0.0 -22.0844 -0.0 
-22.0042 0.0 -22.0042 -0.0 -22.0042 0.0 -22.0042 -0.0 -22.0042 0.0 -22.0042 -0.0 
-21.9241 0.0 -21.9241 -0.0 -21.9241 0.0 -21.9241 -0.0 -21.9241 0.0 -21.9241 -0.0 
-21.8439 0.0 -21.8439 -0.0 -21.8439 0.0 -21.8439 -0.0 -21.8439 0.0 -21.8439 -0.0 
-21.7637 0.0 -21.7637 -0.0 -21.7637 0.0 -21.7637 -0.0 -21.7637 0.0 -21.7637 -0.0 
-21.6836 0.0 -21.6836 -0.0 -21.6836 0.0 -21.6836 -0.0 -21.6836 0.0 -21.6836 -0.0 
-21.6034 0.0 -21.6034 -0.0 -21.6034 0.0 -21.6034 -0.0 -21.6034 0.0 -21.6034 -0.0 
-21.5233 0.0 -21.5233 -0.0 -21.5233 0.0 -21.5233 -0.0 -21.5233 0.0 -21.5233 -0.0 
-21.4431 0.0 -21.4431 -0.0 -21.4431 0.0 -21.4431 -0.0 -21.4431 0.0 -21.4431 -0.0 
-21.3629 0.0 -21.3629 -0.0 -21.3629 0.0 -21.3629 -0.0 -21.3629 0.0 -21.3629 -0.0 
-21.2828 0.0 -21.2828 -0.0 -21.2828 0.0 -21.2828 -0.0 -21.2828 0.0 -21.2828 -0.0 
-21.2026 0.0 -21.2026 -0.0 -21.2026 0.0 -21.2026 -0.0 -21.2026 0.0 -21.2026 -0.0 
-21.1225 0.0 -21.1225 -0.0 -21.1225 0.0 -21.1225 -0.0 -21.1225 0.0 -21.1225 -0.0 
-21.0423 0.0 -21.0423 -0.0 -21.0423 0.0 -21.0423 -0.0 -21.0423 0.0 -21.0423 -0.0 
-20.9621 0.0 -20.9621 -0.0 -20.9621 0.0 -20.9621 -0.0 -20.9621 0.0 -20.9621 -0.0 
-20.882 0.0 -20.882 -0.0 -20.882 0.0 -20.882 -0.0 -20.882 0.0 -20.882 -0.0 
-20.8018 0.0 -20.8018 -0.0 -20.8018 0.0 -20.8018 -0.0 -20.8018 0.0 -20.8018 -0.0 
-20.7217 0.0 -20.7217 -0.0 -20.7217 0.0 -20.7217 -0.0 -20.7217 0.0 -20.7217 -0.0 
-20.6415 0.0001 -20.6415 -0.0 -20.6415 0.0 -20.6415 -0.0 -20.6415 0.0 -20.6415 -0.0 
-20.5613 0.00075 -20.5613 -0.0 -20.5613 0.0 -20.5613 -0.0 -20.5613 0.0 -20.5613 -0.0 
-20.4812 0.0048 -20.4812 -0.0001 -20.4812 0.0 -20.4812 -0.0 -20.4812 0.0 -20.4812 -0.0 
-20.401 0.02325 -20.401 -0.00065 -20.401 0.0 -20.401 -0.0 -20.401 0.0 -20.401 -0.0 
-20.3209 0.08525 -20.3209 -0.00445 -20.3209 0.0 -20.3209 -0.0 -20.3209 0.0 -20.3209 -0.0 
-20.2407 0.23975 -20.2407 -0.02235 -20.2407 0.0001 -20.2407 -0.0 -20.2407 0.0 -20.2407 -0.0 
-20.1605 0.52765 -20.1605 -0.08465 -20.1605 0.0009 -20.1605 -0.0 -20.1605 0.0002 -20.1605 -0.0 
-20.0804 0.9353 -20.0804 -0.2461 -20.0804 0.0028 -20.0804 -0.001 -20.0804 0.0012 -20.0804 -0.0 
-20.0002 1.3915 -20.0002 -0.5601 -20.0002 0.0058 -20.0002 -0.0027 -20.0002 0.0018 -20.0002 -0.0002 
-19.9201 1.82525 -19.9201 -1.0263 -19.9201 0.0109 -19.9201 -0.0067 -19.9201 0.0026 -19.9201 -0.0002 
-19.8399 2.20745 -19.8399 -1.5681 -19.8399 0.0166 -19.8399 -0.0136 -19.8399 0.0038 -19.8399 -0.0018 
-19.7597 2.53685 -19.7597 -2.07285 -19.7597 0.024 -19.7597 -0.0244 -19.7597 0.0048 -19.7597 -0.0026 
-19.6796 2.8465 -19.6796 -2.4511 -19.6796 0.0336 -19.6796 -0.0377 -19.6796 0.0056 -19.6796 -0.003 
-19.5994 3.23775 -19.5994 -2.6924 -19.5994 0.046 -19.5994 -0.0492 -19.5994 0.0056 -19.5994 -0.0032 
-19.5193 3.84655 -19.5193 -2.91605 -19.5193 0.0665 -19.5193 -0.0602 -19.5193 0.0066 -19.5193 -0.0036 
-19.4391 4.7703 -19.4391 -3.3183 -19.4391 0.1042 -19.4391 -0.0746 -19.4391 0.008 -19.4391 -0.0038 
-19.3589 6.0747 -19.3589 -3.996 -19.3589 0.172 -19.3589 -0.0941 -19.3589 0.0084 -19.3589 -0.0048 
-19.2788 7.7964 -19.2788 -4.86755 -19.2788 0.2817 -19.2788 -0.12065 -19.2788 0.0092 -19.2788 -0.0052 
-19.1986 9.79445 -19.1986 -5.8493 -19.1986 0.4265 -19.1986 -0.159 -19.1986 0.0094 -19.1986 -0.0064 
-19.1185 11.59125 -19.1185 -7.0819 -19.1185 0.56815 -19.1185 -0.2186 -19.1185 0.0088 -19.1185 -0.007 
-19.0383 12.48835 -19.0383 -8.81455 -19.0383 0.6453 -19.0383 -0.3122 -19.0383 0.0082 -19.0383 -0.0074 
-18.9581 12.04575 -18.9581 -10.85675 -18.9581 0.6184 -18.9581 -0.42995 -18.9581 0.0076 -18.9581 -0.0076 
-18.878 10.629 -18.878 -12.2016 -18.878 0.51015 -18.878 -0.5225 -18.878 0.0081 -18.878 -0.007 
-18.7978 9.3242 -18.7978 -11.6621 -18.7978 0.3988 -18.7978 -0.5267 -18.7978 0.0097 -18.7978 -0.006 
-18.7177 8.9977 -18.7177 -9.18795 -18.7177 0.3524 -18.7177 -0.42115 -18.7177 0.0133 -18.7177 -0.0034 
-18.6375 9.53875 -18.6375 -6.20285 -18.6375 0.3774 -18.6375 -0.2677 -18.6375 0.0171 -18.6375 -0.0022 
-18.5573 10.23885 -18.5573 -4.30385 -18.5573 0.4356 -18.5573 -0.14315 -18.5573 0.0208 -18.5573 -0.0017 
-18.4772 10.7397 -18.4772 -3.90765 -18.4772 0.4925 -18.4772 -0.0838 -18.4772 0.0224 -18.4772 -0.0029 
-18.397 11.26725 -18.397 -4.3364 -18.397 0.5479 -18.397 -0.07505 -18.397 0.0224 -18.397 -0.0043 
-18.3169 11.8204 -18.3169 -4.83805 -18.3169 0.6025 -18.3169 -0.0915 -18.3169 0.0215 -18.3169 -0.0055 
-18.2367 11.5634 -18.2367 -5.28095 -18.2367 0.6123 -18.2367 -0.1218 -18.2367 0.0203 -18.2367 -0.0063 
-18.1565 9.6561 -18.1565 -6.0755 -18.1565 0.5281 -18.1565 -0.17125 -18.1565 0.016 -18.1565 -0.0076 
-18.0764 6.5222 -18.0764 -7.6301 -18.0764 0.36355 -18.0764 -0.2531 -18.0764 0.0098 -18.0764 -0.0099 
-17.9962 3.636 -17.9962 -9.8266 -17.9962 0.2013 -17.9962 -0.3658 -17.9962 0.0051 -17.9962 -0.0128 
-17.9161 2.1405 -17.9161 -11.9115 -17.9161 0.1034 -17.9161 -0.4799 -17.9161 0.0029 -17.9161 -0.0165 
-17.8359 2.07315 -17.8359 -12.8934 -17.8359 0.0801 -17.8359 -0.5451 -17.8359 0.0034 -17.8359 -0.0191 
-17.7557 2.6694 -17.7557 -12.1818 -17.7557 0.095 -17.7557 -0.5248 -17.7557 0.0049 -17.7557 -0.0194 
-17.6756 3.1138 -17.6756 -10.08385 -17.6756 0.1138 -17.6756 -0.42525 -17.6756 0.0055 -17.6756 -0.0175 
-17.5954 3.1964 -17.5954 -7.71185 -17.5954 0.1253 -17.5954 -0.3031 -17.5954 0.0056 -17.5954 -0.0135 
-17.5153 3.3365 -17.5153 -6.1627 -17.5153 0.1447 -17.5153 -0.2205 -17.5153 0.0055 -17.5153 -0.0103 
-17.4351 3.9016 -17.4351 -5.7433 -17.4351 0.186 -17.4351 -0.2028 -17.4351 0.0063 -17.4351 -0.0087 
-17.3549 4.6379 -17.3549 -6.01215 -17.3549 0.2325 -17.3549 -0.2334 -17.3549 0.0071 -17.3549 -0.0081 
-17.2748 4.8544 -17.2748 -6.2286 -17.2748 0.2486 -17.2748 -0.26905 -17.2748 0.0073 -17.2748 -0.0069 
-17.1946 4.1187 -17.1946 -5.7161 -17.1946 0.2143 -17.1946 -0.2652 -17.1946 0.0062 -17.1946 -0.0058 
-17.1145 2.7195 -17.1145 -4.30685 -17.1145 0.1428 -17.1145 -0.2089 -17.1145 0.0032 -17.1145 -0.0036 
-17.0343 1.36595 -17.0343 -2.5416 -17.0343 0.0722 -17.0343 -0.1261 -17.0343 0.0017 -17.0343 -0.0021 
-16.9541 0.5147 -16.9541 -1.1435 -16.9541 0.0268 -16.9541 -0.0574 -16.9541 0.0004 -16.9541 -0.0004 
-16.874 0.1442 -16.874 -0.3864 -16.874 0.0075 -16.874 -0.019 -16.874 0.0 -16.874 -0.0 
-16.7938 0.02985 -16.7938 -0.09725 -16.7938 0.0014 -16.7938 -0.0049 -16.7938 0.0 -16.7938 -0.0 
-16.7136 0.00455 -16.7136 -0.0181 -16.7136 0.0002 -16.7136 -0.0006 -16.7136 0.0 -16.7136 -0.0 
-16.6335 0.00055 -16.6335 -0.0025 -16.6335 0.0 -16.6335 -0.0 -16.6335 0.0 -16.6335 -0.0 
-16.5533 0.00025 -16.5533 -0.0004 -16.5533 0.0 -16.5533 -0.0 -16.5533 0.0 -16.5533 -0.0 
-16.4732 0.00205 -16.4732 -0.00145 -16.4732 0.0 -16.4732 -0.0 -16.4732 0.0 -16.4732 -0.0 
-16.393 0.0155 -16.393 -0.0112 -16.393 0.0 -16.393 -0.0 -16.393 0.0 -16.393 -0.0 
-16.3128 0.08755 -16.3128 -0.06555 -16.3128 0.0002 -16.3128 -0.0 -16.3128 0.0 -16.3128 -0.0 
-16.2327 0.37235 -16.2327 -0.2909 -16.2327 0.0007 -16.2327 -0.0006 -16.2327 0.0008 -16.2327 -0.0002 
-16.1525 1.1962 -16.1525 -0.97905 -16.1525 0.00455 -16.1525 -0.0023 -16.1525 0.0023 -16.1525 -0.0014 
-16.0724 2.9078 -16.0724 -2.50285 -16.0724 0.0112 -16.0724 -0.0074 -16.0724 0.0056 -16.0724 -0.0047 
-15.9922 5.3499 -15.9922 -4.85705 -15.9922 0.0203 -15.9922 -0.014 -15.9922 0.0112 -15.9922 -0.0091 
-15.912 7.44425 -15.912 -7.14115 -15.912 0.0281 -15.912 -0.0203 -15.912 0.0151 -15.912 -0.0135 
-15.8319 7.82135 -15.8319 -7.9315 -15.8319 0.0297 -15.8319 -0.0234 -15.8319 0.0157 -15.8319 -0.0143 
-15.7517 6.19095 -15.7517 -6.6321 -15.7517 0.0225 -15.7517 -0.0196 -15.7517 0.0119 -15.7517 -0.0121 
-15.6716 3.68255 -15.6716 -4.16045 -15.6716 0.0135 -15.6716 -0.0125 -15.6716 0.0072 -15.6716 -0.007 
-15.5914 1.6419 -15.5914 -1.95165 -15.5914 0.0064 -15.5914 -0.0056 -15.5914 0.003 -15.5914 -0.0032 
-15.5112 0.5473 -15.5112 -0.6826 -15.5112 0.001 -15.5112 -0.0015 -15.5112 0.0008 -15.5112 -0.001 
-15.4311 0.1361 -15.4311 -0.17755 -15.4311 0.0003 -15.4311 -0.0002 -15.4311 0.0 -15.4311 -0.0 
-15.3509 0.0252 -15.3509 -0.03425 -15.3509 0.0 -15.3509 -0.0 -15.3509 0.0 -15.3509 -0.0 
-15.2708 0.00345 -15.2708 -0.0049 -15.2708 0.0 -15.2708 -0.0 -15.2708 0.0 -15.2708 -0.0 
-15.1906 0.00035 -15.1906 -0.0005 -15.1906 0.0 -15.1906 -0.0 -15.1906 0.0 -15.1906 -0.0 
-15.1104 5e-05 -15.1104 -5e-05 -15.1104 0.0 -15.1104 -0.0 -15.1104 0.0 -15.1104 -0.0 
-15.0303 0.0 -15.0303 -0.0 -15.0303 0.0 -15.0303 -0.0 -15.0303 0.0 -15.0303 -0.0 
-14.9501 0.0 -14.9501 -0.0 -14.9501 0.0 -14.9501 -0.0 -14.9501 0.0 -14.9501 -0.0 
-14.87 0.0 -14.87 -0.0 -14.87 0.0 -14.87 -0.0 -14.87 0.0 -14.87 -0.0 
-14.7898 0.0 -14.7898 -0.0 -14.7898 0.0 -14.7898 -0.0 -14.7898 0.0 -14.7898 -0.0 
-14.7096 0.0 -14.7096 -0.0 -14.7096 0.0 -14.7096 -0.0 -14.7096 0.0 -14.7096 -0.0 
-14.6295 0.0 -14.6295 -0.0 -14.6295 0.0 -14.6295 -0.0 -14.6295 0.0 -14.6295 -0.0 
-14.5493 0.0 -14.5493 -0.0 -14.5493 0.0 -14.5493 -0.0 -14.5493 0.0 -14.5493 -0.0 
-14.4692 0.0 -14.4692 -0.0 -14.4692 0.0 -14.4692 -0.0 -14.4692 0.0 -14.4692 -0.0 
-14.389 0.0 -14.389 -0.0 -14.389 0.0 -14.389 -0.0 -14.389 0.0 -14.389 -0.0 
-14.3088 0.0 -14.3088 -0.0 -14.3088 0.0 -14.3088 -0.0 -14.3088 0.0 -14.3088 -0.0 
-14.2287 0.0 -14.2287 -0.0 -14.2287 0.0 -14.2287 -0.0 -14.2287 0.0 -14.2287 -0.0 
-14.1485 0.0 -14.1485 -0.0 -14.1485 0.0 -14.1485 -0.0 -14.1485 0.0 -14.1485 -0.0 
-14.0684 0.0 -14.0684 -0.0 -14.0684 0.0 -14.0684 -0.0 -14.0684 0.0 -14.0684 -0.0 
-13.9882 0.0 -13.9882 -0.0 -13.9882 0.0 -13.9882 -0.0 -13.9882 0.0 -13.9882 -0.0 
-13.908 0.0 -13.908 -0.0 -13.908 0.0 -13.908 -0.0 -13.908 0.0 -13.908 -0.0 
-13.8279 0.0 -13.8279 -0.0 -13.8279 0.0 -13.8279 -0.0 -13.8279 0.0 -13.8279 -0.0 
-13.7477 0.0 -13.7477 -0.0 -13.7477 0.0 -13.7477 -0.0 -13.7477 0.0 -13.7477 -0.0 
-13.6676 0.0 -13.6676 -0.0 -13.6676 0.0 -13.6676 -0.0 -13.6676 0.0 -13.6676 -0.0 
-13.5874 0.0 -13.5874 -0.0 -13.5874 0.0 -13.5874 -0.0 -13.5874 0.0 -13.5874 -0.0 
-13.5072 0.0 -13.5072 -0.0 -13.5072 0.0 -13.5072 -0.0 -13.5072 0.0 -13.5072 -0.0 
-13.4271 0.0 -13.4271 -0.0 -13.4271 0.0 -13.4271 -0.0 -13.4271 0.0 -13.4271 -0.0 
-13.3469 0.0 -13.3469 -0.0 -13.3469 0.0 -13.3469 -0.0 -13.3469 0.0 -13.3469 -0.0 
-13.2668 0.0 -13.2668 -0.0 -13.2668 0.0 -13.2668 -0.0 -13.2668 0.0 -13.2668 -0.0 
-13.1866 0.0 -13.1866 -0.0 -13.1866 0.0 -13.1866 -0.0 -13.1866 0.0 -13.1866 -0.0 
-13.1064 0.0 -13.1064 -0.0 -13.1064 0.0 -13.1064 -0.0 -13.1064 0.0 -13.1064 -0.0 
-13.0263 0.0 -13.0263 -0.0 -13.0263 0.0 -13.0263 -0.0 -13.0263 0.0 -13.0263 -0.0 
-12.9461 0.0 -12.9461 -0.0 -12.9461 0.0 -12.9461 -0.0 -12.9461 0.0 -12.9461 -0.0 
-12.866 0.0 -12.866 -0.0 -12.866 0.0 -12.866 -0.0 -12.866 0.0 -12.866 -0.0 
-12.7858 0.0 -12.7858 -0.0 -12.7858 0.0 -12.7858 -0.0 -12.7858 0.0 -12.7858 -0.0 
-12.7056 0.0 -12.7056 -0.0 -12.7056 0.0 -12.7056 -0.0 -12.7056 0.0 -12.7056 -0.0 
-12.6255 0.0 -12.6255 -0.0 -12.6255 0.0 -12.6255 -0.0 -12.6255 0.0 -12.6255 -0.0 
-12.5453 0.0 -12.5453 -0.0 -12.5453 0.0 -12.5453 -0.0 -12.5453 0.0 -12.5453 -0.0 
-12.4652 0.0 -12.4652 -0.0 -12.4652 0.0 -12.4652 -0.0 -12.4652 0.0 -12.4652 -0.0 
-12.385 0.0 -12.385 -0.0 -12.385 0.0 -12.385 -0.0 -12.385 0.0 -12.385 -0.0 
-12.3048 0.0 -12.3048 -0.0 -12.3048 0.0 -12.3048 -0.0 -12.3048 0.0 -12.3048 -0.0 
-12.2247 0.0 -12.2247 -0.0 -12.2247 0.0 -12.2247 -0.0 -12.2247 0.0 -12.2247 -0.0 
-12.1445 0.0 -12.1445 -0.0 -12.1445 0.0 -12.1445 -0.0 -12.1445 0.0 -12.1445 -0.0 
-12.0644 0.0 -12.0644 -0.0 -12.0644 0.0 -12.0644 -0.0 -12.0644 0.0 -12.0644 -0.0 
-11.9842 0.0 -11.9842 -0.0 -11.9842 0.0 -11.9842 -0.0 -11.9842 0.0 -11.9842 -0.0 
-11.904 0.0 -11.904 -0.0 -11.904 0.0 -11.904 -0.0 -11.904 0.0 -11.904 -0.0 
-11.8239 0.0 -11.8239 -0.0 -11.8239 0.0 -11.8239 -0.0 -11.8239 0.0 -11.8239 -0.0 
-11.7437 0.0 -11.7437 -0.0 -11.7437 0.0 -11.7437 -0.0 -11.7437 0.0 -11.7437 -0.0 
-11.6635 0.0 -11.6635 -0.0 -11.6635 0.0 -11.6635 -0.0 -11.6635 0.0 -11.6635 -0.0 
-11.5834 0.0 -11.5834 -0.0 -11.5834 0.0 -11.5834 -0.0 -11.5834 0.0 -11.5834 -0.0 
-11.5032 0.0 -11.5032 -0.0 -11.5032 0.0 -11.5032 -0.0 -11.5032 0.0 -11.5032 -0.0 
-11.4231 0.0 -11.4231 -0.0 -11.4231 0.0 -11.4231 -0.0 -11.4231 0.0 -11.4231 -0.0 
-11.3429 0.0 -11.3429 -0.0 -11.3429 0.0 -11.3429 -0.0 -11.3429 0.0 -11.3429 -0.0 
-11.2627 0.0 -11.2627 -0.0 -11.2627 0.0 -11.2627 -0.0 -11.2627 0.0 -11.2627 -0.0 
-11.1826 0.0 -11.1826 -0.0 -11.1826 0.0 -11.1826 -0.0 -11.1826 0.0 -11.1826 -0.0 
-11.1024 0.0 -11.1024 -0.0 -11.1024 0.0 -11.1024 -0.0 -11.1024 0.0 -11.1024 -0.0 
-11.0223 0.0 -11.0223 -0.0 -11.0223 0.0 -11.0223 -0.0 -11.0223 0.0 -11.0223 -0.0 
-10.9421 0.0 -10.9421 -0.0 -10.9421 0.0 -10.9421 -0.0 -10.9421 0.0 -10.9421 -0.0 
-10.8619 0.0 -10.8619 -0.0 -10.8619 0.0 -10.8619 -0.0 -10.8619 0.0 -10.8619 -0.0 
-10.7818 0.0 -10.7818 -0.0 -10.7818 0.0 -10.7818 -0.0 -10.7818 0.0 -10.7818 -0.0 
-10.7016 0.0 -10.7016 -0.0 -10.7016 0.0 -10.7016 -0.0 -10.7016 0.0 -10.7016 -0.0 
-10.6215 0.0 -10.6215 -0.0 -10.6215 0.0 -10.6215 -0.0 -10.6215 0.0 -10.6215 -0.0 
-10.5413 0.0 -10.5413 -0.0 -10.5413 0.0 -10.5413 -0.0 -10.5413 0.0 -10.5413 -0.0 
-10.4611 0.0 -10.4611 -0.0 -10.4611 0.0 -10.4611 -0.0 -10.4611 0.0 -10.4611 -0.0 
-10.381 0.0 -10.381 -0.0 -10.381 0.0 -10.381 -0.0 -10.381 0.0 -10.381 -0.0 
-10.3008 0.00015 -10.3008 -0.0 -10.3008 0.0 -10.3008 -0.0 -10.3008 0.0 -10.3008 -0.0 
-10.2207 0.0012 -10.2207 -0.0 -10.2207 0.0003 -10.2207 -0.0 -10.2207 0.0 -10.2207 -0.0 
-10.1405 0.0073 -10.1405 -0.0 -10.1405 0.0048 -10.1405 -0.0 -10.1405 0.001 -10.1405 -0.0 
-10.0603 0.03355 -10.0603 -0.0 -10.0603 0.0218 -10.0603 -0.0 -10.0603 0.0048 -10.0603 -0.0 
-9.98021 0.1198 -9.98021 -5e-05 -9.98021 0.0779 -9.98021 -0.0 -9.98021 0.0166 -9.98021 -0.0 
-9.90001 0.33925 -9.90001 -0.00075 -9.90001 0.2239 -9.90001 -0.0006 -9.90001 0.0462 -9.90001 -0.0 
-9.81991 0.79095 -9.81991 -0.0055 -9.81991 0.5307 -9.81991 -0.0038 -9.81991 0.1074 -9.81991 -0.0006 
-9.73971 1.5872 -9.73971 -0.0312 -9.73971 1.0927 -9.73971 -0.0221 -9.73971 0.211 -9.73971 -0.0046 
-9.65951 2.85285 -9.65951 -0.13465 -9.65951 2.02385 -9.65951 -0.0957 -9.65951 0.3722 -9.65951 -0.0224 
-9.57941 4.67895 -9.57941 -0.447 -9.57941 3.41475 -9.57941 -0.3194 -9.57941 0.5951 -9.57941 -0.0733 
-9.49921 6.96945 -9.49921 -1.16455 -9.49921 5.1997 -9.49921 -0.8351 -9.49921 0.869 -9.49921 -0.1908 
-9.41911 9.35605 -9.41911 -2.4486 -9.41911 7.07665 -9.41911 -1.76525 -9.41911 1.1478 -9.41911 -0.3963 
-9.33891 11.48155 -9.33891 -4.30725 -9.33891 8.7493 -9.33891 -3.1313 -9.33891 1.3868 -9.33891 -0.68405 
-9.25871 13.42495 -9.25871 -6.5949 -9.25871 10.2816 -9.25871 -4.85295 -9.25871 1.59395 -9.25871 -1.0194 
-9.17861 15.5819 -9.17861 -9.06805 -9.17861 12.00685 -9.17861 -6.7708 -9.17861 1.8153 -9.17861 -1.35135 
-9.09841 18.04285 -9.09841 -11.3289 -9.09841 14.0014 -9.09841 -8.5884 -9.09841 2.0686 -9.09841 -1.6188 
-9.01831 20.32185 -9.01831 -12.82855 -9.01831 15.8571 -9.01831 -9.86105 -9.01831 2.3147 -9.01831 -1.7451 
-8.93811 21.7144 -8.93811 -13.2142 -8.93811 16.9847 -8.93811 -10.29645 -8.93811 2.476 -8.93811 -1.68345 
-8.85791 21.873 -8.85791 -12.6595 -8.85791 17.1023 -8.85791 -10.0133 -8.85791 2.49875 -8.85791 -1.465 
-8.77781 21.23015 -8.77781 -11.66345 -8.77781 16.57285 -8.77781 -9.39915 -8.77781 2.4057 -8.77781 -1.1768 
-8.69761 20.7383 -8.69761 -10.5974 -8.69761 16.19205 -8.69761 -8.7337 -8.69761 2.28535 -8.69761 -0.9004 
-8.61751 20.9033 -8.61751 -9.47925 -8.61751 16.4016 -8.61751 -7.98585 -8.61751 2.1856 -8.61751 -0.6794 
-8.53731 21.36275 -8.53731 -8.12985 -8.53731 16.93635 -8.53731 -6.9447 -8.53731 2.0747 -8.53731 -0.5286 
-8.45711 21.51645 -8.45711 -6.7406 -8.45711 17.2915 -8.45711 -5.7203 -8.45711 1.9173 -8.45711 -0.4835 
-8.37701 21.0553 -8.37701 -6.1951 -8.37701 17.1573 -8.37701 -5.05025 -8.37701 1.7254 -8.37701 -0.6113 
-8.29681 20.0343 -8.29681 -7.305 -8.29681 16.5378 -8.29681 -5.6668 -8.29681 1.5252 -8.29681 -0.9412 
-8.21671 19.0307 -8.21671 -9.6616 -8.21671 15.92255 -8.21671 -7.3323 -8.21671 1.3482 -8.21671 -1.36295 
-8.13651 18.89945 -8.13651 -11.6548 -8.13651 16.0466 -8.13651 -8.8217 -8.13651 1.2371 -8.13651 -1.65415 
-8.05631 19.84975 -8.05631 -11.82215 -8.05631 17.0787 -8.05631 -8.977 -8.05631 1.20885 -8.05631 -1.6462 
-7.97621 21.0019 -7.97621 -10.16715 -7.97621 18.268 -7.97621 -7.75985 -7.97621 1.2012 -7.97621 -1.368 
-7.89601 21.11245 -7.89601 -8.11335 -7.89601 18.5514 -7.89601 -6.2437 -7.89601 1.126 -7.89601 -1.0203 
-7.81591 19.6174 -7.81591 -7.03555 -7.81591 17.39195 -7.81591 -5.47165 -7.81591 0.9777 -7.81591 -0.7923 
-7.73571 16.9754 -7.73571 -6.9503 -7.73571 15.09875 -7.73571 -5.4345 -7.73571 0.8435 -7.73571 -0.7155 
-7.65551 14.13155 -7.65551 -7.06655 -7.65551 12.48405 -7.65551 -5.51095 -7.65551 0.7833 -7.65551 -0.7078 
-7.57541 11.70705 -7.57541 -7.29115 -7.57541 10.2037 -7.57541 -5.66215 -7.57541 0.7544 -7.57541 -0.7291 
-7.49521 9.84495 -7.49521 -8.1015 -7.49521 8.5063 -7.49521 -6.3069 -7.49521 0.6794 -7.49521 -0.7944 
-7.41511 8.56715 -7.41511 -9.0344 -7.41511 7.42985 -7.41511 -7.07025 -7.41511 0.55115 -7.41511 -0.8641 
-7.33491 7.63085 -7.33491 -8.73625 -7.33491 6.69275 -7.33491 -6.80875 -7.33491 0.41515 -7.33491 -0.8486 
-7.25471 6.3692 -7.25471 -6.79245 -7.25471 5.63965 -7.25471 -5.1329 -7.25471 0.2964 -7.25471 -0.73985 
-7.17461 4.4532 -7.17461 -4.3329 -7.17461 3.96425 -7.17461 -2.955 -7.17461 0.1881 -7.17461 -0.63215 
-7.09441 2.42375 -7.09441 -2.6338 -7.09441 2.1617 -7.09441 -1.34175 -7.09441 0.0982 -7.09441 -0.616 
-7.01431 0.9957 -7.01431 -2.015 -7.01431 0.88535 -7.01431 -0.56525 -7.01431 0.04145 -7.01431 -0.7102 
-6.93411 0.3194 -6.93411 -2.0967 -6.93411 0.2699 -6.93411 -0.32745 -6.93411 0.0211 -6.93411 -0.87905 
-6.85391 0.12535 -6.85391 -2.4446 -6.85391 0.06545 -6.85391 -0.3041 -6.85391 0.0289 -6.85391 -1.0726 
-6.77381 0.15835 -6.77381 -2.86965 -6.77381 0.0277 -6.77381 -0.3383 -6.77381 0.0654 -6.77381 -1.27725 
-6.69361 0.3243 -6.69361 -3.3688 -6.69361 0.0469 -6.69361 -0.3906 -6.69361 0.14045 -6.69361 -1.51005 
-6.61341 0.6378 -6.61341 -3.9036 -6.61341 0.1015 -6.61341 -0.448 -6.61341 0.27245 -6.61341 -1.7566 
-6.53331 1.16645 -6.53331 -4.2959 -6.53331 0.2077 -6.53331 -0.491 -6.53331 0.4934 -6.53331 -1.9352 
-6.45311 1.99095 -6.45311 -4.37585 -6.45311 0.3869 -6.45311 -0.4988 -6.45311 0.83305 -6.45311 -1.9667 
-6.37301 3.1378 -6.37301 -4.21055 -6.37301 0.6507 -6.37301 -0.48185 -6.37301 1.3021 -6.37301 -1.8846 
-6.29281 4.5086 -6.29281 -4.0954 -6.29281 0.9806 -6.29281 -0.4753 -6.29281 1.8645 -6.29281 -1.8253 
-6.21261 5.87665 -6.21261 -4.25845 -6.21261 1.3197 -6.21261 -0.5051 -6.21261 2.42685 -6.21261 -1.8967 
-6.13251 6.98455 -6.13251 -4.659 -6.13251 1.59765 -6.13251 -0.564 -6.13251 2.8901 -6.13251 -2.0821 
-6.05231 7.708 -6.05231 -5.1382 -6.05231 1.77855 -6.05231 -0.63345 -6.05231 3.2031 -6.05231 -2.3103 
-5.97221 8.175 -5.97221 -5.62075 -5.97221 1.89325 -5.97221 -0.70635 -5.97221 3.41285 -5.97221 -2.5444 
-5.89201 8.69505 -5.89201 -6.08035 -5.89201 2.00635 -5.89201 -0.7846 -5.89201 3.6416 -5.89201 -2.7641 
-5.81181 9.4605 -5.81181 -6.43535 -5.81181 2.1519 -5.81181 -0.85905 -5.81181 3.96795 -5.81181 -2.9263 
-5.73171 10.2582 -5.73171 -6.60535 -5.73171 2.29005 -5.73171 -0.92095 -5.73171 4.3037 -5.73171 -2.992 
-5.65151 10.61425 -5.65151 -6.6805 -5.65151 2.3243 -5.65151 -0.9803 -5.65151 4.4598 -5.65151 -3.0043 
-5.57141 10.35195 -5.57141 -6.93565 -5.57141 2.20615 -5.57141 -1.07175 -5.57141 4.38185 -5.57141 -3.09975 
-5.49121 9.82115 -5.49121 -7.5759 -5.49121 1.9979 -5.49121 -1.22465 -5.49121 4.22865 -5.49121 -3.38 
-5.41101 9.4356 -5.41101 -8.55785 -5.41101 1.80845 -5.41101 -1.43575 -5.41101 4.16205 -5.41101 -3.82665 
-5.33091 9.23025 -5.33091 -9.7215 -5.33091 1.6816 -5.33091 -1.693 -5.33091 4.17025 -5.33091 -4.3612 
-5.25071 9.0167 -5.25071 -10.8851 -5.25071 1.60125 -5.25071 -1.95975 -5.25071 4.152 -5.25071 -4.89635 
-5.17061 8.7244 -5.17061 -11.7272 -5.17061 1.54445 -5.17061 -2.15815 -5.17061 4.07255 -5.17061 -5.29025 
-5.09041 8.40815 -5.09041 -11.86145 -5.09041 1.49515 -5.09041 -2.1987 -5.09041 3.96335 -5.09041 -5.375 
-5.01021 8.09315 -5.01021 -11.21285 -5.01021 1.43775 -5.01021 -2.06765 -5.01021 3.8492 -5.01021 -5.1166 
-4.93011 7.833 -4.93011 -10.17745 -4.93011 1.3747 -4.93011 -1.8573 -4.93011 3.7692 -4.93011 -4.68805 
-4.84991 7.8722 -4.84991 -9.337 -4.84991 1.3507 -4.84991 -1.69435 -4.84991 3.8559 -4.84991 -4.3536 
-4.76981 8.50255 -4.76981 -9.13875 -4.76981 1.4236 -4.76981 -1.67355 -4.76981 4.2544 -4.76981 -4.32315 
-4.68961 9.6371 -4.68961 -9.78875 -4.68961 1.5852 -4.68961 -1.84545 -4.68961 4.91375 -4.68961 -4.7051 
-4.60941 10.7517 -4.60941 -11.15895 -4.60941 1.7495 -4.60941 -2.1856 -4.60941 5.5527 -4.60941 -5.44205 
-4.52931 11.43425 -4.52931 -12.74785 -4.52931 1.8371 -4.52931 -2.5837 -4.52931 5.95475 -4.52931 -6.2875 
-4.44911 11.73825 -4.44911 -13.99645 -4.44911 1.8491 -4.44911 -2.9043 -4.44911 6.15295 -4.44911 -6.9627 
-4.36901 11.8503 -4.36901 -14.75585 -4.36901 1.8215 -4.36901 -3.10375 -4.36901 6.25265 -4.36901 -7.3896 
-4.28881 11.80465 -4.28881 -15.29865 -4.28881 1.7774 -4.28881 -3.2442 -4.28881 6.27405 -4.28881 -7.7035 
-4.20861 11.68855 -4.20861 -15.79935 -4.20861 1.74045 -4.20861 -3.37125 -4.20861 6.2617 -4.20861 -7.98925 
-4.12851 11.68905 -4.12851 -16.002 -4.12851 1.7335 -4.12851 -3.43215 -4.12851 6.3115 -4.12851 -8.1162 
-4.04831 11.794 -4.04831 -15.59095 -4.04831 1.74445 -4.04831 -3.3584 -4.04831 6.40815 -4.04831 -7.92815 
-3.96821 11.80665 -3.96821 -14.7219 -3.96821 1.74325 -3.96821 -3.17945 -3.96821 6.43565 -3.96821 -7.5097 
-3.88801 11.6704 -3.88801 -13.9674 -3.88801 1.7275 -3.88801 -3.01535 -3.88801 6.3705 -3.88801 -7.15515 
-3.80781 11.4922 -3.80781 -13.80335 -3.80781 1.7139 -3.80781 -2.9685 -3.80781 6.2865 -3.80781 -7.1054 
-3.72771 11.34665 -3.72771 -14.2043 -3.72771 1.712 -3.72771 -3.0412 -3.72771 6.2308 -3.72771 -7.3425 
-3.64751 11.28215 -3.64751 -14.72475 -3.64751 1.73665 -3.64751 -3.1455 -3.64751 6.2183 -3.64751 -7.63975 
-3.56741 11.38755 -3.56741 -14.99865 -3.56741 1.80835 -3.56741 -3.1966 -3.56741 6.28325 -3.56741 -7.8168 
-3.48721 11.73525 -3.48721 -15.06175 -3.48721 1.94055 -3.48721 -3.1797 -3.48721 6.46925 -3.48721 -7.90585 
-3.40701 12.323 -3.40701 -15.14385 -3.40701 2.1263 -3.40701 -3.1133 -3.40701 6.79085 -3.40701 -8.0382 
-3.32691 12.99955 -3.32691 -15.34205 -3.32691 2.3315 -3.32691 -3.0047 -3.32691 7.17255 -3.32691 -8.2708 
-3.24671 13.43965 -3.24671 -15.53645 -3.24671 2.48885 -3.24671 -2.8507 -3.24671 7.426 -3.24671 -8.52615 
-3.16661 13.37875 -3.16661 -15.38945 -3.16661 2.53405 -3.16661 -2.63445 -3.16661 7.39445 -3.16661 -8.5896 
-3.08641 12.8653 -3.08641 -14.4674 -3.08641 2.45905 -3.08641 -2.33025 -3.08641 7.10835 -3.08641 -8.1865 
-3.00621 12.16695 -3.00621 -12.71085 -3.00621 2.31815 -3.00621 -1.94725 -3.00621 6.72775 -3.00621 -7.26855 
-2.92611 11.5565 -2.92611 -10.76395 -2.92611 2.18965 -2.92611 -1.58725 -2.92611 6.40115 -2.92611 -6.20905 
-2.84591 11.2914 -2.84591 -9.4931 -2.84591 2.14815 -2.84591 -1.37155 -2.84591 6.26715 -2.84591 -5.5178 
-2.76581 11.56655 -2.76581 -9.21485 -2.76581 2.22815 -2.76581 -1.32885 -2.76581 6.43875 -2.76581 -5.38985 
-2.68561 12.2595 -2.68561 -9.6251 -2.68561 2.3846 -2.68561 -1.40015 -2.68561 6.8567 -2.68561 -5.655 
-2.60541 12.8664 -2.60541 -10.25945 -2.60541 2.5094 -2.60541 -1.50695 -2.60541 7.24105 -2.60541 -6.05055 
-2.52531 12.91785 -2.52531 -10.719 -2.52531 2.5209 -2.52531 -1.57945 -2.52531 7.31915 -2.52531 -6.34675 
-2.44511 12.39825 -2.44511 -10.7335 -2.44511 2.434 -2.44511 -1.5644 -2.44511 7.0724 -2.44511 -6.3889 
-2.36501 11.6444 -2.36501 -10.41945 -2.36501 2.31335 -2.36501 -1.47005 -2.36501 6.68765 -2.36501 -6.2442 
-2.28481 10.9679 -2.28481 -10.3069 -2.28481 2.20035 -2.28481 -1.3842 -2.28481 6.34605 -2.28481 -6.2217 
-2.20461 10.46555 -2.20461 -10.75145 -2.20461 2.0972 -2.20461 -1.37925 -2.20461 6.1071 -2.20461 -6.52855 
-2.12451 10.11195 -2.12451 -11.3994 -2.12451 1.99395 -2.12451 -1.43445 -2.12451 5.957 -2.12451 -6.9502 
-2.04431 10.0247 -2.04431 -11.4748 -2.04431 1.917 -2.04431 -1.46645 -2.04431 5.969 -2.04431 -7.0054 
-1.96411 10.50125 -1.96411 -10.567 -1.96411 1.92805 -1.96411 -1.4218 -1.96411 6.3258 -1.96411 -6.42895 
-1.88401 11.5296 -1.88401 -8.9577 -1.88401 2.0389 -1.88401 -1.3075 -1.88401 7.021 -1.88401 -5.3983 
-1.80381 12.4961 -1.80381 -7.216 -1.80381 2.1594 -1.80381 -1.1569 -1.80381 7.67665 -1.80381 -4.28735 
-1.72371 12.79785 -1.72371 -5.75155 -1.72371 2.20145 -1.72371 -1.01275 -1.72371 7.919 -1.72371 -3.36735 
-1.64351 12.54055 -1.64351 -4.8033 -1.64351 2.17435 -1.64351 -0.92865 -1.64351 7.8138 -1.64351 -2.778 
-1.56331 12.2611 -1.56331 -4.54635 -1.56331 2.13595 -1.56331 -0.96205 -1.56331 7.70455 -1.56331 -2.60155 
-1.48321 12.1131 -1.48321 -4.9935 -1.48321 2.07745 -1.48321 -1.1352 -1.48321 7.6912 -1.48321 -2.8267 
-1.40301 11.6125 -1.40301 -5.8445 -1.40301 1.9254 -1.40301 -1.3944 -1.40301 7.4521 -1.40301 -3.27005 
-1.32291 10.22075 -1.32291 -6.552 -1.32291 1.63145 -1.32291 -1.61665 -1.32291 6.61275 -1.32291 -3.62755 
-1.24271 8.05655 -1.24271 -6.60345 -1.24271 1.2472 -1.24271 -1.67005 -1.24271 5.2321 -1.24271 -3.6256 
-1.16251 5.8702 -1.16251 -5.7769 -1.16251 0.90075 -1.16251 -1.4859 -1.16251 3.79925 -1.16251 -3.1535 
-1.08241 4.31675 -1.08241 -4.24975 -1.08241 0.67955 -1.08241 -1.1061 -1.08241 2.76265 -1.08241 -2.311 
-1.00221 3.43425 -1.00221 -2.54065 -1.00221 0.5693 -1.00221 -0.6664 -1.00221 2.1688 -1.00221 -1.3777 
-0.922113 2.83635 -0.922113 -1.19655 -0.922113 0.4919 -0.922113 -0.31625 -0.922113 1.7787 -0.922113 -0.6474 
-0.841913 2.19905 -0.841913 -0.4335 -0.841913 0.39105 -0.841913 -0.1147 -0.841913 1.3785 -0.841913 -0.23385 
-0.761713 1.4838 -0.761713 -0.11885 -0.761713 0.2672 -0.761713 -0.0315 -0.761713 0.93285 -0.761713 -0.0639 
-0.681613 0.8336 -0.681613 -0.0244 -0.681613 0.1508 -0.681613 -0.0064 -0.681613 0.5259 -0.681613 -0.0125 
-0.601413 0.37825 -0.601413 -0.00375 -0.601413 0.06885 -0.601413 -0.0008 -0.601413 0.23975 -0.601413 -0.0013 
-0.521313 0.13525 -0.521313 -0.0004 -0.521313 0.0243 -0.521313 -0.0 -0.521313 0.0862 -0.521313 -0.0001 
-0.441113 0.03735 -0.441113 -5e-05 -0.441113 0.0063 -0.441113 -0.0 -0.441113 0.0237 -0.441113 -0.0 
-0.360913 0.00785 -0.360913 -0.0 -0.360913 0.0011 -0.360913 -0.0 -0.360913 0.0047 -0.360913 -0.0 
-0.280813 0.00125 -0.280813 -0.0 -0.280813 0.0002 -0.280813 -0.0 -0.280813 0.0007 -0.280813 -0.0 
-0.200613 0.00015 -0.200613 -0.0 -0.200613 0.0 -0.200613 -0.0 -0.200613 0.0 -0.200613 -0.0 
-0.120513 0.0 -0.120513 -0.0 -0.120513 0.0 -0.120513 -0.0 -0.120513 0.0 -0.120513 -0.0 
-0.0403128 0.0 -0.0403128 -0.0 -0.0403128 0.0 -0.0403128 -0.0 -0.0403128 0.0 -0.0403128 -0.0 
0.0398872 0.0 0.0398872 -0.0 0.0398872 0.0 0.0398872 -0.0 0.0398872 0.0 0.0398872 -0.0 
0.119987 0.0 0.119987 -0.0 0.119987 0.0 0.119987 -0.0 0.119987 0.0 0.119987 -0.0 
0.200187 0.0 0.200187 -0.0 0.200187 0.0 0.200187 -0.0 0.200187 0.0 0.200187 -0.0 
0.280287 5e-05 0.280287 -0.00015 0.280287 0.0 0.280287 -0.0 0.280287 0.0 0.280287 -0.0 
0.360487 0.0008 0.360487 -0.0013 0.360487 0.0006 0.360487 -0.0004 0.360487 0.0 0.360487 -0.0 
0.440687 0.00625 0.440687 -0.00965 0.440687 0.0044 0.440687 -0.0078 0.440687 0.0 0.440687 -0.0 
0.520787 0.0375 0.520787 -0.05375 0.520787 0.0273 0.520787 -0.0432 0.520787 0.00345 0.520787 -0.0034 
0.600987 0.16795 0.600987 -0.23165 0.600987 0.1248 0.600987 -0.18815 0.600987 0.0166 0.600987 -0.0141 
0.681087 0.57055 0.681087 -0.7797 0.681087 0.42285 0.681087 -0.63565 0.681087 0.0581 0.681087 -0.0497 
0.761287 1.49745 0.761287 -2.07315 0.761287 1.1089 0.761287 -1.69845 0.761287 0.1556 0.761287 -0.1302 
0.841487 3.13325 0.841487 -4.4099 0.841487 2.324 0.841487 -3.6302 0.841487 0.332 0.841487 -0.2747 
0.921587 5.4718 0.921587 -7.62515 0.921587 4.08415 0.921587 -6.3056 0.921587 0.5901 0.921587 -0.4703 
1.00179 8.4163 1.00179 -10.98475 1.00179 6.361 1.00179 -9.1224 1.00179 0.9115 1.00179 -0.6677 
1.08189 11.8557 1.08189 -13.7208 1.08189 9.1178 1.08189 -11.43695 1.08189 1.27515 1.08189 -0.8263 
1.16209 15.33505 1.16209 -15.68115 1.16209 11.99175 1.16209 -13.10455 1.16209 1.637 1.16209 -0.9524 
1.24229 17.72005 1.24229 -17.23015 1.24229 14.0153 1.24229 -14.4128 1.24229 1.899 1.24229 -1.086 
1.32239 17.716 1.32239 -18.71075 1.32239 14.07845 1.32239 -15.65365 1.32239 1.9394 1.32239 -1.25415 
1.40259 15.0819 1.40259 -20.34485 1.40259 11.9689 1.40259 -17.03895 1.40259 1.71395 1.40259 -1.4525 
1.48269 11.07965 1.48269 -22.2679 1.48269 8.73225 1.48269 -18.70055 1.48269 1.3299 1.48269 -1.66505 
1.56289 7.34675 1.56289 -24.1733 1.56289 5.72475 1.56289 -20.35985 1.56289 0.9452 1.56289 -1.8559 
1.64309 4.5902 1.64309 -25.32355 1.64309 3.53105 1.64309 -21.3396 1.64309 0.6333 1.64309 -2.0 
1.72319 2.6652 1.72319 -25.423 1.72319 2.0309 1.72319 -21.3396 1.72319 0.38675 1.72319 -2.12015 
1.80339 1.3736 1.80339 -25.0899 1.80339 1.0432 1.80339 -20.8718 1.80339 0.2033 1.80339 -2.2852 
1.88349 0.7095 1.88349 -24.9242 1.88349 0.5446 1.88349 -20.47545 1.88349 0.0952 1.88349 -2.5194 
1.96369 0.67325 1.96369 -24.6391 1.96369 0.5329 1.96369 -19.94775 1.96369 0.0656 1.96369 -2.759 
2.04389 1.2011 2.04389 -23.83275 2.04389 0.96835 2.04389 -18.95965 2.04389 0.1 2.04389 -2.9645 
2.12399 2.1925 2.12399 -22.97245 2.12399 1.78245 2.12399 -17.89335 2.12399 0.178 2.12399 -3.2 
2.20419 3.55395 2.20419 -22.73125 2.20419 2.92535 2.20419 -17.3268 2.20419 0.28025 2.20419 -3.5204 
2.28429 5.29645 2.28429 -22.85755 2.28429 4.42625 2.28429 -17.1339 2.28429 0.3935 2.28429 -3.81725 
2.36449 7.4789 2.36449 -22.46905 2.36449 6.3283 2.36449 -16.68995 2.36449 0.5231 2.36449 -3.89815 
2.44469 9.871 2.44469 -21.1166 2.44469 8.39975 2.44469 -15.65365 2.44469 0.6678 2.44469 -3.69185 
2.52479 11.8134 2.52479 -18.96315 2.52479 10.0421 2.52479 -14.0804 2.52479 0.8044 2.52479 -3.29555 
2.60499 12.62325 2.60499 -16.19 2.60499 10.65585 2.60499 -12.01615 2.60499 0.8983 2.60499 -2.81605 
2.68509 12.09685 2.68509 -12.8354 2.68509 10.06865 2.68509 -9.45855 2.68509 0.94425 2.68509 -2.2758 
2.76529 10.65395 2.76529 -9.19485 2.76529 8.6523 2.76529 -6.67815 2.76529 0.97305 2.76529 -1.687 
2.84549 9.10645 2.84549 -5.9574 2.84549 7.1308 2.84549 -4.24785 2.84549 1.0287 2.84549 -1.1329 
2.92559 8.12485 2.92559 -3.7994 2.92559 6.11305 2.92559 -2.6752 2.92559 1.136 2.92559 -0.73345 
3.00579 7.73415 3.00579 -2.88525 3.00579 5.6579 3.00579 -2.0431 3.00579 1.2614 3.00579 -0.5448 
3.08599 7.32995 3.08599 -2.73465 3.08599 5.2909 3.08599 -1.96625 3.08599 1.3069 3.08599 -0.50145 
3.16609 6.27315 3.16609 -2.59875 3.16609 4.49925 3.16609 -1.8863 3.16609 1.17485 3.16609 -0.471 
3.24629 4.5254 3.24629 -2.0614 3.24629 3.2211 3.24629 -1.50125 3.24629 0.87075 3.24629 -0.37315 
3.32639 2.66775 3.32639 -1.2739 3.32639 1.85745 3.32639 -0.92385 3.32639 0.5176 3.32639 -0.2305 
3.40659 1.312 3.40659 -0.6132 3.40659 0.8432 3.40659 -0.42975 3.40659 0.24615 3.40659 -0.109 
3.48679 0.6208 3.48679 -0.2635 3.48679 0.29915 3.48679 -0.15225 3.48679 0.10155 3.48679 -0.04335 
3.56689 0.3772 3.56689 -0.1711 3.56689 0.0873 3.56689 -0.04555 3.56689 0.04785 3.56689 -0.02305 
3.64709 0.3114 3.64709 -0.21325 3.64709 0.02675 3.64709 -0.0199 3.64709 0.03455 3.64709 -0.02475 
3.72719 0.2788 3.72719 -0.28965 3.72719 0.0143 3.72719 -0.01845 3.72719 0.0317 3.72719 -0.03445 
3.80739 0.2495 3.80739 -0.3286 3.80739 0.01115 3.80739 -0.01895 3.80739 0.0305 3.80739 -0.04015 
3.88759 0.2456 3.88759 -0.3032 3.88759 0.0093 3.88759 -0.01635 3.88759 0.0318 3.88759 -0.0387 
3.96769 0.289 3.96769 -0.24955 3.96769 0.00925 3.96769 -0.01295 3.96769 0.03915 3.96769 -0.0333 
4.04789 0.37095 4.04789 -0.2361 4.04789 0.0105 4.04789 -0.01215 4.04789 0.05235 4.04789 -0.0349 
4.12799 0.4545 4.12799 -0.29935 4.12799 0.01265 4.12799 -0.01485 4.12799 0.06615 4.12799 -0.04665 
4.20819 0.4965 4.20819 -0.4111 4.20819 0.01435 4.20819 -0.02055 4.20819 0.0744 4.20819 -0.0667 
4.28839 0.47 4.28839 -0.50765 4.28839 0.0135 4.28839 -0.0246 4.28839 0.0716 4.28839 -0.08475 
4.36849 0.38245 4.36849 -0.53925 4.36849 0.011 4.36849 -0.0258 4.36849 0.05955 4.36849 -0.09205 
4.44869 0.2774 4.44869 -0.4885 4.44869 0.0075 4.44869 -0.02295 4.44869 0.04355 4.44869 -0.0853 
4.52879 0.21645 4.52879 -0.372 4.52879 0.0054 4.52879 -0.0172 4.52879 0.03425 4.52879 -0.06595 
4.60899 0.25305 4.60899 -0.243 4.60899 0.0059 4.60899 -0.0108 4.60899 0.04115 4.60899 -0.0444 
4.68919 0.39905 4.68919 -0.1765 4.68919 0.00975 4.68919 -0.008 4.68919 0.066 4.68919 -0.03405 
4.76929 0.5957 4.76929 -0.2313 4.76929 0.0145 4.76929 -0.0112 4.76929 0.10135 4.76929 -0.04765 
4.84949 0.738 4.84949 -0.40805 4.84949 0.0186 4.84949 -0.0204 4.84949 0.12865 4.84949 -0.0852 
4.92959 0.76575 4.92959 -0.6237 4.92959 0.0196 4.92959 -0.0309 4.92959 0.1352 4.92959 -0.13055 
5.00979 0.71975 5.00979 -0.75925 5.00979 0.0186 5.00979 -0.0371 5.00979 0.1267 5.00979 -0.1577 
5.08999 0.6715 5.08999 -0.77275 5.08999 0.0172 5.08999 -0.0366 5.08999 0.1168 5.08999 -0.15745 
5.17009 0.62695 5.17009 -0.72305 5.17009 0.01515 5.17009 -0.03245 5.17009 0.10675 5.17009 -0.14225 
5.25029 0.5524 5.25029 -0.6592 5.25029 0.01265 5.25029 -0.0277 5.25029 0.09185 5.25029 -0.12355 
5.33039 0.46575 5.33039 -0.56875 5.33039 0.0107 5.33039 -0.0228 5.33039 0.07575 5.33039 -0.102 
5.41059 0.4459 5.41059 -0.4628 5.41059 0.0105 5.41059 -0.01855 5.41059 0.07185 5.41059 -0.0827 
5.49079 0.56465 5.49079 -0.41885 5.49079 0.01545 5.49079 -0.0191 5.49079 0.09305 5.49079 -0.08155 
5.57089 0.8261 5.57089 -0.49275 5.57089 0.02405 5.57089 -0.0253 5.57089 0.13935 5.57089 -0.1046 
5.65109 1.1529 5.65109 -0.64185 5.65109 0.035 5.65109 -0.03395 5.65109 0.19515 5.65109 -0.1389 
5.73119 1.43925 5.73119 -0.78405 5.73119 0.0452 5.73119 -0.0407 5.73119 0.2391 5.73119 -0.16405 
5.81139 1.63275 5.81139 -0.9084 5.81139 0.05215 5.81139 -0.04545 5.81139 0.26145 5.81139 -0.17625 
5.89159 1.75275 5.89159 -1.0708 5.89159 0.0578 5.89159 -0.0512 5.89159 0.2663 5.89159 -0.18905 
5.97169 1.8415 5.97169 -1.2988 5.97169 0.06365 5.97169 -0.0603 5.97169 0.2613 5.97169 -0.2095 
6.05189 1.93645 6.05189 -1.5777 6.05189 0.06895 6.05189 -0.07135 6.05189 0.2531 6.05189 -0.2337 
6.13199 2.0858 6.13199 -1.9169 6.13199 0.07575 6.13199 -0.08535 6.13199 0.2527 6.13199 -0.26245 
6.21219 2.33635 6.21219 -2.32495 6.21219 0.08425 6.21219 -0.10425 6.21219 0.2717 6.21219 -0.2996 
6.29239 2.663 6.29239 -2.7161 6.29239 0.0931 6.29239 -0.12385 6.29239 0.3085 6.29239 -0.3359 
6.37249 2.943 6.37249 -2.9512 6.37249 0.09835 6.37249 -0.1378 6.37249 0.34355 6.37249 -0.3534 
6.45269 3.0542 6.45269 -2.9938 6.45269 0.0968 6.45269 -0.1432 6.45269 0.3578 6.45269 -0.3478 
6.53279 2.9806 6.53279 -2.93825 6.53279 0.08955 6.53279 -0.143 6.53279 0.34645 6.53279 -0.33135 
6.61299 2.7842 6.61299 -2.8804 6.61299 0.07965 6.61299 -0.14055 6.61299 0.321 6.61299 -0.31795 
6.69319 2.50485 6.69319 -2.8306 6.69319 0.0696 6.69319 -0.13545 6.69319 0.28975 6.69319 -0.31005 
6.77329 2.1351 6.77329 -2.7257 6.77329 0.05805 6.77329 -0.1265 6.77329 0.25245 6.77329 -0.3014 
6.85349 1.6766 6.85349 -2.47545 6.85349 0.045 6.85349 -0.1113 6.85349 0.20505 6.85349 -0.2796 
6.93359 1.18015 6.93359 -2.05005 6.93359 0.0311 6.93359 -0.0903 6.93359 0.1498 6.93359 -0.23955 
7.01379 0.7248 7.01379 -1.5326 7.01379 0.01865 7.01379 -0.06715 7.01379 0.0955 7.01379 -0.18705 
7.09399 0.37645 7.09399 -1.043 7.09399 0.0095 7.09399 -0.04575 7.09399 0.0512 7.09399 -0.1336 
7.17409 0.15975 7.17409 -0.64535 7.17409 0.0034 7.17409 -0.0285 7.17409 0.0222 7.17409 -0.08605 
7.25429 0.05365 7.25429 -0.35245 7.25429 0.00035 7.25429 -0.0154 7.25429 0.0073 7.25429 -0.0488 
7.33439 0.0139 7.33439 -0.1621 7.33439 5e-05 7.33439 -0.0063 7.33439 0.00075 7.33439 -0.02275 
7.41459 0.00275 7.41459 -0.0601 7.41459 0.0 7.41459 -0.002 7.41459 0.0 7.41459 -0.00855 
7.49479 0.0004 7.49479 -0.0174 7.49479 0.0 7.49479 -0.0003 7.49479 0.0 7.49479 -0.0019 
7.57489 5e-05 7.57489 -0.00385 7.57489 0.0 7.57489 -0.0 7.57489 0.0 7.57489 -0.0 
7.65509 0.0 7.65509 -0.00065 7.65509 0.0 7.65509 -0.0 7.65509 0.0 7.65509 -0.0 
7.73519 0.0 7.73519 -0.0001 7.73519 0.0 7.73519 -0.0 7.73519 0.0 7.73519 -0.0 
7.81539 0.0 7.81539 -0.0 7.81539 0.0 7.81539 -0.0 7.81539 0.0 7.81539 -0.0 
7.89559 0.0 7.89559 -0.0 7.89559 0.0 7.89559 -0.0 7.89559 0.0 7.89559 -0.0 
7.97569 0.0 7.97569 -0.0 7.97569 0.0 7.97569 -0.0 7.97569 0.0 7.97569 -0.0 
8.05589 0.0 8.05589 -0.0 8.05589 0.0 8.05589 -0.0 8.05589 0.0 8.05589 -0.0 
8.13609 0.0 8.13609 -0.0 8.13609 0.0 8.13609 -0.0 8.13609 0.0 8.13609 -0.0 
8.21619 0.0 8.21619 -0.0 8.21619 0.0 8.21619 -0.0 8.21619 0.0 8.21619 -0.0 
8.29639 0.0 8.29639 -0.0 8.29639 0.0 8.29639 -0.0 8.29639 0.0 8.29639 -0.0 
8.37649 0.0 8.37649 -0.0 8.37649 0.0 8.37649 -0.0 8.37649 0.0 8.37649 -0.0 
8.45669 0.0 8.45669 -0.0 8.45669 0.0 8.45669 -0.0 8.45669 0.0 8.45669 -0.0 
8.53689 0.0 8.53689 -0.0 8.53689 0.0 8.53689 -0.0 8.53689 0.0 8.53689 -0.0 
8.61699 0.0 8.61699 -0.0 8.61699 0.0 8.61699 -0.0 8.61699 0.0 8.61699 -0.0 
8.69719 0.0 8.69719 -0.0 8.69719 0.0 8.69719 -0.0 8.69719 0.0 8.69719 -0.0 
8.77729 0.0 8.77729 -0.0 8.77729 0.0 8.77729 -0.0 8.77729 0.0 8.77729 -0.0 
8.85749 0.0 8.85749 -0.0 8.85749 0.0 8.85749 -0.0 8.85749 0.0 8.85749 -0.0 
8.93769 0.0 8.93769 -0.0 8.93769 0.0 8.93769 -0.0 8.93769 0.0 8.93769 -0.0 
9.01779 0.0 9.01779 -0.0 9.01779 0.0 9.01779 -0.0 9.01779 0.0 9.01779 -0.0 
9.09799 0.0 9.09799 -0.0 9.09799 0.0 9.09799 -0.0 9.09799 0.0 9.09799 -0.0 
9.17809 0.0 9.17809 -0.0 9.17809 0.0 9.17809 -0.0 9.17809 0.0 9.17809 -0.0 
9.25829 0.0 9.25829 -0.0 9.25829 0.0 9.25829 -0.0 9.25829 0.0 9.25829 -0.0 
9.33849 0.0 9.33849 -0.0 9.33849 0.0 9.33849 -0.0 9.33849 0.0 9.33849 -0.0 
9.41859 0.0 9.41859 -0.0 9.41859 0.0 9.41859 -0.0 9.41859 0.0 9.41859 -0.0 
9.49879 0.0 9.49879 -0.0 9.49879 0.0 9.49879 -0.0 9.49879 0.0 9.49879 -0.0 
9.57889 0.0 9.57889 -0.0 9.57889 0.0 9.57889 -0.0 9.57889 0.0 9.57889 -0.0 
9.65909 0.0 9.65909 -0.0 9.65909 0.0 9.65909 -0.0 9.65909 0.0 9.65909 -0.0 
9.73929 0.0 9.73929 -0.0 9.73929 0.0 9.73929 -0.0 9.73929 0.0 9.73929 -0.0 
9.81939 0.0 9.81939 -0.0 9.81939 0.0 9.81939 -0.0 9.81939 0.0 9.81939 -0.0 
9.89959 0.0 9.89959 -0.0 9.89959 0.0 9.89959 -0.0 9.89959 0.0 9.89959 -0.0 
9.97969 0.0 9.97969 -0.0 9.97969 0.0 9.97969 -0.0 9.97969 0.0 9.97969 -0.0 
10.0599 0.0 10.0599 -0.0 10.0599 0.0 10.0599 -0.0 10.0599 0.0 10.0599 -0.0 
10.1401 0.0 10.1401 -0.0 10.1401 0.0 10.1401 -0.0 10.1401 0.0 10.1401 -0.0 
10.2202 0.0 10.2202 -0.0 10.2202 0.0 10.2202 -0.0 10.2202 0.0 10.2202 -0.0 
10.3004 0.0 10.3004 -0.0 10.3004 0.0 10.3004 -0.0 10.3004 0.0 10.3004 -0.0 
10.3805 0.0 10.3805 -0.0 10.3805 0.0 10.3805 -0.0 10.3805 0.0 10.3805 -0.0 
10.4607 0.0 10.4607 -0.0 10.4607 0.0 10.4607 -0.0 10.4607 0.0 10.4607 -0.0 
10.5409 0.0 10.5409 -0.0 10.5409 0.0 10.5409 -0.0 10.5409 0.0 10.5409 -0.0 
10.621 0.0 10.621 -0.0 10.621 0.0 10.621 -0.0 10.621 0.0 10.621 -0.0 
10.7012 0.0 10.7012 -0.0 10.7012 0.0 10.7012 -0.0 10.7012 0.0 10.7012 -0.0 
10.7813 0.0 10.7813 -0.0 10.7813 0.0 10.7813 -0.0 10.7813 0.0 10.7813 -0.0 
10.8615 0.0 10.8615 -0.0 10.8615 0.0 10.8615 -0.0 10.8615 0.0 10.8615 -0.0 
10.9417 0.0 10.9417 -0.0 10.9417 0.0 10.9417 -0.0 10.9417 0.0 10.9417 -0.0 
11.0218 0.0 11.0218 -0.0 11.0218 0.0 11.0218 -0.0 11.0218 0.0 11.0218 -0.0 
11.102 0.0 11.102 -0.0 11.102 0.0 11.102 -0.0 11.102 0.0 11.102 -0.0 
11.1821 0.0 11.1821 -0.0 11.1821 0.0 11.1821 -0.0 11.1821 0.0 11.1821 -0.0 
11.2623 0.0 11.2623 -0.0 11.2623 0.0 11.2623 -0.0 11.2623 0.0 11.2623 -0.0 
11.3425 0.0 11.3425 -0.0 11.3425 0.0 11.3425 -0.0 11.3425 0.0 11.3425 -0.0 
11.4226 0.0 11.4226 -0.0 11.4226 0.0 11.4226 -0.0 11.4226 0.0 11.4226 -0.0 
11.5028 0.0 11.5028 -0.0 11.5028 0.0 11.5028 -0.0 11.5028 0.0 11.5028 -0.0 
11.5829 0.0 11.5829 -0.0 11.5829 0.0 11.5829 -0.0 11.5829 0.0 11.5829 -0.0 
11.6631 0.0 11.6631 -0.0 11.6631 0.0 11.6631 -0.0 11.6631 0.0 11.6631 -0.0 
11.7433 0.0 11.7433 -0.0 11.7433 0.0 11.7433 -0.0 11.7433 0.0 11.7433 -0.0 
11.8234 0.0 11.8234 -0.0 11.8234 0.0 11.8234 -0.0 11.8234 0.0 11.8234 -0.0 
11.9036 0.0 11.9036 -0.0 11.9036 0.0 11.9036 -0.0 11.9036 0.0 11.9036 -0.0 
11.9837 0.0 11.9837 -0.0 11.9837 0.0 11.9837 -0.0 11.9837 0.0 11.9837 -0.0 
12.0639 0.0 12.0639 -0.0 12.0639 0.0 12.0639 -0.0 12.0639 0.0 12.0639 -0.0 
12.1441 0.0 12.1441 -0.0 12.1441 0.0 12.1441 -0.0 12.1441 0.0 12.1441 -0.0 
12.2242 0.0 12.2242 -0.0 12.2242 0.0 12.2242 -0.0 12.2242 0.0 12.2242 -0.0 
12.3044 0.0 12.3044 -0.0 12.3044 0.0 12.3044 -0.0 12.3044 0.0 12.3044 -0.0 
12.3845 0.0 12.3845 -0.0 12.3845 0.0 12.3845 -0.0 12.3845 0.0 12.3845 -0.0 
12.4647 0.0 12.4647 -0.0 12.4647 0.0 12.4647 -0.0 12.4647 0.0 12.4647 -0.0 
12.5449 0.0 12.5449 -0.0 12.5449 0.0 12.5449 -0.0 12.5449 0.0 12.5449 -0.0 
12.625 0.0 12.625 -0.0 12.625 0.0 12.625 -0.0 12.625 0.0 12.625 -0.0 
12.7052 0.0 12.7052 -0.0 12.7052 0.0 12.7052 -0.0 12.7052 0.0 12.7052 -0.0 
12.7853 0.0 12.7853 -0.0 12.7853 0.0 12.7853 -0.0 12.7853 0.0 12.7853 -0.0 
12.8655 0.0 12.8655 -0.0 12.8655 0.0 12.8655 -0.0 12.8655 0.0 12.8655 -0.0 
12.9457 0.0 12.9457 -0.0 12.9457 0.0 12.9457 -0.0 12.9457 0.0 12.9457 -0.0 
13.0258 0.0 13.0258 -0.0 13.0258 0.0 13.0258 -0.0 13.0258 0.0 13.0258 -0.0 
13.106 0.0 13.106 -0.0 13.106 0.0 13.106 -0.0 13.106 0.0 13.106 -0.0 
13.1862 0.0 13.1862 -0.0 13.1862 0.0 13.1862 -0.0 13.1862 0.0 13.1862 -0.0 
13.2663 0.0 13.2663 -0.0 13.2663 0.0 13.2663 -0.0 13.2663 0.0 13.2663 -0.0 
13.3465 0.0 13.3465 -0.0 13.3465 0.0 13.3465 -0.0 13.3465 0.0 13.3465 -0.0 
13.4266 0.0 13.4266 -0.0 13.4266 0.0 13.4266 -0.0 13.4266 0.0 13.4266 -0.0 
13.5068 0.0 13.5068 -0.0 13.5068 0.0 13.5068 -0.0 13.5068 0.0 13.5068 -0.0 
13.587 0.0 13.587 -0.0 13.587 0.0 13.587 -0.0 13.587 0.0 13.587 -0.0 
13.6671 0.0 13.6671 -0.0 13.6671 0.0 13.6671 -0.0 13.6671 0.0 13.6671 -0.0 
13.7473 0.0 13.7473 -0.0 13.7473 0.0 13.7473 -0.0 13.7473 0.0 13.7473 -0.0 
13.8274 0.0 13.8274 -0.0 13.8274 0.0 13.8274 -0.0 13.8274 0.0 13.8274 -0.0 
13.9076 0.0 13.9076 -0.0 13.9076 0.0 13.9076 -0.0 13.9076 0.0 13.9076 -0.0 
13.9878 0.0 13.9878 -0.0 13.9878 0.0 13.9878 -0.0 13.9878 0.0 13.9878 -0.0 
14.0679 0.0 14.0679 -0.0 14.0679 0.0 14.0679 -0.0 14.0679 0.0 14.0679 -0.0 
14.1481 0.0 14.1481 -0.0 14.1481 0.0 14.1481 -0.0 14.1481 0.0 14.1481 -0.0 
14.2282 0.0 14.2282 -0.0 14.2282 0.0 14.2282 -0.0 14.2282 0.0 14.2282 -0.0 
14.3084 0.0 14.3084 -0.0 14.3084 0.0 14.3084 -0.0 14.3084 0.0 14.3084 -0.0 
14.3886 0.0 14.3886 -0.0 14.3886 0.0 14.3886 -0.0 14.3886 0.0 14.3886 -0.0 
14.4687 0.0 14.4687 -0.0 14.4687 0.0 14.4687 -0.0 14.4687 0.0 14.4687 -0.0 
14.5489 0.0 14.5489 -0.0 14.5489 0.0 14.5489 -0.0 14.5489 0.0 14.5489 -0.0 
14.629 0.0 14.629 -0.0 14.629 0.0 14.629 -0.0 14.629 0.0 14.629 -0.0 
14.7092 0.0 14.7092 -0.0 14.7092 0.0 14.7092 -0.0 14.7092 0.0 14.7092 -0.0 
14.7894 0.0 14.7894 -0.0 14.7894 0.0 14.7894 -0.0 14.7894 0.0 14.7894 -0.0 
14.8695 0.0 14.8695 -0.0 14.8695 0.0 14.8695 -0.0 14.8695 0.0 14.8695 -0.0 
14.9497 0.0 14.9497 -0.0 14.9497 0.0 14.9497 -0.0 14.9497 0.0 14.9497 -0.0 
15.0298 0.0 15.0298 -0.0 15.0298 0.0 15.0298 -0.0 15.0298 0.0 15.0298 -0.0 
15.11 0.0 15.11 -0.0 15.11 0.0 15.11 -0.0 15.11 0.0 15.11 -0.0 
15.1902 0.0 15.1902 -0.0 15.1902 0.0 15.1902 -0.0 15.1902 0.0 15.1902 -0.0 
15.2703 0.0 15.2703 -0.0 15.2703 0.0 15.2703 -0.0 15.2703 0.0 15.2703 -0.0 
15.3505 0.0 15.3505 -0.0 15.3505 0.0 15.3505 -0.0 15.3505 0.0 15.3505 -0.0 
15.4306 0.0 15.4306 -0.0 15.4306 0.0 15.4306 -0.0 15.4306 0.0 15.4306 -0.0 
15.5108 0.0 15.5108 -0.0 15.5108 0.0 15.5108 -0.0 15.5108 0.0 15.5108 -0.0 
