-23.6538 12.475 -23.6538 -12.475 -23.6538 0.0 -23.6538 -0.0 -23.6538 0.00035 -23.6538 -0.00035 
-23.5736 0.0 -23.5736 -0.0 -23.5736 0.0 -23.5736 -0.0 -23.5736 0.0 -23.5736 -0.0 
-23.4935 0.0 -23.4935 -0.0 -23.4935 0.0 -23.4935 -0.0 -23.4935 0.0 -23.4935 -0.0 
-23.4133 0.0 -23.4133 -0.0 -23.4133 0.0 -23.4133 -0.0 -23.4133 0.0 -23.4133 -0.0 
-23.3332 0.0 -23.3332 -0.0 -23.3332 0.0 -23.3332 -0.0 -23.3332 0.0 -23.3332 -0.0 
-23.253 0.0 -23.253 -0.0 -23.253 0.0 -23.253 -0.0 -23.253 0.0 -23.253 -0.0 
-23.1728 0.0 -23.1728 -0.0 -23.1728 0.0 -23.1728 -0.0 -23.1728 0.0 -23.1728 -0.0 
-23.0927 0.0 -23.0927 -0.0 -23.0927 0.0 -23.0927 -0.0 -23.0927 0.0 -23.0927 -0.0 
-23.0125 0.0 -23.0125 -0.0 -23.0125 0.0 -23.0125 -0.0 -23.0125 0.0 -23.0125 -0.0 
-22.9324 0.0 -22.9324 -0.0 -22.9324 0.0 -22.9324 -0.0 -22.9324 0.0 -22.9324 -0.0 
-22.8522 0.0 -22.8522 -0.0 -22.8522 0.0 -22.8522 -0.0 -22.8522 0.0 -22.8522 -0.0 
-22.772 0.0 -22.772 -0.0 -22.772 0.0 -22.772 -0.0 -22.772 0.0 -22.772 -0.0 
-22.6919 0.0 -22.6919 -0.0 -22.6919 0.0 -22.6919 -0.0 -22.6919 0.0 -22.6919 -0.0 
-22.6117 0.0 -22.6117 -0.0 -22.6117 0.0 -22.6117 -0.0 -22.6117 0.0 -22.6117 -0.0 
-22.5316 0.0 -22.5316 -0.0 -22.5316 0.0 -22.5316 -0.0 -22.5316 0.0 -22.5316 -0.0 
-22.4514 0.0 -22.4514 -0.0 -22.4514 0.0 -22.4514 -0.0 -22.4514 0.0 -22.4514 -0.0 
-22.3712 0.0 -22.3712 -0.0 -22.3712 0.0 -22.3712 -0.0 -22.3712 0.0 -22.3712 -0.0 
-22.2911 0.0 -22.2911 -0.0 -22.2911 0.0 -22.2911 -0.0 -22.2911 0.0 -22.2911 -0.0 
-22.2109 0.0 -22.2109 -0.0 -22.2109 0.0 -22.2109 -0.0 -22.2109 0.0 -22.2109 -0.0 
-22.1308 0.0 -22.1308 -0.0 -22.1308 0.0 -22.1308 -0.0 -22.1308 0.0 -22.1308 -0.0 
-22.0506 0.0 -22.0506 -0.0 -22.0506 0.0 -22.0506 -0.0 -22.0506 0.0 -22.0506 -0.0 
-21.9704 0.0 -21.9704 -0.0 -21.9704 0.0 -21.9704 -0.0 -21.9704 0.0 -21.9704 -0.0 
-21.8903 0.0 -21.8903 -0.0 -21.8903 0.0 -21.8903 -0.0 -21.8903 0.0 -21.8903 -0.0 
-21.8101 0.0 -21.8101 -0.0 -21.8101 0.0 -21.8101 -0.0 -21.8101 0.0 -21.8101 -0.0 
-21.73 0.0 -21.73 -0.0 -21.73 0.0 -21.73 -0.0 -21.73 0.0 -21.73 -0.0 
-21.6498 0.0 -21.6498 -0.0 -21.6498 0.0 -21.6498 -0.0 -21.6498 0.0 -21.6498 -0.0 
-21.5696 0.0 -21.5696 -0.0 -21.5696 0.0 -21.5696 -0.0 -21.5696 0.0 -21.5696 -0.0 
-21.4895 0.0 -21.4895 -0.0 -21.4895 0.0 -21.4895 -0.0 -21.4895 0.0 -21.4895 -0.0 
-21.4093 0.0 -21.4093 -0.0 -21.4093 0.0 -21.4093 -0.0 -21.4093 0.0 -21.4093 -0.0 
-21.3292 0.0 -21.3292 -0.0 -21.3292 0.0 -21.3292 -0.0 -21.3292 0.0 -21.3292 -0.0 
-21.249 0.0 -21.249 -0.0 -21.249 0.0 -21.249 -0.0 -21.249 0.0 -21.249 -0.0 
-21.1688 0.0 -21.1688 -0.0 -21.1688 0.0 -21.1688 -0.0 -21.1688 0.0 -21.1688 -0.0 
-21.0887 0.0 -21.0887 -0.0 -21.0887 0.0 -21.0887 -0.0 -21.0887 0.0 -21.0887 -0.0 
-21.0085 0.0 -21.0085 -0.0 -21.0085 0.0 -21.0085 -0.0 -21.0085 0.0 -21.0085 -0.0 
-20.9283 0.0 -20.9283 -0.0 -20.9283 0.0 -20.9283 -0.0 -20.9283 0.0 -20.9283 -0.0 
-20.8482 0.0 -20.8482 -0.0 -20.8482 0.0 -20.8482 -0.0 -20.8482 0.0 -20.8482 -0.0 
-20.768 0.0 -20.768 -0.0 -20.768 0.0 -20.768 -0.0 -20.768 0.0 -20.768 -0.0 
-20.6879 0.0 -20.6879 -0.0 -20.6879 0.0 -20.6879 -0.0 -20.6879 0.0 -20.6879 -0.0 
-20.6077 0.0 -20.6077 -0.0 -20.6077 0.0 -20.6077 -0.0 -20.6077 0.0 -20.6077 -0.0 
-20.5275 0.0 -20.5275 -0.0 -20.5275 0.0 -20.5275 -0.0 -20.5275 0.0 -20.5275 -0.0 
-20.4474 0.0 -20.4474 -0.0 -20.4474 0.0 -20.4474 -0.0 -20.4474 0.0 -20.4474 -0.0 
-20.3672 0.0 -20.3672 -0.0 -20.3672 0.0 -20.3672 -0.0 -20.3672 0.0 -20.3672 -0.0 
-20.2871 0.0 -20.2871 -0.0 -20.2871 0.0 -20.2871 -0.0 -20.2871 0.0 -20.2871 -0.0 
-20.2069 0.00015 -20.2069 -0.0 -20.2069 0.0 -20.2069 -0.0 -20.2069 0.0 -20.2069 -0.0 
-20.1267 0.0012 -20.1267 -0.0 -20.1267 0.0 -20.1267 -0.0 -20.1267 0.0 -20.1267 -0.0 
-20.0466 0.00645 -20.0466 -5e-05 -20.0466 0.0 -20.0466 -0.0 -20.0466 0.0 -20.0466 -0.0 
-19.9664 0.0262 -19.9664 -0.0006 -19.9664 5e-05 -19.9664 -0.0 -19.9664 0.0 -19.9664 -0.0 
-19.8863 0.0811 -19.8863 -0.00355 -19.8863 0.0003 -19.8863 -0.0 -19.8863 5e-05 -19.8863 -0.0 
-19.8061 0.195 -19.8061 -0.01635 -19.8061 0.00115 -19.8061 -0.0 -19.8061 0.00045 -19.8061 -0.0 
-19.7259 0.3736 -19.7259 -0.0571 -19.7259 0.00255 -19.7259 -0.0001 -19.7259 0.0007 -19.7259 -0.0 
-19.6458 0.59245 -19.6458 -0.1538 -19.6458 0.0044 -19.6458 -0.0006 -19.6458 0.00145 -19.6458 -5e-05 
-19.5656 0.81605 -19.5656 -0.3273 -19.5656 0.0067 -19.5656 -0.0017 -19.5656 0.0021 -19.5656 -0.0005 
-19.4855 1.0233 -19.4855 -0.5682 -19.4855 0.00985 -19.4855 -0.00415 -19.4855 0.0027 -19.4855 -0.00075 
-19.4053 1.20215 -19.4053 -0.83605 -19.4053 0.0131 -19.4053 -0.00775 -19.4053 0.00355 -19.4053 -0.0015 
-19.3251 1.3416 -19.3251 -1.0812 -19.3251 0.0169 -19.3251 -0.01275 -19.3251 0.00395 -19.3251 -0.0021 
-19.245 1.458 -19.245 -1.26115 -19.245 0.0216 -19.245 -0.01815 -19.245 0.004 -19.245 -0.00235 
-19.1648 1.60965 -19.1648 -1.35985 -19.1648 0.02775 -19.1648 -0.0227 -19.1648 0.00435 -19.1648 -0.0028 
-19.0847 1.8595 -19.0847 -1.4179 -19.0847 0.03695 -19.0847 -0.0264 -19.0847 0.00465 -19.0847 -0.00275 
-19.0045 2.2472 -19.0045 -1.51955 -19.0045 0.05125 -19.0045 -0.0307 -19.0045 0.0053 -19.0045 -0.0027 
-18.9243 2.8128 -18.9243 -1.7235 -18.9243 0.07615 -18.9243 -0.03605 -18.9243 0.00595 -18.9243 -0.00295 
-18.8442 3.6028 -18.8442 -2.03135 -18.8442 0.11955 -18.8442 -0.04385 -18.8442 0.00695 -18.8442 -0.0036 
-18.764 4.6209 -18.764 -2.4448 -18.764 0.1843 -18.764 -0.05635 -18.764 0.00725 -18.764 -0.00395 
-18.6839 5.7634 -18.6839 -3.01405 -18.6839 0.26175 -18.6839 -0.07795 -18.6839 0.00815 -18.6839 -0.0044 
-18.6037 6.80395 -18.6037 -3.78935 -18.6037 0.33155 -18.6037 -0.1115 -18.6037 0.00905 -18.6037 -0.00495 
-18.5235 7.48555 -18.5235 -4.7437 -18.5235 0.3715 -18.5235 -0.15445 -18.5235 0.0096 -18.5235 -0.00535 
-18.4434 7.65645 -18.4434 -5.7683 -18.4434 0.37295 -18.4434 -0.20115 -18.4434 0.01075 -18.4434 -0.006 
-18.3632 7.35245 -18.3632 -6.6692 -18.3632 0.34085 -18.3632 -0.24195 -18.3632 0.0106 -18.3632 -0.00615 
-18.2831 6.83665 -18.2831 -7.0923 -18.2831 0.2962 -18.2831 -0.2619 -18.2831 0.0106 -18.2831 -0.00625 
-18.2029 6.53395 -18.2029 -6.66325 -18.2029 0.26465 -18.2029 -0.24475 -18.2029 0.0111 -18.2029 -0.0056 
-18.1227 6.753 -18.1227 -5.4792 -18.1227 0.26605 -18.1227 -0.1906 -18.1227 0.0135 -18.1227 -0.00505 
-18.0426 7.4315 -18.0426 -4.2841 -18.0426 0.30155 -18.0426 -0.12785 -18.0426 0.01545 -18.0426 -0.00385 
-17.9624 8.31675 -17.9624 -3.8468 -17.9624 0.3608 -17.9624 -0.08805 -17.9624 0.0178 -17.9624 -0.00425 
-17.8823 9.39725 -17.8823 -4.29445 -17.8823 0.44665 -17.8823 -0.0826 -17.8823 0.0196 -17.8823 -0.0054 
-17.8021 10.82045 -17.8021 -5.23315 -17.8021 0.56445 -17.8021 -0.10495 -17.8021 0.0214 -17.8021 -0.00725 
-17.7219 12.29605 -17.7219 -6.3029 -17.7219 0.6872 -17.7219 -0.1453 -17.7219 0.0232 -17.7219 -0.00905 
-17.6418 13.0483 -17.6418 -7.4079 -17.6418 0.7543 -17.6418 -0.19865 -17.6418 0.02395 -17.6418 -0.01095 
-17.5616 12.5944 -17.5616 -8.566 -17.5616 0.7266 -17.5616 -0.2633 -17.5616 0.0233 -17.5616 -0.0123 
-17.4815 11.2556 -17.4815 -9.7372 -17.4815 0.62385 -17.4815 -0.3307 -17.4815 0.0208 -17.4815 -0.01365 
-17.4013 9.77795 -17.4013 -10.76605 -17.4013 0.503 -17.4013 -0.39015 -17.4013 0.0182 -17.4013 -0.01465 
-17.3211 8.6796 -17.3211 -11.40925 -17.3211 0.40805 -17.3211 -0.4288 -17.3211 0.01545 -17.3211 -0.01545 
-17.241 8.0255 -17.241 -11.4804 -17.241 0.3519 -17.241 -0.43975 -17.241 0.0135 -17.241 -0.01635 
-17.1608 7.59515 -17.1608 -11.1057 -17.1608 0.3264 -17.1608 -0.4305 -17.1608 0.01235 -17.1608 -0.01555 
-17.0807 7.11815 -17.0807 -10.8143 -17.0807 0.3143 -17.0807 -0.4239 -17.0807 0.0116 -17.0807 -0.0142 
-17.0005 6.50335 -17.0005 -11.13515 -17.0005 0.30565 -17.0005 -0.4418 -17.0005 0.01085 -17.0005 -0.0134 
-16.9203 5.8906 -16.9203 -11.98135 -16.9203 0.29825 -16.9203 -0.482 -16.9203 0.0096 -16.9203 -0.01365 
-16.8402 5.35955 -16.8402 -12.57035 -16.8402 0.28745 -16.8402 -0.51495 -16.8402 0.00875 -16.8402 -0.01465 
-16.76 4.73785 -16.76 -12.0646 -16.76 0.26135 -16.76 -0.5035 -16.76 0.0076 -16.76 -0.01515 
-16.6799 3.83005 -16.6799 -10.2332 -16.6799 0.21275 -16.6799 -0.43645 -16.6799 0.00605 -16.6799 -0.0145 
-16.5997 2.6803 -16.5997 -7.5082 -16.5997 0.1483 -16.5997 -0.32715 -16.5997 0.00405 -16.5997 -0.0122 
-16.5195 1.5527 -16.5195 -4.6411 -16.5195 0.08555 -16.5195 -0.20625 -16.5195 0.00195 -16.5195 -0.00885 
-16.4394 0.71685 -16.4394 -2.33625 -16.4394 0.0392 -16.4394 -0.10545 -16.4394 0.00085 -16.4394 -0.00455 
-16.3592 0.256 -16.3592 -0.9262 -16.3592 0.0138 -16.3592 -0.04195 -16.3592 0.0002 -16.3592 -0.00175 
-16.2791 0.0692 -16.2791 -0.28165 -16.2791 0.00365 -16.2791 -0.01285 -16.2791 0.0 -16.2791 -0.00055 
-16.1989 0.014 -16.1989 -0.0645 -16.1989 0.00065 -16.1989 -0.00255 -16.1989 0.0 -16.1989 -0.0001 
-16.1187 0.0021 -16.1187 -0.011 -16.1187 0.0001 -16.1187 -0.00035 -16.1187 0.0 -16.1187 -0.0 
-16.0386 0.00025 -16.0386 -0.0014 -16.0386 0.0 -16.0386 -0.0 -16.0386 0.0 -16.0386 -0.0 
-15.9584 0.0001 -15.9584 -0.0002 -15.9584 0.0 -15.9584 -0.0 -15.9584 0.0 -15.9584 -0.0 
-15.8782 0.00085 -15.8782 -0.0006 -15.8782 0.0 -15.8782 -0.0 -15.8782 0.0 -15.8782 -0.0 
-15.7981 0.00655 -15.7981 -0.00475 -15.7981 0.0 -15.7981 -0.0 -15.7981 0.0 -15.7981 -0.0 
-15.7179 0.0391 -15.7179 -0.02935 -15.7179 5e-05 -15.7179 -0.0 -15.7179 0.0 -15.7179 -0.0 
-15.6378 0.1779 -15.6378 -0.13895 -15.6378 0.00035 -15.6378 -0.0002 -15.6378 0.0002 -15.6378 -0.0001 
-15.5576 0.61975 -15.5576 -0.505 -15.5576 0.00225 -15.5576 -0.001 -15.5576 0.0011 -15.5576 -0.0008 
-15.4774 1.66235 -15.4774 -1.41695 -15.4774 0.00685 -15.4774 -0.004 -15.4774 0.0034 -15.4774 -0.0028 
-15.3973 3.4513 -15.3973 -3.08075 -15.3973 0.01395 -15.3973 -0.0088 -15.3973 0.0074 -15.3973 -0.006 
-15.3171 5.5797 -15.3171 -5.2133 -15.3171 0.0227 -15.3171 -0.0156 -15.3171 0.01185 -15.3171 -0.0101 
-15.237 7.07235 -15.237 -6.90425 -15.237 0.02835 -15.237 -0.02085 -15.237 0.01485 -15.237 -0.0134 
-15.1568 7.0736 -15.1568 -7.19985 -15.1568 0.0283 -15.1568 -0.0221 -15.1568 0.0146 -15.1568 -0.0136 
-15.0766 5.60365 -15.0766 -5.9403 -15.0766 0.022 -15.0766 -0.01835 -15.0766 0.01155 -15.0766 -0.01145 
-14.9965 3.5107 -14.9965 -3.87995 -14.9965 0.0137 -14.9965 -0.0124 -14.9965 0.00715 -14.9965 -0.0075 
-14.9163 1.7263 -14.9163 -1.99555 -14.9163 0.00595 -14.9163 -0.00605 -14.9163 0.0034 -14.9163 -0.0037 
-14.8362 0.65835 -14.8362 -0.7997 -14.8362 0.0024 -14.8362 -0.00225 -14.8362 0.0012 -14.8362 -0.00155 
-14.756 0.1921 -14.756 -0.24645 -14.756 0.00025 -14.756 -0.00045 -14.756 0.0003 -14.756 -0.0004 
-14.6758 0.0424 -14.6758 -0.05765 -14.6758 0.0 -14.6758 -5e-05 -14.6758 0.0 -14.6758 -0.0 
-14.5957 0.007 -14.5957 -0.01015 -14.5957 0.0 -14.5957 -0.0 -14.5957 0.0 -14.5957 -0.0 
-14.5155 0.00085 -14.5155 -0.00135 -14.5155 0.0 -14.5155 -0.0 -14.5155 0.0 -14.5155 -0.0 
-14.4354 0.0001 -14.4354 -0.00015 -14.4354 0.0 -14.4354 -0.0 -14.4354 0.0 -14.4354 -0.0 
-14.3552 0.0 -14.3552 -0.0 -14.3552 0.0 -14.3552 -0.0 -14.3552 0.0 -14.3552 -0.0 
-14.275 0.0 -14.275 -0.0 -14.275 0.0 -14.275 -0.0 -14.275 0.0 -14.275 -0.0 
-14.1949 0.0 -14.1949 -0.0 -14.1949 0.0 -14.1949 -0.0 -14.1949 0.0 -14.1949 -0.0 
-14.1147 0.0 -14.1147 -0.0 -14.1147 0.0 -14.1147 -0.0 -14.1147 0.0 -14.1147 -0.0 
-14.0346 0.0 -14.0346 -0.0 -14.0346 0.0 -14.0346 -0.0 -14.0346 0.0 -14.0346 -0.0 
-13.9544 0.0 -13.9544 -0.0 -13.9544 0.0 -13.9544 -0.0 -13.9544 0.0 -13.9544 -0.0 
-13.8742 0.0 -13.8742 -0.0 -13.8742 0.0 -13.8742 -0.0 -13.8742 0.0 -13.8742 -0.0 
-13.7941 0.0 -13.7941 -0.0 -13.7941 0.0 -13.7941 -0.0 -13.7941 0.0 -13.7941 -0.0 
-13.7139 0.0 -13.7139 -0.0 -13.7139 0.0 -13.7139 -0.0 -13.7139 0.0 -13.7139 -0.0 
-13.6338 0.0 -13.6338 -0.0 -13.6338 0.0 -13.6338 -0.0 -13.6338 0.0 -13.6338 -0.0 
-13.5536 0.0 -13.5536 -0.0 -13.5536 0.0 -13.5536 -0.0 -13.5536 0.0 -13.5536 -0.0 
-13.4734 0.0 -13.4734 -0.0 -13.4734 0.0 -13.4734 -0.0 -13.4734 0.0 -13.4734 -0.0 
-13.3933 0.0 -13.3933 -0.0 -13.3933 0.0 -13.3933 -0.0 -13.3933 0.0 -13.3933 -0.0 
-13.3131 0.0 -13.3131 -0.0 -13.3131 0.0 -13.3131 -0.0 -13.3131 0.0 -13.3131 -0.0 
-13.233 0.0 -13.233 -0.0 -13.233 0.0 -13.233 -0.0 -13.233 0.0 -13.233 -0.0 
-13.1528 0.0 -13.1528 -0.0 -13.1528 0.0 -13.1528 -0.0 -13.1528 0.0 -13.1528 -0.0 
-13.0726 0.0 -13.0726 -0.0 -13.0726 0.0 -13.0726 -0.0 -13.0726 0.0 -13.0726 -0.0 
-12.9925 0.0 -12.9925 -0.0 -12.9925 0.0 -12.9925 -0.0 -12.9925 0.0 -12.9925 -0.0 
-12.9123 0.0 -12.9123 -0.0 -12.9123 0.0 -12.9123 -0.0 -12.9123 0.0 -12.9123 -0.0 
-12.8322 0.0 -12.8322 -0.0 -12.8322 0.0 -12.8322 -0.0 -12.8322 0.0 -12.8322 -0.0 
-12.752 0.0 -12.752 -0.0 -12.752 0.0 -12.752 -0.0 -12.752 0.0 -12.752 -0.0 
-12.6718 0.0 -12.6718 -0.0 -12.6718 0.0 -12.6718 -0.0 -12.6718 0.0 -12.6718 -0.0 
-12.5917 0.0 -12.5917 -0.0 -12.5917 0.0 -12.5917 -0.0 -12.5917 0.0 -12.5917 -0.0 
-12.5115 0.0 -12.5115 -0.0 -12.5115 0.0 -12.5115 -0.0 -12.5115 0.0 -12.5115 -0.0 
-12.4314 0.0 -12.4314 -0.0 -12.4314 0.0 -12.4314 -0.0 -12.4314 0.0 -12.4314 -0.0 
-12.3512 0.0 -12.3512 -0.0 -12.3512 0.0 -12.3512 -0.0 -12.3512 0.0 -12.3512 -0.0 
-12.271 0.0 -12.271 -0.0 -12.271 0.0 -12.271 -0.0 -12.271 0.0 -12.271 -0.0 
-12.1909 0.0 -12.1909 -0.0 -12.1909 0.0 -12.1909 -0.0 -12.1909 0.0 -12.1909 -0.0 
-12.1107 0.0 -12.1107 -0.0 -12.1107 0.0 -12.1107 -0.0 -12.1107 0.0 -12.1107 -0.0 
-12.0306 0.0 -12.0306 -0.0 -12.0306 0.0 -12.0306 -0.0 -12.0306 0.0 -12.0306 -0.0 
-11.9504 0.0 -11.9504 -0.0 -11.9504 0.0 -11.9504 -0.0 -11.9504 0.0 -11.9504 -0.0 
-11.8702 0.0 -11.8702 -0.0 -11.8702 0.0 -11.8702 -0.0 -11.8702 0.0 -11.8702 -0.0 
-11.7901 0.0 -11.7901 -0.0 -11.7901 0.0 -11.7901 -0.0 -11.7901 0.0 -11.7901 -0.0 
-11.7099 0.0 -11.7099 -0.0 -11.7099 0.0 -11.7099 -0.0 -11.7099 0.0 -11.7099 -0.0 
-11.6298 0.0 -11.6298 -0.0 -11.6298 0.0 -11.6298 -0.0 -11.6298 0.0 -11.6298 -0.0 
-11.5496 0.0 -11.5496 -0.0 -11.5496 0.0 -11.5496 -0.0 -11.5496 0.0 -11.5496 -0.0 
-11.4694 0.0 -11.4694 -0.0 -11.4694 0.0 -11.4694 -0.0 -11.4694 0.0 -11.4694 -0.0 
-11.3893 0.0 -11.3893 -0.0 -11.3893 0.0 -11.3893 -0.0 -11.3893 0.0 -11.3893 -0.0 
-11.3091 0.0 -11.3091 -0.0 -11.3091 0.0 -11.3091 -0.0 -11.3091 0.0 -11.3091 -0.0 
-11.229 0.0 -11.229 -0.0 -11.229 0.0 -11.229 -0.0 -11.229 0.0 -11.229 -0.0 
-11.1488 0.0 -11.1488 -0.0 -11.1488 0.0 -11.1488 -0.0 -11.1488 0.0 -11.1488 -0.0 
-11.0686 0.0 -11.0686 -0.0 -11.0686 0.0 -11.0686 -0.0 -11.0686 0.0 -11.0686 -0.0 
-10.9885 0.0 -10.9885 -0.0 -10.9885 0.0 -10.9885 -0.0 -10.9885 0.0 -10.9885 -0.0 
-10.9083 0.0 -10.9083 -0.0 -10.9083 0.0 -10.9083 -0.0 -10.9083 0.0 -10.9083 -0.0 
-10.8281 0.0 -10.8281 -0.0 -10.8281 0.0 -10.8281 -0.0 -10.8281 0.0 -10.8281 -0.0 
-10.748 0.0 -10.748 -0.0 -10.748 0.0 -10.748 -0.0 -10.748 0.0 -10.748 -0.0 
-10.6678 0.0 -10.6678 -0.0 -10.6678 0.0 -10.6678 -0.0 -10.6678 0.0 -10.6678 -0.0 
-10.5877 0.0 -10.5877 -0.0 -10.5877 0.0 -10.5877 -0.0 -10.5877 0.0 -10.5877 -0.0 
-10.5075 0.0 -10.5075 -0.0 -10.5075 0.0 -10.5075 -0.0 -10.5075 0.0 -10.5075 -0.0 
-10.4273 0.0 -10.4273 -0.0 -10.4273 0.0 -10.4273 -0.0 -10.4273 0.0 -10.4273 -0.0 
-10.3472 0.0 -10.3472 -0.0 -10.3472 0.0 -10.3472 -0.0 -10.3472 0.0 -10.3472 -0.0 
-10.267 0.0 -10.267 -0.0 -10.267 0.0 -10.267 -0.0 -10.267 0.0 -10.267 -0.0 
-10.1869 0.0 -10.1869 -0.0 -10.1869 0.0 -10.1869 -0.0 -10.1869 0.0 -10.1869 -0.0 
-10.1067 0.0 -10.1067 -0.0 -10.1067 0.0 -10.1067 -0.0 -10.1067 0.0 -10.1067 -0.0 
-10.0265 0.0 -10.0265 -0.0 -10.0265 0.0 -10.0265 -0.0 -10.0265 0.0 -10.0265 -0.0 
-9.94637 0.0 -9.94637 -0.0 -9.94637 0.0 -9.94637 -0.0 -9.94637 0.0 -9.94637 -0.0 
-9.86617 0.0 -9.86617 -0.0 -9.86617 0.0 -9.86617 -0.0 -9.86617 0.0 -9.86617 -0.0 
-9.78607 5e-05 -9.78607 -0.0 -9.78607 0.0 -9.78607 -0.0 -9.78607 0.0 -9.78607 -0.0 
-9.70587 0.0004 -9.70587 -0.0 -9.70587 5e-05 -9.70587 -0.0 -9.70587 0.0 -9.70587 -0.0 
-9.62567 0.0026 -9.62567 -0.0 -9.62567 0.00155 -9.62567 -0.0 -9.62567 0.0003 -9.62567 -0.0 
-9.54557 0.012 -9.54557 -0.0 -9.54557 0.00715 -9.54557 -0.0 -9.54557 0.00215 -9.54557 -0.0 
-9.46537 0.04265 -9.46537 -0.0 -9.46537 0.02555 -9.46537 -0.0 -9.46537 0.0071 -9.46537 -0.0 
-9.38527 0.11785 -9.38527 -0.0 -9.38527 0.0714 -9.38527 -0.0 -9.38527 0.01975 -9.38527 -0.0 
-9.30507 0.261 -9.30507 -0.0001 -9.30507 0.15995 -9.30507 -0.0 -9.30507 0.04345 -9.30507 -0.0 
-9.22487 0.48525 -9.22487 -0.0008 -9.22487 0.30225 -9.22487 -0.0005 -9.22487 0.0802 -9.22487 -0.00015 
-9.14477 0.80765 -9.14477 -0.00545 -9.14477 0.51685 -9.14477 -0.0037 -9.14477 0.13095 -9.14477 -0.0009 
-9.06457 1.28975 -9.06457 -0.02775 -9.06457 0.8561 -9.06457 -0.019 -9.06457 0.20285 -9.06457 -0.0051 
-8.98447 2.0535 -8.98447 -0.1044 -8.98447 1.4172 -8.98447 -0.0717 -8.98447 0.313 -8.98447 -0.01945 
-8.90427 3.20185 -8.90427 -0.29385 -8.90427 2.2793 -8.90427 -0.20225 -8.90427 0.4736 -8.90427 -0.0546 
-8.82407 4.66605 -8.82407 -0.62665 -8.82407 3.38935 -8.82407 -0.43285 -8.82407 0.6756 -8.82407 -0.1159 
-8.74397 6.17955 -8.74397 -1.0426 -8.74397 4.5395 -8.74397 -0.72375 -8.74397 0.88235 -8.74397 -0.1908 
-8.66377 7.5164 -8.66377 -1.44415 -8.66377 5.55485 -8.66377 -1.01355 -8.66377 1.06195 -8.66377 -0.25765 
-8.58367 8.70765 -8.58367 -1.86815 -8.58367 6.4607 -8.58367 -1.33635 -8.58367 1.21695 -8.58367 -0.3177 
-8.50347 9.89725 -8.50347 -2.5113 -8.50347 7.3668 -8.50347 -1.83475 -8.50347 1.36565 -8.50347 -0.4043 
-8.42327 11.0952 -8.42327 -3.47615 -8.42327 8.27325 -8.42327 -2.57465 -8.42327 1.51255 -8.42327 -0.53825 
-8.34317 12.25705 -8.34317 -4.57185 -8.34317 9.13985 -8.34317 -3.4095 -8.34317 1.65775 -8.34317 -0.6913 
-8.26297 13.48395 -8.26297 -5.5048 -8.26297 10.0547 -8.26297 -4.1266 -8.26297 1.81455 -8.26297 -0.8092 
-8.18287 14.90235 -8.18287 -6.21985 -8.18287 11.14 -8.18287 -4.69675 -8.18287 1.99175 -8.18287 -0.8741 
-8.10267 16.4202 -8.10267 -6.8511 -8.10267 12.33795 -8.10267 -5.2201 -8.10267 2.16445 -8.10267 -0.9133 
-8.02247 17.79705 -8.02247 -7.3288 -8.02247 13.4532 -8.02247 -5.6257 -8.02247 2.29635 -8.02247 -0.9419 
-7.94237 18.8608 -7.94237 -7.39925 -7.94237 14.33115 -7.94237 -5.70845 -7.94237 2.37145 -7.94237 -0.9355 
-7.86217 19.5343 -7.86217 -7.21295 -7.86217 14.9036 -7.86217 -5.602 -7.86217 2.38805 -7.86217 -0.89425 
-7.78207 19.7707 -7.78207 -7.4558 -7.78207 15.1384 -7.78207 -5.8487 -7.78207 2.34965 -7.78207 -0.89045 
-7.70187 19.59975 -7.70187 -8.60405 -7.70187 15.0645 -7.70187 -6.7907 -7.70187 2.26555 -7.70187 -1.0043 
-7.62167 19.2525 -7.62167 -10.43875 -7.62167 14.8649 -7.62167 -8.21395 -7.62167 2.16595 -7.62167 -1.2379 
-7.54157 19.1533 -7.54157 -12.4379 -7.54157 14.875 -7.54157 -9.711 -7.54157 2.0941 -7.54157 -1.52005 
-7.46137 19.6267 -7.46137 -14.09805 -7.46137 15.3716 -7.46137 -10.9459 -7.46137 2.0688 -7.46137 -1.74825 
-7.38127 20.5304 -7.38127 -14.74755 -7.38127 16.2664 -7.38127 -11.4447 -7.38127 2.05815 -7.38127 -1.81535 
-7.30107 21.2739 -7.30107 -13.78455 -7.30107 17.08615 -7.30107 -10.7283 -7.30107 2.0041 -7.30107 -1.66255 
-7.22087 21.29585 -7.22087 -11.48015 -7.22087 17.33415 -7.22087 -8.96465 -7.22087 1.88 -7.22087 -1.3468 
-7.14077 20.502 -7.14077 -9.0071 -7.14077 16.8808 -7.14077 -7.04345 -7.14077 1.71165 -7.14077 -1.01765 
-7.06057 19.2798 -7.06057 -7.38015 -7.06057 16.0264 -7.06057 -5.76175 -7.06057 1.5389 -7.06057 -0.7984 
-6.98047 18.19405 -6.98047 -6.78635 -6.98047 15.26715 -6.98047 -5.2827 -6.98047 1.3824 -6.98047 -0.70755 
-6.90027 17.61935 -6.90027 -6.9607 -6.90027 14.9467 -6.90027 -5.41865 -6.90027 1.245 -6.90027 -0.70405 
-6.82007 17.5337 -6.82007 -7.6144 -6.82007 15.0594 -6.82007 -5.9495 -6.82007 1.11895 -6.82007 -0.74635 
-6.73997 17.51855 -6.73997 -8.31615 -6.73997 15.24315 -6.73997 -6.52255 -6.73997 0.9877 -6.73997 -0.79575 
-6.65977 16.8377 -6.65977 -8.40305 -6.65977 14.836 -6.65977 -6.5821 -6.65977 0.8323 -6.65977 -0.80425 
-6.57967 14.7919 -6.57967 -7.41735 -6.57967 13.18275 -6.57967 -5.72555 -6.57967 0.64195 -6.57967 -0.752 
-6.49947 11.3931 -6.49947 -5.6064 -6.49947 10.25785 -6.49947 -4.1211 -6.49947 0.43655 -6.49947 -0.67415 
-6.41927 7.53955 -6.41927 -3.76845 -6.41927 6.85045 -6.41927 -2.41835 -6.41927 0.2557 -6.41927 -0.6345 
-6.33917 4.28865 -6.33917 -2.56695 -6.33917 3.9235 -6.33917 -1.1957 -6.33917 0.13185 -6.33917 -0.66435 
-6.25897 2.1305 -6.25897 -2.12275 -6.25897 1.9424 -6.25897 -0.58335 -6.25897 0.0696 -6.25897 -0.75725 
-6.17887 0.9722 -6.17887 -2.20705 -6.17887 0.8403 -6.17887 -0.38145 -6.17887 0.05645 -6.17887 -0.89975 
-6.09867 0.4953 -6.09867 -2.5717 -6.09867 0.3334 -6.09867 -0.3591 -6.09867 0.0791 -6.09867 -1.07975 
-6.01847 0.4121 -6.01847 -3.03305 -6.01847 0.15595 -6.01847 -0.38345 -6.01847 0.1311 -6.01847 -1.26565 
-5.93837 0.5502 -5.93837 -3.4361 -5.93837 0.1369 -5.93837 -0.3998 -5.93837 0.21495 -5.93837 -1.4054 
-5.85817 0.8419 -5.85817 -3.71495 -5.85817 0.19355 -5.85817 -0.39995 -5.85817 0.33905 -5.85817 -1.48475 
-5.77797 1.2713 -5.77797 -3.96 -5.77797 0.29285 -5.77797 -0.40835 -5.77797 0.5103 -5.77797 -1.55505 
-5.69787 1.8466 -5.69787 -4.33 -5.69787 0.4241 -5.69787 -0.4473 -5.69787 0.72765 -5.69787 -1.6805 
-5.61767 2.61595 -5.61767 -4.90755 -5.61767 0.5894 -5.61767 -0.51695 -5.61767 0.9959 -5.61767 -1.87565 
-5.53757 3.6191 -5.53757 -5.65335 -5.53757 0.7907 -5.53757 -0.6005 -5.53757 1.3122 -5.53757 -2.1115 
-5.45737 4.7846 -5.45737 -6.48505 -5.45737 1.0067 -5.45737 -0.6859 -5.45737 1.64255 -5.45737 -2.3572 
-5.37717 6.02 -5.37717 -7.3985 -5.37717 1.2114 -5.37717 -0.77465 -5.37717 1.9585 -5.37717 -2.61015 
-5.29707 7.40705 -5.29707 -8.4181 -5.29707 1.4183 -5.29707 -0.8752 -5.29707 2.30245 -5.29707 -2.8815 
-5.21687 9.01315 -5.21687 -9.36835 -5.21687 1.65635 -5.21687 -0.98185 -5.21687 2.7204 -5.21687 -3.14605 
-5.13677 10.4885 -5.13677 -9.8793 -5.13677 1.88885 -5.13677 -1.07445 -5.13677 3.13375 -5.13677 -3.3368 
-5.05657 11.2243 -5.05657 -9.7821 -5.05657 2.0266 -5.05657 -1.14485 -5.05657 3.3871 -5.05657 -3.43035 
-4.97637 10.98745 -4.97637 -9.36705 -4.97637 2.0298 -4.97637 -1.2176 -4.97637 3.4284 -4.97637 -3.49645 
-4.89627 10.1372 -4.89627 -9.0789 -4.89627 1.9456 -4.89627 -1.318 -4.89627 3.357 -4.89627 -3.6164 
-4.81607 9.21435 -4.81607 -9.0657 -4.81607 1.84065 -4.81607 -1.4384 -4.81607 3.28945 -4.81607 -3.7846 
-4.73597 8.5531 -4.73597 -9.1771 -4.73597 1.74935 -4.73597 -1.5386 -4.73597 3.2714 -4.73597 -3.9321 
-4.65577 8.2585 -4.65577 -9.24985 -4.65577 1.68615 -4.65577 -1.58545 -4.65577 3.3134 -4.65577 -4.0194 
-4.57557 8.29945 -4.57557 -9.2138 -4.57557 1.66465 -4.57557 -1.5711 -4.57557 3.4187 -4.57557 -4.04295 
-4.49547 8.5745 -4.49547 -9.06695 -4.49547 1.6918 -4.49547 -1.5115 -4.49547 3.5762 -4.49547 -4.0181 
-4.41527 8.99525 -4.41527 -8.91585 -4.41527 1.7636 -4.41527 -1.4529 -4.41527 3.77115 -4.41527 -3.99825 
-4.33517 9.49135 -4.33517 -8.98515 -4.33517 1.8587 -4.33517 -1.45985 -4.33517 3.99135 -4.33517 -4.084 
-4.25497 9.94685 -4.25497 -9.4931 -4.25497 1.9322 -4.25497 -1.58615 -4.25497 4.2068 -4.25497 -4.37165 
-4.17477 10.26 -4.17477 -10.45105 -4.17477 1.9491 -4.17477 -1.835 -4.17477 4.39955 -4.17477 -4.8645 
-4.09467 10.4444 -4.09467 -11.5691 -4.09467 1.91725 -4.09467 -2.1362 -4.09467 4.58665 -4.09467 -5.43325 
-4.01447 10.5428 -4.01447 -12.4527 -4.01447 1.86745 -4.01447 -2.38565 -4.01447 4.76305 -4.01447 -5.8929 
-3.93437 10.51225 -3.93437 -12.92805 -3.93437 1.8123 -3.93437 -2.52265 -3.93437 4.86995 -3.93437 -6.1521 
-3.85417 10.3349 -3.85417 -13.08695 -3.85417 1.7506 -3.85417 -2.5564 -3.85417 4.8794 -3.85417 -6.2413 
-3.77397 10.1381 -3.77397 -13.04395 -3.77397 1.69465 -3.77397 -2.52695 -3.77397 4.86025 -3.77397 -6.22005 
-3.69387 10.05315 -3.69387 -12.82955 -3.69387 1.6603 -3.69387 -2.46565 -3.69387 4.88695 -3.69387 -6.1287 
-3.61367 10.0606 -3.61367 -12.53035 -3.61367 1.642 -3.61367 -2.4036 -3.61367 4.9544 -3.61367 -6.03055 
-3.53357 10.10375 -3.53357 -12.31845 -3.53357 1.62925 -3.53357 -2.37755 -3.53357 5.0399 -3.53357 -6.0026 
-3.45337 10.25865 -3.45337 -12.3111 -3.45337 1.6293 -3.45337 -2.41015 -3.45337 5.18835 -3.45337 -6.0781 
-3.37317 10.66425 -3.37317 -12.57205 -3.37317 1.6634 -3.37317 -2.51035 -3.37317 5.47145 -3.37317 -6.27 
-3.29307 11.32355 -3.29307 -13.16435 -3.29307 1.7389 -3.29307 -2.68565 -3.29307 5.8866 -3.29307 -6.6107 
-3.21287 12.04555 -3.21287 -14.0108 -3.21287 1.83365 -3.21287 -2.91265 -3.21287 6.32935 -3.21287 -7.06975 
-3.13277 12.5529 -3.13277 -14.82355 -3.13277 1.9095 -3.13277 -3.126 -3.13277 6.6482 -3.13277 -7.5129 
-3.05257 12.6597 -3.05257 -15.32345 -3.05257 1.93275 -3.05257 -3.2563 -3.05257 6.7364 -3.05257 -7.80625 
-2.97237 12.4339 -2.97237 -15.4541 -2.97237 1.90925 -2.97237 -3.2754 -2.97237 6.62935 -2.97237 -7.92905 
-2.89227 12.1665 -2.89227 -15.3411 -2.89227 1.88645 -2.89227 -3.1966 -2.89227 6.49315 -2.89227 -7.94585 
-2.81207 12.09865 -2.81207 -15.1114 -2.81207 1.9034 -2.81207 -3.04985 -2.81207 6.4713 -2.81207 -7.91825 
-2.73197 12.20705 -2.73197 -14.7832 -2.73197 1.95335 -2.73197 -2.8608 -2.73197 6.5595 -2.73197 -7.84345 
-2.65177 12.28835 -2.65177 -14.32095 -2.65177 1.9981 -2.65177 -2.64635 -2.65177 6.63975 -2.65177 -7.68495 
-2.57157 12.21755 -2.57157 -13.7566 -2.57157 2.01845 -2.57157 -2.431 -2.57157 6.62535 -2.57157 -7.44215 
-2.49147 12.0719 -2.49147 -13.19885 -2.49147 2.02855 -2.49147 -2.2442 -2.49147 6.5501 -2.49147 -7.1692 
-2.41127 11.97945 -2.41127 -12.7317 -2.41127 2.0462 -2.41127 -2.1014 -2.41127 6.4987 -2.41127 -6.9263 
-2.33117 11.92915 -2.33117 -12.3602 -2.33117 2.058 -2.33117 -1.99375 -2.33117 6.48595 -2.33117 -6.74205 
-2.25097 11.8052 -2.25097 -12.0758 -2.25097 2.04005 -2.25097 -1.90945 -2.25097 6.4547 -2.25097 -6.62805 
-2.17077 11.56455 -2.17077 -11.9524 -2.17077 1.99605 -2.17077 -1.85925 -2.17077 6.37125 -2.17077 -6.6245 
-2.09067 11.3465 -2.09067 -12.10825 -2.09067 1.96565 -2.09067 -1.8624 -2.09067 6.3005 -2.09067 -6.78365 
-2.01047 11.3528 -2.01047 -12.5042 -2.01047 1.98815 -2.01047 -1.90575 -2.01047 6.34915 -2.01047 -7.07735 
-1.93037 11.53875 -1.93037 -12.84015 -1.93037 2.04 -1.93037 -1.92745 -1.93037 6.49605 -1.93037 -7.3401 
-1.85017 11.559 -1.85017 -12.79775 -1.85017 2.04435 -1.85017 -1.8669 -1.85017 6.5515 -1.85017 -7.39425 
-1.76997 11.195 -1.76997 -12.40915 -1.76997 1.9625 -1.76997 -1.73345 -1.76997 6.39135 -1.76997 -7.25695 
-1.68987 10.68035 -1.68987 -12.0286 -1.68987 1.8528 -1.68987 -1.5931 -1.68987 6.13925 -1.68987 -7.12625 
-1.60967 10.4325 -1.60967 -11.87775 -1.60967 1.8089 -1.60967 -1.4919 -1.60967 6.02685 -1.60967 -7.12495 
-1.52957 10.618 -1.52957 -11.8255 -1.52957 1.86605 -1.52957 -1.4275 -1.52957 6.14985 -1.52957 -7.168 
-1.44937 11.119 -1.44937 -11.67565 -1.44937 1.9925 -1.44937 -1.38675 -1.44937 6.45505 -1.44937 -7.13015 
-1.36917 11.76485 -1.36917 -11.3833 -1.36917 2.13725 -1.36917 -1.37055 -1.36917 6.8606 -1.36917 -6.9763 
-1.28907 12.4196 -1.28907 -10.9068 -1.28907 2.2546 -1.28907 -1.3648 -1.28907 7.29955 -1.28907 -6.6799 
-1.20887 12.9137 -1.20887 -10.13215 -1.20887 2.3134 -1.20887 -1.33125 -1.20887 7.66515 -1.20887 -6.18505 
-1.12867 13.0786 -1.12867 -9.0551 -1.12867 2.30855 -1.12867 -1.2484 -1.12867 7.836 -1.12867 -5.5069 
-1.04857 12.9254 -1.04857 -7.906 -1.04857 2.2733 -1.04857 -1.14905 -1.04857 7.79845 -1.04857 -4.7913 
-0.968371 12.68275 -0.968371 -7.0302 -0.968371 2.2581 -0.968371 -1.10335 -0.968371 7.68115 -0.968371 -4.2382 
-0.888271 12.5485 -0.888271 -6.6367 -0.888271 2.2884 -0.888271 -1.15405 -0.888271 7.609 -0.888271 -3.9634 
-0.808071 12.47 -0.808071 -6.6419 -0.808071 2.33585 -0.808071 -1.27255 -0.808071 7.561 -0.808071 -3.9221 
-0.727871 12.21945 -0.727871 -6.75175 -0.727871 2.34625 -0.727871 -1.3861 -0.727871 7.41 -0.727871 -3.9477 
-0.647771 11.6251 -0.647771 -6.67095 -0.647771 2.2814 -0.647771 -1.434 -0.647771 7.0554 -0.647771 -3.87165 
-0.567571 10.7244 -0.567571 -6.22195 -0.567571 2.15085 -0.567571 -1.3828 -0.567571 6.5174 -0.567571 -3.5902 
-0.487471 9.71865 -0.487471 -5.34275 -0.487471 2.00155 -0.487471 -1.21735 -0.487471 5.91145 -0.487471 -3.0708 
-0.407271 8.8149 -0.407271 -4.08915 -0.407271 1.87995 -0.407271 -0.9468 -0.407271 5.36005 -0.407271 -2.3452 
-0.327071 8.13365 -0.327071 -2.6778 -0.327071 1.81065 -0.327071 -0.6243 -0.327071 4.9368 -0.327071 -1.53515 
-0.246971 7.6618 -0.246971 -1.43895 -0.246971 1.78465 -0.246971 -0.3353 -0.246971 4.63475 -0.246971 -0.8261 
-0.166771 7.1949 -0.166771 -0.6127 -0.166771 1.7456 -0.166771 -0.1422 -0.166771 4.33375 -0.166771 -0.3524 
-0.0866706 6.4021 -0.0866706 -0.2016 -0.0866706 1.60425 -0.0866706 -0.0461 -0.0866706 3.8389 -0.0866706 -0.1161 
-0.00647058 5.09175 -0.00647058 -0.0504 -0.00647058 1.3069 -0.00647058 -0.01145 -0.00647058 3.0408 -0.00647058 -0.02885 
0.0737294 3.4432 0.0737294 -0.0095 0.0737294 0.89935 0.0737294 -0.00175 0.0737294 2.04945 0.0737294 -0.00535 
0.153829 1.9058 0.153829 -0.00135 0.153829 0.50395 0.153829 -0.0002 0.153829 1.1321 0.153829 -0.00045 
0.234029 0.83915 0.234029 -0.00015 0.234029 0.2235 0.234029 -0.0 0.234029 0.49765 0.234029 -0.0 
0.314129 0.28775 0.314129 -0.0 0.314129 0.07665 0.314129 -0.0 0.314129 0.1707 0.314129 -0.0 
0.394329 0.07565 0.394329 -0.0 0.394329 0.0203 0.394329 -0.0 0.394329 0.04455 0.394329 -0.0 
0.474529 0.01505 0.474529 -0.0 0.474529 0.0038 0.474529 -0.0 0.474529 0.00875 0.474529 -0.0 
0.554629 0.00225 0.554629 -0.0 0.554629 0.00035 0.554629 -0.0 0.554629 0.001 0.554629 -0.0 
0.634829 0.00025 0.634829 -0.0 0.634829 0.0 0.634829 -0.0 0.634829 0.0 0.634829 -0.0 
0.714929 0.0 0.714929 -0.0 0.714929 0.0 0.714929 -0.0 0.714929 0.0 0.714929 -0.0 
0.795129 0.0 0.795129 -0.0 0.795129 0.0 0.795129 -0.0 0.795129 0.0 0.795129 -0.0 
0.875329 0.0 0.875329 -5e-05 0.875329 0.0 0.875329 -0.0 0.875329 0.0 0.875329 -0.0 
0.955429 0.0001 0.955429 -0.0004 0.955429 0.0 0.955429 -0.00015 0.955429 0.0 0.955429 -0.0 
1.03563 0.00075 1.03563 -0.0032 1.03563 0.0006 1.03563 -0.0024 1.03563 0.0 1.03563 -0.0 
1.11573 0.0055 1.11573 -0.0192 1.11573 0.0042 1.11573 -0.01535 1.11573 0.00025 1.11573 -0.00125 
1.19593 0.0296 1.19593 -0.08755 1.19593 0.0228 1.19593 -0.071 1.19593 0.0024 1.19593 -0.00595 
1.27613 0.12145 1.27613 -0.30745 1.27613 0.0944 1.27613 -0.2502 1.27613 0.01065 1.27613 -0.0204 
1.35623 0.38475 1.35623 -0.84185 1.35623 0.2992 1.35623 -0.688 1.35623 0.03525 1.35623 -0.0557 
1.43643 0.96255 1.43643 -1.82225 1.43643 0.7478 1.43643 -1.49615 1.43643 0.09045 1.43643 -0.1194 
1.51653 1.95975 1.51653 -3.16865 1.51653 1.52425 1.51653 -2.61415 1.51653 0.18995 1.51653 -0.2049 
1.59673 3.35795 1.59673 -4.5181 1.59673 2.61795 1.59673 -3.7459 1.59673 0.33485 1.59673 -0.28755 
1.67693 4.99395 1.67693 -5.4583 1.67693 3.9086 1.67693 -4.5484 1.67693 0.51015 1.67693 -0.34105 
1.75703 6.58935 1.75703 -5.93395 1.75703 5.1806 1.75703 -4.96715 1.75703 0.68755 1.75703 -0.3644 
1.83723 7.79035 1.83723 -6.39195 1.83723 6.14935 1.83723 -5.369 1.83723 0.8284 1.83723 -0.3881 
1.91733 8.23825 1.91733 -7.4208 1.91733 6.5183 1.91733 -6.24645 1.91733 0.89325 1.91733 -0.44825 
1.99753 7.75175 1.99753 -9.20345 1.99753 6.134 1.99753 -7.7583 1.99753 0.85915 1.99753 -0.5554 
2.07773 6.5686 2.07773 -11.3653 2.07773 5.18345 2.07773 -9.59105 2.07773 0.74675 2.07773 -0.69275 
2.15783 5.33115 2.15783 -13.3545 2.15783 4.18415 2.15783 -11.2713 2.15783 0.62225 2.15783 -0.8362 
2.23803 4.6683 2.23803 -14.8886 2.23803 3.644 2.23803 -12.54555 2.23803 0.55175 2.23803 -0.97415 
2.31813 4.77995 2.31813 -16.04875 2.31813 3.7278 2.31813 -13.47615 2.31813 0.5562 2.31813 -1.1066 
2.39833 5.44555 2.39833 -17.08455 2.39833 4.25775 2.39833 -14.2826 2.39833 0.6183 2.39833 -1.24225 
2.47853 6.2597 2.47853 -18.22475 2.47853 4.904 2.47853 -15.17075 2.47853 0.70475 2.47853 -1.3947 
2.55863 6.7538 2.55863 -19.65475 2.55863 5.29135 2.55863 -16.30505 2.55863 0.76835 2.55863 -1.58375 
2.63883 6.5819 2.63883 -21.5128 2.63883 5.16035 2.63883 -17.79415 2.63883 0.75285 2.63883 -1.83255 
2.71893 5.88555 2.71893 -23.6673 2.71893 4.64545 2.71893 -19.50355 2.71893 0.65185 2.71893 -2.14015 
2.79913 5.3234 2.79913 -25.5206 2.79913 4.28155 2.79913 -20.91745 2.79913 0.52955 2.79913 -2.4512 
2.87933 5.4927 2.87933 -26.28915 2.87933 4.5373 2.87933 -21.3984 2.87933 0.46155 2.87933 -2.6704 
2.95943 6.37785 2.95943 -25.56285 2.95943 5.3754 2.95943 -20.64455 2.95943 0.46795 2.95943 -2.7323 
3.03963 7.5211 3.03963 -23.60905 3.03963 6.39935 3.03963 -18.90515 3.03963 0.5193 3.03963 -2.65065 
3.11973 8.63545 3.11973 -21.22015 3.11973 7.3607 3.11973 -16.82285 3.11973 0.5924 3.11973 -2.51555 
3.19993 9.73865 3.19993 -19.2247 3.19993 8.2686 3.19993 -15.0453 3.19993 0.68815 3.19993 -2.43255 
3.28013 10.6737 3.28013 -18.03385 3.28013 8.98475 3.28013 -13.89725 3.28013 0.8008 3.28013 -2.45665 
3.36023 10.9573 3.36023 -17.56865 3.36023 9.09505 3.36023 -13.3428 3.36023 0.9032 3.36023 -2.5688 
3.44043 10.3516 3.44043 -17.46795 3.44043 8.40655 3.44043 -13.12795 3.44043 0.98155 3.44043 -2.7085 
3.52053 9.28575 3.52053 -17.25375 3.52053 7.30745 3.52053 -12.88045 3.52053 1.06065 3.52053 -2.80425 
3.60073 8.43895 3.60073 -16.45775 3.60073 6.40795 3.60073 -12.21685 3.60073 1.17285 3.60073 -2.7878 
3.68093 7.99195 3.68093 -14.9057 3.68093 5.90345 3.68093 -10.9848 3.68093 1.2918 3.68093 -2.63355 
3.76103 7.46355 3.76103 -12.88575 3.76103 5.4337 3.76103 -9.4024 3.76103 1.32165 3.76103 -2.38335 
3.84123 6.31435 3.84123 -10.8182 3.84123 4.56535 3.84123 -7.8004 3.84123 1.1769 3.84123 -2.09335 
3.92143 4.569 3.92143 -8.8256 3.92143 3.28505 3.92143 -6.2879 3.92143 0.87875 3.92143 -1.77095 
4.00153 2.75585 4.00153 -6.82895 4.00153 1.9594 4.00153 -4.8106 4.00153 0.53995 4.00153 -1.4021 
4.08173 1.3887 4.08173 -4.9432 4.08173 0.9518 4.08173 -3.43895 4.08173 0.2717 4.08173 -1.0304 
4.16183 0.62955 4.16183 -3.4904 4.16183 0.37175 4.16183 -2.3878 4.16183 0.11595 4.16183 -0.7388 
4.24203 0.33255 4.24203 -2.60555 4.24203 0.11715 4.24203 -1.74305 4.24203 0.04985 4.24203 -0.5623 
4.32223 0.2581 4.32223 -2.0566 4.32223 0.03255 4.32223 -1.33515 4.32223 0.0304 4.32223 -0.45005 
4.40233 0.2434 4.40233 -1.53925 4.40233 0.0114 4.40233 -0.95245 4.40233 0.02715 4.40233 -0.33535 
4.48253 0.24265 4.48253 -0.9917 4.48253 0.00745 4.48253 -0.56475 4.48253 0.0296 4.48253 -0.21055 
4.56263 0.2636 4.56263 -0.5399 4.56263 0.00745 4.56263 -0.2631 4.56263 0.035 4.56263 -0.10845 
4.64283 0.30115 4.64283 -0.2807 4.64283 0.0084 4.64283 -0.0969 4.64283 0.04195 4.64283 -0.05135 
4.72303 0.3368 4.72303 -0.20955 4.72303 0.00915 4.72303 -0.0335 4.72303 0.0487 4.72303 -0.0347 
4.80313 0.3676 4.80313 -0.26775 4.80313 0.0101 4.80313 -0.02075 4.80313 0.0553 4.80313 -0.04405 
4.88333 0.4036 4.88333 -0.374 4.88333 0.01075 4.88333 -0.024 4.88333 0.0635 4.88333 -0.0624 
4.96343 0.4388 4.96343 -0.4434 4.96343 0.0117 4.96343 -0.02765 4.96343 0.0722 4.96343 -0.0756 
5.04363 0.44655 5.04363 -0.4308 5.04363 0.0117 5.04363 -0.02685 5.04363 0.07695 5.04363 -0.07515 
5.12383 0.41345 5.12383 -0.35775 5.12383 0.0109 5.12383 -0.022 5.12383 0.07325 5.12383 -0.06415 
5.20393 0.36205 5.20393 -0.2869 5.20393 0.0094 5.20393 -0.0171 5.20393 0.06575 5.20393 -0.05365 
5.28413 0.33965 5.28413 -0.2749 5.28413 0.0089 5.28413 -0.0158 5.28413 0.06185 5.28413 -0.054 
5.36423 0.39455 5.36423 -0.3417 5.36423 0.0106 5.36423 -0.01925 5.36423 0.07115 5.36423 -0.0694 
5.44443 0.5395 5.44443 -0.46635 5.44443 0.0146 5.44443 -0.02615 5.44443 0.09745 5.44443 -0.09715 
5.52463 0.7258 5.52463 -0.5941 5.52463 0.0197 5.52463 -0.0339 5.52463 0.13405 5.52463 -0.1252 
5.60473 0.87265 5.60473 -0.6592 5.60473 0.0235 5.60473 -0.03805 5.60473 0.16425 5.60473 -0.1393 
5.68493 0.927 5.68493 -0.64465 5.68493 0.02555 5.68493 -0.0365 5.68493 0.17875 5.68493 -0.1342 
5.76503 0.89535 5.76503 -0.60975 5.76503 0.0243 5.76503 -0.03225 5.76503 0.17565 5.76503 -0.1232 
5.84523 0.8363 5.84523 -0.6243 5.84523 0.02315 5.84523 -0.03075 5.84523 0.16485 5.84523 -0.12535 
5.92543 0.82305 5.92543 -0.7024 5.92543 0.0231 5.92543 -0.0339 5.92543 0.16275 5.92543 -0.14555 
6.00553 0.89305 6.00553 -0.81965 6.00553 0.02595 6.00553 -0.0412 6.00553 0.17795 6.00553 -0.17845 
6.08573 1.0182 6.08573 -0.9479 6.08573 0.03135 6.08573 -0.04975 6.08573 0.20535 6.08573 -0.2133 
6.16583 1.13195 6.16583 -1.0546 6.16583 0.03685 6.16583 -0.05635 6.16583 0.22765 6.16583 -0.2386 
6.24603 1.19385 6.24603 -1.11535 6.24603 0.04015 6.24603 -0.0593 6.24603 0.23315 6.24603 -0.2494 
6.32623 1.2336 6.32623 -1.158 6.32623 0.04215 6.32623 -0.06105 6.32623 0.2274 6.32623 -0.254 
6.40633 1.34285 6.40633 -1.25035 6.40633 0.04615 6.40633 -0.0657 6.40633 0.22585 6.40633 -0.26845 
6.48653 1.61465 6.48653 -1.41615 6.48653 0.05695 6.48653 -0.0732 6.48653 0.24285 6.48653 -0.2929 
6.56663 2.06025 6.56663 -1.6276 6.56663 0.0771 6.56663 -0.08105 6.56663 0.2788 6.56663 -0.3125 
6.64683 2.5828 6.64683 -1.8879 6.64683 0.10225 6.64683 -0.08825 6.64683 0.3209 6.64683 -0.32435 
6.72703 3.05915 6.72703 -2.23025 6.72703 0.12495 6.72703 -0.09955 6.72703 0.35755 6.72703 -0.34 
6.80713 3.44995 6.80713 -2.6383 6.80713 0.13935 6.80713 -0.11865 6.80713 0.3927 6.80713 -0.3643 
6.88733 3.81875 6.88733 -3.06335 6.88733 0.1467 6.88733 -0.14635 6.88733 0.43435 6.88733 -0.38845 
6.96743 4.2616 6.96743 -3.51715 6.96743 0.1496 6.96743 -0.18045 6.96743 0.48475 6.96743 -0.41285 
7.04763 4.8334 7.04763 -4.0728 7.04763 0.15325 7.04763 -0.21535 7.04763 0.5402 7.04763 -0.45035 
7.12783 5.50135 7.12783 -4.7637 7.12783 0.16075 7.12783 -0.24465 7.12783 0.5988 7.12783 -0.5115 
7.20793 6.1176 7.20793 -5.5259 7.20793 0.1679 7.20793 -0.2641 7.20793 0.65785 7.20793 -0.5885 
7.28813 6.4682 7.28813 -6.23735 7.28813 0.171 7.28813 -0.2737 7.28813 0.70345 7.28813 -0.66085 
7.36823 6.4123 7.36823 -6.75705 7.36823 0.167 7.36823 -0.27915 7.36823 0.7209 7.36823 -0.71155 
7.44843 5.9831 7.44843 -6.94765 7.44843 0.1573 7.44843 -0.2836 7.44843 0.70565 7.44843 -0.7351 
7.52863 5.3519 7.52863 -6.75455 7.52863 0.1446 7.52863 -0.2862 7.52863 0.6654 7.52863 -0.73645 
7.60873 4.6983 7.60873 -6.286 7.60873 0.1313 7.60873 -0.2885 7.60873 0.6131 7.60873 -0.7297 
7.68893 4.1162 7.68893 -5.75195 7.68893 0.1189 7.68893 -0.28985 7.68893 0.5584 7.68893 -0.72465 
7.76903 3.65655 7.76903 -5.27595 7.76903 0.11045 7.76903 -0.285 7.76903 0.5142 7.76903 -0.71285 
7.84923 3.39595 7.84923 -4.7966 7.84923 0.11 7.84923 -0.2654 7.84923 0.4973 7.84923 -0.6732 
7.92943 3.34115 7.92943 -4.19695 7.92943 0.11585 7.92943 -0.22705 7.92943 0.50695 7.92943 -0.596 
8.00953 3.32055 8.00953 -3.49505 8.00953 0.1198 8.00953 -0.1796 8.00953 0.5159 8.00953 -0.4997 
8.08973 3.1416 8.08973 -2.8508 8.08973 0.1152 8.08973 -0.13735 8.08973 0.49575 8.08973 -0.4177 
8.16983 2.815 8.16983 -2.40515 8.16983 0.10415 8.16983 -0.10865 8.16983 0.45045 8.16983 -0.36975 
8.25003 2.504 8.25003 -2.17115 8.25003 0.09535 8.25003 -0.0951 8.25003 0.40665 8.25003 -0.35285 
8.33023 2.34575 8.33023 -2.0886 8.33023 0.09495 8.33023 -0.0939 8.33023 0.38505 8.33023 -0.3546 
8.41033 2.39325 8.41033 -2.118 8.41033 0.10385 8.41033 -0.10115 8.41033 0.39275 8.41033 -0.36805 
8.49053 2.59735 8.49053 -2.2334 8.49053 0.1198 8.49053 -0.1136 8.49053 0.4233 8.49053 -0.3926 
8.57063 2.7984 8.57063 -2.3753 8.57063 0.1336 8.57063 -0.1274 8.57063 0.4544 8.57063 -0.41945 
8.65083 2.83895 8.65083 -2.47945 8.65083 0.13885 8.65083 -0.13815 8.65083 0.45975 8.65083 -0.4389 
8.73103 2.70515 8.73103 -2.52655 8.73103 0.13395 8.73103 -0.14345 8.73103 0.43755 8.73103 -0.44855 
8.81113 2.50985 8.81113 -2.52405 8.81113 0.12495 8.81113 -0.14445 8.81113 0.4038 8.81113 -0.44915 
8.89133 2.3614 8.89133 -2.47105 8.89133 0.1186 8.89133 -0.14055 8.89133 0.37605 8.89133 -0.4394 
8.97153 2.2824 8.97153 -2.35395 8.97153 0.1153 8.97153 -0.132 8.97153 0.3622 8.97153 -0.4156 
9.05163 2.21995 9.05163 -2.1639 9.05163 0.11365 9.05163 -0.1186 9.05163 0.35355 9.05163 -0.37545 
9.13183 2.10165 9.13183 -1.9408 9.13183 0.10915 9.13183 -0.10295 9.13183 0.3384 9.13183 -0.3285 
9.21193 1.9056 9.21193 -1.7726 9.21193 0.10005 9.21193 -0.09105 9.21193 0.31155 9.21193 -0.293 
9.29213 1.69255 9.29213 -1.6909 9.29213 0.08915 9.29213 -0.0849 9.29213 0.2812 9.29213 -0.27665 
9.37233 1.5445 9.37233 -1.61575 9.37233 0.0819 9.37233 -0.0805 9.37233 0.2594 9.37233 -0.26575 
9.45243 1.4682 9.45243 -1.45675 9.45243 0.07855 9.45243 -0.07205 9.45243 0.24805 9.45243 -0.24245 
9.53263 1.394 9.53263 -1.2297 9.53263 0.0756 9.53263 -0.0602 9.53263 0.2367 9.53263 -0.20645 
9.61273 1.2588 9.61273 -1.0443 9.61273 0.06975 9.61273 -0.05115 9.61273 0.21485 9.61273 -0.1769 
9.69293 1.05245 9.69293 -0.9781 9.69293 0.06005 9.69293 -0.04745 9.69293 0.1804 9.69293 -0.1665 
9.77313 0.8062 9.77313 -0.9811 9.77313 0.04675 9.77313 -0.0476 9.77313 0.13945 9.77313 -0.1675 
9.85323 0.56535 9.85323 -0.93715 9.85323 0.0328 9.85323 -0.0455 9.85323 0.09945 9.85323 -0.15945 
9.93343 0.36185 9.93343 -0.8078 9.93343 0.02155 9.93343 -0.03935 9.93343 0.0652 9.93343 -0.1374 
10.0135 0.2059 10.0135 -0.66565 10.0135 0.0121 10.0135 -0.0332 10.0135 0.0378 10.0135 -0.11285 
10.0937 0.09895 10.0937 -0.5804 10.0937 0.0057 10.0937 -0.02965 10.0937 0.0185 10.0937 -0.09905 
10.1739 0.03805 10.1739 -0.5259 10.1739 0.00145 10.1739 -0.02755 10.1739 0.00725 10.1739 -0.09065 
10.254 0.01125 10.254 -0.43135 10.254 0.00025 10.254 -0.02275 10.254 0.00155 10.254 -0.0753 
10.3342 0.0025 10.3342 -0.28605 10.3342 0.0 10.3342 -0.01515 10.3342 0.0 10.3342 -0.05005 
10.4143 0.0004 10.4143 -0.1454 10.4143 0.0 10.4143 -0.00775 10.4143 0.0 10.4143 -0.0255 
10.4945 5e-05 10.4945 -0.05545 10.4945 0.0 10.4945 -0.0022 10.4945 0.0 10.4945 -0.00985 
10.5747 0.0 10.5747 -0.0157 10.5747 0.0 10.5747 -0.00045 10.5747 0.0 10.5747 -0.00265 
10.6548 0.0 10.6548 -0.0033 10.6548 0.0 10.6548 -0.0 10.6548 0.0 10.6548 -0.0 
10.735 0.0 10.735 -0.0005 10.735 0.0 10.735 -0.0 10.735 0.0 10.735 -0.0 
10.8151 0.0 10.8151 -5e-05 10.8151 0.0 10.8151 -0.0 10.8151 0.0 10.8151 -0.0 
10.8953 0.0 10.8953 -0.0 10.8953 0.0 10.8953 -0.0 10.8953 0.0 10.8953 -0.0 
10.9755 0.0 10.9755 -0.0 10.9755 0.0 10.9755 -0.0 10.9755 0.0 10.9755 -0.0 
11.0556 0.0 11.0556 -0.0 11.0556 0.0 11.0556 -0.0 11.0556 0.0 11.0556 -0.0 
11.1358 0.0 11.1358 -0.0 11.1358 0.0 11.1358 -0.0 11.1358 0.0 11.1358 -0.0 
11.2159 0.0 11.2159 -0.0 11.2159 0.0 11.2159 -0.0 11.2159 0.0 11.2159 -0.0 
11.2961 0.0 11.2961 -0.0 11.2961 0.0 11.2961 -0.0 11.2961 0.0 11.2961 -0.0 
11.3763 0.0 11.3763 -0.0 11.3763 0.0 11.3763 -0.0 11.3763 0.0 11.3763 -0.0 
11.4564 0.0 11.4564 -0.0 11.4564 0.0 11.4564 -0.0 11.4564 0.0 11.4564 -0.0 
11.5366 0.0 11.5366 -0.0 11.5366 0.0 11.5366 -0.0 11.5366 0.0 11.5366 -0.0 
11.6167 0.0 11.6167 -0.0 11.6167 0.0 11.6167 -0.0 11.6167 0.0 11.6167 -0.0 
11.6969 0.0 11.6969 -0.0 11.6969 0.0 11.6969 -0.0 11.6969 0.0 11.6969 -0.0 
11.7771 0.0 11.7771 -0.0 11.7771 0.0 11.7771 -0.0 11.7771 0.0 11.7771 -0.0 
11.8572 0.0 11.8572 -0.0 11.8572 0.0 11.8572 -0.0 11.8572 0.0 11.8572 -0.0 
11.9374 0.0 11.9374 -0.0 11.9374 0.0 11.9374 -0.0 11.9374 0.0 11.9374 -0.0 
12.0175 0.0 12.0175 -0.0 12.0175 0.0 12.0175 -0.0 12.0175 0.0 12.0175 -0.0 
12.0977 0.0 12.0977 -0.0 12.0977 0.0 12.0977 -0.0 12.0977 0.0 12.0977 -0.0 
12.1779 0.0 12.1779 -0.0 12.1779 0.0 12.1779 -0.0 12.1779 0.0 12.1779 -0.0 
12.258 0.0 12.258 -0.0 12.258 0.0 12.258 -0.0 12.258 0.0 12.258 -0.0 
12.3382 0.0 12.3382 -0.0 12.3382 0.0 12.3382 -0.0 12.3382 0.0 12.3382 -0.0 
12.4183 0.0 12.4183 -0.0 12.4183 0.0 12.4183 -0.0 12.4183 0.0 12.4183 -0.0 
12.4985 0.0 12.4985 -0.0 12.4985 0.0 12.4985 -0.0 12.4985 0.0 12.4985 -0.0 
12.5787 0.0 12.5787 -0.0 12.5787 0.0 12.5787 -0.0 12.5787 0.0 12.5787 -0.0 
12.6588 0.0 12.6588 -0.0 12.6588 0.0 12.6588 -0.0 12.6588 0.0 12.6588 -0.0 
12.739 0.0 12.739 -0.0 12.739 0.0 12.739 -0.0 12.739 0.0 12.739 -0.0 
12.8191 0.0 12.8191 -0.0 12.8191 0.0 12.8191 -0.0 12.8191 0.0 12.8191 -0.0 
12.8993 0.0 12.8993 -0.0 12.8993 0.0 12.8993 -0.0 12.8993 0.0 12.8993 -0.0 
12.9795 0.0 12.9795 -0.0 12.9795 0.0 12.9795 -0.0 12.9795 0.0 12.9795 -0.0 
13.0596 0.0 13.0596 -0.0 13.0596 0.0 13.0596 -0.0 13.0596 0.0 13.0596 -0.0 
13.1398 0.0 13.1398 -0.0 13.1398 0.0 13.1398 -0.0 13.1398 0.0 13.1398 -0.0 
13.2199 0.0 13.2199 -0.0 13.2199 0.0 13.2199 -0.0 13.2199 0.0 13.2199 -0.0 
13.3001 0.0 13.3001 -0.0 13.3001 0.0 13.3001 -0.0 13.3001 0.0 13.3001 -0.0 
13.3803 0.0 13.3803 -0.0 13.3803 0.0 13.3803 -0.0 13.3803 0.0 13.3803 -0.0 
13.4604 0.0 13.4604 -0.0 13.4604 0.0 13.4604 -0.0 13.4604 0.0 13.4604 -0.0 
13.5406 0.0 13.5406 -0.0 13.5406 0.0 13.5406 -0.0 13.5406 0.0 13.5406 -0.0 
13.6207 0.0 13.6207 -0.0 13.6207 0.0 13.6207 -0.0 13.6207 0.0 13.6207 -0.0 
13.7009 0.0 13.7009 -0.0 13.7009 0.0 13.7009 -0.0 13.7009 0.0 13.7009 -0.0 
13.7811 0.0 13.7811 -0.0 13.7811 0.0 13.7811 -0.0 13.7811 0.0 13.7811 -0.0 
13.8612 0.0 13.8612 -0.0 13.8612 0.0 13.8612 -0.0 13.8612 0.0 13.8612 -0.0 
13.9414 0.0 13.9414 -0.0 13.9414 0.0 13.9414 -0.0 13.9414 0.0 13.9414 -0.0 
14.0216 0.0 14.0216 -0.0 14.0216 0.0 14.0216 -0.0 14.0216 0.0 14.0216 -0.0 
14.1017 0.0 14.1017 -0.0 14.1017 0.0 14.1017 -0.0 14.1017 0.0 14.1017 -0.0 
14.1819 0.0 14.1819 -0.0 14.1819 0.0 14.1819 -0.0 14.1819 0.0 14.1819 -0.0 
14.262 0.0 14.262 -0.0 14.262 0.0 14.262 -0.0 14.262 0.0 14.262 -0.0 
14.3422 0.0 14.3422 -0.0 14.3422 0.0 14.3422 -0.0 14.3422 0.0 14.3422 -0.0 
14.4224 0.0 14.4224 -0.0 14.4224 0.0 14.4224 -0.0 14.4224 0.0 14.4224 -0.0 
14.5025 0.0 14.5025 -0.0 14.5025 0.0 14.5025 -0.0 14.5025 0.0 14.5025 -0.0 
14.5827 0.0 14.5827 -0.0 14.5827 0.0 14.5827 -0.0 14.5827 0.0 14.5827 -0.0 
14.6628 0.0 14.6628 -0.0 14.6628 0.0 14.6628 -0.0 14.6628 0.0 14.6628 -0.0 
14.743 0.0 14.743 -0.0 14.743 0.0 14.743 -0.0 14.743 0.0 14.743 -0.0 
14.8232 0.0 14.8232 -0.0 14.8232 0.0 14.8232 -0.0 14.8232 0.0 14.8232 -0.0 
14.9033 0.0 14.9033 -0.0 14.9033 0.0 14.9033 -0.0 14.9033 0.0 14.9033 -0.0 
14.9835 0.0 14.9835 -0.0 14.9835 0.0 14.9835 -0.0 14.9835 0.0 14.9835 -0.0 
15.0636 0.0 15.0636 -0.0 15.0636 0.0 15.0636 -0.0 15.0636 0.0 15.0636 -0.0 
15.1438 0.0 15.1438 -0.0 15.1438 0.0 15.1438 -0.0 15.1438 0.0 15.1438 -0.0 
15.224 0.0 15.224 -0.0 15.224 0.0 15.224 -0.0 15.224 0.0 15.224 -0.0 
15.3041 0.0 15.3041 -0.0 15.3041 0.0 15.3041 -0.0 15.3041 0.0 15.3041 -0.0 
15.3843 0.0 15.3843 -0.0 15.3843 0.0 15.3843 -0.0 15.3843 0.0 15.3843 -0.0 
15.4644 0.0 15.4644 -0.0 15.4644 0.0 15.4644 -0.0 15.4644 0.0 15.4644 -0.0 
15.5446 0.0 15.5446 -0.0 15.5446 0.0 15.5446 -0.0 15.5446 0.0 15.5446 -0.0 
15.6248 0.0 15.6248 -0.0 15.6248 0.0 15.6248 -0.0 15.6248 0.0 15.6248 -0.0 
15.7049 0.0 15.7049 -0.0 15.7049 0.0 15.7049 -0.0 15.7049 0.0 15.7049 -0.0 
15.7851 0.0 15.7851 -0.0 15.7851 0.0 15.7851 -0.0 15.7851 0.0 15.7851 -0.0 
15.8652 0.0 15.8652 -0.0 15.8652 0.0 15.8652 -0.0 15.8652 0.0 15.8652 -0.0 
15.9454 0.0 15.9454 -0.0 15.9454 0.0 15.9454 -0.0 15.9454 0.0 15.9454 -0.0 
16.0256 0.0 16.0256 -0.0 16.0256 0.0 16.0256 -0.0 16.0256 0.0 16.0256 -0.0 
16.1057 0.0 16.1057 -0.0 16.1057 0.0 16.1057 -0.0 16.1057 0.0 16.1057 -0.0 
16.1859 0.0 16.1859 -0.0 16.1859 0.0 16.1859 -0.0 16.1859 0.0 16.1859 -0.0 
16.266 0.0 16.266 -0.0 16.266 0.0 16.266 -0.0 16.266 0.0 16.266 -0.0 
16.3462 0.0 16.3462 -0.0 16.3462 0.0 16.3462 -0.0 16.3462 0.0 16.3462 -0.0 
-23.6538 12.475 -23.6538 -12.475 -23.6538 0.0 -23.6538 -0.0 -23.6538 0.00035 -23.6538 -0.00035 
-23.5736 0.0 -23.5736 -0.0 -23.5736 0.0 -23.5736 -0.0 -23.5736 0.0 -23.5736 -0.0 
-23.4935 0.0 -23.4935 -0.0 -23.4935 0.0 -23.4935 -0.0 -23.4935 0.0 -23.4935 -0.0 
-23.4133 0.0 -23.4133 -0.0 -23.4133 0.0 -23.4133 -0.0 -23.4133 0.0 -23.4133 -0.0 
-23.3332 0.0 -23.3332 -0.0 -23.3332 0.0 -23.3332 -0.0 -23.3332 0.0 -23.3332 -0.0 
-23.253 0.0 -23.253 -0.0 -23.253 0.0 -23.253 -0.0 -23.253 0.0 -23.253 -0.0 
-23.1728 0.0 -23.1728 -0.0 -23.1728 0.0 -23.1728 -0.0 -23.1728 0.0 -23.1728 -0.0 
-23.0927 0.0 -23.0927 -0.0 -23.0927 0.0 -23.0927 -0.0 -23.0927 0.0 -23.0927 -0.0 
-23.0125 0.0 -23.0125 -0.0 -23.0125 0.0 -23.0125 -0.0 -23.0125 0.0 -23.0125 -0.0 
-22.9324 0.0 -22.9324 -0.0 -22.9324 0.0 -22.9324 -0.0 -22.9324 0.0 -22.9324 -0.0 
-22.8522 0.0 -22.8522 -0.0 -22.8522 0.0 -22.8522 -0.0 -22.8522 0.0 -22.8522 -0.0 
-22.772 0.0 -22.772 -0.0 -22.772 0.0 -22.772 -0.0 -22.772 0.0 -22.772 -0.0 
-22.6919 0.0 -22.6919 -0.0 -22.6919 0.0 -22.6919 -0.0 -22.6919 0.0 -22.6919 -0.0 
-22.6117 0.0 -22.6117 -0.0 -22.6117 0.0 -22.6117 -0.0 -22.6117 0.0 -22.6117 -0.0 
-22.5316 0.0 -22.5316 -0.0 -22.5316 0.0 -22.5316 -0.0 -22.5316 0.0 -22.5316 -0.0 
-22.4514 0.0 -22.4514 -0.0 -22.4514 0.0 -22.4514 -0.0 -22.4514 0.0 -22.4514 -0.0 
-22.3712 0.0 -22.3712 -0.0 -22.3712 0.0 -22.3712 -0.0 -22.3712 0.0 -22.3712 -0.0 
-22.2911 0.0 -22.2911 -0.0 -22.2911 0.0 -22.2911 -0.0 -22.2911 0.0 -22.2911 -0.0 
-22.2109 0.0 -22.2109 -0.0 -22.2109 0.0 -22.2109 -0.0 -22.2109 0.0 -22.2109 -0.0 
-22.1308 0.0 -22.1308 -0.0 -22.1308 0.0 -22.1308 -0.0 -22.1308 0.0 -22.1308 -0.0 
-22.0506 0.0 -22.0506 -0.0 -22.0506 0.0 -22.0506 -0.0 -22.0506 0.0 -22.0506 -0.0 
-21.9704 0.0 -21.9704 -0.0 -21.9704 0.0 -21.9704 -0.0 -21.9704 0.0 -21.9704 -0.0 
-21.8903 0.0 -21.8903 -0.0 -21.8903 0.0 -21.8903 -0.0 -21.8903 0.0 -21.8903 -0.0 
-21.8101 0.0 -21.8101 -0.0 -21.8101 0.0 -21.8101 -0.0 -21.8101 0.0 -21.8101 -0.0 
-21.73 0.0 -21.73 -0.0 -21.73 0.0 -21.73 -0.0 -21.73 0.0 -21.73 -0.0 
-21.6498 0.0 -21.6498 -0.0 -21.6498 0.0 -21.6498 -0.0 -21.6498 0.0 -21.6498 -0.0 
-21.5696 0.0 -21.5696 -0.0 -21.5696 0.0 -21.5696 -0.0 -21.5696 0.0 -21.5696 -0.0 
-21.4895 0.0 -21.4895 -0.0 -21.4895 0.0 -21.4895 -0.0 -21.4895 0.0 -21.4895 -0.0 
-21.4093 0.0 -21.4093 -0.0 -21.4093 0.0 -21.4093 -0.0 -21.4093 0.0 -21.4093 -0.0 
-21.3292 0.0 -21.3292 -0.0 -21.3292 0.0 -21.3292 -0.0 -21.3292 0.0 -21.3292 -0.0 
-21.249 0.0 -21.249 -0.0 -21.249 0.0 -21.249 -0.0 -21.249 0.0 -21.249 -0.0 
-21.1688 0.0 -21.1688 -0.0 -21.1688 0.0 -21.1688 -0.0 -21.1688 0.0 -21.1688 -0.0 
-21.0887 0.0 -21.0887 -0.0 -21.0887 0.0 -21.0887 -0.0 -21.0887 0.0 -21.0887 -0.0 
-21.0085 0.0 -21.0085 -0.0 -21.0085 0.0 -21.0085 -0.0 -21.0085 0.0 -21.0085 -0.0 
-20.9283 0.0 -20.9283 -0.0 -20.9283 0.0 -20.9283 -0.0 -20.9283 0.0 -20.9283 -0.0 
-20.8482 0.0 -20.8482 -0.0 -20.8482 0.0 -20.8482 -0.0 -20.8482 0.0 -20.8482 -0.0 
-20.768 0.0 -20.768 -0.0 -20.768 0.0 -20.768 -0.0 -20.768 0.0 -20.768 -0.0 
-20.6879 0.0 -20.6879 -0.0 -20.6879 0.0 -20.6879 -0.0 -20.6879 0.0 -20.6879 -0.0 
-20.6077 0.0 -20.6077 -0.0 -20.6077 0.0 -20.6077 -0.0 -20.6077 0.0 -20.6077 -0.0 
-20.5275 0.0 -20.5275 -0.0 -20.5275 0.0 -20.5275 -0.0 -20.5275 0.0 -20.5275 -0.0 
-20.4474 0.0 -20.4474 -0.0 -20.4474 0.0 -20.4474 -0.0 -20.4474 0.0 -20.4474 -0.0 
-20.3672 0.0 -20.3672 -0.0 -20.3672 0.0 -20.3672 -0.0 -20.3672 0.0 -20.3672 -0.0 
-20.2871 0.0 -20.2871 -0.0 -20.2871 0.0 -20.2871 -0.0 -20.2871 0.0 -20.2871 -0.0 
-20.2069 0.00015 -20.2069 -0.0 -20.2069 0.0 -20.2069 -0.0 -20.2069 0.0 -20.2069 -0.0 
-20.1267 0.0012 -20.1267 -0.0 -20.1267 0.0 -20.1267 -0.0 -20.1267 0.0 -20.1267 -0.0 
-20.0466 0.00645 -20.0466 -5e-05 -20.0466 0.0 -20.0466 -0.0 -20.0466 0.0 -20.0466 -0.0 
-19.9664 0.0262 -19.9664 -0.0006 -19.9664 5e-05 -19.9664 -0.0 -19.9664 0.0 -19.9664 -0.0 
-19.8863 0.0811 -19.8863 -0.00355 -19.8863 0.0003 -19.8863 -0.0 -19.8863 5e-05 -19.8863 -0.0 
-19.8061 0.195 -19.8061 -0.01635 -19.8061 0.00115 -19.8061 -0.0 -19.8061 0.00045 -19.8061 -0.0 
-19.7259 0.3736 -19.7259 -0.0571 -19.7259 0.00255 -19.7259 -0.0001 -19.7259 0.0007 -19.7259 -0.0 
-19.6458 0.59245 -19.6458 -0.1538 -19.6458 0.0044 -19.6458 -0.0006 -19.6458 0.00145 -19.6458 -5e-05 
-19.5656 0.81605 -19.5656 -0.3273 -19.5656 0.0067 -19.5656 -0.0017 -19.5656 0.0021 -19.5656 -0.0005 
-19.4855 1.0233 -19.4855 -0.5682 -19.4855 0.00985 -19.4855 -0.00415 -19.4855 0.0027 -19.4855 -0.00075 
-19.4053 1.20215 -19.4053 -0.83605 -19.4053 0.0131 -19.4053 -0.00775 -19.4053 0.00355 -19.4053 -0.0015 
-19.3251 1.3416 -19.3251 -1.0812 -19.3251 0.0169 -19.3251 -0.01275 -19.3251 0.00395 -19.3251 -0.0021 
-19.245 1.458 -19.245 -1.26115 -19.245 0.0216 -19.245 -0.01815 -19.245 0.004 -19.245 -0.00235 
-19.1648 1.60965 -19.1648 -1.35985 -19.1648 0.02775 -19.1648 -0.0227 -19.1648 0.00435 -19.1648 -0.0028 
-19.0847 1.8595 -19.0847 -1.4179 -19.0847 0.03695 -19.0847 -0.0264 -19.0847 0.00465 -19.0847 -0.00275 
-19.0045 2.2472 -19.0045 -1.51955 -19.0045 0.05125 -19.0045 -0.0307 -19.0045 0.0053 -19.0045 -0.0027 
-18.9243 2.8128 -18.9243 -1.7235 -18.9243 0.07615 -18.9243 -0.03605 -18.9243 0.00595 -18.9243 -0.00295 
-18.8442 3.6028 -18.8442 -2.03135 -18.8442 0.11955 -18.8442 -0.04385 -18.8442 0.00695 -18.8442 -0.0036 
-18.764 4.6209 -18.764 -2.4448 -18.764 0.1843 -18.764 -0.05635 -18.764 0.00725 -18.764 -0.00395 
-18.6839 5.7634 -18.6839 -3.01405 -18.6839 0.26175 -18.6839 -0.07795 -18.6839 0.00815 -18.6839 -0.0044 
-18.6037 6.80395 -18.6037 -3.78935 -18.6037 0.33155 -18.6037 -0.1115 -18.6037 0.00905 -18.6037 -0.00495 
-18.5235 7.48555 -18.5235 -4.7437 -18.5235 0.3715 -18.5235 -0.15445 -18.5235 0.0096 -18.5235 -0.00535 
-18.4434 7.65645 -18.4434 -5.7683 -18.4434 0.37295 -18.4434 -0.20115 -18.4434 0.01075 -18.4434 -0.006 
-18.3632 7.35245 -18.3632 -6.6692 -18.3632 0.34085 -18.3632 -0.24195 -18.3632 0.0106 -18.3632 -0.00615 
-18.2831 6.83665 -18.2831 -7.0923 -18.2831 0.2962 -18.2831 -0.2619 -18.2831 0.0106 -18.2831 -0.00625 
-18.2029 6.53395 -18.2029 -6.66325 -18.2029 0.26465 -18.2029 -0.24475 -18.2029 0.0111 -18.2029 -0.0056 
-18.1227 6.753 -18.1227 -5.4792 -18.1227 0.26605 -18.1227 -0.1906 -18.1227 0.0135 -18.1227 -0.00505 
-18.0426 7.4315 -18.0426 -4.2841 -18.0426 0.30155 -18.0426 -0.12785 -18.0426 0.01545 -18.0426 -0.00385 
-17.9624 8.31675 -17.9624 -3.8468 -17.9624 0.3608 -17.9624 -0.08805 -17.9624 0.0178 -17.9624 -0.00425 
-17.8823 9.39725 -17.8823 -4.29445 -17.8823 0.44665 -17.8823 -0.0826 -17.8823 0.0196 -17.8823 -0.0054 
-17.8021 10.82045 -17.8021 -5.23315 -17.8021 0.56445 -17.8021 -0.10495 -17.8021 0.0214 -17.8021 -0.00725 
-17.7219 12.29605 -17.7219 -6.3029 -17.7219 0.6872 -17.7219 -0.1453 -17.7219 0.0232 -17.7219 -0.00905 
-17.6418 13.0483 -17.6418 -7.4079 -17.6418 0.7543 -17.6418 -0.19865 -17.6418 0.02395 -17.6418 -0.01095 
-17.5616 12.5944 -17.5616 -8.566 -17.5616 0.7266 -17.5616 -0.2633 -17.5616 0.0233 -17.5616 -0.0123 
-17.4815 11.2556 -17.4815 -9.7372 -17.4815 0.62385 -17.4815 -0.3307 -17.4815 0.0208 -17.4815 -0.01365 
-17.4013 9.77795 -17.4013 -10.76605 -17.4013 0.503 -17.4013 -0.39015 -17.4013 0.0182 -17.4013 -0.01465 
-17.3211 8.6796 -17.3211 -11.40925 -17.3211 0.40805 -17.3211 -0.4288 -17.3211 0.01545 -17.3211 -0.01545 
-17.241 8.0255 -17.241 -11.4804 -17.241 0.3519 -17.241 -0.43975 -17.241 0.0135 -17.241 -0.01635 
-17.1608 7.59515 -17.1608 -11.1057 -17.1608 0.3264 -17.1608 -0.4305 -17.1608 0.01235 -17.1608 -0.01555 
-17.0807 7.11815 -17.0807 -10.8143 -17.0807 0.3143 -17.0807 -0.4239 -17.0807 0.0116 -17.0807 -0.0142 
-17.0005 6.50335 -17.0005 -11.13515 -17.0005 0.30565 -17.0005 -0.4418 -17.0005 0.01085 -17.0005 -0.0134 
-16.9203 5.8906 -16.9203 -11.98135 -16.9203 0.29825 -16.9203 -0.482 -16.9203 0.0096 -16.9203 -0.01365 
-16.8402 5.35955 -16.8402 -12.57035 -16.8402 0.28745 -16.8402 -0.51495 -16.8402 0.00875 -16.8402 -0.01465 
-16.76 4.73785 -16.76 -12.0646 -16.76 0.26135 -16.76 -0.5035 -16.76 0.0076 -16.76 -0.01515 
-16.6799 3.83005 -16.6799 -10.2332 -16.6799 0.21275 -16.6799 -0.43645 -16.6799 0.00605 -16.6799 -0.0145 
-16.5997 2.6803 -16.5997 -7.5082 -16.5997 0.1483 -16.5997 -0.32715 -16.5997 0.00405 -16.5997 -0.0122 
-16.5195 1.5527 -16.5195 -4.6411 -16.5195 0.08555 -16.5195 -0.20625 -16.5195 0.00195 -16.5195 -0.00885 
-16.4394 0.71685 -16.4394 -2.33625 -16.4394 0.0392 -16.4394 -0.10545 -16.4394 0.00085 -16.4394 -0.00455 
-16.3592 0.256 -16.3592 -0.9262 -16.3592 0.0138 -16.3592 -0.04195 -16.3592 0.0002 -16.3592 -0.00175 
-16.2791 0.0692 -16.2791 -0.28165 -16.2791 0.00365 -16.2791 -0.01285 -16.2791 0.0 -16.2791 -0.00055 
-16.1989 0.014 -16.1989 -0.0645 -16.1989 0.00065 -16.1989 -0.00255 -16.1989 0.0 -16.1989 -0.0001 
-16.1187 0.0021 -16.1187 -0.011 -16.1187 0.0001 -16.1187 -0.00035 -16.1187 0.0 -16.1187 -0.0 
-16.0386 0.00025 -16.0386 -0.0014 -16.0386 0.0 -16.0386 -0.0 -16.0386 0.0 -16.0386 -0.0 
-15.9584 0.0001 -15.9584 -0.0002 -15.9584 0.0 -15.9584 -0.0 -15.9584 0.0 -15.9584 -0.0 
-15.8782 0.00085 -15.8782 -0.0006 -15.8782 0.0 -15.8782 -0.0 -15.8782 0.0 -15.8782 -0.0 
-15.7981 0.00655 -15.7981 -0.00475 -15.7981 0.0 -15.7981 -0.0 -15.7981 0.0 -15.7981 -0.0 
-15.7179 0.0391 -15.7179 -0.02935 -15.7179 5e-05 -15.7179 -0.0 -15.7179 0.0 -15.7179 -0.0 
-15.6378 0.1779 -15.6378 -0.13895 -15.6378 0.00035 -15.6378 -0.0002 -15.6378 0.0002 -15.6378 -0.0001 
-15.5576 0.61975 -15.5576 -0.505 -15.5576 0.00225 -15.5576 -0.001 -15.5576 0.0011 -15.5576 -0.0008 
-15.4774 1.66235 -15.4774 -1.41695 -15.4774 0.00685 -15.4774 -0.004 -15.4774 0.0034 -15.4774 -0.0028 
-15.3973 3.4513 -15.3973 -3.08075 -15.3973 0.01395 -15.3973 -0.0088 -15.3973 0.0074 -15.3973 -0.006 
-15.3171 5.5797 -15.3171 -5.2133 -15.3171 0.0227 -15.3171 -0.0156 -15.3171 0.01185 -15.3171 -0.0101 
-15.237 7.07235 -15.237 -6.90425 -15.237 0.02835 -15.237 -0.02085 -15.237 0.01485 -15.237 -0.0134 
-15.1568 7.0736 -15.1568 -7.19985 -15.1568 0.0283 -15.1568 -0.0221 -15.1568 0.0146 -15.1568 -0.0136 
-15.0766 5.60365 -15.0766 -5.9403 -15.0766 0.022 -15.0766 -0.01835 -15.0766 0.01155 -15.0766 -0.01145 
-14.9965 3.5107 -14.9965 -3.87995 -14.9965 0.0137 -14.9965 -0.0124 -14.9965 0.00715 -14.9965 -0.0075 
-14.9163 1.7263 -14.9163 -1.99555 -14.9163 0.00595 -14.9163 -0.00605 -14.9163 0.0034 -14.9163 -0.0037 
-14.8362 0.65835 -14.8362 -0.7997 -14.8362 0.0024 -14.8362 -0.00225 -14.8362 0.0012 -14.8362 -0.00155 
-14.756 0.1921 -14.756 -0.24645 -14.756 0.00025 -14.756 -0.00045 -14.756 0.0003 -14.756 -0.0004 
-14.6758 0.0424 -14.6758 -0.05765 -14.6758 0.0 -14.6758 -5e-05 -14.6758 0.0 -14.6758 -0.0 
-14.5957 0.007 -14.5957 -0.01015 -14.5957 0.0 -14.5957 -0.0 -14.5957 0.0 -14.5957 -0.0 
-14.5155 0.00085 -14.5155 -0.00135 -14.5155 0.0 -14.5155 -0.0 -14.5155 0.0 -14.5155 -0.0 
-14.4354 0.0001 -14.4354 -0.00015 -14.4354 0.0 -14.4354 -0.0 -14.4354 0.0 -14.4354 -0.0 
-14.3552 0.0 -14.3552 -0.0 -14.3552 0.0 -14.3552 -0.0 -14.3552 0.0 -14.3552 -0.0 
-14.275 0.0 -14.275 -0.0 -14.275 0.0 -14.275 -0.0 -14.275 0.0 -14.275 -0.0 
-14.1949 0.0 -14.1949 -0.0 -14.1949 0.0 -14.1949 -0.0 -14.1949 0.0 -14.1949 -0.0 
-14.1147 0.0 -14.1147 -0.0 -14.1147 0.0 -14.1147 -0.0 -14.1147 0.0 -14.1147 -0.0 
-14.0346 0.0 -14.0346 -0.0 -14.0346 0.0 -14.0346 -0.0 -14.0346 0.0 -14.0346 -0.0 
-13.9544 0.0 -13.9544 -0.0 -13.9544 0.0 -13.9544 -0.0 -13.9544 0.0 -13.9544 -0.0 
-13.8742 0.0 -13.8742 -0.0 -13.8742 0.0 -13.8742 -0.0 -13.8742 0.0 -13.8742 -0.0 
-13.7941 0.0 -13.7941 -0.0 -13.7941 0.0 -13.7941 -0.0 -13.7941 0.0 -13.7941 -0.0 
-13.7139 0.0 -13.7139 -0.0 -13.7139 0.0 -13.7139 -0.0 -13.7139 0.0 -13.7139 -0.0 
-13.6338 0.0 -13.6338 -0.0 -13.6338 0.0 -13.6338 -0.0 -13.6338 0.0 -13.6338 -0.0 
-13.5536 0.0 -13.5536 -0.0 -13.5536 0.0 -13.5536 -0.0 -13.5536 0.0 -13.5536 -0.0 
-13.4734 0.0 -13.4734 -0.0 -13.4734 0.0 -13.4734 -0.0 -13.4734 0.0 -13.4734 -0.0 
-13.3933 0.0 -13.3933 -0.0 -13.3933 0.0 -13.3933 -0.0 -13.3933 0.0 -13.3933 -0.0 
-13.3131 0.0 -13.3131 -0.0 -13.3131 0.0 -13.3131 -0.0 -13.3131 0.0 -13.3131 -0.0 
-13.233 0.0 -13.233 -0.0 -13.233 0.0 -13.233 -0.0 -13.233 0.0 -13.233 -0.0 
-13.1528 0.0 -13.1528 -0.0 -13.1528 0.0 -13.1528 -0.0 -13.1528 0.0 -13.1528 -0.0 
-13.0726 0.0 -13.0726 -0.0 -13.0726 0.0 -13.0726 -0.0 -13.0726 0.0 -13.0726 -0.0 
-12.9925 0.0 -12.9925 -0.0 -12.9925 0.0 -12.9925 -0.0 -12.9925 0.0 -12.9925 -0.0 
-12.9123 0.0 -12.9123 -0.0 -12.9123 0.0 -12.9123 -0.0 -12.9123 0.0 -12.9123 -0.0 
-12.8322 0.0 -12.8322 -0.0 -12.8322 0.0 -12.8322 -0.0 -12.8322 0.0 -12.8322 -0.0 
-12.752 0.0 -12.752 -0.0 -12.752 0.0 -12.752 -0.0 -12.752 0.0 -12.752 -0.0 
-12.6718 0.0 -12.6718 -0.0 -12.6718 0.0 -12.6718 -0.0 -12.6718 0.0 -12.6718 -0.0 
-12.5917 0.0 -12.5917 -0.0 -12.5917 0.0 -12.5917 -0.0 -12.5917 0.0 -12.5917 -0.0 
-12.5115 0.0 -12.5115 -0.0 -12.5115 0.0 -12.5115 -0.0 -12.5115 0.0 -12.5115 -0.0 
-12.4314 0.0 -12.4314 -0.0 -12.4314 0.0 -12.4314 -0.0 -12.4314 0.0 -12.4314 -0.0 
-12.3512 0.0 -12.3512 -0.0 -12.3512 0.0 -12.3512 -0.0 -12.3512 0.0 -12.3512 -0.0 
-12.271 0.0 -12.271 -0.0 -12.271 0.0 -12.271 -0.0 -12.271 0.0 -12.271 -0.0 
-12.1909 0.0 -12.1909 -0.0 -12.1909 0.0 -12.1909 -0.0 -12.1909 0.0 -12.1909 -0.0 
-12.1107 0.0 -12.1107 -0.0 -12.1107 0.0 -12.1107 -0.0 -12.1107 0.0 -12.1107 -0.0 
-12.0306 0.0 -12.0306 -0.0 -12.0306 0.0 -12.0306 -0.0 -12.0306 0.0 -12.0306 -0.0 
-11.9504 0.0 -11.9504 -0.0 -11.9504 0.0 -11.9504 -0.0 -11.9504 0.0 -11.9504 -0.0 
-11.8702 0.0 -11.8702 -0.0 -11.8702 0.0 -11.8702 -0.0 -11.8702 0.0 -11.8702 -0.0 
-11.7901 0.0 -11.7901 -0.0 -11.7901 0.0 -11.7901 -0.0 -11.7901 0.0 -11.7901 -0.0 
-11.7099 0.0 -11.7099 -0.0 -11.7099 0.0 -11.7099 -0.0 -11.7099 0.0 -11.7099 -0.0 
-11.6298 0.0 -11.6298 -0.0 -11.6298 0.0 -11.6298 -0.0 -11.6298 0.0 -11.6298 -0.0 
-11.5496 0.0 -11.5496 -0.0 -11.5496 0.0 -11.5496 -0.0 -11.5496 0.0 -11.5496 -0.0 
-11.4694 0.0 -11.4694 -0.0 -11.4694 0.0 -11.4694 -0.0 -11.4694 0.0 -11.4694 -0.0 
-11.3893 0.0 -11.3893 -0.0 -11.3893 0.0 -11.3893 -0.0 -11.3893 0.0 -11.3893 -0.0 
-11.3091 0.0 -11.3091 -0.0 -11.3091 0.0 -11.3091 -0.0 -11.3091 0.0 -11.3091 -0.0 
-11.229 0.0 -11.229 -0.0 -11.229 0.0 -11.229 -0.0 -11.229 0.0 -11.229 -0.0 
-11.1488 0.0 -11.1488 -0.0 -11.1488 0.0 -11.1488 -0.0 -11.1488 0.0 -11.1488 -0.0 
-11.0686 0.0 -11.0686 -0.0 -11.0686 0.0 -11.0686 -0.0 -11.0686 0.0 -11.0686 -0.0 
-10.9885 0.0 -10.9885 -0.0 -10.9885 0.0 -10.9885 -0.0 -10.9885 0.0 -10.9885 -0.0 
-10.9083 0.0 -10.9083 -0.0 -10.9083 0.0 -10.9083 -0.0 -10.9083 0.0 -10.9083 -0.0 
-10.8281 0.0 -10.8281 -0.0 -10.8281 0.0 -10.8281 -0.0 -10.8281 0.0 -10.8281 -0.0 
-10.748 0.0 -10.748 -0.0 -10.748 0.0 -10.748 -0.0 -10.748 0.0 -10.748 -0.0 
-10.6678 0.0 -10.6678 -0.0 -10.6678 0.0 -10.6678 -0.0 -10.6678 0.0 -10.6678 -0.0 
-10.5877 0.0 -10.5877 -0.0 -10.5877 0.0 -10.5877 -0.0 -10.5877 0.0 -10.5877 -0.0 
-10.5075 0.0 -10.5075 -0.0 -10.5075 0.0 -10.5075 -0.0 -10.5075 0.0 -10.5075 -0.0 
-10.4273 0.0 -10.4273 -0.0 -10.4273 0.0 -10.4273 -0.0 -10.4273 0.0 -10.4273 -0.0 
-10.3472 0.0 -10.3472 -0.0 -10.3472 0.0 -10.3472 -0.0 -10.3472 0.0 -10.3472 -0.0 
-10.267 0.0 -10.267 -0.0 -10.267 0.0 -10.267 -0.0 -10.267 0.0 -10.267 -0.0 
-10.1869 0.0 -10.1869 -0.0 -10.1869 0.0 -10.1869 -0.0 -10.1869 0.0 -10.1869 -0.0 
-10.1067 0.0 -10.1067 -0.0 -10.1067 0.0 -10.1067 -0.0 -10.1067 0.0 -10.1067 -0.0 
-10.0265 0.0 -10.0265 -0.0 -10.0265 0.0 -10.0265 -0.0 -10.0265 0.0 -10.0265 -0.0 
-9.94637 0.0 -9.94637 -0.0 -9.94637 0.0 -9.94637 -0.0 -9.94637 0.0 -9.94637 -0.0 
-9.86617 0.0 -9.86617 -0.0 -9.86617 0.0 -9.86617 -0.0 -9.86617 0.0 -9.86617 -0.0 
-9.78607 5e-05 -9.78607 -0.0 -9.78607 0.0 -9.78607 -0.0 -9.78607 0.0 -9.78607 -0.0 
-9.70587 0.0004 -9.70587 -0.0 -9.70587 5e-05 -9.70587 -0.0 -9.70587 0.0 -9.70587 -0.0 
-9.62567 0.0026 -9.62567 -0.0 -9.62567 0.00155 -9.62567 -0.0 -9.62567 0.0003 -9.62567 -0.0 
-9.54557 0.012 -9.54557 -0.0 -9.54557 0.00715 -9.54557 -0.0 -9.54557 0.00215 -9.54557 -0.0 
-9.46537 0.04265 -9.46537 -0.0 -9.46537 0.02555 -9.46537 -0.0 -9.46537 0.0071 -9.46537 -0.0 
-9.38527 0.11785 -9.38527 -0.0 -9.38527 0.0714 -9.38527 -0.0 -9.38527 0.01975 -9.38527 -0.0 
-9.30507 0.261 -9.30507 -0.0001 -9.30507 0.15995 -9.30507 -0.0 -9.30507 0.04345 -9.30507 -0.0 
-9.22487 0.48525 -9.22487 -0.0008 -9.22487 0.30225 -9.22487 -0.0005 -9.22487 0.0802 -9.22487 -0.00015 
-9.14477 0.80765 -9.14477 -0.00545 -9.14477 0.51685 -9.14477 -0.0037 -9.14477 0.13095 -9.14477 -0.0009 
-9.06457 1.28975 -9.06457 -0.02775 -9.06457 0.8561 -9.06457 -0.019 -9.06457 0.20285 -9.06457 -0.0051 
-8.98447 2.0535 -8.98447 -0.1044 -8.98447 1.4172 -8.98447 -0.0717 -8.98447 0.313 -8.98447 -0.01945 
-8.90427 3.20185 -8.90427 -0.29385 -8.90427 2.2793 -8.90427 -0.20225 -8.90427 0.4736 -8.90427 -0.0546 
-8.82407 4.66605 -8.82407 -0.62665 -8.82407 3.38935 -8.82407 -0.43285 -8.82407 0.6756 -8.82407 -0.1159 
-8.74397 6.17955 -8.74397 -1.0426 -8.74397 4.5395 -8.74397 -0.72375 -8.74397 0.88235 -8.74397 -0.1908 
-8.66377 7.5164 -8.66377 -1.44415 -8.66377 5.55485 -8.66377 -1.01355 -8.66377 1.06195 -8.66377 -0.25765 
-8.58367 8.70765 -8.58367 -1.86815 -8.58367 6.4607 -8.58367 -1.33635 -8.58367 1.21695 -8.58367 -0.3177 
-8.50347 9.89725 -8.50347 -2.5113 -8.50347 7.3668 -8.50347 -1.83475 -8.50347 1.36565 -8.50347 -0.4043 
-8.42327 11.0952 -8.42327 -3.47615 -8.42327 8.27325 -8.42327 -2.57465 -8.42327 1.51255 -8.42327 -0.53825 
-8.34317 12.25705 -8.34317 -4.57185 -8.34317 9.13985 -8.34317 -3.4095 -8.34317 1.65775 -8.34317 -0.6913 
-8.26297 13.48395 -8.26297 -5.5048 -8.26297 10.0547 -8.26297 -4.1266 -8.26297 1.81455 -8.26297 -0.8092 
-8.18287 14.90235 -8.18287 -6.21985 -8.18287 11.14 -8.18287 -4.69675 -8.18287 1.99175 -8.18287 -0.8741 
-8.10267 16.4202 -8.10267 -6.8511 -8.10267 12.33795 -8.10267 -5.2201 -8.10267 2.16445 -8.10267 -0.9133 
-8.02247 17.79705 -8.02247 -7.3288 -8.02247 13.4532 -8.02247 -5.6257 -8.02247 2.29635 -8.02247 -0.9419 
-7.94237 18.8608 -7.94237 -7.39925 -7.94237 14.33115 -7.94237 -5.70845 -7.94237 2.37145 -7.94237 -0.9355 
-7.86217 19.5343 -7.86217 -7.21295 -7.86217 14.9036 -7.86217 -5.602 -7.86217 2.38805 -7.86217 -0.89425 
-7.78207 19.7707 -7.78207 -7.4558 -7.78207 15.1384 -7.78207 -5.8487 -7.78207 2.34965 -7.78207 -0.89045 
-7.70187 19.59975 -7.70187 -8.60405 -7.70187 15.0645 -7.70187 -6.7907 -7.70187 2.26555 -7.70187 -1.0043 
-7.62167 19.2525 -7.62167 -10.43875 -7.62167 14.8649 -7.62167 -8.21395 -7.62167 2.16595 -7.62167 -1.2379 
-7.54157 19.1533 -7.54157 -12.4379 -7.54157 14.875 -7.54157 -9.711 -7.54157 2.0941 -7.54157 -1.52005 
-7.46137 19.6267 -7.46137 -14.09805 -7.46137 15.3716 -7.46137 -10.9459 -7.46137 2.0688 -7.46137 -1.74825 
-7.38127 20.5304 -7.38127 -14.74755 -7.38127 16.2664 -7.38127 -11.4447 -7.38127 2.05815 -7.38127 -1.81535 
-7.30107 21.2739 -7.30107 -13.78455 -7.30107 17.08615 -7.30107 -10.7283 -7.30107 2.0041 -7.30107 -1.66255 
-7.22087 21.29585 -7.22087 -11.48015 -7.22087 17.33415 -7.22087 -8.96465 -7.22087 1.88 -7.22087 -1.3468 
-7.14077 20.502 -7.14077 -9.0071 -7.14077 16.8808 -7.14077 -7.04345 -7.14077 1.71165 -7.14077 -1.01765 
-7.06057 19.2798 -7.06057 -7.38015 -7.06057 16.0264 -7.06057 -5.76175 -7.06057 1.5389 -7.06057 -0.7984 
-6.98047 18.19405 -6.98047 -6.78635 -6.98047 15.26715 -6.98047 -5.2827 -6.98047 1.3824 -6.98047 -0.70755 
-6.90027 17.61935 -6.90027 -6.9607 -6.90027 14.9467 -6.90027 -5.41865 -6.90027 1.245 -6.90027 -0.70405 
-6.82007 17.5337 -6.82007 -7.6144 -6.82007 15.0594 -6.82007 -5.9495 -6.82007 1.11895 -6.82007 -0.74635 
-6.73997 17.51855 -6.73997 -8.31615 -6.73997 15.24315 -6.73997 -6.52255 -6.73997 0.9877 -6.73997 -0.79575 
-6.65977 16.8377 -6.65977 -8.40305 -6.65977 14.836 -6.65977 -6.5821 -6.65977 0.8323 -6.65977 -0.80425 
-6.57967 14.7919 -6.57967 -7.41735 -6.57967 13.18275 -6.57967 -5.72555 -6.57967 0.64195 -6.57967 -0.752 
-6.49947 11.3931 -6.49947 -5.6064 -6.49947 10.25785 -6.49947 -4.1211 -6.49947 0.43655 -6.49947 -0.67415 
-6.41927 7.53955 -6.41927 -3.76845 -6.41927 6.85045 -6.41927 -2.41835 -6.41927 0.2557 -6.41927 -0.6345 
-6.33917 4.28865 -6.33917 -2.56695 -6.33917 3.9235 -6.33917 -1.1957 -6.33917 0.13185 -6.33917 -0.66435 
-6.25897 2.1305 -6.25897 -2.12275 -6.25897 1.9424 -6.25897 -0.58335 -6.25897 0.0696 -6.25897 -0.75725 
-6.17887 0.9722 -6.17887 -2.20705 -6.17887 0.8403 -6.17887 -0.38145 -6.17887 0.05645 -6.17887 -0.89975 
-6.09867 0.4953 -6.09867 -2.5717 -6.09867 0.3334 -6.09867 -0.3591 -6.09867 0.0791 -6.09867 -1.07975 
-6.01847 0.4121 -6.01847 -3.03305 -6.01847 0.15595 -6.01847 -0.38345 -6.01847 0.1311 -6.01847 -1.26565 
-5.93837 0.5502 -5.93837 -3.4361 -5.93837 0.1369 -5.93837 -0.3998 -5.93837 0.21495 -5.93837 -1.4054 
-5.85817 0.8419 -5.85817 -3.71495 -5.85817 0.19355 -5.85817 -0.39995 -5.85817 0.33905 -5.85817 -1.48475 
-5.77797 1.2713 -5.77797 -3.96 -5.77797 0.29285 -5.77797 -0.40835 -5.77797 0.5103 -5.77797 -1.55505 
-5.69787 1.8466 -5.69787 -4.33 -5.69787 0.4241 -5.69787 -0.4473 -5.69787 0.72765 -5.69787 -1.6805 
-5.61767 2.61595 -5.61767 -4.90755 -5.61767 0.5894 -5.61767 -0.51695 -5.61767 0.9959 -5.61767 -1.87565 
-5.53757 3.6191 -5.53757 -5.65335 -5.53757 0.7907 -5.53757 -0.6005 -5.53757 1.3122 -5.53757 -2.1115 
-5.45737 4.7846 -5.45737 -6.48505 -5.45737 1.0067 -5.45737 -0.6859 -5.45737 1.64255 -5.45737 -2.3572 
-5.37717 6.02 -5.37717 -7.3985 -5.37717 1.2114 -5.37717 -0.77465 -5.37717 1.9585 -5.37717 -2.61015 
-5.29707 7.40705 -5.29707 -8.4181 -5.29707 1.4183 -5.29707 -0.8752 -5.29707 2.30245 -5.29707 -2.8815 
-5.21687 9.01315 -5.21687 -9.36835 -5.21687 1.65635 -5.21687 -0.98185 -5.21687 2.7204 -5.21687 -3.14605 
-5.13677 10.4885 -5.13677 -9.8793 -5.13677 1.88885 -5.13677 -1.07445 -5.13677 3.13375 -5.13677 -3.3368 
-5.05657 11.2243 -5.05657 -9.7821 -5.05657 2.0266 -5.05657 -1.14485 -5.05657 3.3871 -5.05657 -3.43035 
-4.97637 10.98745 -4.97637 -9.36705 -4.97637 2.0298 -4.97637 -1.2176 -4.97637 3.4284 -4.97637 -3.49645 
-4.89627 10.1372 -4.89627 -9.0789 -4.89627 1.9456 -4.89627 -1.318 -4.89627 3.357 -4.89627 -3.6164 
-4.81607 9.21435 -4.81607 -9.0657 -4.81607 1.84065 -4.81607 -1.4384 -4.81607 3.28945 -4.81607 -3.7846 
-4.73597 8.5531 -4.73597 -9.1771 -4.73597 1.74935 -4.73597 -1.5386 -4.73597 3.2714 -4.73597 -3.9321 
-4.65577 8.2585 -4.65577 -9.24985 -4.65577 1.68615 -4.65577 -1.58545 -4.65577 3.3134 -4.65577 -4.0194 
-4.57557 8.29945 -4.57557 -9.2138 -4.57557 1.66465 -4.57557 -1.5711 -4.57557 3.4187 -4.57557 -4.04295 
-4.49547 8.5745 -4.49547 -9.06695 -4.49547 1.6918 -4.49547 -1.5115 -4.49547 3.5762 -4.49547 -4.0181 
-4.41527 8.99525 -4.41527 -8.91585 -4.41527 1.7636 -4.41527 -1.4529 -4.41527 3.77115 -4.41527 -3.99825 
-4.33517 9.49135 -4.33517 -8.98515 -4.33517 1.8587 -4.33517 -1.45985 -4.33517 3.99135 -4.33517 -4.084 
-4.25497 9.94685 -4.25497 -9.4931 -4.25497 1.9322 -4.25497 -1.58615 -4.25497 4.2068 -4.25497 -4.37165 
-4.17477 10.26 -4.17477 -10.45105 -4.17477 1.9491 -4.17477 -1.835 -4.17477 4.39955 -4.17477 -4.8645 
-4.09467 10.4444 -4.09467 -11.5691 -4.09467 1.91725 -4.09467 -2.1362 -4.09467 4.58665 -4.09467 -5.43325 
-4.01447 10.5428 -4.01447 -12.4527 -4.01447 1.86745 -4.01447 -2.38565 -4.01447 4.76305 -4.01447 -5.8929 
-3.93437 10.51225 -3.93437 -12.92805 -3.93437 1.8123 -3.93437 -2.52265 -3.93437 4.86995 -3.93437 -6.1521 
-3.85417 10.3349 -3.85417 -13.08695 -3.85417 1.7506 -3.85417 -2.5564 -3.85417 4.8794 -3.85417 -6.2413 
-3.77397 10.1381 -3.77397 -13.04395 -3.77397 1.69465 -3.77397 -2.52695 -3.77397 4.86025 -3.77397 -6.22005 
-3.69387 10.05315 -3.69387 -12.82955 -3.69387 1.6603 -3.69387 -2.46565 -3.69387 4.88695 -3.69387 -6.1287 
-3.61367 10.0606 -3.61367 -12.53035 -3.61367 1.642 -3.61367 -2.4036 -3.61367 4.9544 -3.61367 -6.03055 
-3.53357 10.10375 -3.53357 -12.31845 -3.53357 1.62925 -3.53357 -2.37755 -3.53357 5.0399 -3.53357 -6.0026 
-3.45337 10.25865 -3.45337 -12.3111 -3.45337 1.6293 -3.45337 -2.41015 -3.45337 5.18835 -3.45337 -6.0781 
-3.37317 10.66425 -3.37317 -12.57205 -3.37317 1.6634 -3.37317 -2.51035 -3.37317 5.47145 -3.37317 -6.27 
-3.29307 11.32355 -3.29307 -13.16435 -3.29307 1.7389 -3.29307 -2.68565 -3.29307 5.8866 -3.29307 -6.6107 
-3.21287 12.04555 -3.21287 -14.0108 -3.21287 1.83365 -3.21287 -2.91265 -3.21287 6.32935 -3.21287 -7.06975 
-3.13277 12.5529 -3.13277 -14.82355 -3.13277 1.9095 -3.13277 -3.126 -3.13277 6.6482 -3.13277 -7.5129 
-3.05257 12.6597 -3.05257 -15.32345 -3.05257 1.93275 -3.05257 -3.2563 -3.05257 6.7364 -3.05257 -7.80625 
-2.97237 12.4339 -2.97237 -15.4541 -2.97237 1.90925 -2.97237 -3.2754 -2.97237 6.62935 -2.97237 -7.92905 
-2.89227 12.1665 -2.89227 -15.3411 -2.89227 1.88645 -2.89227 -3.1966 -2.89227 6.49315 -2.89227 -7.94585 
-2.81207 12.09865 -2.81207 -15.1114 -2.81207 1.9034 -2.81207 -3.04985 -2.81207 6.4713 -2.81207 -7.91825 
-2.73197 12.20705 -2.73197 -14.7832 -2.73197 1.95335 -2.73197 -2.8608 -2.73197 6.5595 -2.73197 -7.84345 
-2.65177 12.28835 -2.65177 -14.32095 -2.65177 1.9981 -2.65177 -2.64635 -2.65177 6.63975 -2.65177 -7.68495 
-2.57157 12.21755 -2.57157 -13.7566 -2.57157 2.01845 -2.57157 -2.431 -2.57157 6.62535 -2.57157 -7.44215 
-2.49147 12.0719 -2.49147 -13.19885 -2.49147 2.02855 -2.49147 -2.2442 -2.49147 6.5501 -2.49147 -7.1692 
-2.41127 11.97945 -2.41127 -12.7317 -2.41127 2.0462 -2.41127 -2.1014 -2.41127 6.4987 -2.41127 -6.9263 
-2.33117 11.92915 -2.33117 -12.3602 -2.33117 2.058 -2.33117 -1.99375 -2.33117 6.48595 -2.33117 -6.74205 
-2.25097 11.8052 -2.25097 -12.0758 -2.25097 2.04005 -2.25097 -1.90945 -2.25097 6.4547 -2.25097 -6.62805 
-2.17077 11.56455 -2.17077 -11.9524 -2.17077 1.99605 -2.17077 -1.85925 -2.17077 6.37125 -2.17077 -6.6245 
-2.09067 11.3465 -2.09067 -12.10825 -2.09067 1.96565 -2.09067 -1.8624 -2.09067 6.3005 -2.09067 -6.78365 
-2.01047 11.3528 -2.01047 -12.5042 -2.01047 1.98815 -2.01047 -1.90575 -2.01047 6.34915 -2.01047 -7.07735 
-1.93037 11.53875 -1.93037 -12.84015 -1.93037 2.04 -1.93037 -1.92745 -1.93037 6.49605 -1.93037 -7.3401 
-1.85017 11.559 -1.85017 -12.79775 -1.85017 2.04435 -1.85017 -1.8669 -1.85017 6.5515 -1.85017 -7.39425 
-1.76997 11.195 -1.76997 -12.40915 -1.76997 1.9625 -1.76997 -1.73345 -1.76997 6.39135 -1.76997 -7.25695 
-1.68987 10.68035 -1.68987 -12.0286 -1.68987 1.8528 -1.68987 -1.5931 -1.68987 6.13925 -1.68987 -7.12625 
-1.60967 10.4325 -1.60967 -11.87775 -1.60967 1.8089 -1.60967 -1.4919 -1.60967 6.02685 -1.60967 -7.12495 
-1.52957 10.618 -1.52957 -11.8255 -1.52957 1.86605 -1.52957 -1.4275 -1.52957 6.14985 -1.52957 -7.168 
-1.44937 11.119 -1.44937 -11.67565 -1.44937 1.9925 -1.44937 -1.38675 -1.44937 6.45505 -1.44937 -7.13015 
-1.36917 11.76485 -1.36917 -11.3833 -1.36917 2.13725 -1.36917 -1.37055 -1.36917 6.8606 -1.36917 -6.9763 
-1.28907 12.4196 -1.28907 -10.9068 -1.28907 2.2546 -1.28907 -1.3648 -1.28907 7.29955 -1.28907 -6.6799 
-1.20887 12.9137 -1.20887 -10.13215 -1.20887 2.3134 -1.20887 -1.33125 -1.20887 7.66515 -1.20887 -6.18505 
-1.12867 13.0786 -1.12867 -9.0551 -1.12867 2.30855 -1.12867 -1.2484 -1.12867 7.836 -1.12867 -5.5069 
-1.04857 12.9254 -1.04857 -7.906 -1.04857 2.2733 -1.04857 -1.14905 -1.04857 7.79845 -1.04857 -4.7913 
-0.968371 12.68275 -0.968371 -7.0302 -0.968371 2.2581 -0.968371 -1.10335 -0.968371 7.68115 -0.968371 -4.2382 
-0.888271 12.5485 -0.888271 -6.6367 -0.888271 2.2884 -0.888271 -1.15405 -0.888271 7.609 -0.888271 -3.9634 
-0.808071 12.47 -0.808071 -6.6419 -0.808071 2.33585 -0.808071 -1.27255 -0.808071 7.561 -0.808071 -3.9221 
-0.727871 12.21945 -0.727871 -6.75175 -0.727871 2.34625 -0.727871 -1.3861 -0.727871 7.41 -0.727871 -3.9477 
-0.647771 11.6251 -0.647771 -6.67095 -0.647771 2.2814 -0.647771 -1.434 -0.647771 7.0554 -0.647771 -3.87165 
-0.567571 10.7244 -0.567571 -6.22195 -0.567571 2.15085 -0.567571 -1.3828 -0.567571 6.5174 -0.567571 -3.5902 
-0.487471 9.71865 -0.487471 -5.34275 -0.487471 2.00155 -0.487471 -1.21735 -0.487471 5.91145 -0.487471 -3.0708 
-0.407271 8.8149 -0.407271 -4.08915 -0.407271 1.87995 -0.407271 -0.9468 -0.407271 5.36005 -0.407271 -2.3452 
-0.327071 8.13365 -0.327071 -2.6778 -0.327071 1.81065 -0.327071 -0.6243 -0.327071 4.9368 -0.327071 -1.53515 
-0.246971 7.6618 -0.246971 -1.43895 -0.246971 1.78465 -0.246971 -0.3353 -0.246971 4.63475 -0.246971 -0.8261 
-0.166771 7.1949 -0.166771 -0.6127 -0.166771 1.7456 -0.166771 -0.1422 -0.166771 4.33375 -0.166771 -0.3524 
-0.0866706 6.4021 -0.0866706 -0.2016 -0.0866706 1.60425 -0.0866706 -0.0461 -0.0866706 3.8389 -0.0866706 -0.1161 
-0.00647058 5.09175 -0.00647058 -0.0504 -0.00647058 1.3069 -0.00647058 -0.01145 -0.00647058 3.0408 -0.00647058 -0.02885 
0.0737294 3.4432 0.0737294 -0.0095 0.0737294 0.89935 0.0737294 -0.00175 0.0737294 2.04945 0.0737294 -0.00535 
0.153829 1.9058 0.153829 -0.00135 0.153829 0.50395 0.153829 -0.0002 0.153829 1.1321 0.153829 -0.00045 
0.234029 0.83915 0.234029 -0.00015 0.234029 0.2235 0.234029 -0.0 0.234029 0.49765 0.234029 -0.0 
0.314129 0.28775 0.314129 -0.0 0.314129 0.07665 0.314129 -0.0 0.314129 0.1707 0.314129 -0.0 
0.394329 0.07565 0.394329 -0.0 0.394329 0.0203 0.394329 -0.0 0.394329 0.04455 0.394329 -0.0 
0.474529 0.01505 0.474529 -0.0 0.474529 0.0038 0.474529 -0.0 0.474529 0.00875 0.474529 -0.0 
0.554629 0.00225 0.554629 -0.0 0.554629 0.00035 0.554629 -0.0 0.554629 0.001 0.554629 -0.0 
0.634829 0.00025 0.634829 -0.0 0.634829 0.0 0.634829 -0.0 0.634829 0.0 0.634829 -0.0 
0.714929 0.0 0.714929 -0.0 0.714929 0.0 0.714929 -0.0 0.714929 0.0 0.714929 -0.0 
0.795129 0.0 0.795129 -0.0 0.795129 0.0 0.795129 -0.0 0.795129 0.0 0.795129 -0.0 
0.875329 0.0 0.875329 -5e-05 0.875329 0.0 0.875329 -0.0 0.875329 0.0 0.875329 -0.0 
0.955429 0.0001 0.955429 -0.0004 0.955429 0.0 0.955429 -0.00015 0.955429 0.0 0.955429 -0.0 
1.03563 0.00075 1.03563 -0.0032 1.03563 0.0006 1.03563 -0.0024 1.03563 0.0 1.03563 -0.0 
1.11573 0.0055 1.11573 -0.0192 1.11573 0.0042 1.11573 -0.01535 1.11573 0.00025 1.11573 -0.00125 
1.19593 0.0296 1.19593 -0.08755 1.19593 0.0228 1.19593 -0.071 1.19593 0.0024 1.19593 -0.00595 
1.27613 0.12145 1.27613 -0.30745 1.27613 0.0944 1.27613 -0.2502 1.27613 0.01065 1.27613 -0.0204 
1.35623 0.38475 1.35623 -0.84185 1.35623 0.2992 1.35623 -0.688 1.35623 0.03525 1.35623 -0.0557 
1.43643 0.96255 1.43643 -1.82225 1.43643 0.7478 1.43643 -1.49615 1.43643 0.09045 1.43643 -0.1194 
1.51653 1.95975 1.51653 -3.16865 1.51653 1.52425 1.51653 -2.61415 1.51653 0.18995 1.51653 -0.2049 
1.59673 3.35795 1.59673 -4.5181 1.59673 2.61795 1.59673 -3.7459 1.59673 0.33485 1.59673 -0.28755 
1.67693 4.99395 1.67693 -5.4583 1.67693 3.9086 1.67693 -4.5484 1.67693 0.51015 1.67693 -0.34105 
1.75703 6.58935 1.75703 -5.93395 1.75703 5.1806 1.75703 -4.96715 1.75703 0.68755 1.75703 -0.3644 
1.83723 7.79035 1.83723 -6.39195 1.83723 6.14935 1.83723 -5.369 1.83723 0.8284 1.83723 -0.3881 
1.91733 8.23825 1.91733 -7.4208 1.91733 6.5183 1.91733 -6.24645 1.91733 0.89325 1.91733 -0.44825 
1.99753 7.75175 1.99753 -9.20345 1.99753 6.134 1.99753 -7.7583 1.99753 0.85915 1.99753 -0.5554 
2.07773 6.5686 2.07773 -11.3653 2.07773 5.18345 2.07773 -9.59105 2.07773 0.74675 2.07773 -0.69275 
2.15783 5.33115 2.15783 -13.3545 2.15783 4.18415 2.15783 -11.2713 2.15783 0.62225 2.15783 -0.8362 
2.23803 4.6683 2.23803 -14.8886 2.23803 3.644 2.23803 -12.54555 2.23803 0.55175 2.23803 -0.97415 
2.31813 4.77995 2.31813 -16.04875 2.31813 3.7278 2.31813 -13.47615 2.31813 0.5562 2.31813 -1.1066 
2.39833 5.44555 2.39833 -17.08455 2.39833 4.25775 2.39833 -14.2826 2.39833 0.6183 2.39833 -1.24225 
2.47853 6.2597 2.47853 -18.22475 2.47853 4.904 2.47853 -15.17075 2.47853 0.70475 2.47853 -1.3947 
2.55863 6.7538 2.55863 -19.65475 2.55863 5.29135 2.55863 -16.30505 2.55863 0.76835 2.55863 -1.58375 
2.63883 6.5819 2.63883 -21.5128 2.63883 5.16035 2.63883 -17.79415 2.63883 0.75285 2.63883 -1.83255 
2.71893 5.88555 2.71893 -23.6673 2.71893 4.64545 2.71893 -19.50355 2.71893 0.65185 2.71893 -2.14015 
2.79913 5.3234 2.79913 -25.5206 2.79913 4.28155 2.79913 -20.91745 2.79913 0.52955 2.79913 -2.4512 
2.87933 5.4927 2.87933 -26.28915 2.87933 4.5373 2.87933 -21.3984 2.87933 0.46155 2.87933 -2.6704 
2.95943 6.37785 2.95943 -25.56285 2.95943 5.3754 2.95943 -20.64455 2.95943 0.46795 2.95943 -2.7323 
3.03963 7.5211 3.03963 -23.60905 3.03963 6.39935 3.03963 -18.90515 3.03963 0.5193 3.03963 -2.65065 
3.11973 8.63545 3.11973 -21.22015 3.11973 7.3607 3.11973 -16.82285 3.11973 0.5924 3.11973 -2.51555 
3.19993 9.73865 3.19993 -19.2247 3.19993 8.2686 3.19993 -15.0453 3.19993 0.68815 3.19993 -2.43255 
3.28013 10.6737 3.28013 -18.03385 3.28013 8.98475 3.28013 -13.89725 3.28013 0.8008 3.28013 -2.45665 
3.36023 10.9573 3.36023 -17.56865 3.36023 9.09505 3.36023 -13.3428 3.36023 0.9032 3.36023 -2.5688 
3.44043 10.3516 3.44043 -17.46795 3.44043 8.40655 3.44043 -13.12795 3.44043 0.98155 3.44043 -2.7085 
3.52053 9.28575 3.52053 -17.25375 3.52053 7.30745 3.52053 -12.88045 3.52053 1.06065 3.52053 -2.80425 
3.60073 8.43895 3.60073 -16.45775 3.60073 6.40795 3.60073 -12.21685 3.60073 1.17285 3.60073 -2.7878 
3.68093 7.99195 3.68093 -14.9057 3.68093 5.90345 3.68093 -10.9848 3.68093 1.2918 3.68093 -2.63355 
3.76103 7.46355 3.76103 -12.88575 3.76103 5.4337 3.76103 -9.4024 3.76103 1.32165 3.76103 -2.38335 
3.84123 6.31435 3.84123 -10.8182 3.84123 4.56535 3.84123 -7.8004 3.84123 1.1769 3.84123 -2.09335 
3.92143 4.569 3.92143 -8.8256 3.92143 3.28505 3.92143 -6.2879 3.92143 0.87875 3.92143 -1.77095 
4.00153 2.75585 4.00153 -6.82895 4.00153 1.9594 4.00153 -4.8106 4.00153 0.53995 4.00153 -1.4021 
4.08173 1.3887 4.08173 -4.9432 4.08173 0.9518 4.08173 -3.43895 4.08173 0.2717 4.08173 -1.0304 
4.16183 0.62955 4.16183 -3.4904 4.16183 0.37175 4.16183 -2.3878 4.16183 0.11595 4.16183 -0.7388 
4.24203 0.33255 4.24203 -2.60555 4.24203 0.11715 4.24203 -1.74305 4.24203 0.04985 4.24203 -0.5623 
4.32223 0.2581 4.32223 -2.0566 4.32223 0.03255 4.32223 -1.33515 4.32223 0.0304 4.32223 -0.45005 
4.40233 0.2434 4.40233 -1.53925 4.40233 0.0114 4.40233 -0.95245 4.40233 0.02715 4.40233 -0.33535 
4.48253 0.24265 4.48253 -0.9917 4.48253 0.00745 4.48253 -0.56475 4.48253 0.0296 4.48253 -0.21055 
4.56263 0.2636 4.56263 -0.5399 4.56263 0.00745 4.56263 -0.2631 4.56263 0.035 4.56263 -0.10845 
4.64283 0.30115 4.64283 -0.2807 4.64283 0.0084 4.64283 -0.0969 4.64283 0.04195 4.64283 -0.05135 
4.72303 0.3368 4.72303 -0.20955 4.72303 0.00915 4.72303 -0.0335 4.72303 0.0487 4.72303 -0.0347 
4.80313 0.3676 4.80313 -0.26775 4.80313 0.0101 4.80313 -0.02075 4.80313 0.0553 4.80313 -0.04405 
4.88333 0.4036 4.88333 -0.374 4.88333 0.01075 4.88333 -0.024 4.88333 0.0635 4.88333 -0.0624 
4.96343 0.4388 4.96343 -0.4434 4.96343 0.0117 4.96343 -0.02765 4.96343 0.0722 4.96343 -0.0756 
5.04363 0.44655 5.04363 -0.4308 5.04363 0.0117 5.04363 -0.02685 5.04363 0.07695 5.04363 -0.07515 
5.12383 0.41345 5.12383 -0.35775 5.12383 0.0109 5.12383 -0.022 5.12383 0.07325 5.12383 -0.06415 
5.20393 0.36205 5.20393 -0.2869 5.20393 0.0094 5.20393 -0.0171 5.20393 0.06575 5.20393 -0.05365 
5.28413 0.33965 5.28413 -0.2749 5.28413 0.0089 5.28413 -0.0158 5.28413 0.06185 5.28413 -0.054 
5.36423 0.39455 5.36423 -0.3417 5.36423 0.0106 5.36423 -0.01925 5.36423 0.07115 5.36423 -0.0694 
5.44443 0.5395 5.44443 -0.46635 5.44443 0.0146 5.44443 -0.02615 5.44443 0.09745 5.44443 -0.09715 
5.52463 0.7258 5.52463 -0.5941 5.52463 0.0197 5.52463 -0.0339 5.52463 0.13405 5.52463 -0.1252 
5.60473 0.87265 5.60473 -0.6592 5.60473 0.0235 5.60473 -0.03805 5.60473 0.16425 5.60473 -0.1393 
5.68493 0.927 5.68493 -0.64465 5.68493 0.02555 5.68493 -0.0365 5.68493 0.17875 5.68493 -0.1342 
5.76503 0.89535 5.76503 -0.60975 5.76503 0.0243 5.76503 -0.03225 5.76503 0.17565 5.76503 -0.1232 
5.84523 0.8363 5.84523 -0.6243 5.84523 0.02315 5.84523 -0.03075 5.84523 0.16485 5.84523 -0.12535 
5.92543 0.82305 5.92543 -0.7024 5.92543 0.0231 5.92543 -0.0339 5.92543 0.16275 5.92543 -0.14555 
6.00553 0.89305 6.00553 -0.81965 6.00553 0.02595 6.00553 -0.0412 6.00553 0.17795 6.00553 -0.17845 
6.08573 1.0182 6.08573 -0.9479 6.08573 0.03135 6.08573 -0.04975 6.08573 0.20535 6.08573 -0.2133 
6.16583 1.13195 6.16583 -1.0546 6.16583 0.03685 6.16583 -0.05635 6.16583 0.22765 6.16583 -0.2386 
6.24603 1.19385 6.24603 -1.11535 6.24603 0.04015 6.24603 -0.0593 6.24603 0.23315 6.24603 -0.2494 
6.32623 1.2336 6.32623 -1.158 6.32623 0.04215 6.32623 -0.06105 6.32623 0.2274 6.32623 -0.254 
6.40633 1.34285 6.40633 -1.25035 6.40633 0.04615 6.40633 -0.0657 6.40633 0.22585 6.40633 -0.26845 
6.48653 1.61465 6.48653 -1.41615 6.48653 0.05695 6.48653 -0.0732 6.48653 0.24285 6.48653 -0.2929 
6.56663 2.06025 6.56663 -1.6276 6.56663 0.0771 6.56663 -0.08105 6.56663 0.2788 6.56663 -0.3125 
6.64683 2.5828 6.64683 -1.8879 6.64683 0.10225 6.64683 -0.08825 6.64683 0.3209 6.64683 -0.32435 
6.72703 3.05915 6.72703 -2.23025 6.72703 0.12495 6.72703 -0.09955 6.72703 0.35755 6.72703 -0.34 
6.80713 3.44995 6.80713 -2.6383 6.80713 0.13935 6.80713 -0.11865 6.80713 0.3927 6.80713 -0.3643 
6.88733 3.81875 6.88733 -3.06335 6.88733 0.1467 6.88733 -0.14635 6.88733 0.43435 6.88733 -0.38845 
6.96743 4.2616 6.96743 -3.51715 6.96743 0.1496 6.96743 -0.18045 6.96743 0.48475 6.96743 -0.41285 
7.04763 4.8334 7.04763 -4.0728 7.04763 0.15325 7.04763 -0.21535 7.04763 0.5402 7.04763 -0.45035 
7.12783 5.50135 7.12783 -4.7637 7.12783 0.16075 7.12783 -0.24465 7.12783 0.5988 7.12783 -0.5115 
7.20793 6.1176 7.20793 -5.5259 7.20793 0.1679 7.20793 -0.2641 7.20793 0.65785 7.20793 -0.5885 
7.28813 6.4682 7.28813 -6.23735 7.28813 0.171 7.28813 -0.2737 7.28813 0.70345 7.28813 -0.66085 
7.36823 6.4123 7.36823 -6.75705 7.36823 0.167 7.36823 -0.27915 7.36823 0.7209 7.36823 -0.71155 
7.44843 5.9831 7.44843 -6.94765 7.44843 0.1573 7.44843 -0.2836 7.44843 0.70565 7.44843 -0.7351 
7.52863 5.3519 7.52863 -6.75455 7.52863 0.1446 7.52863 -0.2862 7.52863 0.6654 7.52863 -0.73645 
7.60873 4.6983 7.60873 -6.286 7.60873 0.1313 7.60873 -0.2885 7.60873 0.6131 7.60873 -0.7297 
7.68893 4.1162 7.68893 -5.75195 7.68893 0.1189 7.68893 -0.28985 7.68893 0.5584 7.68893 -0.72465 
7.76903 3.65655 7.76903 -5.27595 7.76903 0.11045 7.76903 -0.285 7.76903 0.5142 7.76903 -0.71285 
7.84923 3.39595 7.84923 -4.7966 7.84923 0.11 7.84923 -0.2654 7.84923 0.4973 7.84923 -0.6732 
7.92943 3.34115 7.92943 -4.19695 7.92943 0.11585 7.92943 -0.22705 7.92943 0.50695 7.92943 -0.596 
8.00953 3.32055 8.00953 -3.49505 8.00953 0.1198 8.00953 -0.1796 8.00953 0.5159 8.00953 -0.4997 
8.08973 3.1416 8.08973 -2.8508 8.08973 0.1152 8.08973 -0.13735 8.08973 0.49575 8.08973 -0.4177 
8.16983 2.815 8.16983 -2.40515 8.16983 0.10415 8.16983 -0.10865 8.16983 0.45045 8.16983 -0.36975 
8.25003 2.504 8.25003 -2.17115 8.25003 0.09535 8.25003 -0.0951 8.25003 0.40665 8.25003 -0.35285 
8.33023 2.34575 8.33023 -2.0886 8.33023 0.09495 8.33023 -0.0939 8.33023 0.38505 8.33023 -0.3546 
8.41033 2.39325 8.41033 -2.118 8.41033 0.10385 8.41033 -0.10115 8.41033 0.39275 8.41033 -0.36805 
8.49053 2.59735 8.49053 -2.2334 8.49053 0.1198 8.49053 -0.1136 8.49053 0.4233 8.49053 -0.3926 
8.57063 2.7984 8.57063 -2.3753 8.57063 0.1336 8.57063 -0.1274 8.57063 0.4544 8.57063 -0.41945 
8.65083 2.83895 8.65083 -2.47945 8.65083 0.13885 8.65083 -0.13815 8.65083 0.45975 8.65083 -0.4389 
8.73103 2.70515 8.73103 -2.52655 8.73103 0.13395 8.73103 -0.14345 8.73103 0.43755 8.73103 -0.44855 
8.81113 2.50985 8.81113 -2.52405 8.81113 0.12495 8.81113 -0.14445 8.81113 0.4038 8.81113 -0.44915 
8.89133 2.3614 8.89133 -2.47105 8.89133 0.1186 8.89133 -0.14055 8.89133 0.37605 8.89133 -0.4394 
8.97153 2.2824 8.97153 -2.35395 8.97153 0.1153 8.97153 -0.132 8.97153 0.3622 8.97153 -0.4156 
9.05163 2.21995 9.05163 -2.1639 9.05163 0.11365 9.05163 -0.1186 9.05163 0.35355 9.05163 -0.37545 
9.13183 2.10165 9.13183 -1.9408 9.13183 0.10915 9.13183 -0.10295 9.13183 0.3384 9.13183 -0.3285 
9.21193 1.9056 9.21193 -1.7726 9.21193 0.10005 9.21193 -0.09105 9.21193 0.31155 9.21193 -0.293 
9.29213 1.69255 9.29213 -1.6909 9.29213 0.08915 9.29213 -0.0849 9.29213 0.2812 9.29213 -0.27665 
9.37233 1.5445 9.37233 -1.61575 9.37233 0.0819 9.37233 -0.0805 9.37233 0.2594 9.37233 -0.26575 
9.45243 1.4682 9.45243 -1.45675 9.45243 0.07855 9.45243 -0.07205 9.45243 0.24805 9.45243 -0.24245 
9.53263 1.394 9.53263 -1.2297 9.53263 0.0756 9.53263 -0.0602 9.53263 0.2367 9.53263 -0.20645 
9.61273 1.2588 9.61273 -1.0443 9.61273 0.06975 9.61273 -0.05115 9.61273 0.21485 9.61273 -0.1769 
9.69293 1.05245 9.69293 -0.9781 9.69293 0.06005 9.69293 -0.04745 9.69293 0.1804 9.69293 -0.1665 
9.77313 0.8062 9.77313 -0.9811 9.77313 0.04675 9.77313 -0.0476 9.77313 0.13945 9.77313 -0.1675 
9.85323 0.56535 9.85323 -0.93715 9.85323 0.0328 9.85323 -0.0455 9.85323 0.09945 9.85323 -0.15945 
9.93343 0.36185 9.93343 -0.8078 9.93343 0.02155 9.93343 -0.03935 9.93343 0.0652 9.93343 -0.1374 
10.0135 0.2059 10.0135 -0.66565 10.0135 0.0121 10.0135 -0.0332 10.0135 0.0378 10.0135 -0.11285 
10.0937 0.09895 10.0937 -0.5804 10.0937 0.0057 10.0937 -0.02965 10.0937 0.0185 10.0937 -0.09905 
10.1739 0.03805 10.1739 -0.5259 10.1739 0.00145 10.1739 -0.02755 10.1739 0.00725 10.1739 -0.09065 
10.254 0.01125 10.254 -0.43135 10.254 0.00025 10.254 -0.02275 10.254 0.00155 10.254 -0.0753 
10.3342 0.0025 10.3342 -0.28605 10.3342 0.0 10.3342 -0.01515 10.3342 0.0 10.3342 -0.05005 
10.4143 0.0004 10.4143 -0.1454 10.4143 0.0 10.4143 -0.00775 10.4143 0.0 10.4143 -0.0255 
10.4945 5e-05 10.4945 -0.05545 10.4945 0.0 10.4945 -0.0022 10.4945 0.0 10.4945 -0.00985 
10.5747 0.0 10.5747 -0.0157 10.5747 0.0 10.5747 -0.00045 10.5747 0.0 10.5747 -0.00265 
10.6548 0.0 10.6548 -0.0033 10.6548 0.0 10.6548 -0.0 10.6548 0.0 10.6548 -0.0 
10.735 0.0 10.735 -0.0005 10.735 0.0 10.735 -0.0 10.735 0.0 10.735 -0.0 
10.8151 0.0 10.8151 -5e-05 10.8151 0.0 10.8151 -0.0 10.8151 0.0 10.8151 -0.0 
10.8953 0.0 10.8953 -0.0 10.8953 0.0 10.8953 -0.0 10.8953 0.0 10.8953 -0.0 
10.9755 0.0 10.9755 -0.0 10.9755 0.0 10.9755 -0.0 10.9755 0.0 10.9755 -0.0 
11.0556 0.0 11.0556 -0.0 11.0556 0.0 11.0556 -0.0 11.0556 0.0 11.0556 -0.0 
11.1358 0.0 11.1358 -0.0 11.1358 0.0 11.1358 -0.0 11.1358 0.0 11.1358 -0.0 
11.2159 0.0 11.2159 -0.0 11.2159 0.0 11.2159 -0.0 11.2159 0.0 11.2159 -0.0 
11.2961 0.0 11.2961 -0.0 11.2961 0.0 11.2961 -0.0 11.2961 0.0 11.2961 -0.0 
11.3763 0.0 11.3763 -0.0 11.3763 0.0 11.3763 -0.0 11.3763 0.0 11.3763 -0.0 
11.4564 0.0 11.4564 -0.0 11.4564 0.0 11.4564 -0.0 11.4564 0.0 11.4564 -0.0 
11.5366 0.0 11.5366 -0.0 11.5366 0.0 11.5366 -0.0 11.5366 0.0 11.5366 -0.0 
11.6167 0.0 11.6167 -0.0 11.6167 0.0 11.6167 -0.0 11.6167 0.0 11.6167 -0.0 
11.6969 0.0 11.6969 -0.0 11.6969 0.0 11.6969 -0.0 11.6969 0.0 11.6969 -0.0 
11.7771 0.0 11.7771 -0.0 11.7771 0.0 11.7771 -0.0 11.7771 0.0 11.7771 -0.0 
11.8572 0.0 11.8572 -0.0 11.8572 0.0 11.8572 -0.0 11.8572 0.0 11.8572 -0.0 
11.9374 0.0 11.9374 -0.0 11.9374 0.0 11.9374 -0.0 11.9374 0.0 11.9374 -0.0 
12.0175 0.0 12.0175 -0.0 12.0175 0.0 12.0175 -0.0 12.0175 0.0 12.0175 -0.0 
12.0977 0.0 12.0977 -0.0 12.0977 0.0 12.0977 -0.0 12.0977 0.0 12.0977 -0.0 
12.1779 0.0 12.1779 -0.0 12.1779 0.0 12.1779 -0.0 12.1779 0.0 12.1779 -0.0 
12.258 0.0 12.258 -0.0 12.258 0.0 12.258 -0.0 12.258 0.0 12.258 -0.0 
12.3382 0.0 12.3382 -0.0 12.3382 0.0 12.3382 -0.0 12.3382 0.0 12.3382 -0.0 
12.4183 0.0 12.4183 -0.0 12.4183 0.0 12.4183 -0.0 12.4183 0.0 12.4183 -0.0 
12.4985 0.0 12.4985 -0.0 12.4985 0.0 12.4985 -0.0 12.4985 0.0 12.4985 -0.0 
12.5787 0.0 12.5787 -0.0 12.5787 0.0 12.5787 -0.0 12.5787 0.0 12.5787 -0.0 
12.6588 0.0 12.6588 -0.0 12.6588 0.0 12.6588 -0.0 12.6588 0.0 12.6588 -0.0 
12.739 0.0 12.739 -0.0 12.739 0.0 12.739 -0.0 12.739 0.0 12.739 -0.0 
12.8191 0.0 12.8191 -0.0 12.8191 0.0 12.8191 -0.0 12.8191 0.0 12.8191 -0.0 
12.8993 0.0 12.8993 -0.0 12.8993 0.0 12.8993 -0.0 12.8993 0.0 12.8993 -0.0 
12.9795 0.0 12.9795 -0.0 12.9795 0.0 12.9795 -0.0 12.9795 0.0 12.9795 -0.0 
13.0596 0.0 13.0596 -0.0 13.0596 0.0 13.0596 -0.0 13.0596 0.0 13.0596 -0.0 
13.1398 0.0 13.1398 -0.0 13.1398 0.0 13.1398 -0.0 13.1398 0.0 13.1398 -0.0 
13.2199 0.0 13.2199 -0.0 13.2199 0.0 13.2199 -0.0 13.2199 0.0 13.2199 -0.0 
13.3001 0.0 13.3001 -0.0 13.3001 0.0 13.3001 -0.0 13.3001 0.0 13.3001 -0.0 
13.3803 0.0 13.3803 -0.0 13.3803 0.0 13.3803 -0.0 13.3803 0.0 13.3803 -0.0 
13.4604 0.0 13.4604 -0.0 13.4604 0.0 13.4604 -0.0 13.4604 0.0 13.4604 -0.0 
13.5406 0.0 13.5406 -0.0 13.5406 0.0 13.5406 -0.0 13.5406 0.0 13.5406 -0.0 
13.6207 0.0 13.6207 -0.0 13.6207 0.0 13.6207 -0.0 13.6207 0.0 13.6207 -0.0 
13.7009 0.0 13.7009 -0.0 13.7009 0.0 13.7009 -0.0 13.7009 0.0 13.7009 -0.0 
13.7811 0.0 13.7811 -0.0 13.7811 0.0 13.7811 -0.0 13.7811 0.0 13.7811 -0.0 
13.8612 0.0 13.8612 -0.0 13.8612 0.0 13.8612 -0.0 13.8612 0.0 13.8612 -0.0 
13.9414 0.0 13.9414 -0.0 13.9414 0.0 13.9414 -0.0 13.9414 0.0 13.9414 -0.0 
14.0216 0.0 14.0216 -0.0 14.0216 0.0 14.0216 -0.0 14.0216 0.0 14.0216 -0.0 
14.1017 0.0 14.1017 -0.0 14.1017 0.0 14.1017 -0.0 14.1017 0.0 14.1017 -0.0 
14.1819 0.0 14.1819 -0.0 14.1819 0.0 14.1819 -0.0 14.1819 0.0 14.1819 -0.0 
14.262 0.0 14.262 -0.0 14.262 0.0 14.262 -0.0 14.262 0.0 14.262 -0.0 
14.3422 0.0 14.3422 -0.0 14.3422 0.0 14.3422 -0.0 14.3422 0.0 14.3422 -0.0 
14.4224 0.0 14.4224 -0.0 14.4224 0.0 14.4224 -0.0 14.4224 0.0 14.4224 -0.0 
14.5025 0.0 14.5025 -0.0 14.5025 0.0 14.5025 -0.0 14.5025 0.0 14.5025 -0.0 
14.5827 0.0 14.5827 -0.0 14.5827 0.0 14.5827 -0.0 14.5827 0.0 14.5827 -0.0 
14.6628 0.0 14.6628 -0.0 14.6628 0.0 14.6628 -0.0 14.6628 0.0 14.6628 -0.0 
14.743 0.0 14.743 -0.0 14.743 0.0 14.743 -0.0 14.743 0.0 14.743 -0.0 
14.8232 0.0 14.8232 -0.0 14.8232 0.0 14.8232 -0.0 14.8232 0.0 14.8232 -0.0 
14.9033 0.0 14.9033 -0.0 14.9033 0.0 14.9033 -0.0 14.9033 0.0 14.9033 -0.0 
14.9835 0.0 14.9835 -0.0 14.9835 0.0 14.9835 -0.0 14.9835 0.0 14.9835 -0.0 
15.0636 0.0 15.0636 -0.0 15.0636 0.0 15.0636 -0.0 15.0636 0.0 15.0636 -0.0 
15.1438 0.0 15.1438 -0.0 15.1438 0.0 15.1438 -0.0 15.1438 0.0 15.1438 -0.0 
15.224 0.0 15.224 -0.0 15.224 0.0 15.224 -0.0 15.224 0.0 15.224 -0.0 
15.3041 0.0 15.3041 -0.0 15.3041 0.0 15.3041 -0.0 15.3041 0.0 15.3041 -0.0 
15.3843 0.0 15.3843 -0.0 15.3843 0.0 15.3843 -0.0 15.3843 0.0 15.3843 -0.0 
15.4644 0.0 15.4644 -0.0 15.4644 0.0 15.4644 -0.0 15.4644 0.0 15.4644 -0.0 
15.5446 0.0 15.5446 -0.0 15.5446 0.0 15.5446 -0.0 15.5446 0.0 15.5446 -0.0 
15.6248 0.0 15.6248 -0.0 15.6248 0.0 15.6248 -0.0 15.6248 0.0 15.6248 -0.0 
15.7049 0.0 15.7049 -0.0 15.7049 0.0 15.7049 -0.0 15.7049 0.0 15.7049 -0.0 
15.7851 0.0 15.7851 -0.0 15.7851 0.0 15.7851 -0.0 15.7851 0.0 15.7851 -0.0 
15.8652 0.0 15.8652 -0.0 15.8652 0.0 15.8652 -0.0 15.8652 0.0 15.8652 -0.0 
15.9454 0.0 15.9454 -0.0 15.9454 0.0 15.9454 -0.0 15.9454 0.0 15.9454 -0.0 
16.0256 0.0 16.0256 -0.0 16.0256 0.0 16.0256 -0.0 16.0256 0.0 16.0256 -0.0 
16.1057 0.0 16.1057 -0.0 16.1057 0.0 16.1057 -0.0 16.1057 0.0 16.1057 -0.0 
16.1859 0.0 16.1859 -0.0 16.1859 0.0 16.1859 -0.0 16.1859 0.0 16.1859 -0.0 
16.266 0.0 16.266 -0.0 16.266 0.0 16.266 -0.0 16.266 0.0 16.266 -0.0 
16.3462 0.0 16.3462 -0.0 16.3462 0.0 16.3462 -0.0 16.3462 0.0 16.3462 -0.0 
