    -23.6538        24.95
    -23.5736            0
    -23.4935            0
    -23.4133            0
    -23.3332            0
     -23.253            0
    -23.1728            0
    -23.0927            0
    -23.0125            0
    -22.9324            0
    -22.8522            0
     -22.772            0
    -22.6919            0
    -22.6117            0
    -22.5316            0
    -22.4514            0
    -22.3712            0
    -22.2911            0
    -22.2109            0
    -22.1308            0
    -22.0506            0
    -21.9704            0
    -21.8903            0
    -21.8101            0
      -21.73            0
    -21.6498            0
    -21.5696            0
    -21.4895            0
    -21.4093            0
    -21.3292            0
     -21.249            0
    -21.1688            0
    -21.0887            0
    -21.0085            0
    -20.9283            0
    -20.8482            0
     -20.768            0
    -20.6879            0
    -20.6077            0
    -20.5275            0
    -20.4474            0
    -20.3672            0
    -20.2871            0
    -20.2069       0.0003
    -20.1267       0.0024
    -20.0466       0.0129
    -19.9664       0.0524
    -19.8863       0.1622
    -19.8061         0.39
    -19.7259       0.7472
    -19.6458       1.1849
    -19.5656       1.6321
    -19.4855       2.0466
    -19.4053       2.4043
    -19.3251       2.6832
     -19.245        2.916
    -19.1648       3.2193
    -19.0847        3.719
    -19.0045       4.4944
    -18.9243       5.6256
    -18.8442       7.2056
     -18.764       9.2418
    -18.6839      11.5268
    -18.6037      13.6079
    -18.5235      14.9711
    -18.4434      15.3129
    -18.3632      14.7049
    -18.2831      13.6733
    -18.2029      13.0679
    -18.1227       13.506
    -18.0426       14.863
    -17.9624      16.6335
    -17.8823      18.7945
    -17.8021      21.6409
    -17.7219      24.5921
    -17.6418      26.0966
    -17.5616      25.1888
    -17.4815      22.5112
    -17.4013      19.5559
    -17.3211      17.3592
     -17.241       16.051
    -17.1608      15.1903
    -17.0807      14.2363
    -17.0005      13.0067
    -16.9203      11.7812
    -16.8402      10.7191
      -16.76       9.4757
    -16.6799       7.6601
    -16.5997       5.3606
    -16.5195       3.1054
    -16.4394       1.4337
    -16.3592        0.512
    -16.2791       0.1384
    -16.1989        0.028
    -16.1187       0.0042
    -16.0386       0.0005
    -15.9584       0.0002
    -15.8782       0.0017
    -15.7981       0.0131
    -15.7179       0.0782
    -15.6378       0.3558
    -15.5576       1.2395
    -15.4774       3.3247
    -15.3973       6.9026
    -15.3171      11.1594
     -15.237      14.1447
    -15.1568      14.1472
    -15.0766      11.2073
    -14.9965       7.0214
    -14.9163       3.4526
    -14.8362       1.3167
     -14.756       0.3842
    -14.6758       0.0848
    -14.5957        0.014
    -14.5155       0.0017
    -14.4354       0.0002
    -14.3552            0
     -14.275            0
    -14.1949            0
    -14.1147            0
    -14.0346            0
    -13.9544            0
    -13.8742            0
    -13.7941            0
    -13.7139            0
    -13.6338            0
    -13.5536            0
    -13.4734            0
    -13.3933            0
    -13.3131            0
     -13.233            0
    -13.1528            0
    -13.0726            0
    -12.9925            0
    -12.9123            0
    -12.8322            0
     -12.752            0
    -12.6718            0
    -12.5917            0
    -12.5115            0
    -12.4314            0
    -12.3512            0
     -12.271            0
    -12.1909            0
    -12.1107            0
    -12.0306            0
    -11.9504            0
    -11.8702            0
    -11.7901            0
    -11.7099            0
    -11.6298            0
    -11.5496            0
    -11.4694            0
    -11.3893            0
    -11.3091            0
     -11.229            0
    -11.1488            0
    -11.0686            0
    -10.9885            0
    -10.9083            0
    -10.8281            0
     -10.748            0
    -10.6678            0
    -10.5877            0
    -10.5075            0
    -10.4273            0
    -10.3472            0
     -10.267            0
    -10.1869            0
    -10.1067            0
    -10.0265            0
    -9.94637            0
    -9.86617            0
    -9.78607       0.0001
    -9.70587       0.0008
    -9.62567       0.0052
    -9.54557        0.024
    -9.46537       0.0853
    -9.38527       0.2357
    -9.30507        0.522
    -9.22487       0.9705
    -9.14477       1.6153
    -9.06457       2.5795
    -8.98447        4.107
    -8.90427       6.4037
    -8.82407       9.3321
    -8.74397      12.3591
    -8.66377      15.0328
    -8.58367      17.4153
    -8.50347      19.7945
    -8.42327      22.1904
    -8.34317      24.5141
    -8.26297      26.9679
    -8.18287      29.8047
    -8.10267      32.8404
    -8.02247      35.5941
    -7.94237      37.7216
    -7.86217      39.0686
    -7.78207      39.5414
    -7.70187      39.1995
    -7.62167       38.505
    -7.54157      38.3066
    -7.46137      39.2534
    -7.38127      41.0608
    -7.30107      42.5478
    -7.22087      42.5917
    -7.14077       41.004
    -7.06057      38.5596
    -6.98047      36.3881
    -6.90027      35.2387
    -6.82007      35.0674
    -6.73997      35.0371
    -6.65977      33.6754
    -6.57967      29.5838
    -6.49947      22.7862
    -6.41927      15.0791
    -6.33917       8.5773
    -6.25897        4.261
    -6.17887       1.9444
    -6.09867       0.9906
    -6.01847       0.8242
    -5.93837       1.1004
    -5.85817       1.6838
    -5.77797       2.5426
    -5.69787       3.6932
    -5.61767       5.2319
    -5.53757       7.2382
    -5.45737       9.5692
    -5.37717        12.04
    -5.29707      14.8141
    -5.21687      18.0263
    -5.13677       20.977
    -5.05657      22.4486
    -4.97637      21.9749
    -4.89627      20.2744
    -4.81607      18.4287
    -4.73597      17.1062
    -4.65577       16.517
    -4.57557      16.5989
    -4.49547       17.149
    -4.41527      17.9905
    -4.33517      18.9827
    -4.25497      19.8937
    -4.17477        20.52
    -4.09467      20.8888
    -4.01447      21.0856
    -3.93437      21.0245
    -3.85417      20.6698
    -3.77397      20.2762
    -3.69387      20.1063
    -3.61367      20.1212
    -3.53357      20.2075
    -3.45337      20.5173
    -3.37317      21.3285
    -3.29307      22.6471
    -3.21287      24.0911
    -3.13277      25.1058
    -3.05257      25.3194
    -2.97237      24.8678
    -2.89227       24.333
    -2.81207      24.1973
    -2.73197      24.4141
    -2.65177      24.5767
    -2.57157      24.4351
    -2.49147      24.1438
    -2.41127      23.9589
    -2.33117      23.8583
    -2.25097      23.6104
    -2.17077      23.1291
    -2.09067       22.693
    -2.01047      22.7056
    -1.93037      23.0775
    -1.85017       23.118
    -1.76997        22.39
    -1.68987      21.3607
    -1.60967       20.865
    -1.52957       21.236
    -1.44937       22.238
    -1.36917      23.5297
    -1.28907      24.8392
    -1.20887      25.8274
    -1.12867      26.1572
    -1.04857      25.8508
   -0.968371      25.3655
   -0.888271       25.097
   -0.808071        24.94
   -0.727871      24.4389
   -0.647771      23.2502
   -0.567571      21.4488
   -0.487471      19.4373
   -0.407271      17.6298
   -0.327071      16.2673
   -0.246971      15.3236
   -0.166771      14.3898
  -0.0866706      12.8042
 -0.00647058      10.1835
   0.0737294       6.8864
    0.153829       3.8116
    0.234029       1.6783
    0.314129       0.5755
    0.394329       0.1513
    0.474529       0.0301
    0.554629       0.0045
    0.634829       0.0005
    0.714929            0
    0.795129            0
    0.875329            0
    0.955429       0.0002
     1.03563       0.0015
     1.11573        0.011
     1.19593       0.0592
     1.27613       0.2429
     1.35623       0.7695
     1.43643       1.9251
     1.51653       3.9195
     1.59673       6.7159
     1.67693       9.9879
     1.75703      13.1787
     1.83723      15.5807
     1.91733      16.4765
     1.99753      15.5035
     2.07773      13.1372
     2.15783      10.6623
     2.23803       9.3366
     2.31813       9.5599
     2.39833      10.8911
     2.47853      12.5194
     2.55863      13.5076
     2.63883      13.1638
     2.71893      11.7711
     2.79913      10.6468
     2.87933      10.9854
     2.95943      12.7557
     3.03963      15.0422
     3.11973      17.2709
     3.19993      19.4773
     3.28013      21.3474
     3.36023      21.9146
     3.44043      20.7032
     3.52053      18.5715
     3.60073      16.8779
     3.68093      15.9839
     3.76103      14.9271
     3.84123      12.6287
     3.92143        9.138
     4.00153       5.5117
     4.08173       2.7774
     4.16183       1.2591
     4.24203       0.6651
     4.32223       0.5162
     4.40233       0.4868
     4.48253       0.4853
     4.56263       0.5272
     4.64283       0.6023
     4.72303       0.6736
     4.80313       0.7352
     4.88333       0.8072
     4.96343       0.8776
     5.04363       0.8931
     5.12383       0.8269
     5.20393       0.7241
     5.28413       0.6793
     5.36423       0.7891
     5.44443        1.079
     5.52463       1.4516
     5.60473       1.7453
     5.68493        1.854
     5.76503       1.7907
     5.84523       1.6726
     5.92543       1.6461
     6.00553       1.7861
     6.08573       2.0364
     6.16583       2.2639
     6.24603       2.3877
     6.32623       2.4672
     6.40633       2.6857
     6.48653       3.2293
     6.56663       4.1205
     6.64683       5.1656
     6.72703       6.1183
     6.80713       6.8999
     6.88733       7.6375
     6.96743       8.5232
     7.04763       9.6668
     7.12783      11.0027
     7.20793      12.2352
     7.28813      12.9364
     7.36823      12.8246
     7.44843      11.9662
     7.52863      10.7038
     7.60873       9.3966
     7.68893       8.2324
     7.76903       7.3131
     7.84923       6.7919
     7.92943       6.6823
     8.00953       6.6411
     8.08973       6.2832
     8.16983         5.63
     8.25003        5.008
     8.33023       4.6915
     8.41033       4.7865
     8.49053       5.1947
     8.57063       5.5968
     8.65083       5.6779
     8.73103       5.4103
     8.81113       5.0197
     8.89133       4.7228
     8.97153       4.5648
     9.05163       4.4399
     9.13183       4.2033
     9.21193       3.8112
     9.29213       3.3851
     9.37233        3.089
     9.45243       2.9364
     9.53263        2.788
     9.61273       2.5176
     9.69293       2.1049
     9.77313       1.6124
     9.85323       1.1307
     9.93343       0.7237
     10.0135       0.4118
     10.0937       0.1979
     10.1739       0.0761
      10.254       0.0225
     10.3342        0.005
     10.4143       0.0008
     10.4945       0.0001
     10.5747            0
     10.6548            0
      10.735            0
     10.8151            0
     10.8953            0
     10.9755            0
     11.0556            0
     11.1358            0
     11.2159            0
     11.2961            0
     11.3763            0
     11.4564            0
     11.5366            0
     11.6167            0
     11.6969            0
     11.7771            0
     11.8572            0
     11.9374            0
     12.0175            0
     12.0977            0
     12.1779            0
      12.258            0
     12.3382            0
     12.4183            0
     12.4985            0
     12.5787            0
     12.6588            0
      12.739            0
     12.8191            0
     12.8993            0
     12.9795            0
     13.0596            0
     13.1398            0
     13.2199            0
     13.3001            0
     13.3803            0
     13.4604            0
     13.5406            0
     13.6207            0
     13.7009            0
     13.7811            0
     13.8612            0
     13.9414            0
     14.0216            0
     14.1017            0
     14.1819            0
      14.262            0
     14.3422            0
     14.4224            0
     14.5025            0
     14.5827            0
     14.6628            0
      14.743            0
     14.8232            0
     14.9033            0
     14.9835            0
     15.0636            0
     15.1438            0
      15.224            0
     15.3041            0
     15.3843            0
     15.4644            0
     15.5446            0
     15.6248            0
     15.7049            0
     15.7851            0
     15.8652            0
     15.9454            0
     16.0256            0
     16.1057            0
     16.1859            0
      16.266            0
     16.3462            0

    -23.6538       -24.95
    -23.5736           -0
    -23.4935           -0
    -23.4133           -0
    -23.3332           -0
     -23.253           -0
    -23.1728           -0
    -23.0927           -0
    -23.0125           -0
    -22.9324           -0
    -22.8522           -0
     -22.772           -0
    -22.6919           -0
    -22.6117           -0
    -22.5316           -0
    -22.4514           -0
    -22.3712           -0
    -22.2911           -0
    -22.2109           -0
    -22.1308           -0
    -22.0506           -0
    -21.9704           -0
    -21.8903           -0
    -21.8101           -0
      -21.73           -0
    -21.6498           -0
    -21.5696           -0
    -21.4895           -0
    -21.4093           -0
    -21.3292           -0
     -21.249           -0
    -21.1688           -0
    -21.0887           -0
    -21.0085           -0
    -20.9283           -0
    -20.8482           -0
     -20.768           -0
    -20.6879           -0
    -20.6077           -0
    -20.5275           -0
    -20.4474           -0
    -20.3672           -0
    -20.2871           -0
    -20.2069           -0
    -20.1267           -0
    -20.0466      -0.0001
    -19.9664      -0.0012
    -19.8863      -0.0071
    -19.8061      -0.0327
    -19.7259      -0.1142
    -19.6458      -0.3076
    -19.5656      -0.6546
    -19.4855      -1.1364
    -19.4053      -1.6721
    -19.3251      -2.1624
     -19.245      -2.5223
    -19.1648      -2.7197
    -19.0847      -2.8358
    -19.0045      -3.0391
    -18.9243       -3.447
    -18.8442      -4.0627
     -18.764      -4.8896
    -18.6839      -6.0281
    -18.6037      -7.5787
    -18.5235      -9.4874
    -18.4434     -11.5366
    -18.3632     -13.3384
    -18.2831     -14.1846
    -18.2029     -13.3265
    -18.1227     -10.9584
    -18.0426      -8.5682
    -17.9624      -7.6936
    -17.8823      -8.5889
    -17.8021     -10.4663
    -17.7219     -12.6058
    -17.6418     -14.8158
    -17.5616      -17.132
    -17.4815     -19.4744
    -17.4013     -21.5321
    -17.3211     -22.8185
     -17.241     -22.9608
    -17.1608     -22.2114
    -17.0807     -21.6286
    -17.0005     -22.2703
    -16.9203     -23.9627
    -16.8402     -25.1407
      -16.76     -24.1292
    -16.6799     -20.4664
    -16.5997     -15.0164
    -16.5195      -9.2822
    -16.4394      -4.6725
    -16.3592      -1.8524
    -16.2791      -0.5633
    -16.1989       -0.129
    -16.1187       -0.022
    -16.0386      -0.0028
    -15.9584      -0.0004
    -15.8782      -0.0012
    -15.7981      -0.0095
    -15.7179      -0.0587
    -15.6378      -0.2779
    -15.5576        -1.01
    -15.4774      -2.8339
    -15.3973      -6.1615
    -15.3171     -10.4266
     -15.237     -13.8085
    -15.1568     -14.3997
    -15.0766     -11.8806
    -14.9965      -7.7599
    -14.9163      -3.9911
    -14.8362      -1.5994
     -14.756      -0.4929
    -14.6758      -0.1153
    -14.5957      -0.0203
    -14.5155      -0.0027
    -14.4354      -0.0003
    -14.3552           -0
     -14.275           -0
    -14.1949           -0
    -14.1147           -0
    -14.0346           -0
    -13.9544           -0
    -13.8742           -0
    -13.7941           -0
    -13.7139           -0
    -13.6338           -0
    -13.5536           -0
    -13.4734           -0
    -13.3933           -0
    -13.3131           -0
     -13.233           -0
    -13.1528           -0
    -13.0726           -0
    -12.9925           -0
    -12.9123           -0
    -12.8322           -0
     -12.752           -0
    -12.6718           -0
    -12.5917           -0
    -12.5115           -0
    -12.4314           -0
    -12.3512           -0
     -12.271           -0
    -12.1909           -0
    -12.1107           -0
    -12.0306           -0
    -11.9504           -0
    -11.8702           -0
    -11.7901           -0
    -11.7099           -0
    -11.6298           -0
    -11.5496           -0
    -11.4694           -0
    -11.3893           -0
    -11.3091           -0
     -11.229           -0
    -11.1488           -0
    -11.0686           -0
    -10.9885           -0
    -10.9083           -0
    -10.8281           -0
     -10.748           -0
    -10.6678           -0
    -10.5877           -0
    -10.5075           -0
    -10.4273           -0
    -10.3472           -0
     -10.267           -0
    -10.1869           -0
    -10.1067           -0
    -10.0265           -0
    -9.94637           -0
    -9.86617           -0
    -9.78607           -0
    -9.70587           -0
    -9.62567           -0
    -9.54557           -0
    -9.46537           -0
    -9.38527           -0
    -9.30507      -0.0002
    -9.22487      -0.0016
    -9.14477      -0.0109
    -9.06457      -0.0555
    -8.98447      -0.2088
    -8.90427      -0.5877
    -8.82407      -1.2533
    -8.74397      -2.0852
    -8.66377      -2.8883
    -8.58367      -3.7363
    -8.50347      -5.0226
    -8.42327      -6.9523
    -8.34317      -9.1437
    -8.26297     -11.0096
    -8.18287     -12.4397
    -8.10267     -13.7022
    -8.02247     -14.6576
    -7.94237     -14.7985
    -7.86217     -14.4259
    -7.78207     -14.9116
    -7.70187     -17.2081
    -7.62167     -20.8775
    -7.54157     -24.8758
    -7.46137     -28.1961
    -7.38127     -29.4951
    -7.30107     -27.5691
    -7.22087     -22.9603
    -7.14077     -18.0142
    -7.06057     -14.7603
    -6.98047     -13.5727
    -6.90027     -13.9214
    -6.82007     -15.2288
    -6.73997     -16.6323
    -6.65977     -16.8061
    -6.57967     -14.8347
    -6.49947     -11.2128
    -6.41927      -7.5369
    -6.33917      -5.1339
    -6.25897      -4.2455
    -6.17887      -4.4141
    -6.09867      -5.1434
    -6.01847      -6.0661
    -5.93837      -6.8722
    -5.85817      -7.4299
    -5.77797        -7.92
    -5.69787        -8.66
    -5.61767      -9.8151
    -5.53757     -11.3067
    -5.45737     -12.9701
    -5.37717      -14.797
    -5.29707     -16.8362
    -5.21687     -18.7367
    -5.13677     -19.7586
    -5.05657     -19.5642
    -4.97637     -18.7341
    -4.89627     -18.1578
    -4.81607     -18.1314
    -4.73597     -18.3542
    -4.65577     -18.4997
    -4.57557     -18.4276
    -4.49547     -18.1339
    -4.41527     -17.8317
    -4.33517     -17.9703
    -4.25497     -18.9862
    -4.17477     -20.9021
    -4.09467     -23.1382
    -4.01447     -24.9054
    -3.93437     -25.8561
    -3.85417     -26.1739
    -3.77397     -26.0879
    -3.69387     -25.6591
    -3.61367     -25.0607
    -3.53357     -24.6369
    -3.45337     -24.6222
    -3.37317     -25.1441
    -3.29307     -26.3287
    -3.21287     -28.0216
    -3.13277     -29.6471
    -3.05257     -30.6469
    -2.97237     -30.9082
    -2.89227     -30.6822
    -2.81207     -30.2228
    -2.73197     -29.5664
    -2.65177     -28.6419
    -2.57157     -27.5132
    -2.49147     -26.3977
    -2.41127     -25.4634
    -2.33117     -24.7204
    -2.25097     -24.1516
    -2.17077     -23.9048
    -2.09067     -24.2165
    -2.01047     -25.0084
    -1.93037     -25.6803
    -1.85017     -25.5955
    -1.76997     -24.8183
    -1.68987     -24.0572
    -1.60967     -23.7555
    -1.52957      -23.651
    -1.44937     -23.3513
    -1.36917     -22.7666
    -1.28907     -21.8136
    -1.20887     -20.2643
    -1.12867     -18.1102
    -1.04857      -15.812
   -0.968371     -14.0604
   -0.888271     -13.2734
   -0.808071     -13.2838
   -0.727871     -13.5035
   -0.647771     -13.3419
   -0.567571     -12.4439
   -0.487471     -10.6855
   -0.407271      -8.1783
   -0.327071      -5.3556
   -0.246971      -2.8779
   -0.166771      -1.2254
  -0.0866706      -0.4032
 -0.00647058      -0.1008
   0.0737294       -0.019
    0.153829      -0.0027
    0.234029      -0.0003
    0.314129           -0
    0.394329           -0
    0.474529           -0
    0.554629           -0
    0.634829           -0
    0.714929           -0
    0.795129           -0
    0.875329      -0.0001
    0.955429      -0.0008
     1.03563      -0.0064
     1.11573      -0.0384
     1.19593      -0.1751
     1.27613      -0.6149
     1.35623      -1.6837
     1.43643      -3.6445
     1.51653      -6.3373
     1.59673      -9.0362
     1.67693     -10.9166
     1.75703     -11.8679
     1.83723     -12.7839
     1.91733     -14.8416
     1.99753     -18.4069
     2.07773     -22.7306
     2.15783      -26.709
     2.23803     -29.7772
     2.31813     -32.0975
     2.39833     -34.1691
     2.47853     -36.4495
     2.55863     -39.3095
     2.63883     -43.0256
     2.71893     -47.3346
     2.79913     -51.0412
     2.87933     -52.5783
     2.95943     -51.1257
     3.03963     -47.2181
     3.11973     -42.4403
     3.19993     -38.4494
     3.28013     -36.0677
     3.36023     -35.1373
     3.44043     -34.9359
     3.52053     -34.5075
     3.60073     -32.9155
     3.68093     -29.8114
     3.76103     -25.7715
     3.84123     -21.6364
     3.92143     -17.6512
     4.00153     -13.6579
     4.08173      -9.8864
     4.16183      -6.9808
     4.24203      -5.2111
     4.32223      -4.1132
     4.40233      -3.0785
     4.48253      -1.9834
     4.56263      -1.0798
     4.64283      -0.5614
     4.72303      -0.4191
     4.80313      -0.5355
     4.88333       -0.748
     4.96343      -0.8868
     5.04363      -0.8616
     5.12383      -0.7155
     5.20393      -0.5738
     5.28413      -0.5498
     5.36423      -0.6834
     5.44443      -0.9327
     5.52463      -1.1882
     5.60473      -1.3184
     5.68493      -1.2893
     5.76503      -1.2195
     5.84523      -1.2486
     5.92543      -1.4048
     6.00553      -1.6393
     6.08573      -1.8958
     6.16583      -2.1092
     6.24603      -2.2307
     6.32623       -2.316
     6.40633      -2.5007
     6.48653      -2.8323
     6.56663      -3.2552
     6.64683      -3.7758
     6.72703      -4.4605
     6.80713      -5.2766
     6.88733      -6.1267
     6.96743      -7.0343
     7.04763      -8.1456
     7.12783      -9.5274
     7.20793     -11.0518
     7.28813     -12.4747
     7.36823     -13.5141
     7.44843     -13.8953
     7.52863     -13.5091
     7.60873      -12.572
     7.68893     -11.5039
     7.76903     -10.5519
     7.84923      -9.5932
     7.92943      -8.3939
     8.00953      -6.9901
     8.08973      -5.7016
     8.16983      -4.8103
     8.25003      -4.3423
     8.33023      -4.1772
     8.41033       -4.236
     8.49053      -4.4668
     8.57063      -4.7506
     8.65083      -4.9589
     8.73103      -5.0531
     8.81113      -5.0481
     8.89133      -4.9421
     8.97153      -4.7079
     9.05163      -4.3278
     9.13183      -3.8816
     9.21193      -3.5452
     9.29213      -3.3818
     9.37233      -3.2315
     9.45243      -2.9135
     9.53263      -2.4594
     9.61273      -2.0886
     9.69293      -1.9562
     9.77313      -1.9622
     9.85323      -1.8743
     9.93343      -1.6156
     10.0135      -1.3313
     10.0937      -1.1608
     10.1739      -1.0518
      10.254      -0.8627
     10.3342      -0.5721
     10.4143      -0.2908
     10.4945      -0.1109
     10.5747      -0.0314
     10.6548      -0.0066
      10.735       -0.001
     10.8151      -0.0001
     10.8953           -0
     10.9755           -0
     11.0556           -0
     11.1358           -0
     11.2159           -0
     11.2961           -0
     11.3763           -0
     11.4564           -0
     11.5366           -0
     11.6167           -0
     11.6969           -0
     11.7771           -0
     11.8572           -0
     11.9374           -0
     12.0175           -0
     12.0977           -0
     12.1779           -0
      12.258           -0
     12.3382           -0
     12.4183           -0
     12.4985           -0
     12.5787           -0
     12.6588           -0
      12.739           -0
     12.8191           -0
     12.8993           -0
     12.9795           -0
     13.0596           -0
     13.1398           -0
     13.2199           -0
     13.3001           -0
     13.3803           -0
     13.4604           -0
     13.5406           -0
     13.6207           -0
     13.7009           -0
     13.7811           -0
     13.8612           -0
     13.9414           -0
     14.0216           -0
     14.1017           -0
     14.1819           -0
      14.262           -0
     14.3422           -0
     14.4224           -0
     14.5025           -0
     14.5827           -0
     14.6628           -0
      14.743           -0
     14.8232           -0
     14.9033           -0
     14.9835           -0
     15.0636           -0
     15.1438           -0
      15.224           -0
     15.3041           -0
     15.3843           -0
     15.4644           -0
     15.5446           -0
     15.6248           -0
     15.7049           -0
     15.7851           -0
     15.8652           -0
     15.9454           -0
     16.0256           -0
     16.1057           -0
     16.1859           -0
      16.266           -0
     16.3462           -0

    -23.6538            0
    -23.5736            0
    -23.4935            0
    -23.4133            0
    -23.3332            0
     -23.253            0
    -23.1728            0
    -23.0927            0
    -23.0125            0
    -22.9324            0
    -22.8522            0
     -22.772            0
    -22.6919            0
    -22.6117            0
    -22.5316            0
    -22.4514            0
    -22.3712            0
    -22.2911            0
    -22.2109            0
    -22.1308            0
    -22.0506            0
    -21.9704            0
    -21.8903            0
    -21.8101            0
      -21.73            0
    -21.6498            0
    -21.5696            0
    -21.4895            0
    -21.4093            0
    -21.3292            0
     -21.249            0
    -21.1688            0
    -21.0887            0
    -21.0085            0
    -20.9283            0
    -20.8482            0
     -20.768            0
    -20.6879            0
    -20.6077            0
    -20.5275            0
    -20.4474            0
    -20.3672            0
    -20.2871            0
    -20.2069            0
    -20.1267            0
    -20.0466            0
    -19.9664       0.0001
    -19.8863       0.0006
    -19.8061       0.0023
    -19.7259       0.0051
    -19.6458       0.0088
    -19.5656       0.0134
    -19.4855       0.0197
    -19.4053       0.0262
    -19.3251       0.0338
     -19.245       0.0432
    -19.1648       0.0555
    -19.0847       0.0739
    -19.0045       0.1025
    -18.9243       0.1523
    -18.8442       0.2391
     -18.764       0.3686
    -18.6839       0.5235
    -18.6037       0.6631
    -18.5235        0.743
    -18.4434       0.7459
    -18.3632       0.6817
    -18.2831       0.5924
    -18.2029       0.5293
    -18.1227       0.5321
    -18.0426       0.6031
    -17.9624       0.7216
    -17.8823       0.8933
    -17.8021       1.1289
    -17.7219       1.3744
    -17.6418       1.5086
    -17.5616       1.4532
    -17.4815       1.2477
    -17.4013        1.006
    -17.3211       0.8161
     -17.241       0.7038
    -17.1608       0.6528
    -17.0807       0.6286
    -17.0005       0.6113
    -16.9203       0.5965
    -16.8402       0.5749
      -16.76       0.5227
    -16.6799       0.4255
    -16.5997       0.2966
    -16.5195       0.1711
    -16.4394       0.0784
    -16.3592       0.0276
    -16.2791       0.0073
    -16.1989       0.0013
    -16.1187       0.0002
    -16.0386            0
    -15.9584            0
    -15.8782            0
    -15.7981            0
    -15.7179       0.0001
    -15.6378       0.0007
    -15.5576       0.0045
    -15.4774       0.0137
    -15.3973       0.0279
    -15.3171       0.0454
     -15.237       0.0567
    -15.1568       0.0566
    -15.0766        0.044
    -14.9965       0.0274
    -14.9163       0.0119
    -14.8362       0.0048
     -14.756       0.0005
    -14.6758            0
    -14.5957            0
    -14.5155            0
    -14.4354            0
    -14.3552            0
     -14.275            0
    -14.1949            0
    -14.1147            0
    -14.0346            0
    -13.9544            0
    -13.8742            0
    -13.7941            0
    -13.7139            0
    -13.6338            0
    -13.5536            0
    -13.4734            0
    -13.3933            0
    -13.3131            0
     -13.233            0
    -13.1528            0
    -13.0726            0
    -12.9925            0
    -12.9123            0
    -12.8322            0
     -12.752            0
    -12.6718            0
    -12.5917            0
    -12.5115            0
    -12.4314            0
    -12.3512            0
     -12.271            0
    -12.1909            0
    -12.1107            0
    -12.0306            0
    -11.9504            0
    -11.8702            0
    -11.7901            0
    -11.7099            0
    -11.6298            0
    -11.5496            0
    -11.4694            0
    -11.3893            0
    -11.3091            0
     -11.229            0
    -11.1488            0
    -11.0686            0
    -10.9885            0
    -10.9083            0
    -10.8281            0
     -10.748            0
    -10.6678            0
    -10.5877            0
    -10.5075            0
    -10.4273            0
    -10.3472            0
     -10.267            0
    -10.1869            0
    -10.1067            0
    -10.0265            0
    -9.94637            0
    -9.86617            0
    -9.78607            0
    -9.70587       0.0001
    -9.62567       0.0031
    -9.54557       0.0143
    -9.46537       0.0511
    -9.38527       0.1428
    -9.30507       0.3199
    -9.22487       0.6045
    -9.14477       1.0337
    -9.06457       1.7122
    -8.98447       2.8344
    -8.90427       4.5586
    -8.82407       6.7787
    -8.74397        9.079
    -8.66377      11.1097
    -8.58367      12.9214
    -8.50347      14.7336
    -8.42327      16.5465
    -8.34317      18.2797
    -8.26297      20.1094
    -8.18287        22.28
    -8.10267      24.6759
    -8.02247      26.9064
    -7.94237      28.6623
    -7.86217      29.8072
    -7.78207      30.2768
    -7.70187       30.129
    -7.62167      29.7298
    -7.54157        29.75
    -7.46137      30.7432
    -7.38127      32.5328
    -7.30107      34.1723
    -7.22087      34.6683
    -7.14077      33.7616
    -7.06057      32.0528
    -6.98047      30.5343
    -6.90027      29.8934
    -6.82007      30.1188
    -6.73997      30.4863
    -6.65977       29.672
    -6.57967      26.3655
    -6.49947      20.5157
    -6.41927      13.7009
    -6.33917        7.847
    -6.25897       3.8848
    -6.17887       1.6806
    -6.09867       0.6668
    -6.01847       0.3119
    -5.93837       0.2738
    -5.85817       0.3871
    -5.77797       0.5857
    -5.69787       0.8482
    -5.61767       1.1788
    -5.53757       1.5814
    -5.45737       2.0134
    -5.37717       2.4228
    -5.29707       2.8366
    -5.21687       3.3127
    -5.13677       3.7777
    -5.05657       4.0532
    -4.97637       4.0596
    -4.89627       3.8912
    -4.81607       3.6813
    -4.73597       3.4987
    -4.65577       3.3723
    -4.57557       3.3293
    -4.49547       3.3836
    -4.41527       3.5272
    -4.33517       3.7174
    -4.25497       3.8644
    -4.17477       3.8982
    -4.09467       3.8345
    -4.01447       3.7349
    -3.93437       3.6246
    -3.85417       3.5012
    -3.77397       3.3893
    -3.69387       3.3206
    -3.61367        3.284
    -3.53357       3.2585
    -3.45337       3.2586
    -3.37317       3.3268
    -3.29307       3.4778
    -3.21287       3.6673
    -3.13277        3.819
    -3.05257       3.8655
    -2.97237       3.8185
    -2.89227       3.7729
    -2.81207       3.8068
    -2.73197       3.9067
    -2.65177       3.9962
    -2.57157       4.0369
    -2.49147       4.0571
    -2.41127       4.0924
    -2.33117        4.116
    -2.25097       4.0801
    -2.17077       3.9921
    -2.09067       3.9313
    -2.01047       3.9763
    -1.93037         4.08
    -1.85017       4.0887
    -1.76997        3.925
    -1.68987       3.7056
    -1.60967       3.6178
    -1.52957       3.7321
    -1.44937        3.985
    -1.36917       4.2745
    -1.28907       4.5092
    -1.20887       4.6268
    -1.12867       4.6171
    -1.04857       4.5466
   -0.968371       4.5162
   -0.888271       4.5768
   -0.808071       4.6717
   -0.727871       4.6925
   -0.647771       4.5628
   -0.567571       4.3017
   -0.487471       4.0031
   -0.407271       3.7599
   -0.327071       3.6213
   -0.246971       3.5693
   -0.166771       3.4912
  -0.0866706       3.2085
 -0.00647058       2.6138
   0.0737294       1.7987
    0.153829       1.0079
    0.234029        0.447
    0.314129       0.1533
    0.394329       0.0406
    0.474529       0.0076
    0.554629       0.0007
    0.634829            0
    0.714929            0
    0.795129            0
    0.875329            0
    0.955429            0
     1.03563       0.0012
     1.11573       0.0084
     1.19593       0.0456
     1.27613       0.1888
     1.35623       0.5984
     1.43643       1.4956
     1.51653       3.0485
     1.59673       5.2359
     1.67693       7.8172
     1.75703      10.3612
     1.83723      12.2987
     1.91733      13.0366
     1.99753       12.268
     2.07773      10.3669
     2.15783       8.3683
     2.23803        7.288
     2.31813       7.4556
     2.39833       8.5155
     2.47853        9.808
     2.55863      10.5827
     2.63883      10.3207
     2.71893       9.2909
     2.79913       8.5631
     2.87933       9.0746
     2.95943      10.7508
     3.03963      12.7987
     3.11973      14.7214
     3.19993      16.5372
     3.28013      17.9695
     3.36023      18.1901
     3.44043      16.8131
     3.52053      14.6149
     3.60073      12.8159
     3.68093      11.8069
     3.76103      10.8674
     3.84123       9.1307
     3.92143       6.5701
     4.00153       3.9188
     4.08173       1.9036
     4.16183       0.7435
     4.24203       0.2343
     4.32223       0.0651
     4.40233       0.0228
     4.48253       0.0149
     4.56263       0.0149
     4.64283       0.0168
     4.72303       0.0183
     4.80313       0.0202
     4.88333       0.0215
     4.96343       0.0234
     5.04363       0.0234
     5.12383       0.0218
     5.20393       0.0188
     5.28413       0.0178
     5.36423       0.0212
     5.44443       0.0292
     5.52463       0.0394
     5.60473        0.047
     5.68493       0.0511
     5.76503       0.0486
     5.84523       0.0463
     5.92543       0.0462
     6.00553       0.0519
     6.08573       0.0627
     6.16583       0.0737
     6.24603       0.0803
     6.32623       0.0843
     6.40633       0.0923
     6.48653       0.1139
     6.56663       0.1542
     6.64683       0.2045
     6.72703       0.2499
     6.80713       0.2787
     6.88733       0.2934
     6.96743       0.2992
     7.04763       0.3065
     7.12783       0.3215
     7.20793       0.3358
     7.28813        0.342
     7.36823        0.334
     7.44843       0.3146
     7.52863       0.2892
     7.60873       0.2626
     7.68893       0.2378
     7.76903       0.2209
     7.84923         0.22
     7.92943       0.2317
     8.00953       0.2396
     8.08973       0.2304
     8.16983       0.2083
     8.25003       0.1907
     8.33023       0.1899
     8.41033       0.2077
     8.49053       0.2396
     8.57063       0.2672
     8.65083       0.2777
     8.73103       0.2679
     8.81113       0.2499
     8.89133       0.2372
     8.97153       0.2306
     9.05163       0.2273
     9.13183       0.2183
     9.21193       0.2001
     9.29213       0.1783
     9.37233       0.1638
     9.45243       0.1571
     9.53263       0.1512
     9.61273       0.1395
     9.69293       0.1201
     9.77313       0.0935
     9.85323       0.0656
     9.93343       0.0431
     10.0135       0.0242
     10.0937       0.0114
     10.1739       0.0029
      10.254       0.0005
     10.3342            0
     10.4143            0
     10.4945            0
     10.5747            0
     10.6548            0
      10.735            0
     10.8151            0
     10.8953            0
     10.9755            0
     11.0556            0
     11.1358            0
     11.2159            0
     11.2961            0
     11.3763            0
     11.4564            0
     11.5366            0
     11.6167            0
     11.6969            0
     11.7771            0
     11.8572            0
     11.9374            0
     12.0175            0
     12.0977            0
     12.1779            0
      12.258            0
     12.3382            0
     12.4183            0
     12.4985            0
     12.5787            0
     12.6588            0
      12.739            0
     12.8191            0
     12.8993            0
     12.9795            0
     13.0596            0
     13.1398            0
     13.2199            0
     13.3001            0
     13.3803            0
     13.4604            0
     13.5406            0
     13.6207            0
     13.7009            0
     13.7811            0
     13.8612            0
     13.9414            0
     14.0216            0
     14.1017            0
     14.1819            0
      14.262            0
     14.3422            0
     14.4224            0
     14.5025            0
     14.5827            0
     14.6628            0
      14.743            0
     14.8232            0
     14.9033            0
     14.9835            0
     15.0636            0
     15.1438            0
      15.224            0
     15.3041            0
     15.3843            0
     15.4644            0
     15.5446            0
     15.6248            0
     15.7049            0
     15.7851            0
     15.8652            0
     15.9454            0
     16.0256            0
     16.1057            0
     16.1859            0
      16.266            0
     16.3462            0

    -23.6538           -0
    -23.5736           -0
    -23.4935           -0
    -23.4133           -0
    -23.3332           -0
     -23.253           -0
    -23.1728           -0
    -23.0927           -0
    -23.0125           -0
    -22.9324           -0
    -22.8522           -0
     -22.772           -0
    -22.6919           -0
    -22.6117           -0
    -22.5316           -0
    -22.4514           -0
    -22.3712           -0
    -22.2911           -0
    -22.2109           -0
    -22.1308           -0
    -22.0506           -0
    -21.9704           -0
    -21.8903           -0
    -21.8101           -0
      -21.73           -0
    -21.6498           -0
    -21.5696           -0
    -21.4895           -0
    -21.4093           -0
    -21.3292           -0
     -21.249           -0
    -21.1688           -0
    -21.0887           -0
    -21.0085           -0
    -20.9283           -0
    -20.8482           -0
     -20.768           -0
    -20.6879           -0
    -20.6077           -0
    -20.5275           -0
    -20.4474           -0
    -20.3672           -0
    -20.2871           -0
    -20.2069           -0
    -20.1267           -0
    -20.0466           -0
    -19.9664           -0
    -19.8863           -0
    -19.8061           -0
    -19.7259      -0.0002
    -19.6458      -0.0012
    -19.5656      -0.0034
    -19.4855      -0.0083
    -19.4053      -0.0155
    -19.3251      -0.0255
     -19.245      -0.0363
    -19.1648      -0.0454
    -19.0847      -0.0528
    -19.0045      -0.0614
    -18.9243      -0.0721
    -18.8442      -0.0877
     -18.764      -0.1127
    -18.6839      -0.1559
    -18.6037       -0.223
    -18.5235      -0.3089
    -18.4434      -0.4023
    -18.3632      -0.4839
    -18.2831      -0.5238
    -18.2029      -0.4895
    -18.1227      -0.3812
    -18.0426      -0.2557
    -17.9624      -0.1761
    -17.8823      -0.1652
    -17.8021      -0.2099
    -17.7219      -0.2906
    -17.6418      -0.3973
    -17.5616      -0.5266
    -17.4815      -0.6614
    -17.4013      -0.7803
    -17.3211      -0.8576
     -17.241      -0.8795
    -17.1608       -0.861
    -17.0807      -0.8478
    -17.0005      -0.8836
    -16.9203       -0.964
    -16.8402      -1.0299
      -16.76       -1.007
    -16.6799      -0.8729
    -16.5997      -0.6543
    -16.5195      -0.4125
    -16.4394      -0.2109
    -16.3592      -0.0839
    -16.2791      -0.0257
    -16.1989      -0.0051
    -16.1187      -0.0007
    -16.0386           -0
    -15.9584           -0
    -15.8782           -0
    -15.7981           -0
    -15.7179           -0
    -15.6378      -0.0004
    -15.5576       -0.002
    -15.4774       -0.008
    -15.3973      -0.0176
    -15.3171      -0.0312
     -15.237      -0.0417
    -15.1568      -0.0442
    -15.0766      -0.0367
    -14.9965      -0.0248
    -14.9163      -0.0121
    -14.8362      -0.0045
     -14.756      -0.0009
    -14.6758      -0.0001
    -14.5957           -0
    -14.5155           -0
    -14.4354           -0
    -14.3552           -0
     -14.275           -0
    -14.1949           -0
    -14.1147           -0
    -14.0346           -0
    -13.9544           -0
    -13.8742           -0
    -13.7941           -0
    -13.7139           -0
    -13.6338           -0
    -13.5536           -0
    -13.4734           -0
    -13.3933           -0
    -13.3131           -0
     -13.233           -0
    -13.1528           -0
    -13.0726           -0
    -12.9925           -0
    -12.9123           -0
    -12.8322           -0
     -12.752           -0
    -12.6718           -0
    -12.5917           -0
    -12.5115           -0
    -12.4314           -0
    -12.3512           -0
     -12.271           -0
    -12.1909           -0
    -12.1107           -0
    -12.0306           -0
    -11.9504           -0
    -11.8702           -0
    -11.7901           -0
    -11.7099           -0
    -11.6298           -0
    -11.5496           -0
    -11.4694           -0
    -11.3893           -0
    -11.3091           -0
     -11.229           -0
    -11.1488           -0
    -11.0686           -0
    -10.9885           -0
    -10.9083           -0
    -10.8281           -0
     -10.748           -0
    -10.6678           -0
    -10.5877           -0
    -10.5075           -0
    -10.4273           -0
    -10.3472           -0
     -10.267           -0
    -10.1869           -0
    -10.1067           -0
    -10.0265           -0
    -9.94637           -0
    -9.86617           -0
    -9.78607           -0
    -9.70587           -0
    -9.62567           -0
    -9.54557           -0
    -9.46537           -0
    -9.38527           -0
    -9.30507           -0
    -9.22487       -0.001
    -9.14477      -0.0074
    -9.06457       -0.038
    -8.98447      -0.1434
    -8.90427      -0.4045
    -8.82407      -0.8657
    -8.74397      -1.4475
    -8.66377      -2.0271
    -8.58367      -2.6727
    -8.50347      -3.6695
    -8.42327      -5.1493
    -8.34317       -6.819
    -8.26297      -8.2532
    -8.18287      -9.3935
    -8.10267     -10.4402
    -8.02247     -11.2514
    -7.94237     -11.4169
    -7.86217      -11.204
    -7.78207     -11.6974
    -7.70187     -13.5814
    -7.62167     -16.4279
    -7.54157      -19.422
    -7.46137     -21.8918
    -7.38127     -22.8894
    -7.30107     -21.4566
    -7.22087     -17.9293
    -7.14077     -14.0869
    -7.06057     -11.5235
    -6.98047     -10.5654
    -6.90027     -10.8373
    -6.82007      -11.899
    -6.73997     -13.0451
    -6.65977     -13.1642
    -6.57967     -11.4511
    -6.49947      -8.2422
    -6.41927      -4.8367
    -6.33917      -2.3914
    -6.25897      -1.1667
    -6.17887      -0.7629
    -6.09867      -0.7182
    -6.01847      -0.7669
    -5.93837      -0.7996
    -5.85817      -0.7999
    -5.77797      -0.8167
    -5.69787      -0.8946
    -5.61767      -1.0339
    -5.53757       -1.201
    -5.45737      -1.3718
    -5.37717      -1.5493
    -5.29707      -1.7504
    -5.21687      -1.9637
    -5.13677      -2.1489
    -5.05657      -2.2897
    -4.97637      -2.4352
    -4.89627       -2.636
    -4.81607      -2.8768
    -4.73597      -3.0772
    -4.65577      -3.1709
    -4.57557      -3.1422
    -4.49547       -3.023
    -4.41527      -2.9058
    -4.33517      -2.9197
    -4.25497      -3.1723
    -4.17477        -3.67
    -4.09467      -4.2724
    -4.01447      -4.7713
    -3.93437      -5.0453
    -3.85417      -5.1128
    -3.77397      -5.0539
    -3.69387      -4.9313
    -3.61367      -4.8072
    -3.53357      -4.7551
    -3.45337      -4.8203
    -3.37317      -5.0207
    -3.29307      -5.3713
    -3.21287      -5.8253
    -3.13277       -6.252
    -3.05257      -6.5126
    -2.97237      -6.5508
    -2.89227      -6.3932
    -2.81207      -6.0997
    -2.73197      -5.7216
    -2.65177      -5.2927
    -2.57157       -4.862
    -2.49147      -4.4884
    -2.41127      -4.2028
    -2.33117      -3.9875
    -2.25097      -3.8189
    -2.17077      -3.7185
    -2.09067      -3.7248
    -2.01047      -3.8115
    -1.93037      -3.8549
    -1.85017      -3.7338
    -1.76997      -3.4669
    -1.68987      -3.1862
    -1.60967      -2.9838
    -1.52957       -2.855
    -1.44937      -2.7735
    -1.36917      -2.7411
    -1.28907      -2.7296
    -1.20887      -2.6625
    -1.12867      -2.4968
    -1.04857      -2.2981
   -0.968371      -2.2067
   -0.888271      -2.3081
   -0.808071      -2.5451
   -0.727871      -2.7722
   -0.647771       -2.868
   -0.567571      -2.7656
   -0.487471      -2.4347
   -0.407271      -1.8936
   -0.327071      -1.2486
   -0.246971      -0.6706
   -0.166771      -0.2844
  -0.0866706      -0.0922
 -0.00647058      -0.0229
   0.0737294      -0.0035
    0.153829      -0.0004
    0.234029           -0
    0.314129           -0
    0.394329           -0
    0.474529           -0
    0.554629           -0
    0.634829           -0
    0.714929           -0
    0.795129           -0
    0.875329           -0
    0.955429      -0.0003
     1.03563      -0.0048
     1.11573      -0.0307
     1.19593       -0.142
     1.27613      -0.5004
     1.35623       -1.376
     1.43643      -2.9923
     1.51653      -5.2283
     1.59673      -7.4918
     1.67693      -9.0968
     1.75703      -9.9343
     1.83723      -10.738
     1.91733     -12.4929
     1.99753     -15.5166
     2.07773     -19.1821
     2.15783     -22.5426
     2.23803     -25.0911
     2.31813     -26.9523
     2.39833     -28.5652
     2.47853     -30.3415
     2.55863     -32.6101
     2.63883     -35.5883
     2.71893     -39.0071
     2.79913     -41.8349
     2.87933     -42.7968
     2.95943     -41.2891
     3.03963     -37.8103
     3.11973     -33.6457
     3.19993     -30.0906
     3.28013     -27.7945
     3.36023     -26.6856
     3.44043     -26.2559
     3.52053     -25.7609
     3.60073     -24.4337
     3.68093     -21.9696
     3.76103     -18.8048
     3.84123     -15.6008
     3.92143     -12.5758
     4.00153      -9.6212
     4.08173      -6.8779
     4.16183      -4.7756
     4.24203      -3.4861
     4.32223      -2.6703
     4.40233      -1.9049
     4.48253      -1.1295
     4.56263      -0.5262
     4.64283      -0.1938
     4.72303       -0.067
     4.80313      -0.0415
     4.88333       -0.048
     4.96343      -0.0553
     5.04363      -0.0537
     5.12383       -0.044
     5.20393      -0.0342
     5.28413      -0.0316
     5.36423      -0.0385
     5.44443      -0.0523
     5.52463      -0.0678
     5.60473      -0.0761
     5.68493       -0.073
     5.76503      -0.0645
     5.84523      -0.0615
     5.92543      -0.0678
     6.00553      -0.0824
     6.08573      -0.0995
     6.16583      -0.1127
     6.24603      -0.1186
     6.32623      -0.1221
     6.40633      -0.1314
     6.48653      -0.1464
     6.56663      -0.1621
     6.64683      -0.1765
     6.72703      -0.1991
     6.80713      -0.2373
     6.88733      -0.2927
     6.96743      -0.3609
     7.04763      -0.4307
     7.12783      -0.4893
     7.20793      -0.5282
     7.28813      -0.5474
     7.36823      -0.5583
     7.44843      -0.5672
     7.52863      -0.5724
     7.60873       -0.577
     7.68893      -0.5797
     7.76903        -0.57
     7.84923      -0.5308
     7.92943      -0.4541
     8.00953      -0.3592
     8.08973      -0.2747
     8.16983      -0.2173
     8.25003      -0.1902
     8.33023      -0.1878
     8.41033      -0.2023
     8.49053      -0.2272
     8.57063      -0.2548
     8.65083      -0.2763
     8.73103      -0.2869
     8.81113      -0.2889
     8.89133      -0.2811
     8.97153       -0.264
     9.05163      -0.2372
     9.13183      -0.2059
     9.21193      -0.1821
     9.29213      -0.1698
     9.37233       -0.161
     9.45243      -0.1441
     9.53263      -0.1204
     9.61273      -0.1023
     9.69293      -0.0949
     9.77313      -0.0952
     9.85323       -0.091
     9.93343      -0.0787
     10.0135      -0.0664
     10.0937      -0.0593
     10.1739      -0.0551
      10.254      -0.0455
     10.3342      -0.0303
     10.4143      -0.0155
     10.4945      -0.0044
     10.5747      -0.0009
     10.6548           -0
      10.735           -0
     10.8151           -0
     10.8953           -0
     10.9755           -0
     11.0556           -0
     11.1358           -0
     11.2159           -0
     11.2961           -0
     11.3763           -0
     11.4564           -0
     11.5366           -0
     11.6167           -0
     11.6969           -0
     11.7771           -0
     11.8572           -0
     11.9374           -0
     12.0175           -0
     12.0977           -0
     12.1779           -0
      12.258           -0
     12.3382           -0
     12.4183           -0
     12.4985           -0
     12.5787           -0
     12.6588           -0
      12.739           -0
     12.8191           -0
     12.8993           -0
     12.9795           -0
     13.0596           -0
     13.1398           -0
     13.2199           -0
     13.3001           -0
     13.3803           -0
     13.4604           -0
     13.5406           -0
     13.6207           -0
     13.7009           -0
     13.7811           -0
     13.8612           -0
     13.9414           -0
     14.0216           -0
     14.1017           -0
     14.1819           -0
      14.262           -0
     14.3422           -0
     14.4224           -0
     14.5025           -0
     14.5827           -0
     14.6628           -0
      14.743           -0
     14.8232           -0
     14.9033           -0
     14.9835           -0
     15.0636           -0
     15.1438           -0
      15.224           -0
     15.3041           -0
     15.3843           -0
     15.4644           -0
     15.5446           -0
     15.6248           -0
     15.7049           -0
     15.7851           -0
     15.8652           -0
     15.9454           -0
     16.0256           -0
     16.1057           -0
     16.1859           -0
      16.266           -0
     16.3462           -0

    -23.6538       0.0007
    -23.5736            0
    -23.4935            0
    -23.4133            0
    -23.3332            0
     -23.253            0
    -23.1728            0
    -23.0927            0
    -23.0125            0
    -22.9324            0
    -22.8522            0
     -22.772            0
    -22.6919            0
    -22.6117            0
    -22.5316            0
    -22.4514            0
    -22.3712            0
    -22.2911            0
    -22.2109            0
    -22.1308            0
    -22.0506            0
    -21.9704            0
    -21.8903            0
    -21.8101            0
      -21.73            0
    -21.6498            0
    -21.5696            0
    -21.4895            0
    -21.4093            0
    -21.3292            0
     -21.249            0
    -21.1688            0
    -21.0887            0
    -21.0085            0
    -20.9283            0
    -20.8482            0
     -20.768            0
    -20.6879            0
    -20.6077            0
    -20.5275            0
    -20.4474            0
    -20.3672            0
    -20.2871            0
    -20.2069            0
    -20.1267            0
    -20.0466            0
    -19.9664            0
    -19.8863       0.0001
    -19.8061       0.0009
    -19.7259       0.0014
    -19.6458       0.0029
    -19.5656       0.0042
    -19.4855       0.0054
    -19.4053       0.0071
    -19.3251       0.0079
     -19.245        0.008
    -19.1648       0.0087
    -19.0847       0.0093
    -19.0045       0.0106
    -18.9243       0.0119
    -18.8442       0.0139
     -18.764       0.0145
    -18.6839       0.0163
    -18.6037       0.0181
    -18.5235       0.0192
    -18.4434       0.0215
    -18.3632       0.0212
    -18.2831       0.0212
    -18.2029       0.0222
    -18.1227        0.027
    -18.0426       0.0309
    -17.9624       0.0356
    -17.8823       0.0392
    -17.8021       0.0428
    -17.7219       0.0464
    -17.6418       0.0479
    -17.5616       0.0466
    -17.4815       0.0416
    -17.4013       0.0364
    -17.3211       0.0309
     -17.241        0.027
    -17.1608       0.0247
    -17.0807       0.0232
    -17.0005       0.0217
    -16.9203       0.0192
    -16.8402       0.0175
      -16.76       0.0152
    -16.6799       0.0121
    -16.5997       0.0081
    -16.5195       0.0039
    -16.4394       0.0017
    -16.3592       0.0004
    -16.2791            0
    -16.1989            0
    -16.1187            0
    -16.0386            0
    -15.9584            0
    -15.8782            0
    -15.7981            0
    -15.7179            0
    -15.6378       0.0004
    -15.5576       0.0022
    -15.4774       0.0068
    -15.3973       0.0148
    -15.3171       0.0237
     -15.237       0.0297
    -15.1568       0.0292
    -15.0766       0.0231
    -14.9965       0.0143
    -14.9163       0.0068
    -14.8362       0.0024
     -14.756       0.0006
    -14.6758            0
    -14.5957            0
    -14.5155            0
    -14.4354            0
    -14.3552            0
     -14.275            0
    -14.1949            0
    -14.1147            0
    -14.0346            0
    -13.9544            0
    -13.8742            0
    -13.7941            0
    -13.7139            0
    -13.6338            0
    -13.5536            0
    -13.4734            0
    -13.3933            0
    -13.3131            0
     -13.233            0
    -13.1528            0
    -13.0726            0
    -12.9925            0
    -12.9123            0
    -12.8322            0
     -12.752            0
    -12.6718            0
    -12.5917            0
    -12.5115            0
    -12.4314            0
    -12.3512            0
     -12.271            0
    -12.1909            0
    -12.1107            0
    -12.0306            0
    -11.9504            0
    -11.8702            0
    -11.7901            0
    -11.7099            0
    -11.6298            0
    -11.5496            0
    -11.4694            0
    -11.3893            0
    -11.3091            0
     -11.229            0
    -11.1488            0
    -11.0686            0
    -10.9885            0
    -10.9083            0
    -10.8281            0
     -10.748            0
    -10.6678            0
    -10.5877            0
    -10.5075            0
    -10.4273            0
    -10.3472            0
     -10.267            0
    -10.1869            0
    -10.1067            0
    -10.0265            0
    -9.94637            0
    -9.86617            0
    -9.78607            0
    -9.70587            0
    -9.62567       0.0006
    -9.54557       0.0043
    -9.46537       0.0142
    -9.38527       0.0395
    -9.30507       0.0869
    -9.22487       0.1604
    -9.14477       0.2619
    -9.06457       0.4057
    -8.98447        0.626
    -8.90427       0.9472
    -8.82407       1.3512
    -8.74397       1.7647
    -8.66377       2.1239
    -8.58367       2.4339
    -8.50347       2.7313
    -8.42327       3.0251
    -8.34317       3.3155
    -8.26297       3.6291
    -8.18287       3.9835
    -8.10267       4.3289
    -8.02247       4.5927
    -7.94237       4.7429
    -7.86217       4.7761
    -7.78207       4.6993
    -7.70187       4.5311
    -7.62167       4.3319
    -7.54157       4.1882
    -7.46137       4.1376
    -7.38127       4.1163
    -7.30107       4.0082
    -7.22087         3.76
    -7.14077       3.4233
    -7.06057       3.0778
    -6.98047       2.7648
    -6.90027         2.49
    -6.82007       2.2379
    -6.73997       1.9754
    -6.65977       1.6646
    -6.57967       1.2839
    -6.49947       0.8731
    -6.41927       0.5114
    -6.33917       0.2637
    -6.25897       0.1392
    -6.17887       0.1129
    -6.09867       0.1582
    -6.01847       0.2622
    -5.93837       0.4299
    -5.85817       0.6781
    -5.77797       1.0206
    -5.69787       1.4553
    -5.61767       1.9918
    -5.53757       2.6244
    -5.45737       3.2851
    -5.37717        3.917
    -5.29707       4.6049
    -5.21687       5.4408
    -5.13677       6.2675
    -5.05657       6.7742
    -4.97637       6.8568
    -4.89627        6.714
    -4.81607       6.5789
    -4.73597       6.5428
    -4.65577       6.6268
    -4.57557       6.8374
    -4.49547       7.1524
    -4.41527       7.5423
    -4.33517       7.9827
    -4.25497       8.4136
    -4.17477       8.7991
    -4.09467       9.1733
    -4.01447       9.5261
    -3.93437       9.7399
    -3.85417       9.7588
    -3.77397       9.7205
    -3.69387       9.7739
    -3.61367       9.9088
    -3.53357      10.0798
    -3.45337      10.3767
    -3.37317      10.9429
    -3.29307      11.7732
    -3.21287      12.6587
    -3.13277      13.2964
    -3.05257      13.4728
    -2.97237      13.2587
    -2.89227      12.9863
    -2.81207      12.9426
    -2.73197       13.119
    -2.65177      13.2795
    -2.57157      13.2507
    -2.49147      13.1002
    -2.41127      12.9974
    -2.33117      12.9719
    -2.25097      12.9094
    -2.17077      12.7425
    -2.09067       12.601
    -2.01047      12.6983
    -1.93037      12.9921
    -1.85017       13.103
    -1.76997      12.7827
    -1.68987      12.2785
    -1.60967      12.0537
    -1.52957      12.2997
    -1.44937      12.9101
    -1.36917      13.7212
    -1.28907      14.5991
    -1.20887      15.3303
    -1.12867       15.672
    -1.04857      15.5969
   -0.968371      15.3623
   -0.888271       15.218
   -0.808071       15.122
   -0.727871        14.82
   -0.647771      14.1108
   -0.567571      13.0348
   -0.487471      11.8229
   -0.407271      10.7201
   -0.327071       9.8736
   -0.246971       9.2695
   -0.166771       8.6675
  -0.0866706       7.6778
 -0.00647058       6.0816
   0.0737294       4.0989
    0.153829       2.2642
    0.234029       0.9953
    0.314129       0.3414
    0.394329       0.0891
    0.474529       0.0175
    0.554629        0.002
    0.634829            0
    0.714929            0
    0.795129            0
    0.875329            0
    0.955429            0
     1.03563            0
     1.11573       0.0005
     1.19593       0.0048
     1.27613       0.0213
     1.35623       0.0705
     1.43643       0.1809
     1.51653       0.3799
     1.59673       0.6697
     1.67693       1.0203
     1.75703       1.3751
     1.83723       1.6568
     1.91733       1.7865
     1.99753       1.7183
     2.07773       1.4935
     2.15783       1.2445
     2.23803       1.1035
     2.31813       1.1124
     2.39833       1.2366
     2.47853       1.4095
     2.55863       1.5367
     2.63883       1.5057
     2.71893       1.3037
     2.79913       1.0591
     2.87933       0.9231
     2.95943       0.9359
     3.03963       1.0386
     3.11973       1.1848
     3.19993       1.3763
     3.28013       1.6016
     3.36023       1.8064
     3.44043       1.9631
     3.52053       2.1213
     3.60073       2.3457
     3.68093       2.5836
     3.76103       2.6433
     3.84123       2.3538
     3.92143       1.7575
     4.00153       1.0799
     4.08173       0.5434
     4.16183       0.2319
     4.24203       0.0997
     4.32223       0.0608
     4.40233       0.0543
     4.48253       0.0592
     4.56263         0.07
     4.64283       0.0839
     4.72303       0.0974
     4.80313       0.1106
     4.88333        0.127
     4.96343       0.1444
     5.04363       0.1539
     5.12383       0.1465
     5.20393       0.1315
     5.28413       0.1237
     5.36423       0.1423
     5.44443       0.1949
     5.52463       0.2681
     5.60473       0.3285
     5.68493       0.3575
     5.76503       0.3513
     5.84523       0.3297
     5.92543       0.3255
     6.00553       0.3559
     6.08573       0.4107
     6.16583       0.4553
     6.24603       0.4663
     6.32623       0.4548
     6.40633       0.4517
     6.48653       0.4857
     6.56663       0.5576
     6.64683       0.6418
     6.72703       0.7151
     6.80713       0.7854
     6.88733       0.8687
     6.96743       0.9695
     7.04763       1.0804
     7.12783       1.1976
     7.20793       1.3157
     7.28813       1.4069
     7.36823       1.4418
     7.44843       1.4113
     7.52863       1.3308
     7.60873       1.2262
     7.68893       1.1168
     7.76903       1.0284
     7.84923       0.9946
     7.92943       1.0139
     8.00953       1.0318
     8.08973       0.9915
     8.16983       0.9009
     8.25003       0.8133
     8.33023       0.7701
     8.41033       0.7855
     8.49053       0.8466
     8.57063       0.9088
     8.65083       0.9195
     8.73103       0.8751
     8.81113       0.8076
     8.89133       0.7521
     8.97153       0.7244
     9.05163       0.7071
     9.13183       0.6768
     9.21193       0.6231
     9.29213       0.5624
     9.37233       0.5188
     9.45243       0.4961
     9.53263       0.4734
     9.61273       0.4297
     9.69293       0.3608
     9.77313       0.2789
     9.85323       0.1989
     9.93343       0.1304
     10.0135       0.0756
     10.0937        0.037
     10.1739       0.0145
      10.254       0.0031
     10.3342            0
     10.4143            0
     10.4945            0
     10.5747            0
     10.6548            0
      10.735            0
     10.8151            0
     10.8953            0
     10.9755            0
     11.0556            0
     11.1358            0
     11.2159            0
     11.2961            0
     11.3763            0
     11.4564            0
     11.5366            0
     11.6167            0
     11.6969            0
     11.7771            0
     11.8572            0
     11.9374            0
     12.0175            0
     12.0977            0
     12.1779            0
      12.258            0
     12.3382            0
     12.4183            0
     12.4985            0
     12.5787            0
     12.6588            0
      12.739            0
     12.8191            0
     12.8993            0
     12.9795            0
     13.0596            0
     13.1398            0
     13.2199            0
     13.3001            0
     13.3803            0
     13.4604            0
     13.5406            0
     13.6207            0
     13.7009            0
     13.7811            0
     13.8612            0
     13.9414            0
     14.0216            0
     14.1017            0
     14.1819            0
      14.262            0
     14.3422            0
     14.4224            0
     14.5025            0
     14.5827            0
     14.6628            0
      14.743            0
     14.8232            0
     14.9033            0
     14.9835            0
     15.0636            0
     15.1438            0
      15.224            0
     15.3041            0
     15.3843            0
     15.4644            0
     15.5446            0
     15.6248            0
     15.7049            0
     15.7851            0
     15.8652            0
     15.9454            0
     16.0256            0
     16.1057            0
     16.1859            0
      16.266            0
     16.3462            0

    -23.6538      -0.0007
    -23.5736           -0
    -23.4935           -0
    -23.4133           -0
    -23.3332           -0
     -23.253           -0
    -23.1728           -0
    -23.0927           -0
    -23.0125           -0
    -22.9324           -0
    -22.8522           -0
     -22.772           -0
    -22.6919           -0
    -22.6117           -0
    -22.5316           -0
    -22.4514           -0
    -22.3712           -0
    -22.2911           -0
    -22.2109           -0
    -22.1308           -0
    -22.0506           -0
    -21.9704           -0
    -21.8903           -0
    -21.8101           -0
      -21.73           -0
    -21.6498           -0
    -21.5696           -0
    -21.4895           -0
    -21.4093           -0
    -21.3292           -0
     -21.249           -0
    -21.1688           -0
    -21.0887           -0
    -21.0085           -0
    -20.9283           -0
    -20.8482           -0
     -20.768           -0
    -20.6879           -0
    -20.6077           -0
    -20.5275           -0
    -20.4474           -0
    -20.3672           -0
    -20.2871           -0
    -20.2069           -0
    -20.1267           -0
    -20.0466           -0
    -19.9664           -0
    -19.8863           -0
    -19.8061           -0
    -19.7259           -0
    -19.6458      -0.0001
    -19.5656       -0.001
    -19.4855      -0.0015
    -19.4053       -0.003
    -19.3251      -0.0042
     -19.245      -0.0047
    -19.1648      -0.0056
    -19.0847      -0.0055
    -19.0045      -0.0054
    -18.9243      -0.0059
    -18.8442      -0.0072
     -18.764      -0.0079
    -18.6839      -0.0088
    -18.6037      -0.0099
    -18.5235      -0.0107
    -18.4434       -0.012
    -18.3632      -0.0123
    -18.2831      -0.0125
    -18.2029      -0.0112
    -18.1227      -0.0101
    -18.0426      -0.0077
    -17.9624      -0.0085
    -17.8823      -0.0108
    -17.8021      -0.0145
    -17.7219      -0.0181
    -17.6418      -0.0219
    -17.5616      -0.0246
    -17.4815      -0.0273
    -17.4013      -0.0293
    -17.3211      -0.0309
     -17.241      -0.0327
    -17.1608      -0.0311
    -17.0807      -0.0284
    -17.0005      -0.0268
    -16.9203      -0.0273
    -16.8402      -0.0293
      -16.76      -0.0303
    -16.6799       -0.029
    -16.5997      -0.0244
    -16.5195      -0.0177
    -16.4394      -0.0091
    -16.3592      -0.0035
    -16.2791      -0.0011
    -16.1989      -0.0002
    -16.1187           -0
    -16.0386           -0
    -15.9584           -0
    -15.8782           -0
    -15.7981           -0
    -15.7179           -0
    -15.6378      -0.0002
    -15.5576      -0.0016
    -15.4774      -0.0056
    -15.3973       -0.012
    -15.3171      -0.0202
     -15.237      -0.0268
    -15.1568      -0.0272
    -15.0766      -0.0229
    -14.9965       -0.015
    -14.9163      -0.0074
    -14.8362      -0.0031
     -14.756      -0.0008
    -14.6758           -0
    -14.5957           -0
    -14.5155           -0
    -14.4354           -0
    -14.3552           -0
     -14.275           -0
    -14.1949           -0
    -14.1147           -0
    -14.0346           -0
    -13.9544           -0
    -13.8742           -0
    -13.7941           -0
    -13.7139           -0
    -13.6338           -0
    -13.5536           -0
    -13.4734           -0
    -13.3933           -0
    -13.3131           -0
     -13.233           -0
    -13.1528           -0
    -13.0726           -0
    -12.9925           -0
    -12.9123           -0
    -12.8322           -0
     -12.752           -0
    -12.6718           -0
    -12.5917           -0
    -12.5115           -0
    -12.4314           -0
    -12.3512           -0
     -12.271           -0
    -12.1909           -0
    -12.1107           -0
    -12.0306           -0
    -11.9504           -0
    -11.8702           -0
    -11.7901           -0
    -11.7099           -0
    -11.6298           -0
    -11.5496           -0
    -11.4694           -0
    -11.3893           -0
    -11.3091           -0
     -11.229           -0
    -11.1488           -0
    -11.0686           -0
    -10.9885           -0
    -10.9083           -0
    -10.8281           -0
     -10.748           -0
    -10.6678           -0
    -10.5877           -0
    -10.5075           -0
    -10.4273           -0
    -10.3472           -0
     -10.267           -0
    -10.1869           -0
    -10.1067           -0
    -10.0265           -0
    -9.94637           -0
    -9.86617           -0
    -9.78607           -0
    -9.70587           -0
    -9.62567           -0
    -9.54557           -0
    -9.46537           -0
    -9.38527           -0
    -9.30507           -0
    -9.22487      -0.0003
    -9.14477      -0.0018
    -9.06457      -0.0102
    -8.98447      -0.0389
    -8.90427      -0.1092
    -8.82407      -0.2318
    -8.74397      -0.3816
    -8.66377      -0.5153
    -8.58367      -0.6354
    -8.50347      -0.8086
    -8.42327      -1.0765
    -8.34317      -1.3826
    -8.26297      -1.6184
    -8.18287      -1.7482
    -8.10267      -1.8266
    -8.02247      -1.8838
    -7.94237       -1.871
    -7.86217      -1.7885
    -7.78207      -1.7809
    -7.70187      -2.0086
    -7.62167      -2.4758
    -7.54157      -3.0401
    -7.46137      -3.4965
    -7.38127      -3.6307
    -7.30107      -3.3251
    -7.22087      -2.6936
    -7.14077      -2.0353
    -7.06057      -1.5968
    -6.98047      -1.4151
    -6.90027      -1.4081
    -6.82007      -1.4927
    -6.73997      -1.5915
    -6.65977      -1.6085
    -6.57967       -1.504
    -6.49947      -1.3483
    -6.41927       -1.269
    -6.33917      -1.3287
    -6.25897      -1.5145
    -6.17887      -1.7995
    -6.09867      -2.1595
    -6.01847      -2.5313
    -5.93837      -2.8108
    -5.85817      -2.9695
    -5.77797      -3.1101
    -5.69787       -3.361
    -5.61767      -3.7513
    -5.53757       -4.223
    -5.45737      -4.7144
    -5.37717      -5.2203
    -5.29707       -5.763
    -5.21687      -6.2921
    -5.13677      -6.6736
    -5.05657      -6.8607
    -4.97637      -6.9929
    -4.89627      -7.2328
    -4.81607      -7.5692
    -4.73597      -7.8642
    -4.65577      -8.0388
    -4.57557      -8.0859
    -4.49547      -8.0362
    -4.41527      -7.9965
    -4.33517       -8.168
    -4.25497      -8.7433
    -4.17477       -9.729
    -4.09467     -10.8665
    -4.01447     -11.7858
    -3.93437     -12.3042
    -3.85417     -12.4826
    -3.77397     -12.4401
    -3.69387     -12.2574
    -3.61367     -12.0611
    -3.53357     -12.0052
    -3.45337     -12.1562
    -3.37317       -12.54
    -3.29307     -13.2214
    -3.21287     -14.1395
    -3.13277     -15.0258
    -3.05257     -15.6125
    -2.97237     -15.8581
    -2.89227     -15.8917
    -2.81207     -15.8365
    -2.73197     -15.6869
    -2.65177     -15.3699
    -2.57157     -14.8843
    -2.49147     -14.3384
    -2.41127     -13.8526
    -2.33117     -13.4841
    -2.25097     -13.2561
    -2.17077      -13.249
    -2.09067     -13.5673
    -2.01047     -14.1547
    -1.93037     -14.6802
    -1.85017     -14.7885
    -1.76997     -14.5139
    -1.68987     -14.2525
    -1.60967     -14.2499
    -1.52957      -14.336
    -1.44937     -14.2603
    -1.36917     -13.9526
    -1.28907     -13.3598
    -1.20887     -12.3701
    -1.12867     -11.0138
    -1.04857      -9.5826
   -0.968371      -8.4764
   -0.888271      -7.9268
   -0.808071      -7.8442
   -0.727871      -7.8954
   -0.647771      -7.7433
   -0.567571      -7.1804
   -0.487471      -6.1416
   -0.407271      -4.6904
   -0.327071      -3.0703
   -0.246971      -1.6522
   -0.166771      -0.7048
  -0.0866706      -0.2322
 -0.00647058      -0.0577
   0.0737294      -0.0107
    0.153829      -0.0009
    0.234029           -0
    0.314129           -0
    0.394329           -0
    0.474529           -0
    0.554629           -0
    0.634829           -0
    0.714929           -0
    0.795129           -0
    0.875329           -0
    0.955429           -0
     1.03563           -0
     1.11573      -0.0025
     1.19593      -0.0119
     1.27613      -0.0408
     1.35623      -0.1114
     1.43643      -0.2388
     1.51653      -0.4098
     1.59673      -0.5751
     1.67693      -0.6821
     1.75703      -0.7288
     1.83723      -0.7762
     1.91733      -0.8965
     1.99753      -1.1108
     2.07773      -1.3855
     2.15783      -1.6724
     2.23803      -1.9483
     2.31813      -2.2132
     2.39833      -2.4845
     2.47853      -2.7894
     2.55863      -3.1675
     2.63883      -3.6651
     2.71893      -4.2803
     2.79913      -4.9024
     2.87933      -5.3408
     2.95943      -5.4646
     3.03963      -5.3013
     3.11973      -5.0311
     3.19993      -4.8651
     3.28013      -4.9133
     3.36023      -5.1376
     3.44043       -5.417
     3.52053      -5.6085
     3.60073      -5.5756
     3.68093      -5.2671
     3.76103      -4.7667
     3.84123      -4.1867
     3.92143      -3.5419
     4.00153      -2.8042
     4.08173      -2.0608
     4.16183      -1.4776
     4.24203      -1.1246
     4.32223      -0.9001
     4.40233      -0.6707
     4.48253      -0.4211
     4.56263      -0.2169
     4.64283      -0.1027
     4.72303      -0.0694
     4.80313      -0.0881
     4.88333      -0.1248
     4.96343      -0.1512
     5.04363      -0.1503
     5.12383      -0.1283
     5.20393      -0.1073
     5.28413       -0.108
     5.36423      -0.1388
     5.44443      -0.1943
     5.52463      -0.2504
     5.60473      -0.2786
     5.68493      -0.2684
     5.76503      -0.2464
     5.84523      -0.2507
     5.92543      -0.2911
     6.00553      -0.3569
     6.08573      -0.4266
     6.16583      -0.4772
     6.24603      -0.4988
     6.32623       -0.508
     6.40633      -0.5369
     6.48653      -0.5858
     6.56663       -0.625
     6.64683      -0.6487
     6.72703        -0.68
     6.80713      -0.7286
     6.88733      -0.7769
     6.96743      -0.8257
     7.04763      -0.9007
     7.12783       -1.023
     7.20793       -1.177
     7.28813      -1.3217
     7.36823      -1.4231
     7.44843      -1.4702
     7.52863      -1.4729
     7.60873      -1.4594
     7.68893      -1.4493
     7.76903      -1.4257
     7.84923      -1.3464
     7.92943       -1.192
     8.00953      -0.9994
     8.08973      -0.8354
     8.16983      -0.7395
     8.25003      -0.7057
     8.33023      -0.7092
     8.41033      -0.7361
     8.49053      -0.7852
     8.57063      -0.8389
     8.65083      -0.8778
     8.73103      -0.8971
     8.81113      -0.8983
     8.89133      -0.8788
     8.97153      -0.8312
     9.05163      -0.7509
     9.13183       -0.657
     9.21193       -0.586
     9.29213      -0.5533
     9.37233      -0.5315
     9.45243      -0.4849
     9.53263      -0.4129
     9.61273      -0.3538
     9.69293       -0.333
     9.77313       -0.335
     9.85323      -0.3189
     9.93343      -0.2748
     10.0135      -0.2257
     10.0937      -0.1981
     10.1739      -0.1813
      10.254      -0.1506
     10.3342      -0.1001
     10.4143       -0.051
     10.4945      -0.0197
     10.5747      -0.0053
     10.6548           -0
      10.735           -0
     10.8151           -0
     10.8953           -0
     10.9755           -0
     11.0556           -0
     11.1358           -0
     11.2159           -0
     11.2961           -0
     11.3763           -0
     11.4564           -0
     11.5366           -0
     11.6167           -0
     11.6969           -0
     11.7771           -0
     11.8572           -0
     11.9374           -0
     12.0175           -0
     12.0977           -0
     12.1779           -0
      12.258           -0
     12.3382           -0
     12.4183           -0
     12.4985           -0
     12.5787           -0
     12.6588           -0
      12.739           -0
     12.8191           -0
     12.8993           -0
     12.9795           -0
     13.0596           -0
     13.1398           -0
     13.2199           -0
     13.3001           -0
     13.3803           -0
     13.4604           -0
     13.5406           -0
     13.6207           -0
     13.7009           -0
     13.7811           -0
     13.8612           -0
     13.9414           -0
     14.0216           -0
     14.1017           -0
     14.1819           -0
      14.262           -0
     14.3422           -0
     14.4224           -0
     14.5025           -0
     14.5827           -0
     14.6628           -0
      14.743           -0
     14.8232           -0
     14.9033           -0
     14.9835           -0
     15.0636           -0
     15.1438           -0
      15.224           -0
     15.3041           -0
     15.3843           -0
     15.4644           -0
     15.5446           -0
     15.6248           -0
     15.7049           -0
     15.7851           -0
     15.8652           -0
     15.9454           -0
     16.0256           -0
     16.1057           -0
     16.1859           -0
      16.266           -0
     16.3462           -0



