-24.4484 24.95 -24.4484 -24.95 -24.4484 0 -24.4484 -0 -24.4484 0 -24.4484 -0 -24.4484 0 -24.4484 -0 -24.4484 0 -24.4484 -0 -24.4484 0 -24.4484 -0 -24.4484 0 -24.4484 -0 
-24.3682 0.0 -24.3682 -0 -24.3682 0 -24.3682 -0 -24.3682 0 -24.3682 -0 -24.3682 0 -24.3682 -0 -24.3682 0 -24.3682 -0 -24.3682 0 -24.3682 -0 -24.3682 0 -24.3682 -0 
-24.2881 0.0 -24.2881 -0 -24.2881 0 -24.2881 -0 -24.2881 0 -24.2881 -0 -24.2881 0 -24.2881 -0 -24.2881 0 -24.2881 -0 -24.2881 0 -24.2881 -0 -24.2881 0 -24.2881 -0 
-24.2079 0.0 -24.2079 -0 -24.2079 0 -24.2079 -0 -24.2079 0 -24.2079 -0 -24.2079 0 -24.2079 -0 -24.2079 0 -24.2079 -0 -24.2079 0 -24.2079 -0 -24.2079 0 -24.2079 -0 
-24.1278 0.0 -24.1278 -0 -24.1278 0 -24.1278 -0 -24.1278 0 -24.1278 -0 -24.1278 0 -24.1278 -0 -24.1278 0 -24.1278 -0 -24.1278 0 -24.1278 -0 -24.1278 0 -24.1278 -0 
-24.0476 0.0 -24.0476 -0 -24.0476 0 -24.0476 -0 -24.0476 0 -24.0476 -0 -24.0476 0 -24.0476 -0 -24.0476 0 -24.0476 -0 -24.0476 0 -24.0476 -0 -24.0476 0 -24.0476 -0 
-23.9674 0.0 -23.9674 -0 -23.9674 0 -23.9674 -0 -23.9674 0 -23.9674 -0 -23.9674 0 -23.9674 -0 -23.9674 0 -23.9674 -0 -23.9674 0 -23.9674 -0 -23.9674 0 -23.9674 -0 
-23.8873 0.0 -23.8873 -0 -23.8873 0 -23.8873 -0 -23.8873 0 -23.8873 -0 -23.8873 0 -23.8873 -0 -23.8873 0 -23.8873 -0 -23.8873 0 -23.8873 -0 -23.8873 0 -23.8873 -0 
-23.8071 0.0 -23.8071 -0 -23.8071 0 -23.8071 -0 -23.8071 0 -23.8071 -0 -23.8071 0 -23.8071 -0 -23.8071 0 -23.8071 -0 -23.8071 0 -23.8071 -0 -23.8071 0 -23.8071 -0 
-23.727 0.0 -23.727 -0 -23.727 0 -23.727 -0 -23.727 0 -23.727 -0 -23.727 0 -23.727 -0 -23.727 0 -23.727 -0 -23.727 0 -23.727 -0 -23.727 0 -23.727 -0 
-23.6468 0.0 -23.6468 -0 -23.6468 0 -23.6468 -0 -23.6468 0 -23.6468 -0 -23.6468 0 -23.6468 -0 -23.6468 0 -23.6468 -0 -23.6468 0 -23.6468 -0 -23.6468 0 -23.6468 -0 
-23.5666 0.0 -23.5666 -0 -23.5666 0 -23.5666 -0 -23.5666 0 -23.5666 -0 -23.5666 0 -23.5666 -0 -23.5666 0 -23.5666 -0 -23.5666 0 -23.5666 -0 -23.5666 0 -23.5666 -0 
-23.4865 0.0 -23.4865 -0 -23.4865 0 -23.4865 -0 -23.4865 0 -23.4865 -0 -23.4865 0 -23.4865 -0 -23.4865 0 -23.4865 -0 -23.4865 0 -23.4865 -0 -23.4865 0 -23.4865 -0 
-23.4063 0.0 -23.4063 -0 -23.4063 0 -23.4063 -0 -23.4063 0 -23.4063 -0 -23.4063 0 -23.4063 -0 -23.4063 0 -23.4063 -0 -23.4063 0 -23.4063 -0 -23.4063 0 -23.4063 -0 
-23.3262 0.0 -23.3262 -0 -23.3262 0 -23.3262 -0 -23.3262 0 -23.3262 -0 -23.3262 0 -23.3262 -0 -23.3262 0 -23.3262 -0 -23.3262 0 -23.3262 -0 -23.3262 0 -23.3262 -0 
-23.246 0.0 -23.246 -0 -23.246 0 -23.246 -0 -23.246 0 -23.246 -0 -23.246 0 -23.246 -0 -23.246 0 -23.246 -0 -23.246 0 -23.246 -0 -23.246 0 -23.246 -0 
-23.1658 0.0 -23.1658 -0 -23.1658 0 -23.1658 -0 -23.1658 0 -23.1658 -0 -23.1658 0 -23.1658 -0 -23.1658 0 -23.1658 -0 -23.1658 0 -23.1658 -0 -23.1658 0 -23.1658 -0 
-23.0857 0.0 -23.0857 -0 -23.0857 0 -23.0857 -0 -23.0857 0 -23.0857 -0 -23.0857 0 -23.0857 -0 -23.0857 0 -23.0857 -0 -23.0857 0 -23.0857 -0 -23.0857 0 -23.0857 -0 
-23.0055 0.0 -23.0055 -0 -23.0055 0 -23.0055 -0 -23.0055 0 -23.0055 -0 -23.0055 0 -23.0055 -0 -23.0055 0 -23.0055 -0 -23.0055 0 -23.0055 -0 -23.0055 0 -23.0055 -0 
-22.9254 0.0 -22.9254 -0 -22.9254 0 -22.9254 -0 -22.9254 0 -22.9254 -0 -22.9254 0 -22.9254 -0 -22.9254 0 -22.9254 -0 -22.9254 0 -22.9254 -0 -22.9254 0 -22.9254 -0 
-22.8452 0.0 -22.8452 -0 -22.8452 0 -22.8452 -0 -22.8452 0 -22.8452 -0 -22.8452 0 -22.8452 -0 -22.8452 0 -22.8452 -0 -22.8452 0 -22.8452 -0 -22.8452 0 -22.8452 -0 
-22.765 0.0 -22.765 -0 -22.765 0 -22.765 -0 -22.765 0 -22.765 -0 -22.765 0 -22.765 -0 -22.765 0 -22.765 -0 -22.765 0 -22.765 -0 -22.765 0 -22.765 -0 
-22.6849 0.0 -22.6849 -0 -22.6849 0 -22.6849 -0 -22.6849 0 -22.6849 -0 -22.6849 0 -22.6849 -0 -22.6849 0 -22.6849 -0 -22.6849 0 -22.6849 -0 -22.6849 0 -22.6849 -0 
-22.6047 0.0 -22.6047 -0 -22.6047 0 -22.6047 -0 -22.6047 0 -22.6047 -0 -22.6047 0 -22.6047 -0 -22.6047 0 -22.6047 -0 -22.6047 0 -22.6047 -0 -22.6047 0 -22.6047 -0 
-22.5246 0.0 -22.5246 -0 -22.5246 0 -22.5246 -0 -22.5246 0 -22.5246 -0 -22.5246 0 -22.5246 -0 -22.5246 0 -22.5246 -0 -22.5246 0 -22.5246 -0 -22.5246 0 -22.5246 -0 
-22.4444 0.0 -22.4444 -0 -22.4444 0 -22.4444 -0 -22.4444 0 -22.4444 -0 -22.4444 0 -22.4444 -0 -22.4444 0 -22.4444 -0 -22.4444 0 -22.4444 -0 -22.4444 0 -22.4444 -0 
-22.3642 0.0 -22.3642 -0 -22.3642 0 -22.3642 -0 -22.3642 0 -22.3642 -0 -22.3642 0 -22.3642 -0 -22.3642 0 -22.3642 -0 -22.3642 0 -22.3642 -0 -22.3642 0 -22.3642 -0 
-22.2841 0.0 -22.2841 -0 -22.2841 0 -22.2841 -0 -22.2841 0 -22.2841 -0 -22.2841 0 -22.2841 -0 -22.2841 0 -22.2841 -0 -22.2841 0 -22.2841 -0 -22.2841 0 -22.2841 -0 
-22.2039 0.0003 -22.2039 -0.0004 -22.2039 0 -22.2039 -0 -22.2039 0 -22.2039 -0 -22.2039 0 -22.2039 -0 -22.2039 0 -22.2039 -0 -22.2039 0 -22.2039 -0 -22.2039 0 -22.2039 -0 
-22.1238 0.0037 -22.1238 -0.004 -22.1238 0 -22.1238 -0 -22.1238 0 -22.1238 -0 -22.1238 0 -22.1238 -0 -22.1238 0 -22.1238 -0 -22.1238 0 -22.1238 -0 -22.1238 0 -22.1238 -0 
-22.0436 0.0283 -22.0436 -0.0305 -22.0436 0 -22.0436 -0 -22.0436 0 -22.0436 -0 -22.0436 0 -22.0436 -0 -22.0436 0 -22.0436 -0 -22.0436 0 -22.0436 -0 -22.0436 0 -22.0436 -0 
-21.9634 0.1596 -21.9634 -0.1695 -21.9634 0 -21.9634 -0 -21.9634 0 -21.9634 -0 -21.9634 0 -21.9634 -0 -21.9634 0 -21.9634 -0 -21.9634 0 -21.9634 -0 -21.9634 0 -21.9634 -0 
-21.8833 0.6579 -21.8833 -0.69 -21.8833 0 -21.8833 -0 -21.8833 0 -21.8833 -0 -21.8833 0 -21.8833 -0 -21.8833 0 -21.8833 -0 -21.8833 0 -21.8833 -0 -21.8833 0 -21.8833 -0 
-21.8031 1.9837 -21.8031 -2.0546 -21.8031 0 -21.8031 -0 -21.8031 0 -21.8031 -0 -21.8031 0 -21.8031 -0 -21.8031 0 -21.8031 -0 -21.8031 0 -21.8031 -0 -21.8031 0 -21.8031 -0 
-21.7229 4.3758 -21.7229 -4.4773 -21.7229 0 -21.7229 -0 -21.7229 0 -21.7229 -0 -21.7229 0 -21.7229 -0 -21.7229 0 -21.7229 -0 -21.7229 0 -21.7229 -0 -21.7229 0 -21.7229 -0 
-21.6428 7.0628 -21.6428 -7.1415 -21.6428 0 -21.6428 -0 -21.6428 0 -21.6428 -0 -21.6428 0 -21.6428 -0 -21.6428 0 -21.6428 -0 -21.6428 0 -21.6428 -0 -21.6428 0 -21.6428 -0 
-21.5626 8.3422 -21.5626 -8.3388 -21.5626 0 -21.5626 -0 -21.5626 0 -21.5626 -0 -21.5626 0 -21.5626 -0 -21.5626 0 -21.5626 -0 -21.5626 0 -21.5626 -0 -21.5626 0 -21.5626 -0 
-21.4825 7.2107 -21.4825 -7.1281 -21.4825 0 -21.4825 -0 -21.4825 0 -21.4825 -0 -21.4825 0 -21.4825 -0 -21.4825 0 -21.4825 -0 -21.4825 0 -21.4825 -0 -21.4825 0 -21.4825 -0 
-21.4023 4.5609 -21.4023 -4.4604 -21.4023 0 -21.4023 -0 -21.4023 0 -21.4023 -0 -21.4023 0 -21.4023 -0 -21.4023 0 -21.4023 -0 -21.4023 0 -21.4023 -0 -21.4023 0 -21.4023 -0 
-21.3221 2.1108 -21.3221 -2.0429 -21.3221 0 -21.3221 -0 -21.3221 0 -21.3221 -0 -21.3221 0 -21.3221 -0 -21.3221 0 -21.3221 -0 -21.3221 0 -21.3221 -0 -21.3221 0 -21.3221 -0 
-21.242 0.7146 -21.242 -0.6847 -21.242 0 -21.242 -0 -21.242 0 -21.242 -0 -21.242 0 -21.242 -0 -21.242 0 -21.242 -0 -21.242 0 -21.242 -0 -21.242 0 -21.242 -0 
-21.1618 0.1769 -21.1618 -0.1679 -21.1618 0 -21.1618 -0 -21.1618 0 -21.1618 -0 -21.1618 0 -21.1618 -0 -21.1618 0 -21.1618 -0 -21.1618 0 -21.1618 -0 -21.1618 0 -21.1618 -0 
-21.0817 0.032 -21.0817 -0.0301 -21.0817 0 -21.0817 -0 -21.0817 0 -21.0817 -0 -21.0817 0 -21.0817 -0 -21.0817 0 -21.0817 -0 -21.0817 0 -21.0817 -0 -21.0817 0 -21.0817 -0 
-21.0015 0.0042 -21.0015 -0.0039 -21.0015 0 -21.0015 -0 -21.0015 0 -21.0015 -0 -21.0015 0 -21.0015 -0 -21.0015 0 -21.0015 -0 -21.0015 0 -21.0015 -0 -21.0015 0 -21.0015 -0 
-20.9213 0.0004 -20.9213 -0.0004 -20.9213 0 -20.9213 -0 -20.9213 0 -20.9213 -0 -20.9213 0 -20.9213 -0 -20.9213 0 -20.9213 -0 -20.9213 0 -20.9213 -0 -20.9213 0 -20.9213 -0 
-20.8412 0.0 -20.8412 -0 -20.8412 0 -20.8412 -0 -20.8412 0 -20.8412 -0 -20.8412 0 -20.8412 -0 -20.8412 0 -20.8412 -0 -20.8412 0 -20.8412 -0 -20.8412 0 -20.8412 -0 
-20.761 0.0 -20.761 -0 -20.761 0 -20.761 -0 -20.761 0 -20.761 -0 -20.761 0 -20.761 -0 -20.761 0 -20.761 -0 -20.761 0 -20.761 -0 -20.761 0 -20.761 -0 
-20.6809 0.0 -20.6809 -0 -20.6809 0 -20.6809 -0 -20.6809 0 -20.6809 -0 -20.6809 0 -20.6809 -0 -20.6809 0 -20.6809 -0 -20.6809 0 -20.6809 -0 -20.6809 0 -20.6809 -0 
-20.6007 0.0 -20.6007 -0 -20.6007 0 -20.6007 -0 -20.6007 0 -20.6007 -0 -20.6007 0 -20.6007 -0 -20.6007 0 -20.6007 -0 -20.6007 0 -20.6007 -0 -20.6007 0 -20.6007 -0 
-20.5205 0.0004 -20.5205 -0 -20.5205 0 -20.5205 -0 -20.5205 0 -20.5205 -0 -20.5205 0 -20.5205 -0 -20.5205 0 -20.5205 -0 -20.5205 0 -20.5205 -0 -20.5205 0 -20.5205 -0 
-20.4404 0.003 -20.4404 -0 -20.4404 0 -20.4404 -0 -20.4404 0 -20.4404 -0 -20.4404 0 -20.4404 -0 -20.4404 0 -20.4404 -0 -20.4404 0 -20.4404 -0 -20.4404 0 -20.4404 -0 
-20.3602 0.0176 -20.3602 -0.0004 -20.3602 0 -20.3602 -0 -20.3602 0 -20.3602 -0 -20.3602 0 -20.3602 -0 -20.3602 0 -20.3602 -0 -20.3602 0 -20.3602 -0 -20.3602 0 -20.3602 -0 
-20.2801 0.0768 -20.2801 -0.0028 -20.2801 0 -20.2801 -0 -20.2801 0 -20.2801 -0 -20.2801 0 -20.2801 -0 -20.2801 0 -20.2801 -0 -20.2801 0 -20.2801 -0 -20.2801 0 -20.2801 -0 
-20.1999 0.2553 -20.1999 -0.0168 -20.1999 0 -20.1999 -0 -20.1999 0 -20.1999 -0 -20.1999 0 -20.1999 -0 -20.1999 0 -20.1999 -0 -20.1999 0 -20.1999 -0 -20.1999 0 -20.1999 -0 
-20.1197 0.6553 -20.1197 -0.0757 -20.1197 0 -20.1197 -0 -20.1197 0 -20.1197 -0 -20.1197 0 -20.1197 -0 -20.1197 0 -20.1197 -0 -20.1197 0 -20.1197 -0 -20.1197 0 -20.1197 -0 
-20.0396 1.329 -20.0396 -0.2593 -20.0396 0 -20.0396 -0 -20.0396 0 -20.0396 -0 -20.0396 0 -20.0396 -0 -20.0396 0 -20.0396 -0 -20.0396 0 -20.0396 -0 -20.0396 0 -20.0396 -0 
-19.9594 2.2015 -19.9594 -0.6863 -19.9594 0 -19.9594 -0 -19.9594 0 -19.9594 -0 -19.9594 0 -19.9594 -0 -19.9594 0 -19.9594 -0 -19.9594 0 -19.9594 -0 -19.9594 0 -19.9594 -0 
-19.8793 3.1129 -19.8793 -1.4363 -19.8793 0 -19.8793 -0 -19.8793 0 -19.8793 -0 -19.8793 0 -19.8793 -0 -19.8793 0 -19.8793 -0 -19.8793 0 -19.8793 -0 -19.8793 0 -19.8793 -0 
-19.7991 3.943 -19.7991 -2.4507 -19.7991 0 -19.7991 -0 -19.7991 0 -19.7991 -0 -19.7991 0 -19.7991 -0 -19.7991 0 -19.7991 -0 -19.7991 0 -19.7991 -0 -19.7991 0 -19.7991 -0 
-19.7189 4.6505 -19.7189 -3.5335 -19.7189 0.0001 -19.7189 -0 -19.7189 0 -19.7189 -0 -19.7189 0 -19.7189 -0 -19.7189 0.0001 -19.7189 -0 -19.7189 0 -19.7189 -0 -19.7189 0 -19.7189 -0 
-19.6388 5.2511 -19.6388 -4.4585 -19.6388 0.0001 -19.6388 -0.0001 -19.6388 0 -19.6388 -0 -19.6388 0 -19.6388 -0 -19.6388 0.0001 -19.6388 -0.0001 -19.6388 0 -19.6388 -0 -19.6388 0 -19.6388 -0 
-19.5586 5.8719 -19.5586 -5.0865 -19.5586 0.0003 -19.5586 -0.0001 -19.5586 0.0001 -19.5586 -0 -19.5586 0.0001 -19.5586 -0 -19.5586 0.0001 -19.5586 -0.0001 -19.5586 0 -19.5586 -0 -19.5586 0 -19.5586 -0 
-19.4785 6.7782 -19.4785 -5.4914 -19.4785 0.0004 -19.4785 -0.0003 -19.4785 0.0001 -19.4785 -0.0001 -19.4785 0.0001 -19.4785 -0.0001 -19.4785 0.0001 -19.4785 -0.0001 -19.4785 0 -19.4785 -0 -19.4785 0.0001 -19.4785 -0 
-19.3983 8.2299 -19.3983 -6.0119 -19.3983 0.0005 -19.3983 -0.0004 -19.3983 0.0001 -19.3983 -0.0001 -19.3983 0.0001 -19.3983 -0.0001 -19.3983 0.0002 -19.3983 -0.0001 -19.3983 0 -19.3983 -0 -19.3983 0.0001 -19.3983 -0.0001 
-19.3181 10.3738 -19.3181 -7.0204 -19.3181 0.0006 -19.3181 -0.0006 -19.3181 0.0002 -19.3181 -0.0002 -19.3181 0.0001 -19.3181 -0.0001 -19.3181 0.0002 -19.3181 -0.0002 -19.3181 0 -19.3181 -0 -19.3181 0.0001 -19.3181 -0.0001 
-19.238 13.3137 -19.238 -8.5669 -19.238 0.0007 -19.238 -0.0008 -19.238 0.0002 -19.238 -0.0002 -19.238 0.0002 -19.238 -0.0002 -19.238 0.0002 -19.238 -0.0003 -19.238 0 -19.238 -0 -19.238 0.0001 -19.238 -0.0001 
-19.1578 17.0315 -19.1578 -10.4113 -19.1578 0.0007 -19.1578 -0.001 -19.1578 0.0002 -19.1578 -0.0003 -19.1578 0.0002 -19.1578 -0.0002 -19.1578 0.0002 -19.1578 -0.0003 -19.1578 0 -19.1578 -0 -19.1578 0.0001 -19.1578 -0.0002 
-19.0777 21.0143 -19.0777 -12.5051 -19.0777 0.0007 -19.0777 -0.001 -19.0777 0.0002 -19.0777 -0.0003 -19.0777 0.0002 -19.0777 -0.0002 -19.0777 0.0002 -19.0777 -0.0003 -19.0777 0 -19.0777 -0 -19.0777 0.0001 -19.0777 -0.0002 
-18.9975 24.0761 -18.9975 -15.2814 -18.9975 0.0008 -18.9975 -0.0009 -18.9975 0.0002 -18.9975 -0.0002 -18.9975 0.0002 -18.9975 -0.0002 -18.9975 0.0002 -18.9975 -0.0003 -18.9975 0 -18.9975 -0 -18.9975 0.0002 -18.9975 -0.0002 
-18.9173 24.8701 -18.9173 -19.0726 -18.9173 0.0008 -18.9173 -0.0009 -18.9173 0.0002 -18.9173 -0.0002 -18.9173 0.0002 -18.9173 -0.0002 -18.9173 0.0002 -18.9173 -0.0003 -18.9173 0 -18.9173 -0 -18.9173 0.0002 -18.9173 -0.0002 
-18.8372 23.0104 -18.8372 -22.9353 -18.8372 0.0007 -18.8372 -0.0008 -18.8372 0.0001 -18.8372 -0.0002 -18.8372 0.0002 -18.8372 -0.0002 -18.8372 0.0002 -18.8372 -0.0002 -18.8372 0.0001 -18.8372 -0 -18.8372 0.0001 -18.8372 -0.0002 
-18.757 19.8701 -18.757 -24.4828 -18.757 0.0008 -18.757 -0.0006 -18.757 0.0001 -18.757 -0.0001 -18.757 0.0002 -18.757 -0.0002 -18.757 0.0002 -18.757 -0.0002 -18.757 0.0002 -18.757 -0 -18.757 0.0001 -18.757 -0.0001 
-18.6769 17.7254 -18.6769 -21.8702 -18.6769 0.0013 -18.6769 -0.0005 -18.6769 0.0002 -18.6769 -0.0001 -18.6769 0.0002 -18.6769 -0.0002 -18.6769 0.0003 -18.6769 -0.0001 -18.6769 0.0004 -18.6769 -0 -18.6769 0.0002 -18.6769 -0.0001 
-18.5967 17.6804 -18.5967 -16.0884 -18.5967 0.0024 -18.5967 -0.0004 -18.5967 0.0005 -18.5967 -0.0001 -18.5967 0.0004 -18.5967 -0.0001 -18.5967 0.0006 -18.5967 -0.0001 -18.5967 0.0006 -18.5967 -0 -18.5967 0.0003 -18.5967 -0.0001 
-18.5165 18.8876 -18.5165 -10.3949 -18.5165 0.0049 -18.5165 -0.0005 -18.5165 0.0012 -18.5165 -0.0001 -18.5165 0.0008 -18.5165 -0.0001 -18.5165 0.0012 -18.5165 -0.0001 -18.5165 0.0009 -18.5165 -0.0001 -18.5165 0.0008 -18.5165 -0.0001 
-18.4364 20.0426 -18.4364 -7.306 -18.4364 0.0096 -18.4364 -0.0011 -18.4364 0.0025 -18.4364 -0.0002 -18.4364 0.0018 -18.4364 -0.0002 -18.4364 0.0024 -18.4364 -0.0003 -18.4364 0.0011 -18.4364 -0.0002 -18.4364 0.0018 -18.4364 -0.0002 
-18.3562 21.0208 -18.3562 -6.8858 -18.3562 0.0179 -18.3562 -0.0024 -18.3562 0.0047 -18.3562 -0.0006 -18.3562 0.0037 -18.3562 -0.0004 -18.3562 0.0044 -18.3562 -0.0006 -18.3562 0.0012 -18.3562 -0.0004 -18.3562 0.0039 -18.3562 -0.0004 
-18.2761 22.4318 -18.2761 -7.7985 -18.2761 0.0299 -18.2761 -0.0052 -18.2761 0.0078 -18.2761 -0.0014 -18.2761 0.0067 -18.2761 -0.0009 -18.2761 0.0073 -18.2761 -0.0014 -18.2761 0.001 -18.2761 -0.0006 -18.2761 0.0071 -18.2761 -0.0009 
-18.1959 23.7415 -18.1959 -9.0751 -18.1959 0.0423 -18.1959 -0.0092 -18.1959 0.0108 -18.1959 -0.0026 -18.1959 0.01 -18.1959 -0.0016 -18.1959 0.0101 -18.1959 -0.0025 -18.1959 0.0008 -18.1959 -0.0008 -18.1959 0.0106 -18.1959 -0.0017 
-18.1157 22.8643 -18.1157 -10.7494 -18.1157 0.0482 -18.1157 -0.0149 -18.1157 0.012 -18.1157 -0.0043 -18.1157 0.0119 -18.1157 -0.0028 -18.1157 0.0113 -18.1157 -0.0041 -18.1157 0.0005 -18.1157 -0.0008 -18.1157 0.0125 -18.1157 -0.0029 
-18.0356 18.45 -18.0356 -13.3944 -18.0356 0.043 -18.0356 -0.0236 -18.0356 0.0104 -18.0356 -0.0068 -18.0356 0.011 -18.0356 -0.0046 -18.0356 0.0098 -18.0356 -0.0064 -18.0356 0.0003 -18.0356 -0.0009 -18.0356 0.0115 -18.0356 -0.0049 
-17.9554 11.9537 -17.9554 -17.2962 -17.9554 0.0296 -17.9554 -0.0361 -17.9554 0.007 -17.9554 -0.0099 -17.9554 0.0077 -17.9554 -0.0077 -17.9554 0.0066 -17.9554 -0.0094 -17.9554 0.0002 -17.9554 -0.0009 -17.9554 0.0081 -17.9554 -0.0082 
-17.8753 6.4581 -17.8753 -21.8558 -17.8753 0.0159 -17.8753 -0.052 -17.8753 0.0036 -17.8753 -0.0134 -17.8753 0.0041 -17.8753 -0.012 -17.8753 0.0035 -17.8753 -0.0129 -17.8753 0.0004 -17.8753 -0.001 -17.8753 0.0043 -17.8753 -0.0127 
-17.7951 3.9001 -17.7951 -25.5371 -17.7951 0.0073 -17.7951 -0.067 -17.7951 0.0014 -17.7951 -0.0164 -17.7951 0.0017 -17.7951 -0.0165 -17.7951 0.0015 -17.7951 -0.016 -17.7951 0.001 -17.7951 -0.0009 -17.7951 0.0017 -17.7951 -0.0172 
-17.7149 4.0143 -17.7149 -26.4906 -17.7149 0.0047 -17.7149 -0.0743 -17.7149 0.0006 -17.7149 -0.0175 -17.7149 0.0007 -17.7149 -0.0189 -17.7149 0.0008 -17.7149 -0.0174 -17.7149 0.002 -17.7149 -0.0009 -17.7149 0.0006 -17.7149 -0.0196 
-17.6348 5.2157 -17.6348 -23.8381 -17.6348 0.0052 -17.6348 -0.0692 -17.6348 0.0005 -17.6348 -0.016 -17.6348 0.0007 -17.6348 -0.0177 -17.6348 0.001 -17.6348 -0.0161 -17.6348 0.0027 -17.6348 -0.0012 -17.6348 0.0003 -17.6348 -0.0182 
-17.5546 6.0223 -17.5546 -18.7525 -17.5546 0.0072 -17.5546 -0.0543 -17.5546 0.0007 -17.5546 -0.0123 -17.5546 0.0013 -17.5546 -0.0136 -17.5546 0.0018 -17.5546 -0.0129 -17.5546 0.0029 -17.5546 -0.0019 -17.5546 0.0005 -17.5546 -0.0136 
-17.4745 6.1762 -17.4745 -13.8279 -17.4745 0.0113 -17.4745 -0.0392 -17.4745 0.0014 -17.4745 -0.0082 -17.4745 0.0029 -17.4745 -0.0097 -17.4745 0.0036 -17.4745 -0.01 -17.4745 0.0023 -17.4745 -0.0028 -17.4745 0.0011 -17.4745 -0.0085 
-17.3943 6.5889 -17.3943 -11.029 -17.3943 0.0184 -17.3943 -0.0332 -17.3943 0.0025 -17.3943 -0.0056 -17.3943 0.0057 -17.3943 -0.0089 -17.3943 0.0066 -17.3943 -0.0098 -17.3943 0.0014 -17.3943 -0.0035 -17.3943 0.0022 -17.3943 -0.0054 
-17.3141 7.9574 -17.3141 -10.5666 -17.3141 0.0278 -17.3141 -0.0396 -17.3141 0.0039 -17.3141 -0.0053 -17.3141 0.0094 -17.3141 -0.0125 -17.3141 0.0102 -17.3141 -0.0131 -17.3141 0.0007 -17.3141 -0.0035 -17.3141 0.0036 -17.3141 -0.0052 
-17.234 9.6065 -17.234 -11.4539 -17.234 0.0361 -17.234 -0.054 -17.234 0.0049 -17.234 -0.0066 -17.234 0.013 -17.234 -0.0191 -17.234 0.013 -17.234 -0.0187 -17.234 0.0003 -17.234 -0.0027 -17.234 0.0049 -17.234 -0.0069 
-17.1538 9.9843 -17.1538 -12.1983 -17.1538 0.0385 -17.1538 -0.0663 -17.1538 0.005 -17.1538 -0.0079 -17.1538 0.0144 -17.1538 -0.0249 -17.1538 0.0134 -17.1538 -0.0231 -17.1538 0.0002 -17.1538 -0.0017 -17.1538 0.0055 -17.1538 -0.0087 
-17.0737 8.2804 -17.0737 -11.3312 -17.0737 0.0324 -17.0737 -0.0658 -17.0737 0.0041 -17.0737 -0.0077 -17.0737 0.0125 -17.0737 -0.0255 -17.0737 0.011 -17.0737 -0.0228 -17.0737 0.0001 -17.0737 -0.0009 -17.0737 0.0047 -17.0737 -0.0089 
-16.9935 5.2984 -16.9935 -8.5025 -16.9935 0.021 -16.9935 -0.0505 -16.9935 0.0026 -16.9935 -0.0059 -16.9935 0.0083 -16.9935 -0.0199 -16.9935 0.007 -16.9935 -0.0174 -16.9935 0 -16.9935 -0.0004 -16.9935 0.0031 -16.9935 -0.0069 
-16.9133 2.5691 -16.9133 -4.9356 -16.9133 0.0104 -16.9133 -0.0294 -16.9133 0.0013 -16.9133 -0.0034 -16.9133 0.0041 -16.9133 -0.0117 -16.9133 0.0034 -16.9133 -0.0101 -16.9133 0 -16.9133 -0.0001 -16.9133 0.0016 -16.9133 -0.0041 
-16.8332 0.9332 -16.8332 -2.1667 -16.8332 0.0038 -16.8332 -0.0128 -16.8332 0.0005 -16.8332 -0.0015 -16.8332 0.0015 -16.8332 -0.0051 -16.8332 0.0012 -16.8332 -0.0044 -16.8332 0 -16.8332 -0 -16.8332 0.0006 -16.8332 -0.0018 
-16.753 0.252 -16.753 -0.7107 -16.753 0.001 -16.753 -0.0042 -16.753 0.0001 -16.753 -0.0005 -16.753 0.0004 -16.753 -0.0017 -16.753 0.0003 -16.753 -0.0014 -16.753 0 -16.753 -0 -16.753 0.0002 -16.753 -0.0006 
-16.6728 0.0503 -16.6728 -0.173 -16.6728 0.0002 -16.6728 -0.0009 -16.6728 0 -16.6728 -0.0001 -16.6728 0.0001 -16.6728 -0.0004 -16.6728 0.0001 -16.6728 -0.0003 -16.6728 0 -16.6728 -0 -16.6728 0 -16.6728 -0.0001 
-16.5927 0.0074 -16.5927 -0.0311 -16.5927 0 -16.5927 -0.0002 -16.5927 0 -16.5927 -0 -16.5927 0 -16.5927 -0.0001 -16.5927 0 -16.5927 -0.0001 -16.5927 0 -16.5927 -0 -16.5927 0 -16.5927 -0 
-16.5125 0.0008 -16.5125 -0.0041 -16.5125 0 -16.5125 -0 -16.5125 0 -16.5125 -0 -16.5125 0 -16.5125 -0 -16.5125 0 -16.5125 -0 -16.5125 0 -16.5125 -0 -16.5125 0 -16.5125 -0 
-16.4324 0.0005 -16.4324 -0.0007 -16.4324 0 -16.4324 -0 -16.4324 0 -16.4324 -0 -16.4324 0 -16.4324 -0 -16.4324 0 -16.4324 -0 -16.4324 0 -16.4324 -0 -16.4324 0 -16.4324 -0 
-16.3522 0.0037 -16.3522 -0.0027 -16.3522 0 -16.3522 -0 -16.3522 0 -16.3522 -0 -16.3522 0 -16.3522 -0 -16.3522 0 -16.3522 -0 -16.3522 0 -16.3522 -0 -16.3522 0 -16.3522 -0 
-16.272 0.0258 -16.272 -0.019 -16.272 0 -16.272 -0 -16.272 0 -16.272 -0 -16.272 0 -16.272 -0 -16.272 0 -16.272 -0 -16.272 0 -16.272 -0 -16.272 0 -16.272 -0 
-16.1919 0.1347 -16.1919 -0.103 -16.1919 0 -16.1919 -0 -16.1919 0 -16.1919 -0 -16.1919 0 -16.1919 -0 -16.1919 0 -16.1919 -0 -16.1919 0 -16.1919 -0 -16.1919 0 -16.1919 -0 
-16.1117 0.5296 -16.1117 -0.4219 -16.1117 0 -16.1117 -0.0002 -16.1117 0 -16.1117 -0 -16.1117 0 -16.1117 -0.0001 -16.1117 0 -16.1117 -0.0001 -16.1117 0 -16.1117 -0 -16.1117 0 -16.1117 -0 
-16.0316 1.5739 -16.0316 -1.3123 -16.0316 0.0002 -16.0316 -0.0006 -16.0316 0 -16.0316 -0.0001 -16.0316 0.0001 -16.0316 -0.0002 -16.0316 0.0001 -16.0316 -0.0002 -16.0316 0 -16.0316 -0 -16.0316 0 -16.0316 -0.0001 
-15.9514 3.5405 -15.9514 -3.1011 -15.9514 0.0006 -15.9514 -0.0013 -15.9514 0.0001 -15.9514 -0.0002 -15.9514 0.0002 -15.9514 -0.0004 -15.9514 0.0002 -15.9514 -0.0005 -15.9514 0 -15.9514 -0.0001 -15.9514 0.0001 -15.9514 -0.0001 
-15.8712 6.0284 -15.8712 -5.5634 -15.8712 0.0013 -15.8712 -0.0024 -15.8712 0.0002 -15.8712 -0.0004 -15.8712 0.0003 -15.8712 -0.0007 -15.8712 0.0005 -15.8712 -0.0009 -15.8712 0.0001 -15.8712 -0.0001 -15.8712 0.0002 -15.8712 -0.0003 
-15.7911 7.7611 -15.7911 -7.5609 -15.7911 0.0017 -15.7911 -0.0034 -15.7911 0.0003 -15.7911 -0.0006 -15.7911 0.0005 -15.7911 -0.001 -15.7911 0.0006 -15.7911 -0.0013 -15.7911 0.0001 -15.7911 -0.0001 -15.7911 0.0002 -15.7911 -0.0004 
-15.7109 7.5411 -15.7109 -7.7595 -15.7109 0.0017 -15.7109 -0.0036 -15.7109 0.0003 -15.7109 -0.0006 -15.7109 0.0005 -15.7109 -0.001 -15.7109 0.0006 -15.7109 -0.0014 -15.7109 0.0001 -15.7109 -0.0002 -15.7109 0.0002 -15.7109 -0.0004 
-15.6308 5.5172 -15.6308 -5.9915 -15.6308 0.0013 -15.6308 -0.003 -15.6308 0.0002 -15.6308 -0.0005 -15.6308 0.0003 -15.6308 -0.0008 -15.6308 0.0005 -15.6308 -0.0012 -15.6308 0.0001 -15.6308 -0.0001 -15.6308 0.0002 -15.6308 -0.0004 
-15.5506 3.0316 -15.5506 -3.468 -15.5506 0.0008 -15.5506 -0.0018 -15.5506 0.0001 -15.5506 -0.0003 -15.5506 0.0002 -15.5506 -0.0005 -15.5506 0.0003 -15.5506 -0.0007 -15.5506 0.0001 -15.5506 -0.0001 -15.5506 0.0001 -15.5506 -0.0002 
-15.4704 1.2478 -15.4704 -1.4996 -15.4704 0.0003 -15.4704 -0.0007 -15.4704 0.0001 -15.4704 -0.0001 -15.4704 0.0001 -15.4704 -0.0002 -15.4704 0.0001 -15.4704 -0.0003 -15.4704 0 -15.4704 -0 -15.4704 0 -15.4704 -0.0001 
-15.3903 0.3838 -15.3903 -0.4829 -15.3903 0 -15.3903 -0.0002 -15.3903 0 -15.3903 -0 -15.3903 0 -15.3903 -0.0001 -15.3903 0 -15.3903 -0.0001 -15.3903 0 -15.3903 -0 -15.3903 0 -15.3903 -0 
-15.3101 0.088 -15.3101 -0.1155 -15.3101 0 -15.3101 -0 -15.3101 0 -15.3101 -0 -15.3101 0 -15.3101 -0 -15.3101 0 -15.3101 -0 -15.3101 0 -15.3101 -0 -15.3101 0 -15.3101 -0 
-15.23 0.015 -15.23 -0.0205 -15.23 0 -15.23 -0 -15.23 0 -15.23 -0 -15.23 0 -15.23 -0 -15.23 0 -15.23 -0 -15.23 0 -15.23 -0 -15.23 0 -15.23 -0 
-15.1498 0.0019 -15.1498 -0.0027 -15.1498 0 -15.1498 -0 -15.1498 0 -15.1498 -0 -15.1498 0 -15.1498 -0 -15.1498 0 -15.1498 -0 -15.1498 0 -15.1498 -0 -15.1498 0 -15.1498 -0 
-15.0696 0.0002 -15.0696 -0.0003 -15.0696 0 -15.0696 -0 -15.0696 0 -15.0696 -0 -15.0696 0 -15.0696 -0 -15.0696 0 -15.0696 -0 -15.0696 0 -15.0696 -0 -15.0696 0 -15.0696 -0 
-14.9895 0.0 -14.9895 -0 -14.9895 0 -14.9895 -0 -14.9895 0 -14.9895 -0 -14.9895 0 -14.9895 -0 -14.9895 0 -14.9895 -0 -14.9895 0 -14.9895 -0 -14.9895 0 -14.9895 -0 
-14.9093 0.0 -14.9093 -0 -14.9093 0 -14.9093 -0 -14.9093 0 -14.9093 -0 -14.9093 0 -14.9093 -0 -14.9093 0 -14.9093 -0 -14.9093 0 -14.9093 -0 -14.9093 0 -14.9093 -0 
-14.8292 0.0 -14.8292 -0 -14.8292 0 -14.8292 -0 -14.8292 0 -14.8292 -0 -14.8292 0 -14.8292 -0 -14.8292 0 -14.8292 -0 -14.8292 0 -14.8292 -0 -14.8292 0 -14.8292 -0 
-14.749 0.0 -14.749 -0 -14.749 0 -14.749 -0 -14.749 0 -14.749 -0 -14.749 0 -14.749 -0 -14.749 0 -14.749 -0 -14.749 0 -14.749 -0 -14.749 0 -14.749 -0 
-14.6688 0.0 -14.6688 -0 -14.6688 0 -14.6688 -0 -14.6688 0 -14.6688 -0 -14.6688 0 -14.6688 -0 -14.6688 0 -14.6688 -0 -14.6688 0 -14.6688 -0 -14.6688 0 -14.6688 -0 
-14.5887 0.0 -14.5887 -0 -14.5887 0 -14.5887 -0 -14.5887 0 -14.5887 -0 -14.5887 0 -14.5887 -0 -14.5887 0 -14.5887 -0 -14.5887 0 -14.5887 -0 -14.5887 0 -14.5887 -0 
-14.5085 0.0 -14.5085 -0 -14.5085 0 -14.5085 -0 -14.5085 0 -14.5085 -0 -14.5085 0 -14.5085 -0 -14.5085 0 -14.5085 -0 -14.5085 0 -14.5085 -0 -14.5085 0 -14.5085 -0 
-14.4284 0.0 -14.4284 -0 -14.4284 0 -14.4284 -0 -14.4284 0 -14.4284 -0 -14.4284 0 -14.4284 -0 -14.4284 0 -14.4284 -0 -14.4284 0 -14.4284 -0 -14.4284 0 -14.4284 -0 
-14.3482 0.0 -14.3482 -0 -14.3482 0 -14.3482 -0 -14.3482 0 -14.3482 -0 -14.3482 0 -14.3482 -0 -14.3482 0 -14.3482 -0 -14.3482 0 -14.3482 -0 -14.3482 0 -14.3482 -0 
-14.268 0.0 -14.268 -0 -14.268 0 -14.268 -0 -14.268 0 -14.268 -0 -14.268 0 -14.268 -0 -14.268 0 -14.268 -0 -14.268 0 -14.268 -0 -14.268 0 -14.268 -0 
-14.1879 0.0 -14.1879 -0 -14.1879 0 -14.1879 -0 -14.1879 0 -14.1879 -0 -14.1879 0 -14.1879 -0 -14.1879 0 -14.1879 -0 -14.1879 0 -14.1879 -0 -14.1879 0 -14.1879 -0 
-14.1077 0.0 -14.1077 -0 -14.1077 0 -14.1077 -0 -14.1077 0 -14.1077 -0 -14.1077 0 -14.1077 -0 -14.1077 0 -14.1077 -0 -14.1077 0 -14.1077 -0 -14.1077 0 -14.1077 -0 
-14.0276 0.0 -14.0276 -0 -14.0276 0 -14.0276 -0 -14.0276 0 -14.0276 -0 -14.0276 0 -14.0276 -0 -14.0276 0 -14.0276 -0 -14.0276 0 -14.0276 -0 -14.0276 0 -14.0276 -0 
-13.9474 0.0 -13.9474 -0 -13.9474 0 -13.9474 -0 -13.9474 0 -13.9474 -0 -13.9474 0 -13.9474 -0 -13.9474 0 -13.9474 -0 -13.9474 0 -13.9474 -0 -13.9474 0 -13.9474 -0 
-13.8672 0.0 -13.8672 -0 -13.8672 0 -13.8672 -0 -13.8672 0 -13.8672 -0 -13.8672 0 -13.8672 -0 -13.8672 0 -13.8672 -0 -13.8672 0 -13.8672 -0 -13.8672 0 -13.8672 -0 
-13.7871 0.0 -13.7871 -0 -13.7871 0 -13.7871 -0 -13.7871 0 -13.7871 -0 -13.7871 0 -13.7871 -0 -13.7871 0 -13.7871 -0 -13.7871 0 -13.7871 -0 -13.7871 0 -13.7871 -0 
-13.7069 0.0 -13.7069 -0 -13.7069 0 -13.7069 -0 -13.7069 0 -13.7069 -0 -13.7069 0 -13.7069 -0 -13.7069 0 -13.7069 -0 -13.7069 0 -13.7069 -0 -13.7069 0 -13.7069 -0 
-13.6268 0.0 -13.6268 -0 -13.6268 0 -13.6268 -0 -13.6268 0 -13.6268 -0 -13.6268 0 -13.6268 -0 -13.6268 0 -13.6268 -0 -13.6268 0 -13.6268 -0 -13.6268 0 -13.6268 -0 
-13.5466 0.0 -13.5466 -0 -13.5466 0 -13.5466 -0 -13.5466 0 -13.5466 -0 -13.5466 0 -13.5466 -0 -13.5466 0 -13.5466 -0 -13.5466 0 -13.5466 -0 -13.5466 0 -13.5466 -0 
-13.4664 0.0 -13.4664 -0 -13.4664 0 -13.4664 -0 -13.4664 0 -13.4664 -0 -13.4664 0 -13.4664 -0 -13.4664 0 -13.4664 -0 -13.4664 0 -13.4664 -0 -13.4664 0 -13.4664 -0 
-13.3863 0.0 -13.3863 -0 -13.3863 0 -13.3863 -0 -13.3863 0 -13.3863 -0 -13.3863 0 -13.3863 -0 -13.3863 0 -13.3863 -0 -13.3863 0 -13.3863 -0 -13.3863 0 -13.3863 -0 
-13.3061 0.0 -13.3061 -0 -13.3061 0 -13.3061 -0 -13.3061 0 -13.3061 -0 -13.3061 0 -13.3061 -0 -13.3061 0 -13.3061 -0 -13.3061 0 -13.3061 -0 -13.3061 0 -13.3061 -0 
-13.226 0.0 -13.226 -0 -13.226 0 -13.226 -0 -13.226 0 -13.226 -0 -13.226 0 -13.226 -0 -13.226 0 -13.226 -0 -13.226 0 -13.226 -0 -13.226 0 -13.226 -0 
-13.1458 0.0 -13.1458 -0 -13.1458 0 -13.1458 -0 -13.1458 0 -13.1458 -0 -13.1458 0 -13.1458 -0 -13.1458 0 -13.1458 -0 -13.1458 0 -13.1458 -0 -13.1458 0 -13.1458 -0 
-13.0656 0.0 -13.0656 -0 -13.0656 0 -13.0656 -0 -13.0656 0 -13.0656 -0 -13.0656 0 -13.0656 -0 -13.0656 0 -13.0656 -0 -13.0656 0 -13.0656 -0 -13.0656 0 -13.0656 -0 
-12.9855 0.0 -12.9855 -0 -12.9855 0 -12.9855 -0 -12.9855 0 -12.9855 -0 -12.9855 0 -12.9855 -0 -12.9855 0 -12.9855 -0 -12.9855 0 -12.9855 -0 -12.9855 0 -12.9855 -0 
-12.9053 0.0 -12.9053 -0 -12.9053 0 -12.9053 -0 -12.9053 0 -12.9053 -0 -12.9053 0 -12.9053 -0 -12.9053 0 -12.9053 -0 -12.9053 0 -12.9053 -0 -12.9053 0 -12.9053 -0 
-12.8252 0.0 -12.8252 -0 -12.8252 0 -12.8252 -0 -12.8252 0 -12.8252 -0 -12.8252 0 -12.8252 -0 -12.8252 0 -12.8252 -0 -12.8252 0 -12.8252 -0 -12.8252 0 -12.8252 -0 
-12.745 0.0 -12.745 -0 -12.745 0 -12.745 -0 -12.745 0 -12.745 -0 -12.745 0 -12.745 -0 -12.745 0 -12.745 -0 -12.745 0 -12.745 -0 -12.745 0 -12.745 -0 
-12.6648 0.0 -12.6648 -0 -12.6648 0 -12.6648 -0 -12.6648 0 -12.6648 -0 -12.6648 0 -12.6648 -0 -12.6648 0 -12.6648 -0 -12.6648 0 -12.6648 -0 -12.6648 0 -12.6648 -0 
-12.5847 0.0 -12.5847 -0 -12.5847 0 -12.5847 -0 -12.5847 0 -12.5847 -0 -12.5847 0 -12.5847 -0 -12.5847 0 -12.5847 -0 -12.5847 0 -12.5847 -0 -12.5847 0 -12.5847 -0 
-12.5045 0.0 -12.5045 -0 -12.5045 0 -12.5045 -0 -12.5045 0 -12.5045 -0 -12.5045 0 -12.5045 -0 -12.5045 0 -12.5045 -0 -12.5045 0 -12.5045 -0 -12.5045 0 -12.5045 -0 
-12.4244 0.0 -12.4244 -0 -12.4244 0 -12.4244 -0 -12.4244 0 -12.4244 -0 -12.4244 0 -12.4244 -0 -12.4244 0 -12.4244 -0 -12.4244 0 -12.4244 -0 -12.4244 0 -12.4244 -0 
-12.3442 0.0 -12.3442 -0 -12.3442 0 -12.3442 -0 -12.3442 0 -12.3442 -0 -12.3442 0 -12.3442 -0 -12.3442 0 -12.3442 -0 -12.3442 0 -12.3442 -0 -12.3442 0 -12.3442 -0 
-12.264 0.0 -12.264 -0 -12.264 0 -12.264 -0 -12.264 0 -12.264 -0 -12.264 0 -12.264 -0 -12.264 0 -12.264 -0 -12.264 0 -12.264 -0 -12.264 0 -12.264 -0 
-12.1839 0.0 -12.1839 -0 -12.1839 0 -12.1839 -0 -12.1839 0 -12.1839 -0 -12.1839 0 -12.1839 -0 -12.1839 0 -12.1839 -0 -12.1839 0 -12.1839 -0 -12.1839 0 -12.1839 -0 
-12.1037 0.0 -12.1037 -0 -12.1037 0 -12.1037 -0 -12.1037 0 -12.1037 -0 -12.1037 0 -12.1037 -0 -12.1037 0 -12.1037 -0 -12.1037 0 -12.1037 -0 -12.1037 0 -12.1037 -0 
-12.0236 0.0 -12.0236 -0 -12.0236 0 -12.0236 -0 -12.0236 0 -12.0236 -0 -12.0236 0 -12.0236 -0 -12.0236 0 -12.0236 -0 -12.0236 0 -12.0236 -0 -12.0236 0 -12.0236 -0 
-11.9434 0.0 -11.9434 -0 -11.9434 0 -11.9434 -0 -11.9434 0 -11.9434 -0 -11.9434 0 -11.9434 -0 -11.9434 0 -11.9434 -0 -11.9434 0 -11.9434 -0 -11.9434 0 -11.9434 -0 
-11.8632 0.0 -11.8632 -0 -11.8632 0 -11.8632 -0 -11.8632 0 -11.8632 -0 -11.8632 0 -11.8632 -0 -11.8632 0 -11.8632 -0 -11.8632 0 -11.8632 -0 -11.8632 0 -11.8632 -0 
-11.7831 0.0 -11.7831 -0 -11.7831 0 -11.7831 -0 -11.7831 0 -11.7831 -0 -11.7831 0 -11.7831 -0 -11.7831 0 -11.7831 -0 -11.7831 0 -11.7831 -0 -11.7831 0 -11.7831 -0 
-11.7029 0.0 -11.7029 -0 -11.7029 0 -11.7029 -0 -11.7029 0 -11.7029 -0 -11.7029 0 -11.7029 -0 -11.7029 0 -11.7029 -0 -11.7029 0 -11.7029 -0 -11.7029 0 -11.7029 -0 
-11.6227 0.0 -11.6227 -0 -11.6227 0 -11.6227 -0 -11.6227 0 -11.6227 -0 -11.6227 0 -11.6227 -0 -11.6227 0 -11.6227 -0 -11.6227 0 -11.6227 -0 -11.6227 0 -11.6227 -0 
-11.5426 0.0 -11.5426 -0 -11.5426 0 -11.5426 -0 -11.5426 0 -11.5426 -0 -11.5426 0 -11.5426 -0 -11.5426 0 -11.5426 -0 -11.5426 0 -11.5426 -0 -11.5426 0 -11.5426 -0 
-11.4624 0.0 -11.4624 -0 -11.4624 0 -11.4624 -0 -11.4624 0 -11.4624 -0 -11.4624 0 -11.4624 -0 -11.4624 0 -11.4624 -0 -11.4624 0 -11.4624 -0 -11.4624 0 -11.4624 -0 
-11.3823 0.0 -11.3823 -0 -11.3823 0 -11.3823 -0 -11.3823 0 -11.3823 -0 -11.3823 0 -11.3823 -0 -11.3823 0 -11.3823 -0 -11.3823 0 -11.3823 -0 -11.3823 0 -11.3823 -0 
-11.3021 0.0 -11.3021 -0 -11.3021 0 -11.3021 -0 -11.3021 0 -11.3021 -0 -11.3021 0 -11.3021 -0 -11.3021 0 -11.3021 -0 -11.3021 0 -11.3021 -0 -11.3021 0 -11.3021 -0 
-11.2219 0.0 -11.2219 -0 -11.2219 0 -11.2219 -0 -11.2219 0 -11.2219 -0 -11.2219 0 -11.2219 -0 -11.2219 0 -11.2219 -0 -11.2219 0 -11.2219 -0 -11.2219 0 -11.2219 -0 
-11.1418 0.0 -11.1418 -0 -11.1418 0 -11.1418 -0 -11.1418 0 -11.1418 -0 -11.1418 0 -11.1418 -0 -11.1418 0 -11.1418 -0 -11.1418 0 -11.1418 -0 -11.1418 0 -11.1418 -0 
-11.0616 0.0 -11.0616 -0 -11.0616 0 -11.0616 -0 -11.0616 0 -11.0616 -0 -11.0616 0 -11.0616 -0 -11.0616 0 -11.0616 -0 -11.0616 0 -11.0616 -0 -11.0616 0 -11.0616 -0 
-10.9815 0.0 -10.9815 -0 -10.9815 0 -10.9815 -0 -10.9815 0 -10.9815 -0 -10.9815 0 -10.9815 -0 -10.9815 0 -10.9815 -0 -10.9815 0 -10.9815 -0 -10.9815 0 -10.9815 -0 
-10.9013 0.0 -10.9013 -0 -10.9013 0 -10.9013 -0 -10.9013 0 -10.9013 -0 -10.9013 0 -10.9013 -0 -10.9013 0 -10.9013 -0 -10.9013 0 -10.9013 -0 -10.9013 0 -10.9013 -0 
-10.8211 0.0 -10.8211 -0 -10.8211 0 -10.8211 -0 -10.8211 0 -10.8211 -0 -10.8211 0 -10.8211 -0 -10.8211 0 -10.8211 -0 -10.8211 0 -10.8211 -0 -10.8211 0 -10.8211 -0 
-10.741 0.0 -10.741 -0 -10.741 0 -10.741 -0 -10.741 0 -10.741 -0 -10.741 0 -10.741 -0 -10.741 0 -10.741 -0 -10.741 0 -10.741 -0 -10.741 0 -10.741 -0 
-10.6608 0.0 -10.6608 -0 -10.6608 0 -10.6608 -0 -10.6608 0 -10.6608 -0 -10.6608 0 -10.6608 -0 -10.6608 0 -10.6608 -0 -10.6608 0 -10.6608 -0 -10.6608 0 -10.6608 -0 
-10.5807 0.0 -10.5807 -0 -10.5807 0 -10.5807 -0 -10.5807 0 -10.5807 -0 -10.5807 0 -10.5807 -0 -10.5807 0 -10.5807 -0 -10.5807 0 -10.5807 -0 -10.5807 0 -10.5807 -0 
-10.5005 0.0 -10.5005 -0 -10.5005 0 -10.5005 -0 -10.5005 0 -10.5005 -0 -10.5005 0 -10.5005 -0 -10.5005 0 -10.5005 -0 -10.5005 0 -10.5005 -0 -10.5005 0 -10.5005 -0 
-10.4203 0.0 -10.4203 -0 -10.4203 0 -10.4203 -0 -10.4203 0 -10.4203 -0 -10.4203 0 -10.4203 -0 -10.4203 0 -10.4203 -0 -10.4203 0 -10.4203 -0 -10.4203 0 -10.4203 -0 
-10.3402 0.0 -10.3402 -0 -10.3402 0 -10.3402 -0 -10.3402 0 -10.3402 -0 -10.3402 0 -10.3402 -0 -10.3402 0 -10.3402 -0 -10.3402 0 -10.3402 -0 -10.3402 0 -10.3402 -0 
-10.26 0.0001 -10.26 -0 -10.26 0 -10.26 -0 -10.26 0 -10.26 -0 -10.26 0 -10.26 -0 -10.26 0 -10.26 -0 -10.26 0 -10.26 -0 -10.26 0 -10.26 -0 
-10.1799 0.0007 -10.1799 -0 -10.1799 0 -10.1799 -0 -10.1799 0 -10.1799 -0 -10.1799 0 -10.1799 -0 -10.1799 0 -10.1799 -0 -10.1799 0 -10.1799 -0 -10.1799 0 -10.1799 -0 
-10.0997 0.0052 -10.0997 -0 -10.0997 0 -10.0997 -0 -10.0997 0 -10.0997 -0 -10.0997 0 -10.0997 -0 -10.0997 0 -10.0997 -0 -10.0997 0 -10.0997 -0 -10.0997 0 -10.0997 -0 
-10.0195 0.0282 -10.0195 -0 -10.0195 0 -10.0195 -0 -10.0195 0 -10.0195 -0 -10.0195 0 -10.0195 -0 -10.0195 0 -10.0195 -0 -10.0195 0 -10.0195 -0 -10.0195 0 -10.0195 -0 
-9.93944 0.1164 -9.93944 -0 -9.93944 0 -9.93944 -0 -9.93944 0 -9.93944 -0 -9.93944 0 -9.93944 -0 -9.93944 0 -9.93944 -0 -9.93944 0 -9.93944 -0 -9.93944 0 -9.93944 -0 
-9.85924 0.3757 -9.85924 -0.0004 -9.85924 0 -9.85924 -0 -9.85924 0 -9.85924 -0 -9.85924 0 -9.85924 -0 -9.85924 0 -9.85924 -0 -9.85924 0 -9.85924 -0 -9.85924 0 -9.85924 -0 
-9.77914 0.9765 -9.77914 -0.0034 -9.77914 0 -9.77914 -0 -9.77914 0 -9.77914 -0 -9.77914 0 -9.77914 -0 -9.77914 0 -9.77914 -0 -9.77914 0 -9.77914 -0 -9.77914 0 -9.77914 -0 
-9.69894 2.1282 -9.69894 -0.0227 -9.69894 0 -9.69894 -0 -9.69894 0 -9.69894 -0 -9.69894 0 -9.69894 -0 -9.69894 0 -9.69894 -0 -9.69894 0 -9.69894 -0 -9.69894 0 -9.69894 -0 
-9.61874 4.0666 -9.61874 -0.1152 -9.61874 0.0003 -9.61874 -0 -9.61874 0.0001 -9.61874 -0 -9.61874 0.0001 -9.61874 -0 -9.61874 0.0001 -9.61874 -0 -9.61874 0 -9.61874 -0 -9.61874 0 -9.61874 -0 
-9.53864 7.0412 -9.53864 -0.4461 -9.53864 0.0005 -9.53864 -0 -9.53864 0.0001 -9.53864 -0 -9.53864 0.0001 -9.53864 -0 -9.53864 0.0001 -9.53864 -0 -9.53864 0.0001 -9.53864 -0 -9.53864 0.0001 -9.53864 -0 
-9.45844 11.1351 -9.45844 -1.3392 -9.45844 0.0009 -9.45844 -0 -9.45844 0.0002 -9.45844 -0 -9.45844 0.0002 -9.45844 -0 -9.45844 0.0002 -9.45844 -0 -9.45844 0.0001 -9.45844 -0 -9.45844 0.0002 -9.45844 -0 
-9.37834 15.9316 -9.37834 -3.1894 -9.37834 0.0016 -9.37834 -0.0005 -9.37834 0.0003 -9.37834 -0.0002 -9.37834 0.0003 -9.37834 -0.0001 -9.37834 0.0004 -9.37834 -0.0001 -9.37834 0.0003 -9.37834 -0 -9.37834 0.0003 -9.37834 -0.0001 
-9.29814 20.5892 -9.29814 -6.2164 -9.29814 0.0024 -9.29814 -0.001 -9.29814 0.0005 -9.29814 -0.0004 -9.29814 0.0004 -9.29814 -0.0001 -9.29814 0.0005 -9.29814 -0.0002 -9.29814 0.0006 -9.29814 -0.0001 -9.29814 0.0004 -9.29814 -0.0002 
-9.21794 24.6613 -9.21794 -10.3042 -9.21794 0.0039 -9.21794 -0.0024 -9.21794 0.0008 -9.21794 -0.0008 -9.21794 0.0006 -9.21794 -0.0003 -9.21794 0.0008 -9.21794 -0.0005 -9.21794 0.001 -9.21794 -0.0003 -9.21794 0.0007 -9.21794 -0.0005 
-9.13784 28.6594 -9.13784 -15.0876 -9.13784 0.0057 -9.13784 -0.0042 -9.13784 0.0011 -9.13784 -0.0014 -9.13784 0.0009 -9.13784 -0.0005 -9.13784 0.0012 -9.13784 -0.0008 -9.13784 0.0015 -9.13784 -0.0005 -9.13784 0.001 -9.13784 -0.001 
-9.05764 33.2696 -9.05764 -19.9886 -9.05764 0.0079 -9.05764 -0.0062 -9.05764 0.0014 -9.05764 -0.0021 -9.05764 0.0014 -9.05764 -0.0008 -9.05764 0.0016 -9.05764 -0.0012 -9.05764 0.0021 -9.05764 -0.0006 -9.05764 0.0014 -9.05764 -0.0015 
-8.97754 38.1838 -8.97754 -24.0591 -8.97754 0.0098 -8.97754 -0.0076 -8.97754 0.0016 -8.97754 -0.0026 -8.97754 0.002 -8.97754 -0.001 -8.97754 0.0021 -8.97754 -0.0015 -8.97754 0.0024 -8.97754 -0.0007 -8.97754 0.0017 -8.97754 -0.0018 
-8.89734 42.1175 -8.89734 -26.2385 -8.89734 0.0116 -8.89734 -0.0078 -8.89734 0.0017 -8.89734 -0.0027 -8.89734 0.0027 -8.89734 -0.001 -8.89734 0.0026 -8.89734 -0.0014 -8.89734 0.0026 -8.89734 -0.0007 -8.89734 0.002 -8.89734 -0.002 
-8.81714 43.8418 -8.81714 -26.1958 -8.81714 0.0143 -8.81714 -0.0067 -8.81714 0.0021 -8.81714 -0.0024 -8.81714 0.0037 -8.81714 -0.0008 -8.81714 0.0034 -8.81714 -0.0011 -8.81714 0.0026 -8.81714 -0.0005 -8.81714 0.0025 -8.81714 -0.0019 
-8.73704 43.2971 -8.73704 -24.6274 -8.73704 0.0184 -8.73704 -0.0055 -8.73704 0.003 -8.73704 -0.0021 -8.73704 0.0049 -8.73704 -0.0005 -8.73704 0.0043 -8.73704 -0.0007 -8.73704 0.0026 -8.73704 -0.0003 -8.73704 0.0036 -8.73704 -0.0019 
-8.65684 41.9606 -8.65684 -22.5228 -8.65684 0.0245 -8.65684 -0.0046 -8.65684 0.0048 -8.65684 -0.0019 -8.65684 0.0062 -8.65684 -0.0003 -8.65684 0.0054 -8.65684 -0.0004 -8.65684 0.0026 -8.65684 -0.0002 -8.65684 0.0055 -8.65684 -0.0018 
-8.57674 41.5762 -8.57674 -20.3611 -8.57674 0.0312 -8.57674 -0.004 -8.57674 0.0071 -8.57674 -0.0018 -8.57674 0.0072 -8.57674 -0.0002 -8.57674 0.0063 -8.57674 -0.0002 -8.57674 0.0026 -8.57674 -0.0001 -8.57674 0.008 -8.57674 -0.0017 
-8.49654 42.3705 -8.49654 -17.9074 -8.49654 0.0359 -8.49654 -0.0036 -8.49654 0.0093 -8.49654 -0.0018 -8.49654 0.0075 -8.49654 -0.0001 -8.49654 0.0067 -8.49654 -0.0001 -8.49654 0.0024 -8.49654 -0 -8.49654 0.01 -8.49654 -0.0016 
-8.41634 43.2017 -8.41634 -14.8399 -8.41634 0.0371 -8.41634 -0.0038 -8.41634 0.0108 -8.41634 -0.002 -8.41634 0.0068 -8.41634 -0.0001 -8.41634 0.0064 -8.41634 -0.0001 -8.41634 0.0023 -8.41634 -0 -8.41634 0.0108 -8.41634 -0.0016 
-8.33624 43.0191 -8.33624 -11.9069 -8.33624 0.0351 -8.33624 -0.006 -8.33624 0.0113 -8.33624 -0.0032 -8.33624 0.0055 -8.33624 -0.0001 -8.33624 0.0055 -8.33624 -0.0001 -8.33624 0.0024 -8.33624 -0.0001 -8.33624 0.0104 -8.33624 -0.0025 
-8.25604 41.4798 -8.25604 -10.8728 -8.25604 0.0321 -8.25604 -0.0118 -8.25604 0.011 -8.25604 -0.0061 -8.25604 0.0042 -8.25604 -0.0002 -8.25604 0.0046 -8.25604 -0.0002 -8.25604 0.0029 -8.25604 -0.0002 -8.25604 0.0094 -8.25604 -0.0051 
-8.17594 39.16 -8.17594 -12.5946 -8.17594 0.0291 -8.17594 -0.0213 -8.17594 0.0097 -8.17594 -0.0106 -8.17594 0.0032 -8.17594 -0.0002 -8.17594 0.0038 -8.17594 -0.0003 -8.17594 0.0043 -8.17594 -0.0004 -8.17594 0.0081 -8.17594 -0.0098 
-8.09574 37.6801 -8.09574 -15.6137 -8.09574 0.0273 -8.09574 -0.0327 -8.09574 0.0077 -8.09574 -0.0151 -8.09574 0.0026 -8.09574 -0.0004 -8.09574 0.0032 -8.09574 -0.0004 -8.09574 0.0072 -8.09574 -0.0012 -8.09574 0.0066 -8.09574 -0.0156 
-8.01554 38.4321 -8.01554 -17.2814 -8.01554 0.0281 -8.01554 -0.0416 -8.01554 0.0056 -8.01554 -0.0171 -8.01554 0.0023 -8.01554 -0.0006 -8.01554 0.0028 -8.01554 -0.0006 -8.01554 0.0122 -8.01554 -0.0037 -8.01554 0.0052 -8.01554 -0.0196 
-7.93544 40.807 -7.93544 -16.2658 -7.93544 0.0318 -7.93544 -0.0477 -7.93544 0.0041 -7.93544 -0.0153 -7.93544 0.0023 -7.93544 -0.0014 -7.93544 0.0027 -7.93544 -0.0017 -7.93544 0.0185 -7.93544 -0.0103 -7.93544 0.0042 -7.93544 -0.019 
-7.85524 42.4126 -7.85524 -13.8126 -7.85524 0.0351 -7.85524 -0.0583 -7.85524 0.0034 -7.85524 -0.011 -7.85524 0.0027 -7.85524 -0.0045 -7.85524 0.0028 -7.85524 -0.0057 -7.85524 0.0223 -7.85524 -0.0227 -7.85524 0.0039 -7.85524 -0.0144 
-7.77514 41.153 -7.77514 -12.3695 -7.77514 0.0355 -7.77514 -0.085 -7.77514 0.0032 -7.77514 -0.0077 -7.77514 0.0039 -7.77514 -0.0136 -7.77514 0.0036 -7.77514 -0.0166 -7.77514 0.0206 -7.77514 -0.0377 -7.77514 0.0042 -7.77514 -0.0094 
-7.69494 36.8647 -7.69494 -12.9454 -7.69494 0.034 -7.69494 -0.1357 -7.69494 0.0032 -7.69494 -0.0102 -7.69494 0.0062 -7.69494 -0.0318 -7.69494 0.0056 -7.69494 -0.0378 -7.69494 0.0144 -7.69494 -0.0468 -7.69494 0.0046 -7.69494 -0.0091 
-7.61474 31.1466 -7.61474 -14.2918 -7.61474 0.0348 -7.61474 -0.217 -7.61474 0.0034 -7.61474 -0.0293 -7.61474 0.0099 -7.61474 -0.0569 -7.61474 0.0089 -7.61474 -0.0666 -7.61474 0.0077 -7.61474 -0.0434 -7.61474 0.0049 -7.61474 -0.0208 
-7.53464 25.7828 -7.53464 -14.849 -7.53464 0.0377 -7.53464 -0.3556 -7.53464 0.0035 -7.53464 -0.0897 -7.53464 0.0136 -7.53464 -0.0805 -7.53464 0.0124 -7.53464 -0.0952 -7.53464 0.0033 -7.53464 -0.0302 -7.53464 0.0049 -7.53464 -0.06 
-7.45444 21.5042 -7.45444 -14.6283 -7.45444 0.0384 -7.45444 -0.6159 -7.45444 0.0035 -7.45444 -0.2263 -7.45444 0.0151 -7.45444 -0.0983 -7.45444 0.0139 -7.45444 -0.122 -7.45444 0.0013 -7.45444 -0.0162 -7.45444 0.0046 -7.45444 -0.1531 
-7.37434 18.3768 -7.37434 -14.433 -7.37434 0.034 -7.37434 -1.0513 -7.37434 0.0034 -7.37434 -0.451 -7.37434 0.0134 -7.37434 -0.1164 -7.37434 0.0122 -7.37434 -0.153 -7.37434 0.0007 -7.37434 -0.0074 -7.37434 0.0043 -7.37434 -0.3235 
-7.29414 16.308 -7.29414 -14.0787 -7.29414 0.026 -7.29414 -1.6256 -7.29414 0.0032 -7.29414 -0.7199 -7.29414 0.0096 -7.29414 -0.1408 -7.29414 0.0086 -7.29414 -0.1856 -7.29414 0.0006 -7.29414 -0.0036 -7.29414 0.004 -7.29414 -0.5757 
-7.21394 14.413 -7.21394 -12.7476 -7.21394 0.0179 -7.21394 -2.2223 -7.21394 0.0029 -7.21394 -0.9587 -7.21394 0.0058 -7.21394 -0.1678 -7.21394 0.0051 -7.21394 -0.2045 -7.21394 0.0005 -7.21394 -0.0025 -7.21394 0.0036 -7.21394 -0.8888 
-7.13384 11.3838 -7.13384 -10.5634 -7.13384 0.0114 -7.13384 -2.6831 -7.13384 0.0023 -7.13384 -1.1072 -7.13384 0.0032 -7.13384 -0.1868 -7.13384 0.0027 -7.13384 -0.1991 -7.13384 0.0004 -7.13384 -0.0024 -7.13384 0.0028 -7.13384 -1.1876 
-7.05364 7.2717 -7.05364 -8.4509 -7.05364 0.0065 -7.05364 -2.7922 -7.05364 0.0015 -7.05364 -1.1112 -7.05364 0.0016 -7.05364 -0.1854 -7.05364 0.0014 -7.05364 -0.1729 -7.05364 0.0003 -7.05364 -0.0031 -7.05364 0.0017 -7.05364 -1.3196 
-6.97354 3.5558 -6.97354 -6.969 -6.97354 0.003 -6.97354 -2.4114 -6.97354 0.0007 -6.97354 -0.9401 -6.97354 0.0007 -6.97354 -0.1606 -6.97354 0.0006 -6.97354 -0.139 -6.97354 0.0002 -6.97354 -0.0049 -6.97354 0.0008 -6.97354 -1.1668 
-6.89334 1.3132 -6.89334 -6.2347 -6.89334 0.0011 -6.89334 -1.7471 -6.89334 0.0003 -6.89334 -0.6624 -6.89334 0.0002 -6.89334 -0.139 -6.89334 0.0002 -6.89334 -0.1277 -6.89334 0.0001 -6.89334 -0.0091 -6.89334 0.0003 -6.89334 -0.8089 
-6.81314 0.4132 -6.81314 -6.3799 -6.81314 0.0005 -6.81314 -1.2864 -6.81314 0.0001 -6.81314 -0.4248 -6.81314 0.0001 -6.81314 -0.181 -6.81314 0.0001 -6.81314 -0.1948 -6.81314 0.0001 -6.81314 -0.0175 -6.81314 0.0001 -6.81314 -0.4683 
-6.73304 0.2484 -6.73304 -7.5109 -6.73304 0.0002 -6.73304 -1.4113 -6.73304 0 -6.73304 -0.3253 -6.73304 0 -6.73304 -0.3563 -6.73304 0 -6.73304 -0.402 -6.73304 0.0002 -6.73304 -0.0325 -6.73304 0 -6.73304 -0.2952 
-6.65284 0.432 -6.65284 -9.4858 -6.65284 0.0006 -6.65284 -2.1307 -6.65284 0.0001 -6.65284 -0.3481 -6.65284 0 -6.65284 -0.6923 -6.65284 0.0001 -6.65284 -0.754 -6.65284 0.0004 -6.65284 -0.0545 -6.65284 0 -6.65284 -0.2818 
-6.57264 0.8771 -6.57264 -11.7513 -6.57264 0.0014 -6.57264 -3.0519 -6.57264 0.0002 -6.57264 -0.4039 -6.57264 0.0001 -6.57264 -1.1021 -6.57264 0.0002 -6.57264 -1.1305 -6.57264 0.0008 -6.57264 -0.0817 -6.57264 0.0001 -6.57264 -0.3337 
-6.49254 1.6619 -6.49254 -13.3634 -6.49254 0.0029 -6.49254 -3.5717 -6.49254 0.0005 -6.49254 -0.4045 -6.49254 0.0003 -6.49254 -1.3765 -6.49254 0.0005 -6.49254 -1.3223 -6.49254 0.0013 -6.49254 -0.1118 -6.49254 0.0003 -6.49254 -0.3566 
-6.41234 2.9429 -6.41234 -13.5481 -6.41234 0.0055 -6.41234 -3.3168 -6.41234 0.0011 -6.41234 -0.3241 -6.41234 0.0007 -6.41234 -1.3322 -6.41234 0.0011 -6.41234 -1.2041 -6.41234 0.0019 -6.41234 -0.1491 -6.41234 0.0007 -6.41234 -0.3073 
-6.33224 4.8611 -6.33224 -12.4521 -6.33224 0.01 -6.33224 -2.4769 -6.33224 0.0022 -6.33224 -0.2059 -6.33224 0.0013 -6.33224 -0.9971 -6.33224 0.0022 -6.33224 -0.8594 -6.33224 0.0028 -6.33224 -0.2058 -6.33224 0.0015 -6.33224 -0.2087 
-6.25204 7.3924 -6.25204 -11.0831 -6.25204 0.0168 -6.25204 -1.5789 -6.25204 0.0041 -6.25204 -0.1069 -6.25204 0.0023 -6.25204 -0.5827 -6.25204 0.0038 -6.25204 -0.4899 -6.25204 0.004 -6.25204 -0.2862 -6.25204 0.0026 -6.25204 -0.1132 
-6.17184 10.2385 -6.17184 -10.3492 -6.17184 0.0263 -6.17184 -0.9748 -6.17184 0.0068 -6.17184 -0.05 -6.17184 0.0035 -6.17184 -0.2751 -6.17184 0.0057 -6.17184 -0.2335 -6.17184 0.0059 -6.17184 -0.3635 -6.17184 0.0044 -6.17184 -0.0527 
-6.09174 12.883 -6.09174 -10.3496 -6.09174 0.0385 -6.09174 -0.6593 -6.09174 0.0105 -6.09174 -0.0255 -6.09174 0.0048 -6.09174 -0.1149 -6.09174 0.0077 -6.09174 -0.1036 -6.09174 0.0085 -6.09174 -0.3899 -6.09174 0.007 -6.09174 -0.0254 
-6.01154 14.8503 -6.01154 -10.6681 -6.01154 0.0531 -6.01154 -0.4822 -6.01154 0.0148 -6.01154 -0.0169 -6.01154 0.0061 -6.01154 -0.0515 -6.01154 0.0095 -6.01154 -0.0522 -6.01154 0.0125 -6.01154 -0.3456 -6.01154 0.0102 -6.01154 -0.016 
-5.93144 16.0515 -5.93144 -11.0446 -5.93144 0.0689 -5.93144 -0.3569 -5.93144 0.0187 -5.93144 -0.0141 -5.93144 0.0072 -5.93144 -0.0316 -5.93144 0.0109 -5.93144 -0.0363 -5.93144 0.0186 -5.93144 -0.2618 -5.93144 0.0135 -5.93144 -0.0131 
-5.85124 16.9202 -5.85124 -11.5152 -5.85124 0.0837 -5.85124 -0.2753 -5.85124 0.021 -5.85124 -0.0136 -5.85124 0.0077 -5.85124 -0.0278 -5.85124 0.0114 -5.85124 -0.0344 -5.85124 0.0275 -5.85124 -0.1874 -5.85124 0.0161 -5.85124 -0.0121 
-5.77104 18.0766 -5.77104 -12.0701 -5.77104 0.0946 -5.77104 -0.2425 -5.77104 0.0209 -5.77104 -0.0141 -5.77104 0.0075 -5.77104 -0.03 -5.77104 0.0106 -5.77104 -0.0383 -5.77104 0.0378 -5.77104 -0.148 -5.77104 0.0178 -5.77104 -0.0121 
-5.69094 19.6471 -5.69094 -12.5166 -5.69094 0.1013 -5.69094 -0.2494 -5.69094 0.0195 -5.69094 -0.0146 -5.69094 0.0071 -5.69094 -0.0347 -5.69094 0.0093 -5.69094 -0.0451 -5.69094 0.0464 -5.69094 -0.1421 -5.69094 0.019 -5.69094 -0.0129 
-5.61074 20.9428 -5.61074 -12.8015 -5.61074 0.1035 -5.61074 -0.2826 -5.61074 0.0183 -5.61074 -0.0152 -5.61074 0.0069 -5.61074 -0.0404 -5.61074 0.0082 -5.61074 -0.0524 -5.61074 0.0501 -5.61074 -0.1599 -5.61074 0.02 -5.61074 -0.0147 
-5.53064 21.1582 -5.53064 -13.2806 -5.53064 0.103 -5.53064 -0.3292 -5.53064 0.0184 -5.53064 -0.0168 -5.53064 0.0071 -5.53064 -0.0454 -5.53064 0.0079 -5.53064 -0.0578 -5.53064 0.0487 -5.53064 -0.1908 -5.53064 0.0209 -5.53064 -0.0184 
-5.45044 20.3871 -5.45044 -14.3953 -5.45044 0.1038 -5.45044 -0.3716 -5.45044 0.0204 -5.45044 -0.0205 -5.45044 0.0072 -5.45044 -0.0481 -5.45044 0.0079 -5.45044 -0.0596 -5.45044 0.0463 -5.45044 -0.2188 -5.45044 0.022 -5.45044 -0.0246 
-5.37024 19.4719 -5.37024 -16.1393 -5.37024 0.1123 -5.37024 -0.3925 -5.37024 0.0242 -5.37024 -0.026 -5.37024 0.0073 -5.37024 -0.0485 -5.37024 0.0083 -5.37024 -0.0576 -5.37024 0.0483 -5.37024 -0.228 -5.37024 0.0242 -5.37024 -0.0324 
-5.29014 18.9261 -5.29014 -18.1626 -5.29014 0.1303 -5.29014 -0.3903 -5.29014 0.0289 -5.29014 -0.0316 -5.29014 0.0075 -5.29014 -0.0483 -5.29014 0.0093 -5.29014 -0.0543 -5.29014 0.0571 -5.29014 -0.2163 -5.29014 0.0275 -5.29014 -0.0398 
-5.20994 18.5616 -5.20994 -20.2489 -5.20994 0.1555 -5.20994 -0.386 -5.20994 0.0329 -5.20994 -0.0367 -5.20994 0.0083 -5.20994 -0.051 -5.20994 0.0118 -5.20994 -0.0537 -5.20994 0.0715 -5.20994 -0.199 -5.20994 0.031 -5.20994 -0.0456 
-5.12984 18.0682 -5.12984 -22.2089 -5.12984 0.1824 -5.12984 -0.4029 -5.12984 0.0348 -5.12984 -0.0412 -5.12984 0.0102 -5.12984 -0.0584 -5.12984 0.016 -5.12984 -0.0583 -5.12984 0.0882 -5.12984 -0.1957 -5.12984 0.0332 -5.12984 -0.0493 
-5.04964 17.4016 -5.04964 -23.4991 -5.04964 0.2046 -5.04964 -0.4479 -5.04964 0.0343 -5.04964 -0.0445 -5.04964 0.0131 -5.04964 -0.0685 -5.04964 0.0213 -5.04964 -0.0664 -5.04964 0.1027 -5.04964 -0.2181 -5.04964 0.0332 -5.04964 -0.0504 
-4.96944 16.6132 -4.96944 -23.5132 -4.96944 0.2141 -4.96944 -0.5012 -4.96944 0.0317 -4.96944 -0.0454 -4.96944 0.0161 -4.96944 -0.0756 -4.96944 0.0259 -4.96944 -0.0725 -4.96944 0.1097 -4.96944 -0.2595 -4.96944 0.0307 -4.96944 -0.0482 
-4.88934 15.797 -4.88934 -22.2196 -4.88934 0.207 -4.88934 -0.5269 -4.88934 0.028 -4.88934 -0.0435 -4.88934 0.0182 -4.88934 -0.0746 -4.88934 0.0284 -4.88934 -0.0711 -4.88934 0.1056 -4.88934 -0.2946 -4.88934 0.0268 -4.88934 -0.0431 
-4.80914 15.3662 -4.80914 -20.3161 -4.80914 0.1934 -4.80914 -0.5034 -4.80914 0.0251 -4.80914 -0.0402 -4.80914 0.0201 -4.80914 -0.0644 -4.80914 0.0296 -4.80914 -0.0616 -4.80914 0.095 -4.80914 -0.3006 -4.80914 0.0236 -4.80914 -0.0366 
-4.72904 16.0094 -4.72904 -18.8899 -4.72904 0.1922 -4.72904 -0.4489 -4.72904 0.0253 -4.72904 -0.0376 -4.72904 0.0236 -4.72904 -0.0493 -4.72904 0.0321 -4.72904 -0.0487 -4.72904 0.088 -4.72904 -0.2824 -4.72904 0.0232 -4.72904 -0.0309 
-4.64884 17.9824 -4.64884 -18.8909 -4.64884 0.2141 -4.64884 -0.4027 -4.64884 0.0297 -4.64884 -0.037 -4.64884 0.03 -4.64884 -0.0357 -4.64884 0.0369 -4.64884 -0.0379 -4.64884 0.0909 -4.64884 -0.2641 -4.64884 0.0266 -4.64884 -0.028 
-4.56864 20.5421 -4.56864 -20.6411 -4.56864 0.2528 -4.56864 -0.3883 -4.56864 0.0374 -4.56864 -0.0385 -4.56864 0.0381 -4.56864 -0.027 -4.56864 0.0425 -4.56864 -0.0314 -4.56864 0.1014 -4.56864 -0.2623 -4.56864 0.0334 -4.56864 -0.0291 
-4.48854 22.5552 -4.48854 -23.6458 -4.48854 0.2939 -4.48854 -0.4078 -4.48854 0.0463 -4.48854 -0.042 -4.48854 0.0454 -4.48854 -0.0233 -4.48854 0.0468 -4.48854 -0.0286 -4.48854 0.1138 -4.48854 -0.2801 -4.48854 0.0416 -4.48854 -0.0338 
-4.40834 23.6237 -4.40834 -26.8719 -4.40834 0.3284 -4.40834 -0.4524 -4.40834 0.0545 -4.40834 -0.0483 -4.40834 0.0503 -4.40834 -0.0227 -4.40834 0.0494 -4.40834 -0.0283 -4.40834 0.1255 -4.40834 -0.3122 -4.40834 0.0487 -4.40834 -0.0409 
-4.32824 24.0973 -4.32824 -29.3989 -4.32824 0.356 -4.32824 -0.5002 -4.32824 0.0613 -4.32824 -0.0582 -4.32824 0.0525 -4.32824 -0.0236 -4.32824 0.0512 -4.32824 -0.03 -4.32824 0.1376 -4.32824 -0.3391 -4.32824 0.0534 -4.32824 -0.0493 
-4.24804 24.2371 -4.24804 -30.9913 -4.24804 0.3791 -4.24804 -0.5199 -4.24804 0.0667 -4.24804 -0.0711 -4.24804 0.0527 -4.24804 -0.025 -4.24804 0.0532 -4.24804 -0.0324 -4.24804 0.1509 -4.24804 -0.3334 -4.24804 0.0556 -4.24804 -0.058 
-4.16784 24.1031 -4.16784 -31.959 -4.16784 0.3988 -4.16784 -0.5022 -4.16784 0.0712 -4.16784 -0.0845 -4.16784 0.0518 -4.16784 -0.0263 -4.16784 0.056 -4.16784 -0.0346 -4.16784 0.1635 -4.16784 -0.2902 -4.16784 0.0563 -4.16784 -0.0666 
-4.08774 23.9593 -4.08774 -32.3908 -4.08774 0.4142 -4.08774 -0.4685 -4.08774 0.0751 -4.08774 -0.095 -4.08774 0.0516 -4.08774 -0.027 -4.08774 0.0593 -4.08774 -0.0356 -4.08774 0.1705 -4.08774 -0.2363 -4.08774 0.0577 -4.08774 -0.0746 
-4.00754 24.0233 -4.00754 -31.9117 -4.00754 0.4225 -4.00754 -0.4419 -4.00754 0.0775 -4.00754 -0.1001 -4.00754 0.0529 -4.00754 -0.0265 -4.00754 0.0619 -4.00754 -0.0349 -4.00754 0.1687 -4.00754 -0.1996 -4.00754 0.0615 -4.00754 -0.0808 
-3.92744 24.0679 -3.92744 -30.4325 -3.92744 0.4238 -3.92744 -0.4224 -3.92744 0.0773 -3.92744 -0.0981 -3.92744 0.0556 -3.92744 -0.0247 -3.92744 0.0626 -3.92744 -0.0321 -3.92744 0.1603 -3.92744 -0.1841 -3.92744 0.068 -3.92744 -0.0834 
-3.84724 23.7841 -3.84724 -28.6901 -3.84724 0.4215 -3.84724 -0.3991 -3.84724 0.0744 -3.84724 -0.0903 -3.84724 0.0588 -3.84724 -0.022 -3.84724 0.0612 -3.84724 -0.028 -3.84724 0.1511 -3.84724 -0.1772 -3.84724 0.076 -3.84724 -0.0816 
-3.76704 23.2518 -3.76704 -27.7382 -3.76704 0.4235 -3.76704 -0.371 -3.76704 0.0699 -3.76704 -0.081 -3.76704 0.0629 -3.76704 -0.0199 -3.76704 0.0592 -3.76704 -0.0242 -3.76704 0.1487 -3.76704 -0.1679 -3.76704 0.0828 -3.76704 -0.078 
-3.68694 22.7856 -3.68694 -28.0414 -3.68694 0.4392 -3.68694 -0.3482 -3.68694 0.065 -3.68694 -0.0757 -3.68694 0.069 -3.68694 -0.0195 -3.68694 0.0588 -3.68694 -0.0223 -3.68694 0.1613 -3.68694 -0.1538 -3.68694 0.0851 -3.68694 -0.0769 
-3.60674 22.6398 -3.60674 -29.0935 -3.60674 0.4752 -3.60674 -0.3378 -3.60674 0.0611 -3.60674 -0.076 -3.60674 0.0788 -3.60674 -0.0213 -3.60674 0.0625 -3.60674 -0.0225 -3.60674 0.1912 -3.60674 -0.1376 -3.60674 0.0816 -3.60674 -0.0804 
-3.52664 22.9288 -3.52664 -29.982 -3.52664 0.53 -3.52664 -0.3359 -3.52664 0.0607 -3.52664 -0.0786 -3.52664 0.0937 -3.52664 -0.0247 -3.52664 0.072 -3.52664 -0.024 -3.52664 0.2271 -3.52664 -0.1224 -3.52664 0.0765 -3.52664 -0.0862 
-3.44644 23.5931 -3.44644 -30.342 -3.44644 0.5905 -3.44644 -0.3337 -3.44644 0.0663 -3.44644 -0.0795 -3.44644 0.1124 -3.44644 -0.0281 -3.44644 0.0858 -3.44644 -0.0254 -3.44644 0.249 -3.44644 -0.1103 -3.44644 0.077 -3.44644 -0.0904 
-3.36624 24.5121 -3.36624 -30.5159 -3.36624 0.6381 -3.36624 -0.3281 -3.36624 0.0777 -3.36624 -0.0774 -3.36624 0.1293 -3.36624 -0.0302 -3.36624 0.0998 -3.36624 -0.0266 -3.36624 0.244 -3.36624 -0.1033 -3.36624 0.0873 -3.36624 -0.0906 
-3.28614 25.5872 -3.28614 -30.8594 -3.28614 0.6576 -3.28614 -0.3218 -3.28614 0.0903 -3.28614 -0.0734 -3.28614 0.138 -3.28614 -0.0307 -3.28614 0.1093 -3.28614 -0.028 -3.28614 0.2171 -3.28614 -0.1028 -3.28614 0.1029 -3.28614 -0.0869 
-3.20594 26.4881 -3.20594 -31.2646 -3.20594 0.6399 -3.20594 -0.3185 -3.20594 0.0969 -3.20594 -0.0689 -3.20594 0.1355 -3.20594 -0.0306 -3.20594 0.1106 -3.20594 -0.0301 -3.20594 0.1844 -3.20594 -0.1085 -3.20594 0.1125 -3.20594 -0.0804 
-3.12584 26.6567 -3.12584 -31.2334 -3.12584 0.5865 -3.12584 -0.3191 -3.12584 0.0927 -3.12584 -0.064 -3.12584 0.123 -3.12584 -0.0306 -3.12584 0.1036 -3.12584 -0.0331 -3.12584 0.1597 -3.12584 -0.1195 -3.12584 0.1075 -3.12584 -0.0719 
-3.04564 25.8934 -3.04564 -30.0761 -3.04564 0.5128 -3.04564 -0.3223 -3.04564 0.0793 -3.04564 -0.0581 -3.04564 0.1054 -3.04564 -0.0305 -3.04564 0.0919 -3.04564 -0.0362 -3.04564 0.1468 -3.04564 -0.1355 -3.04564 0.0894 -3.04564 -0.062 
-2.96544 24.6382 -2.96544 -27.3681 -2.96544 0.4422 -2.96544 -0.3223 -2.96544 0.0635 -2.96544 -0.0512 -2.96544 0.0882 -2.96544 -0.0291 -2.96544 0.0796 -2.96544 -0.0376 -2.96544 0.1433 -2.96544 -0.1529 -2.96544 0.0676 -2.96544 -0.0515 
-2.88534 23.536 -2.88534 -23.6661 -2.88534 0.3947 -2.88534 -0.3108 -2.88534 0.0526 -2.88534 -0.0442 -2.88534 0.0747 -2.88534 -0.0262 -2.88534 0.0696 -2.88534 -0.0361 -2.88534 0.1463 -2.88534 -0.1623 -2.88534 0.0515 -2.88534 -0.042 
-2.80514 23.0385 -2.80514 -20.4108 -2.80514 0.378 -2.80514 -0.2867 -2.80514 0.0497 -2.80514 -0.0386 -2.80514 0.0659 -2.80514 -0.0231 -2.80514 0.0635 -2.80514 -0.0327 -2.80514 0.153 -2.80514 -0.1565 -2.80514 0.0459 -2.80514 -0.0358 
-2.72504 23.3669 -2.72504 -18.7039 -2.72504 0.3857 -2.72504 -0.26 -2.72504 0.0531 -2.72504 -0.0353 -2.72504 0.0623 -2.72504 -0.0217 -2.72504 0.0621 -2.72504 -0.0298 -2.72504 0.1585 -2.72504 -0.1388 -2.72504 0.0497 -2.72504 -0.0344 
-2.64484 24.3601 -2.64484 -18.5119 -2.64484 0.3992 -2.64484 -0.2426 -2.64484 0.0579 -2.64484 -0.0343 -2.64484 0.063 -2.64484 -0.0225 -2.64484 0.0642 -2.64484 -0.0291 -2.64484 0.1563 -2.64484 -0.12 -2.64484 0.0578 -2.64484 -0.0367 
-2.56464 25.3227 -2.56464 -19.1787 -2.56464 0.3984 -2.56464 -0.2405 -2.56464 0.0597 -2.56464 -0.0349 -2.56464 0.0644 -2.56464 -0.0251 -2.56464 0.0659 -2.56464 -0.0309 -2.56464 0.1441 -2.56464 -0.1095 -2.56464 0.0643 -2.56464 -0.0401 
-2.48454 25.4909 -2.48454 -20.1016 -2.48454 0.3792 -2.48454 -0.2502 -2.48454 0.0583 -2.48454 -0.0358 -2.48454 0.0616 -2.48454 -0.0284 -2.48454 0.0633 -2.48454 -0.0341 -2.48454 0.1289 -2.48454 -0.11 -2.48454 0.0671 -2.48454 -0.0419 
-2.40434 24.7249 -2.40434 -20.7701 -2.40434 0.3531 -2.40434 -0.2618 -2.40434 0.056 -2.40434 -0.0348 -2.40434 0.0528 -2.40434 -0.0314 -2.40434 0.055 -2.40434 -0.0373 -2.40434 0.1214 -2.40434 -0.1186 -2.40434 0.0679 -2.40434 -0.0397 
-2.32424 23.4688 -2.32424 -20.889 -2.32424 0.3308 -2.32424 -0.2646 -2.32424 0.0542 -2.32424 -0.0307 -2.32424 0.0413 -2.32424 -0.0337 -2.32424 0.0432 -2.32424 -0.0394 -2.32424 0.1243 -2.32424 -0.1277 -2.32424 0.0678 -2.32424 -0.0331 
-2.24404 22.1706 -2.24404 -20.7974 -2.24404 0.3128 -2.24404 -0.2577 -2.24404 0.0526 -2.24404 -0.0251 -2.24404 0.0312 -2.24404 -0.0361 -2.24404 0.0318 -2.24404 -0.0411 -2.24404 0.131 -2.24404 -0.1308 -2.24404 0.0662 -2.24404 -0.0246 
-2.16384 20.9981 -2.16384 -21.2012 -2.16384 0.2927 -2.16384 -0.2517 -2.16384 0.0501 -2.16384 -0.0208 -2.16384 0.0244 -2.16384 -0.0396 -2.16384 0.0235 -2.16384 -0.0438 -2.16384 0.1327 -2.16384 -0.1295 -2.16384 0.062 -2.16384 -0.018 
-2.08374 19.9639 -2.08374 -22.1518 -2.08374 0.2679 -2.08374 -0.258 -2.08374 0.0464 -2.08374 -0.0194 -2.08374 0.0208 -2.08374 -0.0438 -2.08374 0.0194 -2.08374 -0.0491 -2.08374 0.1259 -2.08374 -0.1306 -2.08374 0.0554 -2.08374 -0.0151 
-2.00354 19.2606 -2.00354 -22.6883 -2.00354 0.2434 -2.00354 -0.2775 -2.00354 0.0424 -2.00354 -0.0205 -2.00354 0.0197 -2.00354 -0.0483 -2.00354 0.02 -2.00354 -0.0589 -2.00354 0.1135 -2.00354 -0.1347 -2.00354 0.0478 -2.00354 -0.0151 
-1.92334 19.4937 -1.92334 -21.7679 -1.92334 0.2287 -1.92334 -0.303 -1.92334 0.04 -1.92334 -0.0229 -1.92334 0.0211 -1.92334 -0.0555 -1.92334 0.0256 -1.92334 -0.0759 -1.92334 0.1007 -1.92334 -0.1325 -1.92334 0.0413 -1.92334 -0.0162 
-1.84324 21.1038 -1.84324 -19.3258 -1.84324 0.2267 -1.84324 -0.3269 -1.84324 0.0401 -1.84324 -0.0255 -1.84324 0.0241 -1.84324 -0.0689 -1.84324 0.0341 -1.84324 -0.0994 -1.84324 0.0913 -1.84324 -0.1157 -1.84324 0.0371 -1.84324 -0.0174 
-1.76304 23.4211 -1.76304 -16.2088 -1.76304 0.2304 -1.76304 -0.3402 -1.76304 0.0407 -1.76304 -0.0268 -1.76304 0.0261 -1.76304 -0.0878 -1.76304 0.0399 -1.76304 -0.1206 -1.76304 0.0886 -1.76304 -0.0866 -1.76304 0.0351 -1.76304 -0.0184 
-1.68294 25.0482 -1.68294 -13.2717 -1.68294 0.2359 -1.68294 -0.3302 -1.68294 0.0391 -1.68294 -0.0254 -1.68294 0.025 -1.68294 -0.1036 -1.68294 0.0387 -1.68294 -0.1274 -1.68294 0.0993 -1.68294 -0.0553 -1.68294 0.0338 -1.68294 -0.0185 
-1.60274 25.4131 -1.60274 -10.9281 -1.60274 0.2562 -1.60274 -0.2943 -1.60274 0.0348 -1.60274 -0.0218 -1.60274 0.022 -1.60274 -0.1076 -1.60274 0.0321 -1.60274 -0.1169 -1.60274 0.135 -1.60274 -0.0306 -1.60274 0.0323 -1.60274 -0.0174 
-1.52254 25.2208 -1.52254 -9.465 -1.52254 0.3113 -1.52254 -0.2505 -1.52254 0.0296 -1.52254 -0.0187 -1.52254 0.0209 -1.52254 -0.1009 -1.52254 0.0264 -1.52254 -0.0993 -1.52254 0.2034 -1.52254 -0.015 -1.52254 0.031 -1.52254 -0.0166 
-1.44244 25.1468 -1.44244 -9.2044 -1.44244 0.3974 -1.44244 -0.2318 -1.44244 0.0251 -1.44244 -0.0202 -1.44244 0.024 -1.44244 -0.0962 -1.44244 0.0252 -1.44244 -0.0885 -1.44244 0.2939 -1.44244 -0.0067 -1.44244 0.0292 -1.44244 -0.0202 
-1.36224 24.6951 -1.36224 -10.1294 -1.36224 0.4838 -1.36224 -0.2698 -1.36224 0.0211 -1.36224 -0.0305 -1.36224 0.0288 -1.36224 -0.109 -1.36224 0.0266 -1.36224 -0.0936 -1.36224 0.3813 -1.36224 -0.003 -1.36224 0.026 -1.36224 -0.0337 
-1.28214 22.7705 -1.28214 -11.623 -1.28214 0.5508 -1.28214 -0.381 -1.28214 0.017 -1.28214 -0.0517 -1.28214 0.0306 -1.28214 -0.1482 -1.28214 0.0261 -1.28214 -0.1195 -1.28214 0.4561 -1.28214 -0.0016 -1.28214 0.021 -1.28214 -0.06 
-1.20194 19.1558 -1.20194 -12.7535 -1.20194 0.6134 -1.20194 -0.547 -1.20194 0.0131 -1.20194 -0.0816 -1.20194 0.0276 -1.20194 -0.2059 -1.20194 0.022 -1.20194 -0.1639 -1.20194 0.5354 -1.20194 -0.0013 -1.20194 0.0153 -1.20194 -0.0943 
-1.12174 14.9553 -1.12174 -12.7344 -1.12174 0.6812 -1.12174 -0.6992 -1.12174 0.01 -1.12174 -0.1103 -1.12174 0.0225 -1.12174 -0.2551 -1.12174 0.0165 -1.12174 -0.2099 -1.12174 0.6215 -1.12174 -0.0014 -1.12174 0.0107 -1.12174 -0.1225 
-1.04164 11.5272 -1.04164 -11.1802 -1.04164 0.721 -1.04164 -0.7442 -1.04164 0.0082 -1.04164 -0.1226 -1.04164 0.0191 -1.04164 -0.2627 -1.04164 0.0124 -1.04164 -0.2288 -1.04164 0.6733 -1.04164 -0.0014 -1.04164 0.008 -1.04164 -0.1287 
-0.961437 9.3404 -0.961437 -8.3173 -0.961437 0.689 -0.961437 -0.6369 -0.961437 0.0072 -0.961437 -0.1089 -0.961437 0.0187 -0.961437 -0.2178 -0.961437 0.0107 -0.961437 -0.2012 -0.961437 0.6456 -0.961437 -0.0012 -0.961437 0.0068 -0.961437 -0.1078 
-0.881337 7.8964 -0.881337 -5.0492 -0.881337 0.578 -0.881337 -0.4283 -0.881337 0.0064 -0.881337 -0.0755 -0.881337 0.0195 -0.881337 -0.1424 -0.881337 0.0102 -0.881337 -0.1385 -0.881337 0.5357 -0.881337 -0.0008 -0.881337 0.0062 -0.881337 -0.0711 
-0.801137 6.4344 -0.801137 -2.4246 -0.801137 0.4183 -0.801137 -0.2222 -0.801137 0.0053 -0.801137 -0.0401 -0.801137 0.0186 -0.801137 -0.0722 -0.801137 0.0093 -0.801137 -0.0731 -0.801137 0.3797 -0.801137 -0.0004 -0.801137 0.0054 -0.801137 -0.0364 
-0.720937 4.6404 -0.720937 -0.9007 -0.720937 0.2543 -0.720937 -0.0877 -0.720937 0.0038 -0.720937 -0.0161 -0.720937 0.0148 -0.720937 -0.0281 -0.720937 0.0072 -0.720937 -0.0292 -0.720937 0.2243 -0.720937 -0.0001 -0.720937 0.0042 -0.720937 -0.0142 
-0.640837 2.8001 -0.640837 -0.255 -0.640837 0.1255 -0.640837 -0.0261 -0.640837 0.0023 -0.640837 -0.0048 -0.640837 0.0094 -0.640837 -0.0083 -0.640837 0.0045 -0.640837 -0.0088 -0.640837 0.1066 -0.640837 -0 -0.640837 0.0027 -0.640837 -0.0042 
-0.560637 1.3699 -0.560637 -0.0545 -0.560637 0.0489 -0.560637 -0.0058 -0.560637 0.0011 -0.560637 -0.0011 -0.560637 0.0047 -0.560637 -0.0018 -0.560637 0.0022 -0.560637 -0.002 -0.560637 0.0394 -0.560637 -0 -0.560637 0.0015 -0.560637 -0.0009 
-0.480537 0.533 -0.480537 -0.0087 -0.480537 0.0149 -0.480537 -0.001 -0.480537 0.0004 -0.480537 -0.0002 -0.480537 0.0019 -0.480537 -0.0003 -0.480537 0.0009 -0.480537 -0.0003 -0.480537 0.0111 -0.480537 -0 -0.480537 0.0006 -0.480537 -0.0002 
-0.400337 0.1625 -0.400337 -0.001 -0.400337 0.0035 -0.400337 -0 -0.400337 0.0001 -0.400337 -0 -0.400337 0.0006 -0.400337 -0 -0.400337 0.0003 -0.400337 -0 -0.400337 0.0023 -0.400337 -0 -0.400337 0.0002 -0.400337 -0 
-0.320137 0.0383 -0.320137 -0.0001 -0.320137 0.0007 -0.320137 -0 -0.320137 0 -0.320137 -0 -0.320137 0.0001 -0.320137 -0 -0.320137 0.0001 -0.320137 -0 -0.320137 0.0004 -0.320137 -0 -0.320137 0.0001 -0.320137 -0 
-0.240037 0.0069 -0.240037 -0 -0.240037 0 -0.240037 -0 -0.240037 0 -0.240037 -0 -0.240037 0 -0.240037 -0 -0.240037 0 -0.240037 -0 -0.240037 0 -0.240037 -0 -0.240037 0 -0.240037 -0 
-0.159837 0.0009 -0.159837 -0 -0.159837 0 -0.159837 -0 -0.159837 0 -0.159837 -0 -0.159837 0 -0.159837 -0 -0.159837 0 -0.159837 -0 -0.159837 0 -0.159837 -0 -0.159837 0 -0.159837 -0 
-0.0797367 0.0001 -0.0797367 -0 -0.0797367 0 -0.0797367 -0 -0.0797367 0 -0.0797367 -0 -0.0797367 0 -0.0797367 -0 -0.0797367 0 -0.0797367 -0 -0.0797367 0 -0.0797367 -0 -0.0797367 0 -0.0797367 -0 
0.00046333 0.0 0.00046333 -0 0.00046333 0 0.00046333 -0 0.00046333 0 0.00046333 -0 0.00046333 0 0.00046333 -0 0.00046333 0 0.00046333 -0 0.00046333 0 0.00046333 -0 0.00046333 0 0.00046333 -0 
0.0806633 0.0 0.0806633 -0 0.0806633 0 0.0806633 -0 0.0806633 0 0.0806633 -0 0.0806633 0 0.0806633 -0 0.0806633 0 0.0806633 -0 0.0806633 0 0.0806633 -0 0.0806633 0 0.0806633 -0 
0.160763 0.0001 0.160763 -0 0.160763 0 0.160763 -0 0.160763 0 0.160763 -0 0.160763 0 0.160763 -0 0.160763 0 0.160763 -0 0.160763 0 0.160763 -0 0.160763 0 0.160763 -0 
0.240963 0.0011 0.240963 -0 0.240963 0.0009 0.240963 -0 0.240963 0.0005 0.240963 -0 0.240963 0 0.240963 -0 0.240963 0.0001 0.240963 -0 0.240963 0 0.240963 -0 0.240963 0.0003 0.240963 -0 
0.321063 0.0085 0.321063 -0.0001 0.321063 0.0062 0.321063 -0 0.321063 0.0036 0.321063 -0 0.321063 0.0002 0.321063 -0 0.321063 0.0004 0.321063 -0 0.321063 0 0.321063 -0 0.321063 0.002 0.321063 -0 
0.401263 0.0483 0.401263 -0.0007 0.401263 0.0352 0.401263 -0 0.401263 0.0201 0.401263 -0 0.401263 0.0014 0.401263 -0 0.401263 0.0022 0.401263 -0 0.401263 0 0.401263 -0 0.401263 0.0115 0.401263 -0 
0.481463 0.2051 0.481463 -0.006 0.481463 0.1481 0.481463 -0 0.481463 0.0826 0.481463 -0 0.481463 0.0062 0.481463 -0 0.481463 0.0095 0.481463 -0 0.481463 0 0.481463 -0 0.481463 0.0498 0.481463 -0 
0.561563 0.6664 0.561563 -0.0392 0.561563 0.4716 0.561563 -0 0.561563 0.2547 0.561563 -0 0.561563 0.0216 0.561563 -0 0.561563 0.0306 0.561563 -0 0.561563 0.0002 0.561563 -0 0.561563 0.1645 0.561563 -0 
0.641763 1.6927 0.641763 -0.197 0.641763 1.1481 0.641763 -0 0.641763 0.5948 0.641763 -0 0.641763 0.0585 0.641763 -0 0.641763 0.0754 0.641763 -0 0.641763 0.0003 0.641763 -0 0.641763 0.4191 0.641763 -0 
0.721863 3.4701 0.721863 -0.7685 0.721863 2.1657 0.721863 -0.0003 0.721863 1.0641 0.721863 -0.0001 0.721863 0.1239 0.721863 -0 0.721863 0.144 0.721863 -0.0001 0.721863 0.0006 0.721863 -0 0.721863 0.8331 0.721863 -0.0001 
0.802063 5.9685 0.802063 -2.3551 0.802063 3.1986 0.802063 -0.0009 0.802063 1.4765 0.802063 -0.0003 0.802063 0.2057 0.802063 -0.0001 0.802063 0.2151 0.802063 -0.0002 0.802063 0.0008 0.802063 -0.0001 0.802063 1.3005 0.802063 -0.0002 
0.882263 8.9784 0.882263 -5.7365 0.882263 3.7218 0.882263 -0.0021 0.882263 1.6059 0.882263 -0.0007 0.882263 0.2672 0.882263 -0.0003 0.882263 0.2532 0.882263 -0.0004 0.882263 0.0008 0.882263 -0.0002 0.882263 1.5947 0.882263 -0.0005 
0.962363 12.3302 0.962363 -11.2536 0.962363 3.4132 0.962363 -0.0045 0.962363 1.3782 0.962363 -0.0015 0.962363 0.2704 0.962363 -0.0007 0.962363 0.2367 0.962363 -0.001 0.962363 0.0007 0.962363 -0.0004 0.962363 1.5272 0.962363 -0.0009 
1.04256 16.1856 1.04256 -18.1025 1.04256 2.4666 1.04256 -0.0079 1.04256 0.9365 1.04256 -0.0026 1.04256 0.2154 1.04256 -0.0013 1.04256 0.1796 1.04256 -0.0017 1.04256 0.0006 1.04256 -0.0007 1.04256 1.1345 1.04256 -0.0016 
1.12266 21.0675 1.12266 -24.5803 1.12266 1.4239 1.12266 -0.0123 1.12266 0.5077 1.12266 -0.0041 1.12266 0.1419 1.12266 -0.002 1.12266 0.1198 1.12266 -0.0027 1.12266 0.0007 1.12266 -0.001 1.12266 0.6538 1.12266 -0.0025 
1.20286 27.1418 1.20286 -29.471 1.20286 0.7033 1.20286 -0.0166 1.20286 0.2275 1.20286 -0.0054 1.20286 0.0897 1.20286 -0.0027 1.20286 0.0856 1.20286 -0.0036 1.20286 0.0011 1.20286 -0.0014 1.20286 0.2994 1.20286 -0.0035 
1.28306 33.0956 1.28306 -32.9421 1.28306 0.3617 1.28306 -0.0193 1.28306 0.0946 1.28306 -0.0062 1.28306 0.0677 1.28306 -0.0031 1.28306 0.0782 1.28306 -0.0042 1.28306 0.0016 1.28306 -0.0016 1.28306 0.1196 1.28306 -0.0042 
1.36316 36.1379 1.36316 -35.8568 1.36316 0.2416 1.36316 -0.0201 1.36316 0.0454 1.36316 -0.006 1.36316 0.0616 1.36316 -0.0033 1.36316 0.0808 1.36316 -0.0044 1.36316 0.002 1.36316 -0.0019 1.36316 0.0518 1.36316 -0.0045 
1.44336 34.0187 1.44336 -38.9099 1.44336 0.1914 1.44336 -0.0193 1.44336 0.0273 1.44336 -0.0051 1.44336 0.056 1.44336 -0.0034 1.44336 0.0773 1.44336 -0.0043 1.44336 0.002 1.44336 -0.0023 1.44336 0.0288 1.44336 -0.0042 
1.52346 27.3586 1.52346 -42.5737 1.52346 0.1507 1.52346 -0.0188 1.52346 0.0174 1.52346 -0.0042 1.52346 0.0467 1.52346 -0.0038 1.52346 0.0668 1.52346 -0.0043 1.52346 0.0017 1.52346 -0.0028 1.52346 0.0181 1.52346 -0.0037 
1.60366 19.3166 1.60366 -46.7193 1.60366 0.1411 1.60366 -0.0191 1.60366 0.0116 1.60366 -0.0035 1.60366 0.0448 1.60366 -0.0044 1.60366 0.0723 1.60366 -0.0046 1.60366 0.0011 1.60366 -0.0033 1.60366 0.0113 1.60366 -0.0033 
1.68386 12.7264 1.68386 -50.0696 1.68386 0.2395 1.68386 -0.0203 1.68386 0.0122 1.68386 -0.0034 1.68386 0.0773 1.68386 -0.0051 1.68386 0.1401 1.68386 -0.0051 1.68386 0.0006 1.68386 -0.0036 1.68386 0.0093 1.68386 -0.0031 
1.76396 8.3658 1.76396 -51.2726 1.76396 0.5403 1.76396 -0.0219 1.76396 0.0225 1.76396 -0.0035 1.76396 0.1815 1.76396 -0.0058 1.76396 0.3216 1.76396 -0.0057 1.76396 0.0003 1.76396 -0.0038 1.76396 0.0144 1.76396 -0.0031 
1.84416 5.8459 1.84416 -50.7415 1.84416 1.074 1.84416 -0.0245 1.84416 0.0434 1.84416 -0.0038 1.84416 0.3821 1.84416 -0.0066 1.84416 0.6195 1.84416 -0.0066 1.84416 0.0002 1.84416 -0.0041 1.84416 0.0288 1.84416 -0.0034 
1.92426 4.7564 1.92426 -50.1331 1.92426 1.7303 1.92426 -0.0296 1.92426 0.0705 1.92426 -0.0046 1.92426 0.6611 1.92426 -0.0079 1.92426 0.9456 1.92426 -0.0083 1.92426 0.0002 1.92426 -0.0047 1.92426 0.0529 1.92426 -0.0041 
2.00446 4.722 2.00446 -49.8575 2.00446 2.3045 2.00446 -0.0368 2.00446 0.0954 2.00446 -0.0059 2.00446 0.9565 2.00446 -0.0095 2.00446 1.1691 2.00446 -0.0106 2.00446 0.0002 2.00446 -0.0055 2.00446 0.0833 2.00446 -0.0053 
2.08466 5.259 2.08466 -48.8364 2.08466 2.616 2.08466 -0.0446 2.08466 0.1094 2.08466 -0.008 2.08466 1.1819 2.08466 -0.0107 2.08466 1.2128 2.08466 -0.0124 2.08466 0.0002 2.08466 -0.0061 2.08466 0.1117 2.08466 -0.0074 
2.16476 5.8901 2.16476 -46.9537 2.16476 2.542 2.16476 -0.0519 2.16476 0.1059 2.16476 -0.0107 2.16476 1.2364 2.16476 -0.0112 2.16476 1.0754 2.16476 -0.0132 2.16476 0.0003 2.16476 -0.0063 2.16476 0.124 2.16476 -0.0105 
2.24496 6.4157 2.24496 -45.6403 2.24496 2.0555 2.24496 -0.0601 2.24496 0.0841 2.24496 -0.0137 2.24496 1.0576 2.24496 -0.0118 2.24496 0.8033 2.24496 -0.0134 2.24496 0.0006 2.24496 -0.0064 2.24496 0.1099 2.24496 -0.0148 
2.32506 7.2689 2.32506 -45.5293 2.32506 1.3336 2.32506 -0.069 2.32506 0.0532 2.32506 -0.0163 2.32506 0.7134 2.32506 -0.0128 2.32506 0.4899 2.32506 -0.0138 2.32506 0.0016 2.32506 -0.0068 2.32506 0.0755 2.32506 -0.0193 
2.40526 9.3594 2.40526 -45.3388 2.40526 0.6881 2.40526 -0.0754 2.40526 0.0266 2.40526 -0.0175 2.40526 0.3756 2.40526 -0.014 2.40526 0.2425 2.40526 -0.0146 2.40526 0.0034 2.40526 -0.0072 2.40526 0.04 2.40526 -0.0221 
2.48546 13.0473 2.48546 -43.603 2.48546 0.3151 2.48546 -0.0757 2.48546 0.0118 2.48546 -0.0165 2.48546 0.1687 2.48546 -0.0148 2.48546 0.1116 2.48546 -0.0155 2.48546 0.0055 2.48546 -0.0073 2.48546 0.0175 2.48546 -0.0216 
2.56556 17.2863 2.56556 -40.1403 2.56556 0.191 2.56556 -0.0695 2.56556 0.0068 2.56556 -0.0136 2.56556 0.0954 2.56556 -0.0157 2.56556 0.0734 2.56556 -0.0157 2.56556 0.0066 2.56556 -0.0065 2.56556 0.0088 2.56556 -0.018 
2.64576 20.2016 2.64576 -35.3702 2.64576 0.1893 2.64576 -0.0602 2.64576 0.0066 2.64576 -0.01 2.64576 0.0929 2.64576 -0.0169 2.64576 0.0762 2.64576 -0.0151 2.64576 0.006 2.64576 -0.005 2.64576 0.0076 2.64576 -0.0132 
2.72586 20.5769 2.72586 -29.3678 2.72586 0.2037 2.72586 -0.0501 2.72586 0.0076 2.72586 -0.0068 2.72586 0.1031 2.72586 -0.0175 2.72586 0.0805 2.72586 -0.0134 2.72586 0.0041 2.72586 -0.0034 2.72586 0.0084 2.72586 -0.009 
2.80606 18.6387 2.80606 -22.3087 2.80606 0.1854 2.80606 -0.0395 2.80606 0.0081 2.80606 -0.0044 2.80606 0.0964 2.80606 -0.0163 2.80606 0.0701 2.80606 -0.0107 2.80606 0.0022 2.80606 -0.0022 2.80606 0.0086 2.80606 -0.0059 
2.88626 15.6975 2.88626 -15.2149 2.88626 0.1353 2.88626 -0.0279 2.88626 0.0077 2.88626 -0.0026 2.88626 0.0708 2.88626 -0.0128 2.88626 0.0482 2.88626 -0.0074 2.88626 0.0009 2.88626 -0.0015 2.88626 0.0077 2.88626 -0.0036 
2.96636 13.2491 2.96636 -9.6201 2.96636 0.0796 2.96636 -0.0174 2.96636 0.0067 2.96636 -0.0015 2.96636 0.04 2.96636 -0.0083 2.96636 0.0259 2.96636 -0.0045 2.96636 0.0003 2.96636 -0.0011 2.96636 0.0067 2.96636 -0.002 
3.04656 12.0022 3.04656 -6.4994 3.04656 0.0405 3.04656 -0.0103 3.04656 0.0057 3.04656 -0.001 3.04656 0.0176 3.04656 -0.0045 3.04656 0.011 3.04656 -0.0026 3.04656 0.0001 3.04656 -0.001 3.04656 0.0061 3.04656 -0.0012 
3.12676 11.3931 3.12676 -5.5467 3.12676 0.0214 3.12676 -0.0067 3.12676 0.005 3.12676 -0.0009 3.12676 0.0064 3.12676 -0.0023 3.12676 0.0039 3.12676 -0.0018 3.12676 0.0001 3.12676 -0.0009 3.12676 0.006 3.12676 -0.0008 
3.20686 10.1991 3.20686 -5.416 3.20686 0.0131 3.20686 -0.0053 3.20686 0.004 3.20686 -0.0009 3.20686 0.0023 3.20686 -0.0013 3.20686 0.0014 3.20686 -0.0016 3.20686 0 3.20686 -0.0008 3.20686 0.0054 3.20686 -0.0007 
3.28706 7.84 3.28706 -4.8028 3.28706 0.0084 3.28706 -0.0042 3.28706 0.0028 3.28706 -0.0008 3.28706 0.001 3.28706 -0.0009 3.28706 0.0006 3.28706 -0.0013 3.28706 0 3.28706 -0.0006 3.28706 0.004 3.28706 -0.0006 
3.36716 4.9504 3.36716 -3.4251 3.36716 0.0046 3.36716 -0.0027 3.36716 0.0015 3.36716 -0.0005 3.36716 0.0005 3.36716 -0.0006 3.36716 0.0003 3.36716 -0.0009 3.36716 0 3.36716 -0.0003 3.36716 0.0023 3.36716 -0.0004 
3.44736 2.6033 3.44736 -1.9114 3.44736 0.002 3.44736 -0.0015 3.44736 0.0007 3.44736 -0.0003 3.44736 0.0002 3.44736 -0.0003 3.44736 0.0001 3.44736 -0.0005 3.44736 0 3.44736 -0.0002 3.44736 0.001 3.44736 -0.0002 
3.52756 1.2861 3.52756 -0.8943 3.52756 0.0009 3.52756 -0.0006 3.52756 0.0003 3.52756 -0.0001 3.52756 0.0001 3.52756 -0.0001 3.52756 0.0001 3.52756 -0.0002 3.52756 0 3.52756 -0.0001 3.52756 0.0004 3.52756 -0.0001 
3.60766 0.7675 3.60766 -0.4863 3.60766 0.0005 3.60766 -0.0001 3.60766 0.0002 3.60766 -0 3.60766 0.0001 3.60766 -0 3.60766 0.0001 3.60766 -0.0001 3.60766 0 3.60766 -0 3.60766 0.0001 3.60766 -0 
3.68786 0.6111 3.68786 -0.4608 3.68786 0.0006 3.68786 -0 3.68786 0.0002 3.68786 -0 3.68786 0.0001 3.68786 -0 3.68786 0.0002 3.68786 -0 3.68786 0 3.68786 -0 3.68786 0.0001 3.68786 -0 
3.76796 0.5499 3.76796 -0.5642 3.76796 0.0006 3.76796 -0 3.76796 0.0002 3.76796 -0 3.76796 0.0001 3.76796 -0 3.76796 0.0002 3.76796 -0 3.76796 0 3.76796 -0 3.76796 0.0001 3.76796 -0 
3.84816 0.5093 3.84816 -0.6305 3.84816 0.0006 3.84816 -0 3.84816 0.0002 3.84816 -0 3.84816 0.0001 3.84816 -0 3.84816 0.0002 3.84816 -0 3.84816 0 3.84816 -0 3.84816 0.0001 3.84816 -0 
3.92836 0.5092 3.92836 -0.5977 3.92836 0.0005 3.92836 -0 3.92836 0.0001 3.92836 -0 3.92836 0.0001 3.92836 -0 3.92836 0.0002 3.92836 -0 3.92836 0 3.92836 -0 3.92836 0.0001 3.92836 -0 
4.00846 0.5841 4.00846 -0.5063 4.00846 0.0006 4.00846 -0 4.00846 0.0001 4.00846 -0 4.00846 0.0002 4.00846 -0 4.00846 0.0002 4.00846 -0 4.00846 0 4.00846 -0 4.00846 0.0001 4.00846 -0 
4.08866 0.7316 4.08866 -0.46 4.08866 0.0007 4.08866 -0 4.08866 0.0001 4.08866 -0 4.08866 0.0002 4.08866 -0 4.08866 0.0002 4.08866 -0 4.08866 0 4.08866 -0 4.08866 0.0002 4.08866 -0 
4.16876 0.9018 4.16876 -0.5388 4.16876 0.001 4.16876 -0 4.16876 0.0002 4.16876 -0 4.16876 0.0002 4.16876 -0 4.16876 0.0003 4.16876 -0 4.16876 0 4.16876 -0 4.16876 0.0003 4.16876 -0 
4.24896 1.023 4.24896 -0.7284 4.24896 0.0011 4.24896 -0 4.24896 0.0002 4.24896 -0 4.24896 0.0002 4.24896 -0 4.24896 0.0004 4.24896 -0 4.24896 0 4.24896 -0 4.24896 0.0003 4.24896 -0 
4.32916 1.0453 4.32916 -0.9397 4.32916 0.0012 4.32916 -0 4.32916 0.0003 4.32916 -0 4.32916 0.0002 4.32916 -0 4.32916 0.0004 4.32916 -0 4.32916 0 4.32916 -0 4.32916 0.0003 4.32916 -0 
4.40926 0.9923 4.40926 -1.0882 4.40926 0.001 4.40926 -0 4.40926 0.0003 4.40926 -0 4.40926 0.0002 4.40926 -0 4.40926 0.0003 4.40926 -0 4.40926 0 4.40926 -0 4.40926 0.0002 4.40926 -0 
4.48946 0.9868 4.48946 -1.1541 4.48946 0.0007 4.48946 -0 4.48946 0.0002 4.48946 -0 4.48946 0.0001 4.48946 -0 4.48946 0.0003 4.48946 -0 4.48946 0 4.48946 -0 4.48946 0.0001 4.48946 -0 
4.56956 1.2336 4.56956 -1.2088 4.56956 0.0006 4.56956 -0 4.56956 0.0002 4.56956 -0 4.56956 0.0001 4.56956 -0 4.56956 0.0002 4.56956 -0 4.56956 0 4.56956 -0 4.56956 0.0001 4.56956 -0 
4.64976 1.933 4.64976 -1.4158 4.64976 0.0006 4.64976 -0 4.64976 0.0002 4.64976 -0 4.64976 0.0001 4.64976 -0 4.64976 0.0002 4.64976 -0 4.64976 0 4.64976 -0 4.64976 0.0001 4.64976 -0 
4.72996 3.0968 4.72996 -1.967 4.72996 0.0007 4.72996 -0 4.72996 0.0002 4.72996 -0 4.72996 0.0001 4.72996 -0 4.72996 0.0003 4.72996 -0 4.72996 0 4.72996 -0 4.72996 0.0001 4.72996 -0 
4.81006 4.4459 4.81006 -2.9676 4.81006 0.0011 4.81006 -0 4.81006 0.0003 4.81006 -0 4.81006 0.0002 4.81006 -0 4.81006 0.0004 4.81006 -0 4.81006 0 4.81006 -0 4.81006 0.0002 4.81006 -0 
4.89026 5.6674 4.89026 -4.3775 4.89026 0.0014 4.89026 -0 4.89026 0.0004 4.89026 -0 4.89026 0.0003 4.89026 -0 4.89026 0.0005 4.89026 -0 4.89026 0 4.89026 -0 4.89026 0.0002 4.89026 -0 
4.97036 6.7683 4.97036 -6.0436 4.97036 0.0014 4.97036 -0.0002 4.97036 0.0004 4.97036 -0.0001 4.97036 0.0003 4.97036 -0 4.97036 0.0005 4.97036 -0.0001 4.97036 0 4.97036 -0 4.97036 0.0002 4.97036 -0 
5.05056 7.8765 5.05056 -7.686 5.05056 0.0015 5.05056 -0.0003 5.05056 0.0004 5.05056 -0.0001 5.05056 0.0003 5.05056 -0 5.05056 0.0005 5.05056 -0.0001 5.05056 0.0001 5.05056 -0 5.05056 0.0002 5.05056 -0.0001 
5.13076 8.7023 5.13076 -8.8373 5.13076 0.0015 5.13076 -0.0003 5.13076 0.0004 5.13076 -0.0001 5.13076 0.0003 5.13076 -0 5.13076 0.0005 5.13076 -0.0001 5.13076 0.0001 5.13076 -0 5.13076 0.0002 5.13076 -0.0001 
5.21086 8.6575 5.21086 -9.0142 5.21086 0.0015 5.21086 -0.0002 5.21086 0.0003 5.21086 -0.0001 5.21086 0.0003 5.21086 -0 5.21086 0.0006 5.21086 -0.0001 5.21086 0.0001 5.21086 -0 5.21086 0.0002 5.21086 -0 
5.29106 7.5669 5.29106 -8.1241 5.29106 0.0014 5.29106 -0.0002 5.29106 0.0003 5.29106 -0.0001 5.29106 0.0003 5.29106 -0 5.29106 0.0006 5.29106 -0.0001 5.29106 0.0001 5.29106 -0 5.29106 0.0001 5.29106 -0 
5.37116 5.8517 5.37116 -6.5727 5.37116 0.0014 5.37116 -0.0002 5.37116 0.0003 5.37116 -0.0001 5.37116 0.0003 5.37116 -0 5.37116 0.0006 5.37116 -0.0001 5.37116 0.0001 5.37116 -0 5.37116 0.0001 5.37116 -0 
5.45136 4.0614 5.45136 -4.8834 5.45136 0.0012 5.45136 -0.0003 5.45136 0.0002 5.45136 -0.0001 5.45136 0.0003 5.45136 -0.0001 5.45136 0.0005 5.45136 -0.0001 5.45136 0.0001 5.45136 -0 5.45136 0.0001 5.45136 -0 
5.53156 2.5856 5.53156 -3.4084 5.53156 0.0011 5.53156 -0.0003 5.53156 0.0002 5.53156 -0.0001 5.53156 0.0003 5.53156 -0.0001 5.53156 0.0005 5.53156 -0.0001 5.53156 0 5.53156 -0 5.53156 0.0001 5.53156 -0 
5.61166 1.6786 5.61166 -2.3814 5.61166 0.0011 5.61166 -0.0003 5.61166 0.0001 5.61166 -0.0001 5.61166 0.0003 5.61166 -0.0001 5.61166 0.0005 5.61166 -0.0001 5.61166 0.0001 5.61166 -0 5.61166 0.0001 5.61166 -0 
5.69186 1.4081 5.69186 -1.905 5.69186 0.0017 5.69186 -0.0005 5.69186 0.0002 5.69186 -0.0001 5.69186 0.0005 5.69186 -0.0001 5.69186 0.0007 5.69186 -0.0001 5.69186 0.0001 5.69186 -0.0001 5.69186 0.0002 5.69186 -0.0001 
5.77196 1.5749 5.77196 -1.8245 5.77196 0.0024 5.77196 -0.0007 5.77196 0.0003 5.77196 -0.0001 5.77196 0.0007 5.77196 -0.0002 5.77196 0.001 5.77196 -0.0002 5.77196 0.0002 5.77196 -0.0001 5.77196 0.0002 5.77196 -0.0001 
5.85216 1.8348 5.85216 -1.8282 5.85216 0.0031 5.85216 -0.0007 5.85216 0.0004 5.85216 -0.0001 5.85216 0.0008 5.85216 -0.0002 5.85216 0.0015 5.85216 -0.0002 5.85216 0.0002 5.85216 -0.0001 5.85216 0.0002 5.85216 -0.0001 
5.93236 1.948 5.93236 -1.7202 5.93236 0.0037 5.93236 -0.0007 5.93236 0.0004 5.93236 -0.0001 5.93236 0.0009 5.93236 -0.0002 5.93236 0.0019 5.93236 -0.0002 5.93236 0.0003 5.93236 -0.0001 5.93236 0.0002 5.93236 -0.0001 
6.01246 1.9018 6.01246 -1.5248 6.01246 0.0042 6.01246 -0.0007 6.01246 0.0004 6.01246 -0.0001 6.01246 0.001 6.01246 -0.0002 6.01246 0.0023 6.01246 -0.0002 6.01246 0.0003 6.01246 -0.0001 6.01246 0.0002 6.01246 -0.0001 
6.09266 1.7963 6.09266 -1.3645 6.09266 0.0044 6.09266 -0.0008 6.09266 0.0003 6.09266 -0.0001 6.09266 0.0011 6.09266 -0.0002 6.09266 0.0025 6.09266 -0.0002 6.09266 0.0003 6.09266 -0.0002 6.09266 0.0002 6.09266 -0.0001 
6.17276 1.6845 6.17276 -1.3074 6.17276 0.0046 6.17276 -0.0009 6.17276 0.0003 6.17276 -0.0001 6.17276 0.0012 6.17276 -0.0002 6.17276 0.0026 6.17276 -0.0003 6.17276 0.0003 6.17276 -0.0002 6.17276 0.0002 6.17276 -0.0001 
6.25296 1.5591 6.25296 -1.3274 6.25296 0.0044 6.25296 -0.0011 6.25296 0.0002 6.25296 -0.0001 6.25296 0.0012 6.25296 -0.0002 6.25296 0.0025 6.25296 -0.0004 6.25296 0.0003 6.25296 -0.0003 6.25296 0.0002 6.25296 -0.0001 
6.33316 1.4153 6.33316 -1.3779 6.33316 0.004 6.33316 -0.0013 6.33316 0.0003 6.33316 -0.0001 6.33316 0.001 6.33316 -0.0003 6.33316 0.0022 6.33316 -0.0005 6.33316 0.0003 6.33316 -0.0003 6.33316 0.0002 6.33316 -0.0001 
6.41326 1.2577 6.41326 -1.4522 6.41326 0.0034 6.41326 -0.0014 6.41326 0.0003 6.41326 -0.0001 6.41326 0.0009 6.41326 -0.0003 6.41326 0.0018 6.41326 -0.0006 6.41326 0.0003 6.41326 -0.0003 6.41326 0.0001 6.41326 -0.0001 
6.49346 1.08 6.49346 -1.5417 6.49346 0.0027 6.49346 -0.0015 6.49346 0.0003 6.49346 -0.0001 6.49346 0.0007 6.49346 -0.0004 6.49346 0.0014 6.49346 -0.0007 6.49346 0.0002 6.49346 -0.0002 6.49346 0.0001 6.49346 -0.0001 
6.57356 0.8729 6.57356 -1.5786 6.57356 0.002 6.57356 -0.0015 6.57356 0.0003 6.57356 -0.0001 6.57356 0.0005 6.57356 -0.0004 6.57356 0.0009 6.57356 -0.0007 6.57356 0.0002 6.57356 -0.0002 6.57356 0.0001 6.57356 -0.0001 
6.65376 0.6404 6.65376 -1.4629 6.65376 0.0013 6.65376 -0.0012 6.65376 0.0002 6.65376 -0.0001 6.65376 0.0003 6.65376 -0.0003 6.65376 0.0006 6.65376 -0.0005 6.65376 0.0001 6.65376 -0.0002 6.65376 0.0001 6.65376 -0.0001 
6.73396 0.4067 6.73396 -1.159 6.73396 0.0008 6.73396 -0.001 6.73396 0.0001 6.73396 -0.0001 6.73396 0.0002 6.73396 -0.0002 6.73396 0.0003 6.73396 -0.0004 6.73396 0.0001 6.73396 -0.0002 6.73396 0.0001 6.73396 -0.0001 
6.81406 0.2122 6.81406 -0.7542 6.81406 0.0003 6.81406 -0.0006 6.81406 0.0001 6.81406 -0.0001 6.81406 0.0001 6.81406 -0.0001 6.81406 0.0001 6.81406 -0.0002 6.81406 0 6.81406 -0.0001 6.81406 0 6.81406 -0.0001 
6.89426 0.087 6.89426 -0.3931 6.89426 0 6.89426 -0.0003 6.89426 0 6.89426 -0 6.89426 0 6.89426 -0.0001 6.89426 0 6.89426 -0.0001 6.89426 0 6.89426 -0.0001 6.89426 0 6.89426 -0 
6.97436 0.0272 6.97436 -0.1618 6.97436 0 6.97436 -0 6.97436 0 6.97436 -0 6.97436 0 6.97436 -0 6.97436 0 6.97436 -0 6.97436 0 6.97436 -0 6.97436 0 6.97436 -0 
7.05456 0.0064 7.05456 -0.0521 7.05456 0 7.05456 -0 7.05456 0 7.05456 -0 7.05456 0 7.05456 -0 7.05456 0 7.05456 -0 7.05456 0 7.05456 -0 7.05456 0 7.05456 -0 
7.13476 0.0011 7.13476 -0.013 7.13476 0 7.13476 -0 7.13476 0 7.13476 -0 7.13476 0 7.13476 -0 7.13476 0 7.13476 -0 7.13476 0 7.13476 -0 7.13476 0 7.13476 -0 
7.21486 0.0001 7.21486 -0.0025 7.21486 0 7.21486 -0 7.21486 0 7.21486 -0 7.21486 0 7.21486 -0 7.21486 0 7.21486 -0 7.21486 0 7.21486 -0 7.21486 0 7.21486 -0 
7.29506 0.0 7.29506 -0.0004 7.29506 0 7.29506 -0 7.29506 0 7.29506 -0 7.29506 0 7.29506 -0 7.29506 0 7.29506 -0 7.29506 0 7.29506 -0 7.29506 0 7.29506 -0 
7.37516 0.0 7.37516 -0 7.37516 0 7.37516 -0 7.37516 0 7.37516 -0 7.37516 0 7.37516 -0 7.37516 0 7.37516 -0 7.37516 0 7.37516 -0 7.37516 0 7.37516 -0 
7.45536 0.0 7.45536 -0 7.45536 0 7.45536 -0 7.45536 0 7.45536 -0 7.45536 0 7.45536 -0 7.45536 0 7.45536 -0 7.45536 0 7.45536 -0 7.45536 0 7.45536 -0 
7.53556 0.0 7.53556 -0 7.53556 0 7.53556 -0 7.53556 0 7.53556 -0 7.53556 0 7.53556 -0 7.53556 0 7.53556 -0 7.53556 0 7.53556 -0 7.53556 0 7.53556 -0 
7.61566 0.0 7.61566 -0 7.61566 0 7.61566 -0 7.61566 0 7.61566 -0 7.61566 0 7.61566 -0 7.61566 0 7.61566 -0 7.61566 0 7.61566 -0 7.61566 0 7.61566 -0 
7.69586 0.0 7.69586 -0 7.69586 0 7.69586 -0 7.69586 0 7.69586 -0 7.69586 0 7.69586 -0 7.69586 0 7.69586 -0 7.69586 0 7.69586 -0 7.69586 0 7.69586 -0 
7.77596 0.0 7.77596 -0 7.77596 0 7.77596 -0 7.77596 0 7.77596 -0 7.77596 0 7.77596 -0 7.77596 0 7.77596 -0 7.77596 0 7.77596 -0 7.77596 0 7.77596 -0 
7.85616 0.0 7.85616 -0 7.85616 0 7.85616 -0 7.85616 0 7.85616 -0 7.85616 0 7.85616 -0 7.85616 0 7.85616 -0 7.85616 0 7.85616 -0 7.85616 0 7.85616 -0 
7.93636 0.0 7.93636 -0 7.93636 0 7.93636 -0 7.93636 0 7.93636 -0 7.93636 0 7.93636 -0 7.93636 0 7.93636 -0 7.93636 0 7.93636 -0 7.93636 0 7.93636 -0 
8.01646 0.0 8.01646 -0 8.01646 0 8.01646 -0 8.01646 0 8.01646 -0 8.01646 0 8.01646 -0 8.01646 0 8.01646 -0 8.01646 0 8.01646 -0 8.01646 0 8.01646 -0 
8.09666 0.0 8.09666 -0 8.09666 0 8.09666 -0 8.09666 0 8.09666 -0 8.09666 0 8.09666 -0 8.09666 0 8.09666 -0 8.09666 0 8.09666 -0 8.09666 0 8.09666 -0 
8.17686 0.0 8.17686 -0 8.17686 0 8.17686 -0 8.17686 0 8.17686 -0 8.17686 0 8.17686 -0 8.17686 0 8.17686 -0 8.17686 0 8.17686 -0 8.17686 0 8.17686 -0 
8.25696 0.0 8.25696 -0 8.25696 0 8.25696 -0 8.25696 0 8.25696 -0 8.25696 0 8.25696 -0 8.25696 0 8.25696 -0 8.25696 0 8.25696 -0 8.25696 0 8.25696 -0 
8.33716 0.0 8.33716 -0 8.33716 0 8.33716 -0 8.33716 0 8.33716 -0 8.33716 0 8.33716 -0 8.33716 0 8.33716 -0 8.33716 0 8.33716 -0 8.33716 0 8.33716 -0 
8.41726 0.0 8.41726 -0 8.41726 0 8.41726 -0 8.41726 0 8.41726 -0 8.41726 0 8.41726 -0 8.41726 0 8.41726 -0 8.41726 0 8.41726 -0 8.41726 0 8.41726 -0 
8.49746 0.0 8.49746 -0 8.49746 0 8.49746 -0 8.49746 0 8.49746 -0 8.49746 0 8.49746 -0 8.49746 0 8.49746 -0 8.49746 0 8.49746 -0 8.49746 0 8.49746 -0 
8.57766 0.0 8.57766 -0 8.57766 0 8.57766 -0 8.57766 0 8.57766 -0 8.57766 0 8.57766 -0 8.57766 0 8.57766 -0 8.57766 0 8.57766 -0 8.57766 0 8.57766 -0 
8.65776 0.0 8.65776 -0 8.65776 0 8.65776 -0 8.65776 0 8.65776 -0 8.65776 0 8.65776 -0 8.65776 0 8.65776 -0 8.65776 0 8.65776 -0 8.65776 0 8.65776 -0 
8.73796 0.0 8.73796 -0 8.73796 0 8.73796 -0 8.73796 0 8.73796 -0 8.73796 0 8.73796 -0 8.73796 0 8.73796 -0 8.73796 0 8.73796 -0 8.73796 0 8.73796 -0 
8.81806 0.0 8.81806 -0 8.81806 0 8.81806 -0 8.81806 0 8.81806 -0 8.81806 0 8.81806 -0 8.81806 0 8.81806 -0 8.81806 0 8.81806 -0 8.81806 0 8.81806 -0 
8.89826 0.0 8.89826 -0 8.89826 0 8.89826 -0 8.89826 0 8.89826 -0 8.89826 0 8.89826 -0 8.89826 0 8.89826 -0 8.89826 0 8.89826 -0 8.89826 0 8.89826 -0 
8.97846 0.0 8.97846 -0 8.97846 0 8.97846 -0 8.97846 0 8.97846 -0 8.97846 0 8.97846 -0 8.97846 0 8.97846 -0 8.97846 0 8.97846 -0 8.97846 0 8.97846 -0 
9.05856 0.0 9.05856 -0 9.05856 0 9.05856 -0 9.05856 0 9.05856 -0 9.05856 0 9.05856 -0 9.05856 0 9.05856 -0 9.05856 0 9.05856 -0 9.05856 0 9.05856 -0 
9.13876 0.0 9.13876 -0 9.13876 0 9.13876 -0 9.13876 0 9.13876 -0 9.13876 0 9.13876 -0 9.13876 0 9.13876 -0 9.13876 0 9.13876 -0 9.13876 0 9.13876 -0 
9.21886 0.0 9.21886 -0 9.21886 0 9.21886 -0 9.21886 0 9.21886 -0 9.21886 0 9.21886 -0 9.21886 0 9.21886 -0 9.21886 0 9.21886 -0 9.21886 0 9.21886 -0 
9.29906 0.0 9.29906 -0 9.29906 0 9.29906 -0 9.29906 0 9.29906 -0 9.29906 0 9.29906 -0 9.29906 0 9.29906 -0 9.29906 0 9.29906 -0 9.29906 0 9.29906 -0 
9.37926 0.0 9.37926 -0 9.37926 0 9.37926 -0 9.37926 0 9.37926 -0 9.37926 0 9.37926 -0 9.37926 0 9.37926 -0 9.37926 0 9.37926 -0 9.37926 0 9.37926 -0 
9.45936 0.0 9.45936 -0 9.45936 0 9.45936 -0 9.45936 0 9.45936 -0 9.45936 0 9.45936 -0 9.45936 0 9.45936 -0 9.45936 0 9.45936 -0 9.45936 0 9.45936 -0 
9.53956 0.0 9.53956 -0 9.53956 0 9.53956 -0 9.53956 0 9.53956 -0 9.53956 0 9.53956 -0 9.53956 0 9.53956 -0 9.53956 0 9.53956 -0 9.53956 0 9.53956 -0 
9.61966 0.0 9.61966 -0 9.61966 0 9.61966 -0 9.61966 0 9.61966 -0 9.61966 0 9.61966 -0 9.61966 0 9.61966 -0 9.61966 0 9.61966 -0 9.61966 0 9.61966 -0 
9.69986 0.0 9.69986 -0 9.69986 0 9.69986 -0 9.69986 0 9.69986 -0 9.69986 0 9.69986 -0 9.69986 0 9.69986 -0 9.69986 0 9.69986 -0 9.69986 0 9.69986 -0 
9.78006 0.0 9.78006 -0 9.78006 0 9.78006 -0 9.78006 0 9.78006 -0 9.78006 0 9.78006 -0 9.78006 0 9.78006 -0 9.78006 0 9.78006 -0 9.78006 0 9.78006 -0 
9.86016 0.0 9.86016 -0 9.86016 0 9.86016 -0 9.86016 0 9.86016 -0 9.86016 0 9.86016 -0 9.86016 0 9.86016 -0 9.86016 0 9.86016 -0 9.86016 0 9.86016 -0 
9.94036 0.0 9.94036 -0 9.94036 0 9.94036 -0 9.94036 0 9.94036 -0 9.94036 0 9.94036 -0 9.94036 0 9.94036 -0 9.94036 0 9.94036 -0 9.94036 0 9.94036 -0 
10.0205 0.0 10.0205 -0 10.0205 0 10.0205 -0 10.0205 0 10.0205 -0 10.0205 0 10.0205 -0 10.0205 0 10.0205 -0 10.0205 0 10.0205 -0 10.0205 0 10.0205 -0 
10.1007 0.0 10.1007 -0 10.1007 0 10.1007 -0 10.1007 0 10.1007 -0 10.1007 0 10.1007 -0 10.1007 0 10.1007 -0 10.1007 0 10.1007 -0 10.1007 0 10.1007 -0 
10.1809 0.0 10.1809 -0 10.1809 0 10.1809 -0 10.1809 0 10.1809 -0 10.1809 0 10.1809 -0 10.1809 0 10.1809 -0 10.1809 0 10.1809 -0 10.1809 0 10.1809 -0 
10.261 0.0 10.261 -0 10.261 0 10.261 -0 10.261 0 10.261 -0 10.261 0 10.261 -0 10.261 0 10.261 -0 10.261 0 10.261 -0 10.261 0 10.261 -0 
10.3412 0.0 10.3412 -0 10.3412 0 10.3412 -0 10.3412 0 10.3412 -0 10.3412 0 10.3412 -0 10.3412 0 10.3412 -0 10.3412 0 10.3412 -0 10.3412 0 10.3412 -0 
10.4213 0.0 10.4213 -0 10.4213 0 10.4213 -0 10.4213 0 10.4213 -0 10.4213 0 10.4213 -0 10.4213 0 10.4213 -0 10.4213 0 10.4213 -0 10.4213 0 10.4213 -0 
10.5015 0.0 10.5015 -0 10.5015 0 10.5015 -0 10.5015 0 10.5015 -0 10.5015 0 10.5015 -0 10.5015 0 10.5015 -0 10.5015 0 10.5015 -0 10.5015 0 10.5015 -0 
10.5817 0.0 10.5817 -0 10.5817 0 10.5817 -0 10.5817 0 10.5817 -0 10.5817 0 10.5817 -0 10.5817 0 10.5817 -0 10.5817 0 10.5817 -0 10.5817 0 10.5817 -0 
10.6618 0.0 10.6618 -0 10.6618 0 10.6618 -0 10.6618 0 10.6618 -0 10.6618 0 10.6618 -0 10.6618 0 10.6618 -0 10.6618 0 10.6618 -0 10.6618 0 10.6618 -0 
10.742 0.0 10.742 -0 10.742 0 10.742 -0 10.742 0 10.742 -0 10.742 0 10.742 -0 10.742 0 10.742 -0 10.742 0 10.742 -0 10.742 0 10.742 -0 
10.8221 0.0 10.8221 -0 10.8221 0 10.8221 -0 10.8221 0 10.8221 -0 10.8221 0 10.8221 -0 10.8221 0 10.8221 -0 10.8221 0 10.8221 -0 10.8221 0 10.8221 -0 
10.9023 0.0 10.9023 -0 10.9023 0 10.9023 -0 10.9023 0 10.9023 -0 10.9023 0 10.9023 -0 10.9023 0 10.9023 -0 10.9023 0 10.9023 -0 10.9023 0 10.9023 -0 
10.9825 0.0 10.9825 -0 10.9825 0 10.9825 -0 10.9825 0 10.9825 -0 10.9825 0 10.9825 -0 10.9825 0 10.9825 -0 10.9825 0 10.9825 -0 10.9825 0 10.9825 -0 
11.0626 0.0 11.0626 -0 11.0626 0 11.0626 -0 11.0626 0 11.0626 -0 11.0626 0 11.0626 -0 11.0626 0 11.0626 -0 11.0626 0 11.0626 -0 11.0626 0 11.0626 -0 
11.1428 0.0 11.1428 -0 11.1428 0 11.1428 -0 11.1428 0 11.1428 -0 11.1428 0 11.1428 -0 11.1428 0 11.1428 -0 11.1428 0 11.1428 -0 11.1428 0 11.1428 -0 
11.2229 0.0 11.2229 -0 11.2229 0 11.2229 -0 11.2229 0 11.2229 -0 11.2229 0 11.2229 -0 11.2229 0 11.2229 -0 11.2229 0 11.2229 -0 11.2229 0 11.2229 -0 
11.3031 0.0 11.3031 -0 11.3031 0 11.3031 -0 11.3031 0 11.3031 -0 11.3031 0 11.3031 -0 11.3031 0 11.3031 -0 11.3031 0 11.3031 -0 11.3031 0 11.3031 -0 
11.3833 0.0 11.3833 -0 11.3833 0 11.3833 -0 11.3833 0 11.3833 -0 11.3833 0 11.3833 -0 11.3833 0 11.3833 -0 11.3833 0 11.3833 -0 11.3833 0 11.3833 -0 
11.4634 0.0 11.4634 -0 11.4634 0 11.4634 -0 11.4634 0 11.4634 -0 11.4634 0 11.4634 -0 11.4634 0 11.4634 -0 11.4634 0 11.4634 -0 11.4634 0 11.4634 -0 
11.5436 0.0 11.5436 -0 11.5436 0 11.5436 -0 11.5436 0 11.5436 -0 11.5436 0 11.5436 -0 11.5436 0 11.5436 -0 11.5436 0 11.5436 -0 11.5436 0 11.5436 -0 
11.6237 0.0 11.6237 -0 11.6237 0 11.6237 -0 11.6237 0 11.6237 -0 11.6237 0 11.6237 -0 11.6237 0 11.6237 -0 11.6237 0 11.6237 -0 11.6237 0 11.6237 -0 
11.7039 0.0 11.7039 -0 11.7039 0 11.7039 -0 11.7039 0 11.7039 -0 11.7039 0 11.7039 -0 11.7039 0 11.7039 -0 11.7039 0 11.7039 -0 11.7039 0 11.7039 -0 
11.7841 0.0 11.7841 -0 11.7841 0 11.7841 -0 11.7841 0 11.7841 -0 11.7841 0 11.7841 -0 11.7841 0 11.7841 -0 11.7841 0 11.7841 -0 11.7841 0 11.7841 -0 
11.8642 0.0 11.8642 -0 11.8642 0 11.8642 -0 11.8642 0 11.8642 -0 11.8642 0 11.8642 -0 11.8642 0 11.8642 -0 11.8642 0 11.8642 -0 11.8642 0 11.8642 -0 
11.9444 0.0 11.9444 -0 11.9444 0 11.9444 -0 11.9444 0 11.9444 -0 11.9444 0 11.9444 -0 11.9444 0 11.9444 -0 11.9444 0 11.9444 -0 11.9444 0 11.9444 -0 
12.0245 0.0 12.0245 -0 12.0245 0 12.0245 -0 12.0245 0 12.0245 -0 12.0245 0 12.0245 -0 12.0245 0 12.0245 -0 12.0245 0 12.0245 -0 12.0245 0 12.0245 -0 
12.1047 0.0 12.1047 -0 12.1047 0 12.1047 -0 12.1047 0 12.1047 -0 12.1047 0 12.1047 -0 12.1047 0 12.1047 -0 12.1047 0 12.1047 -0 12.1047 0 12.1047 -0 
12.1849 0.0 12.1849 -0 12.1849 0 12.1849 -0 12.1849 0 12.1849 -0 12.1849 0 12.1849 -0 12.1849 0 12.1849 -0 12.1849 0 12.1849 -0 12.1849 0 12.1849 -0 
12.265 0.0 12.265 -0 12.265 0 12.265 -0 12.265 0 12.265 -0 12.265 0 12.265 -0 12.265 0 12.265 -0 12.265 0 12.265 -0 12.265 0 12.265 -0 
12.3452 0.0 12.3452 -0 12.3452 0 12.3452 -0 12.3452 0 12.3452 -0 12.3452 0 12.3452 -0 12.3452 0 12.3452 -0 12.3452 0 12.3452 -0 12.3452 0 12.3452 -0 
12.4253 0.0 12.4253 -0 12.4253 0 12.4253 -0 12.4253 0 12.4253 -0 12.4253 0 12.4253 -0 12.4253 0 12.4253 -0 12.4253 0 12.4253 -0 12.4253 0 12.4253 -0 
12.5055 0.0 12.5055 -0 12.5055 0 12.5055 -0 12.5055 0 12.5055 -0 12.5055 0 12.5055 -0 12.5055 0 12.5055 -0 12.5055 0 12.5055 -0 12.5055 0 12.5055 -0 
12.5857 0.0 12.5857 -0 12.5857 0 12.5857 -0 12.5857 0 12.5857 -0 12.5857 0 12.5857 -0 12.5857 0 12.5857 -0 12.5857 0 12.5857 -0 12.5857 0 12.5857 -0 
12.6658 0.0 12.6658 -0 12.6658 0 12.6658 -0 12.6658 0 12.6658 -0 12.6658 0 12.6658 -0 12.6658 0 12.6658 -0 12.6658 0 12.6658 -0 12.6658 0 12.6658 -0 
12.746 0.0 12.746 -0 12.746 0 12.746 -0 12.746 0 12.746 -0 12.746 0 12.746 -0 12.746 0 12.746 -0 12.746 0 12.746 -0 12.746 0 12.746 -0 
12.8261 0.0 12.8261 -0 12.8261 0 12.8261 -0 12.8261 0 12.8261 -0 12.8261 0 12.8261 -0 12.8261 0 12.8261 -0 12.8261 0 12.8261 -0 12.8261 0 12.8261 -0 
12.9063 0.0 12.9063 -0 12.9063 0 12.9063 -0 12.9063 0 12.9063 -0 12.9063 0 12.9063 -0 12.9063 0 12.9063 -0 12.9063 0 12.9063 -0 12.9063 0 12.9063 -0 
12.9865 0.0 12.9865 -0 12.9865 0 12.9865 -0 12.9865 0 12.9865 -0 12.9865 0 12.9865 -0 12.9865 0 12.9865 -0 12.9865 0 12.9865 -0 12.9865 0 12.9865 -0 
13.0666 0.0 13.0666 -0 13.0666 0 13.0666 -0 13.0666 0 13.0666 -0 13.0666 0 13.0666 -0 13.0666 0 13.0666 -0 13.0666 0 13.0666 -0 13.0666 0 13.0666 -0 
13.1468 0.0 13.1468 -0 13.1468 0 13.1468 -0 13.1468 0 13.1468 -0 13.1468 0 13.1468 -0 13.1468 0 13.1468 -0 13.1468 0 13.1468 -0 13.1468 0 13.1468 -0 
13.227 0.0 13.227 -0 13.227 0 13.227 -0 13.227 0 13.227 -0 13.227 0 13.227 -0 13.227 0 13.227 -0 13.227 0 13.227 -0 13.227 0 13.227 -0 
13.3071 0.0 13.3071 -0 13.3071 0 13.3071 -0 13.3071 0 13.3071 -0 13.3071 0 13.3071 -0 13.3071 0 13.3071 -0 13.3071 0 13.3071 -0 13.3071 0 13.3071 -0 
13.3873 0.0 13.3873 -0 13.3873 0 13.3873 -0 13.3873 0 13.3873 -0 13.3873 0 13.3873 -0 13.3873 0 13.3873 -0 13.3873 0 13.3873 -0 13.3873 0 13.3873 -0 
13.4674 0.0 13.4674 -0 13.4674 0 13.4674 -0 13.4674 0 13.4674 -0 13.4674 0 13.4674 -0 13.4674 0 13.4674 -0 13.4674 0 13.4674 -0 13.4674 0 13.4674 -0 
13.5476 0.0 13.5476 -0 13.5476 0 13.5476 -0 13.5476 0 13.5476 -0 13.5476 0 13.5476 -0 13.5476 0 13.5476 -0 13.5476 0 13.5476 -0 13.5476 0 13.5476 -0 
13.6278 0.0 13.6278 -0 13.6278 0 13.6278 -0 13.6278 0 13.6278 -0 13.6278 0 13.6278 -0 13.6278 0 13.6278 -0 13.6278 0 13.6278 -0 13.6278 0 13.6278 -0 
13.7079 0.0 13.7079 -0 13.7079 0 13.7079 -0 13.7079 0 13.7079 -0 13.7079 0 13.7079 -0 13.7079 0 13.7079 -0 13.7079 0 13.7079 -0 13.7079 0 13.7079 -0 
13.7881 0.0 13.7881 -0 13.7881 0 13.7881 -0 13.7881 0 13.7881 -0 13.7881 0 13.7881 -0 13.7881 0 13.7881 -0 13.7881 0 13.7881 -0 13.7881 0 13.7881 -0 
13.8682 0.0 13.8682 -0 13.8682 0 13.8682 -0 13.8682 0 13.8682 -0 13.8682 0 13.8682 -0 13.8682 0 13.8682 -0 13.8682 0 13.8682 -0 13.8682 0 13.8682 -0 
13.9484 0.0 13.9484 -0 13.9484 0 13.9484 -0 13.9484 0 13.9484 -0 13.9484 0 13.9484 -0 13.9484 0 13.9484 -0 13.9484 0 13.9484 -0 13.9484 0 13.9484 -0 
14.0286 0.0 14.0286 -0 14.0286 0 14.0286 -0 14.0286 0 14.0286 -0 14.0286 0 14.0286 -0 14.0286 0 14.0286 -0 14.0286 0 14.0286 -0 14.0286 0 14.0286 -0 
14.1087 0.0 14.1087 -0 14.1087 0 14.1087 -0 14.1087 0 14.1087 -0 14.1087 0 14.1087 -0 14.1087 0 14.1087 -0 14.1087 0 14.1087 -0 14.1087 0 14.1087 -0 
14.1889 0.0 14.1889 -0 14.1889 0 14.1889 -0 14.1889 0 14.1889 -0 14.1889 0 14.1889 -0 14.1889 0 14.1889 -0 14.1889 0 14.1889 -0 14.1889 0 14.1889 -0 
14.269 0.0 14.269 -0 14.269 0 14.269 -0 14.269 0 14.269 -0 14.269 0 14.269 -0 14.269 0 14.269 -0 14.269 0 14.269 -0 14.269 0 14.269 -0 
14.3492 0.0 14.3492 -0 14.3492 0 14.3492 -0 14.3492 0 14.3492 -0 14.3492 0 14.3492 -0 14.3492 0 14.3492 -0 14.3492 0 14.3492 -0 14.3492 0 14.3492 -0 
14.4294 0.0 14.4294 -0 14.4294 0 14.4294 -0 14.4294 0 14.4294 -0 14.4294 0 14.4294 -0 14.4294 0 14.4294 -0 14.4294 0 14.4294 -0 14.4294 0 14.4294 -0 
14.5095 0.0 14.5095 -0 14.5095 0 14.5095 -0 14.5095 0 14.5095 -0 14.5095 0 14.5095 -0 14.5095 0 14.5095 -0 14.5095 0 14.5095 -0 14.5095 0 14.5095 -0 
14.5897 0.0 14.5897 -0 14.5897 0 14.5897 -0 14.5897 0 14.5897 -0 14.5897 0 14.5897 -0 14.5897 0 14.5897 -0 14.5897 0 14.5897 -0 14.5897 0 14.5897 -0 
14.6698 0.0 14.6698 -0 14.6698 0 14.6698 -0 14.6698 0 14.6698 -0 14.6698 0 14.6698 -0 14.6698 0 14.6698 -0 14.6698 0 14.6698 -0 14.6698 0 14.6698 -0 
14.75 0.0 14.75 -0 14.75 0 14.75 -0 14.75 0 14.75 -0 14.75 0 14.75 -0 14.75 0 14.75 -0 14.75 0 14.75 -0 14.75 0 14.75 -0 
14.8302 0.0 14.8302 -0 14.8302 0 14.8302 -0 14.8302 0 14.8302 -0 14.8302 0 14.8302 -0 14.8302 0 14.8302 -0 14.8302 0 14.8302 -0 14.8302 0 14.8302 -0 
14.9103 0.0 14.9103 -0 14.9103 0 14.9103 -0 14.9103 0 14.9103 -0 14.9103 0 14.9103 -0 14.9103 0 14.9103 -0 14.9103 0 14.9103 -0 14.9103 0 14.9103 -0 
14.9905 0.0 14.9905 -0 14.9905 0 14.9905 -0 14.9905 0 14.9905 -0 14.9905 0 14.9905 -0 14.9905 0 14.9905 -0 14.9905 0 14.9905 -0 14.9905 0 14.9905 -0 
15.0706 0.0 15.0706 -0 15.0706 0 15.0706 -0 15.0706 0 15.0706 -0 15.0706 0 15.0706 -0 15.0706 0 15.0706 -0 15.0706 0 15.0706 -0 15.0706 0 15.0706 -0 
15.1508 0.0 15.1508 -0 15.1508 0 15.1508 -0 15.1508 0 15.1508 -0 15.1508 0 15.1508 -0 15.1508 0 15.1508 -0 15.1508 0 15.1508 -0 15.1508 0 15.1508 -0 
15.231 0.0 15.231 -0 15.231 0 15.231 -0 15.231 0 15.231 -0 15.231 0 15.231 -0 15.231 0 15.231 -0 15.231 0 15.231 -0 15.231 0 15.231 -0 
15.3111 0.0 15.3111 -0 15.3111 0 15.3111 -0 15.3111 0 15.3111 -0 15.3111 0 15.3111 -0 15.3111 0 15.3111 -0 15.3111 0 15.3111 -0 15.3111 0 15.3111 -0 
15.3913 0.0 15.3913 -0 15.3913 0 15.3913 -0 15.3913 0 15.3913 -0 15.3913 0 15.3913 -0 15.3913 0 15.3913 -0 15.3913 0 15.3913 -0 15.3913 0 15.3913 -0 
15.4714 0.0 15.4714 -0 15.4714 0 15.4714 -0 15.4714 0 15.4714 -0 15.4714 0 15.4714 -0 15.4714 0 15.4714 -0 15.4714 0 15.4714 -0 15.4714 0 15.4714 -0 
15.5516 0.0 15.5516 -0 15.5516 0 15.5516 -0 15.5516 0 15.5516 -0 15.5516 0 15.5516 -0 15.5516 0 15.5516 -0 15.5516 0 15.5516 -0 15.5516 0 15.5516 -0 
