-24.1631 24.95 -24.1631 -24.95 -24.1631 0 -24.1631 -0 -24.1631 0 -24.1631 -0 -24.1631 0 -24.1631 -0 -24.1631 0 -24.1631 -0 -24.1631 0 -24.1631 -0 -24.1631 0 -24.1631 -0 
-24.0829 0.0 -24.0829 -0 -24.0829 0 -24.0829 -0 -24.0829 0 -24.0829 -0 -24.0829 0 -24.0829 -0 -24.0829 0 -24.0829 -0 -24.0829 0 -24.0829 -0 -24.0829 0 -24.0829 -0 
-24.0028 0.0 -24.0028 -0 -24.0028 0 -24.0028 -0 -24.0028 0 -24.0028 -0 -24.0028 0 -24.0028 -0 -24.0028 0 -24.0028 -0 -24.0028 0 -24.0028 -0 -24.0028 0 -24.0028 -0 
-23.9226 0.0 -23.9226 -0 -23.9226 0 -23.9226 -0 -23.9226 0 -23.9226 -0 -23.9226 0 -23.9226 -0 -23.9226 0 -23.9226 -0 -23.9226 0 -23.9226 -0 -23.9226 0 -23.9226 -0 
-23.8425 0.0 -23.8425 -0 -23.8425 0 -23.8425 -0 -23.8425 0 -23.8425 -0 -23.8425 0 -23.8425 -0 -23.8425 0 -23.8425 -0 -23.8425 0 -23.8425 -0 -23.8425 0 -23.8425 -0 
-23.7623 0.0 -23.7623 -0 -23.7623 0 -23.7623 -0 -23.7623 0 -23.7623 -0 -23.7623 0 -23.7623 -0 -23.7623 0 -23.7623 -0 -23.7623 0 -23.7623 -0 -23.7623 0 -23.7623 -0 
-23.6821 0.0 -23.6821 -0 -23.6821 0 -23.6821 -0 -23.6821 0 -23.6821 -0 -23.6821 0 -23.6821 -0 -23.6821 0 -23.6821 -0 -23.6821 0 -23.6821 -0 -23.6821 0 -23.6821 -0 
-23.602 0.0 -23.602 -0 -23.602 0 -23.602 -0 -23.602 0 -23.602 -0 -23.602 0 -23.602 -0 -23.602 0 -23.602 -0 -23.602 0 -23.602 -0 -23.602 0 -23.602 -0 
-23.5218 0.0 -23.5218 -0 -23.5218 0 -23.5218 -0 -23.5218 0 -23.5218 -0 -23.5218 0 -23.5218 -0 -23.5218 0 -23.5218 -0 -23.5218 0 -23.5218 -0 -23.5218 0 -23.5218 -0 
-23.4417 0.0 -23.4417 -0 -23.4417 0 -23.4417 -0 -23.4417 0 -23.4417 -0 -23.4417 0 -23.4417 -0 -23.4417 0 -23.4417 -0 -23.4417 0 -23.4417 -0 -23.4417 0 -23.4417 -0 
-23.3615 0.0 -23.3615 -0 -23.3615 0 -23.3615 -0 -23.3615 0 -23.3615 -0 -23.3615 0 -23.3615 -0 -23.3615 0 -23.3615 -0 -23.3615 0 -23.3615 -0 -23.3615 0 -23.3615 -0 
-23.2813 0.0 -23.2813 -0 -23.2813 0 -23.2813 -0 -23.2813 0 -23.2813 -0 -23.2813 0 -23.2813 -0 -23.2813 0 -23.2813 -0 -23.2813 0 -23.2813 -0 -23.2813 0 -23.2813 -0 
-23.2012 0.0 -23.2012 -0 -23.2012 0 -23.2012 -0 -23.2012 0 -23.2012 -0 -23.2012 0 -23.2012 -0 -23.2012 0 -23.2012 -0 -23.2012 0 -23.2012 -0 -23.2012 0 -23.2012 -0 
-23.121 0.0 -23.121 -0 -23.121 0 -23.121 -0 -23.121 0 -23.121 -0 -23.121 0 -23.121 -0 -23.121 0 -23.121 -0 -23.121 0 -23.121 -0 -23.121 0 -23.121 -0 
-23.0409 0.0 -23.0409 -0 -23.0409 0 -23.0409 -0 -23.0409 0 -23.0409 -0 -23.0409 0 -23.0409 -0 -23.0409 0 -23.0409 -0 -23.0409 0 -23.0409 -0 -23.0409 0 -23.0409 -0 
-22.9607 0.0 -22.9607 -0 -22.9607 0 -22.9607 -0 -22.9607 0 -22.9607 -0 -22.9607 0 -22.9607 -0 -22.9607 0 -22.9607 -0 -22.9607 0 -22.9607 -0 -22.9607 0 -22.9607 -0 
-22.8805 0.0 -22.8805 -0 -22.8805 0 -22.8805 -0 -22.8805 0 -22.8805 -0 -22.8805 0 -22.8805 -0 -22.8805 0 -22.8805 -0 -22.8805 0 -22.8805 -0 -22.8805 0 -22.8805 -0 
-22.8004 0.0 -22.8004 -0 -22.8004 0 -22.8004 -0 -22.8004 0 -22.8004 -0 -22.8004 0 -22.8004 -0 -22.8004 0 -22.8004 -0 -22.8004 0 -22.8004 -0 -22.8004 0 -22.8004 -0 
-22.7202 0.0 -22.7202 -0 -22.7202 0 -22.7202 -0 -22.7202 0 -22.7202 -0 -22.7202 0 -22.7202 -0 -22.7202 0 -22.7202 -0 -22.7202 0 -22.7202 -0 -22.7202 0 -22.7202 -0 
-22.6401 0.0 -22.6401 -0 -22.6401 0 -22.6401 -0 -22.6401 0 -22.6401 -0 -22.6401 0 -22.6401 -0 -22.6401 0 -22.6401 -0 -22.6401 0 -22.6401 -0 -22.6401 0 -22.6401 -0 
-22.5599 0.0 -22.5599 -0 -22.5599 0 -22.5599 -0 -22.5599 0 -22.5599 -0 -22.5599 0 -22.5599 -0 -22.5599 0 -22.5599 -0 -22.5599 0 -22.5599 -0 -22.5599 0 -22.5599 -0 
-22.4797 0.0 -22.4797 -0 -22.4797 0 -22.4797 -0 -22.4797 0 -22.4797 -0 -22.4797 0 -22.4797 -0 -22.4797 0 -22.4797 -0 -22.4797 0 -22.4797 -0 -22.4797 0 -22.4797 -0 
-22.3996 0.0 -22.3996 -0 -22.3996 0 -22.3996 -0 -22.3996 0 -22.3996 -0 -22.3996 0 -22.3996 -0 -22.3996 0 -22.3996 -0 -22.3996 0 -22.3996 -0 -22.3996 0 -22.3996 -0 
-22.3194 0.0 -22.3194 -0 -22.3194 0 -22.3194 -0 -22.3194 0 -22.3194 -0 -22.3194 0 -22.3194 -0 -22.3194 0 -22.3194 -0 -22.3194 0 -22.3194 -0 -22.3194 0 -22.3194 -0 
-22.2393 0.0 -22.2393 -0 -22.2393 0 -22.2393 -0 -22.2393 0 -22.2393 -0 -22.2393 0 -22.2393 -0 -22.2393 0 -22.2393 -0 -22.2393 0 -22.2393 -0 -22.2393 0 -22.2393 -0 
-22.1591 0.0 -22.1591 -0 -22.1591 0 -22.1591 -0 -22.1591 0 -22.1591 -0 -22.1591 0 -22.1591 -0 -22.1591 0 -22.1591 -0 -22.1591 0 -22.1591 -0 -22.1591 0 -22.1591 -0 
-22.0789 0.0 -22.0789 -0 -22.0789 0 -22.0789 -0 -22.0789 0 -22.0789 -0 -22.0789 0 -22.0789 -0 -22.0789 0 -22.0789 -0 -22.0789 0 -22.0789 -0 -22.0789 0 -22.0789 -0 
-21.9988 0.0 -21.9988 -0 -21.9988 0 -21.9988 -0 -21.9988 0 -21.9988 -0 -21.9988 0 -21.9988 -0 -21.9988 0 -21.9988 -0 -21.9988 0 -21.9988 -0 -21.9988 0 -21.9988 -0 
-21.9186 0.0 -21.9186 -0 -21.9186 0 -21.9186 -0 -21.9186 0 -21.9186 -0 -21.9186 0 -21.9186 -0 -21.9186 0 -21.9186 -0 -21.9186 0 -21.9186 -0 -21.9186 0 -21.9186 -0 
-21.8385 0.0 -21.8385 -0 -21.8385 0 -21.8385 -0 -21.8385 0 -21.8385 -0 -21.8385 0 -21.8385 -0 -21.8385 0 -21.8385 -0 -21.8385 0 -21.8385 -0 -21.8385 0 -21.8385 -0 
-21.7583 0.0 -21.7583 -0 -21.7583 0 -21.7583 -0 -21.7583 0 -21.7583 -0 -21.7583 0 -21.7583 -0 -21.7583 0 -21.7583 -0 -21.7583 0 -21.7583 -0 -21.7583 0 -21.7583 -0 
-21.6781 0.0 -21.6781 -0 -21.6781 0 -21.6781 -0 -21.6781 0 -21.6781 -0 -21.6781 0 -21.6781 -0 -21.6781 0 -21.6781 -0 -21.6781 0 -21.6781 -0 -21.6781 0 -21.6781 -0 
-21.598 0.0002 -21.598 -0.0002 -21.598 0 -21.598 -0 -21.598 0 -21.598 -0 -21.598 0 -21.598 -0 -21.598 0 -21.598 -0 -21.598 0 -21.598 -0 -21.598 0 -21.598 -0 
-21.5178 0.0019 -21.5178 -0.0018 -21.5178 0 -21.5178 -0 -21.5178 0 -21.5178 -0 -21.5178 0 -21.5178 -0 -21.5178 0 -21.5178 -0 -21.5178 0 -21.5178 -0 -21.5178 0 -21.5178 -0 
-21.4376 0.0164 -21.4376 -0.0156 -21.4376 0 -21.4376 -0 -21.4376 0 -21.4376 -0 -21.4376 0 -21.4376 -0 -21.4376 0 -21.4376 -0 -21.4376 0 -21.4376 -0 -21.4376 0 -21.4376 -0 
-21.3575 0.1016 -21.3575 -0.0971 -21.3575 0 -21.3575 -0 -21.3575 0 -21.3575 -0 -21.3575 0 -21.3575 -0 -21.3575 0 -21.3575 -0 -21.3575 0 -21.3575 -0 -21.3575 0 -21.3575 -0 
-21.2773 0.4621 -21.2773 -0.441 -21.2773 0 -21.2773 -0 -21.2773 0 -21.2773 -0 -21.2773 0 -21.2773 -0 -21.2773 0 -21.2773 -0 -21.2773 0 -21.2773 -0 -21.2773 0 -21.2773 -0 
-21.1972 1.5404 -21.1972 -1.4653 -21.1972 0 -21.1972 -0 -21.1972 0 -21.1972 -0 -21.1972 0 -21.1972 -0 -21.1972 0 -21.1972 -0 -21.1972 0 -21.1972 -0 -21.1972 0 -21.1972 -0 
-21.117 3.7714 -21.117 -3.5658 -21.117 0 -21.117 -0 -21.117 0 -21.117 -0 -21.117 0 -21.117 -0 -21.117 0 -21.117 -0 -21.117 0 -21.117 -0 -21.117 0 -21.117 -0 
-21.0368 6.8021 -21.0368 -6.3684 -21.0368 0 -21.0368 -0 -21.0368 0 -21.0368 -0 -21.0368 0 -21.0368 -0 -21.0368 0 -21.0368 -0 -21.0368 0 -21.0368 -0 -21.0368 0 -21.0368 -0 
-20.9567 9.0958 -20.9567 -8.3876 -20.9567 0 -20.9567 -0 -20.9567 0 -20.9567 -0 -20.9567 0 -20.9567 -0 -20.9567 0 -20.9567 -0 -20.9567 0 -20.9567 -0 -20.9567 0 -20.9567 -0 
-20.8765 9.152 -20.8765 -8.2529 -20.8765 0 -20.8765 -0 -20.8765 0 -20.8765 -0 -20.8765 0 -20.8765 -0 -20.8765 0 -20.8765 -0 -20.8765 0 -20.8765 -0 -20.8765 0 -20.8765 -0 
-20.7964 7.1829 -20.7964 -6.2968 -20.7964 0 -20.7964 -0 -20.7964 0 -20.7964 -0 -20.7964 0 -20.7964 -0 -20.7964 0 -20.7964 -0 -20.7964 0 -20.7964 -0 -20.7964 0 -20.7964 -0 
-20.7162 4.7736 -20.7162 -4.1294 -20.7162 0 -20.7162 -0 -20.7162 0 -20.7162 -0 -20.7162 0 -20.7162 -0 -20.7162 0 -20.7162 -0 -20.7162 0 -20.7162 -0 -20.7162 0 -20.7162 -0 
-20.636 3.1081 -20.636 -2.853 -20.636 0 -20.636 -0 -20.636 0 -20.636 -0 -20.636 0 -20.636 -0 -20.636 0 -20.636 -0 -20.636 0 -20.636 -0 -20.636 0 -20.636 -0 
-20.5559 2.326 -20.5559 -2.4054 -20.5559 0 -20.5559 -0 -20.5559 0 -20.5559 -0 -20.5559 0 -20.5559 -0 -20.5559 0 -20.5559 -0 -20.5559 0 -20.5559 -0 -20.5559 0 -20.5559 -0 
-20.4757 2.1962 -20.4757 -2.2754 -20.4757 0 -20.4757 -0 -20.4757 0 -20.4757 -0 -20.4757 0 -20.4757 -0 -20.4757 0 -20.4757 -0 -20.4757 0 -20.4757 -0 -20.4757 0 -20.4757 -0 
-20.3956 2.5563 -20.3956 -2.2335 -20.3956 0 -20.3956 -0 -20.3956 0 -20.3956 -0 -20.3956 0 -20.3956 -0 -20.3956 0 -20.3956 -0 -20.3956 0 -20.3956 -0 -20.3956 0 -20.3956 -0 
-20.3154 3.1734 -20.3154 -2.4177 -20.3154 0 -20.3154 -0 -20.3154 0 -20.3154 -0 -20.3154 0 -20.3154 -0 -20.3154 0 -20.3154 -0 -20.3154 0 -20.3154 -0 -20.3154 0 -20.3154 -0 
-20.2352 3.7648 -20.2352 -2.9475 -20.2352 0 -20.2352 -0 -20.2352 0 -20.2352 -0 -20.2352 0 -20.2352 -0 -20.2352 0 -20.2352 -0 -20.2352 0 -20.2352 -0 -20.2352 0 -20.2352 -0 
-20.1551 4.2907 -20.1551 -3.6245 -20.1551 0 -20.1551 -0 -20.1551 0 -20.1551 -0 -20.1551 0 -20.1551 -0 -20.1551 0 -20.1551 -0 -20.1551 0 -20.1551 -0 -20.1551 0 -20.1551 -0 
-20.0749 4.9709 -20.0749 -4.1399 -20.0749 0 -20.0749 -0 -20.0749 0 -20.0749 -0 -20.0749 0 -20.0749 -0 -20.0749 0 -20.0749 -0 -20.0749 0 -20.0749 -0 -20.0749 0 -20.0749 -0 
-19.9948 6.0048 -19.9948 -4.448 -19.9948 0 -19.9948 -0 -19.9948 0 -19.9948 -0 -19.9948 0 -19.9948 -0 -19.9948 0 -19.9948 -0 -19.9948 0 -19.9948 -0 -19.9948 0 -19.9948 -0 
-19.9146 7.4143 -19.9146 -4.8164 -19.9146 0 -19.9146 -0 -19.9146 0 -19.9146 -0 -19.9146 0 -19.9146 -0 -19.9146 0 -19.9146 -0 -19.9146 0 -19.9146 -0 -19.9146 0 -19.9146 -0 
-19.8344 9.0157 -19.8344 -5.6649 -19.8344 0 -19.8344 -0 -19.8344 0 -19.8344 -0 -19.8344 0 -19.8344 -0 -19.8344 0 -19.8344 -0 -19.8344 0 -19.8344 -0 -19.8344 0 -19.8344 -0 
-19.7543 10.3885 -19.7543 -7.2517 -19.7543 0 -19.7543 -0 -19.7543 0 -19.7543 -0 -19.7543 0 -19.7543 -0 -19.7543 0 -19.7543 -0 -19.7543 0 -19.7543 -0 -19.7543 0 -19.7543 -0 
-19.6741 10.9551 -19.6741 -9.151 -19.6741 0 -19.6741 -0 -19.6741 0 -19.6741 -0 -19.6741 0 -19.6741 -0 -19.6741 0 -19.6741 -0 -19.6741 0 -19.6741 -0 -19.6741 0 -19.6741 -0 
-19.594 10.2952 -19.594 -10.2002 -19.594 0 -19.594 -0 -19.594 0 -19.594 -0 -19.594 0 -19.594 -0 -19.594 0 -19.594 -0 -19.594 0 -19.594 -0 -19.594 0 -19.594 -0 
-19.5138 8.5995 -19.5138 -9.5118 -19.5138 0 -19.5138 -0 -19.5138 0 -19.5138 -0 -19.5138 0 -19.5138 -0 -19.5138 0 -19.5138 -0 -19.5138 0 -19.5138 -0 -19.5138 0 -19.5138 -0 
-19.4336 6.6811 -19.4336 -7.5692 -19.4336 0 -19.4336 -0 -19.4336 0 -19.4336 -0 -19.4336 0 -19.4336 -0 -19.4336 0 -19.4336 -0 -19.4336 0 -19.4336 -0 -19.4336 0 -19.4336 -0 
-19.3535 5.2688 -19.3535 -5.8345 -19.3535 0 -19.3535 -0 -19.3535 0 -19.3535 -0 -19.3535 0 -19.3535 -0 -19.3535 0 -19.3535 -0 -19.3535 0 -19.3535 -0 -19.3535 0 -19.3535 -0 
-19.2733 4.5298 -19.2733 -5.1886 -19.2733 0 -19.2733 -0 -19.2733 0 -19.2733 -0 -19.2733 0 -19.2733 -0 -19.2733 0 -19.2733 -0 -19.2733 0 -19.2733 -0 -19.2733 0 -19.2733 -0 
-19.1932 4.3568 -19.1932 -5.1953 -19.1932 0 -19.1932 -0 -19.1932 0 -19.1932 -0 -19.1932 0 -19.1932 -0 -19.1932 0 -19.1932 -0 -19.1932 0 -19.1932 -0 -19.1932 0 -19.1932 -0 
-19.113 4.6655 -19.113 -4.9148 -19.113 0 -19.113 -0 -19.113 0 -19.113 -0 -19.113 0 -19.113 -0 -19.113 0 -19.113 -0 -19.113 0 -19.113 -0 -19.113 0 -19.113 -0 
-19.0328 5.454 -19.0328 -4.0028 -19.0328 0 -19.0328 -0 -19.0328 0 -19.0328 -0 -19.0328 0 -19.0328 -0 -19.0328 0 -19.0328 -0 -19.0328 0 -19.0328 -0 -19.0328 0 -19.0328 -0 
-18.9527 6.8177 -18.9527 -2.9654 -18.9527 0.0002 -18.9527 -0 -18.9527 0.0001 -18.9527 -0 -18.9527 0 -18.9527 -0 -18.9527 0 -18.9527 -0 -18.9527 0 -18.9527 -0 -18.9527 0.0001 -18.9527 -0 
-18.8725 8.6295 -18.8725 -2.6157 -18.8725 0.0007 -18.8725 -0 -18.8725 0.0003 -18.8725 -0 -18.8725 0.0001 -18.8725 -0 -18.8725 0.0001 -18.8725 -0 -18.8725 0 -18.8725 -0 -18.8725 0.0002 -18.8725 -0 
-18.7924 10.2305 -18.7924 -3.3297 -18.7924 0.0014 -18.7924 -0.0003 -18.7924 0.0006 -18.7924 -0.0001 -18.7924 0.0001 -18.7924 -0 -18.7924 0.0002 -18.7924 -0 -18.7924 0.0001 -18.7924 -0.0001 -18.7924 0.0004 -18.7924 -0.0001 
-18.7122 10.9546 -18.7122 -4.7596 -18.7122 0.0026 -18.7122 -0.0007 -18.7122 0.001 -18.7122 -0.0002 -18.7122 0.0003 -18.7122 -0.0001 -18.7122 0.0004 -18.7122 -0.0001 -18.7122 0.0002 -18.7122 -0.0001 -18.7122 0.0007 -18.7122 -0.0002 
-18.632 10.9247 -18.632 -6.2737 -18.632 0.004 -18.632 -0.0014 -18.632 0.0016 -18.632 -0.0005 -18.632 0.0004 -18.632 -0.0001 -18.632 0.0006 -18.632 -0.0002 -18.632 0.0004 -18.632 -0.0002 -18.632 0.001 -18.632 -0.0004 
-18.5519 10.8464 -18.5519 -7.5706 -18.5519 0.0052 -18.5519 -0.0025 -18.5519 0.0019 -18.5519 -0.001 -18.5519 0.0005 -18.5519 -0.0003 -18.5519 0.0007 -18.5519 -0.0004 -18.5519 0.0009 -18.5519 -0.0002 -18.5519 0.0012 -18.5519 -0.0006 
-18.4717 11.0511 -18.4717 -8.7254 -18.4717 0.0058 -18.4717 -0.0038 -18.4717 0.0018 -18.4717 -0.0015 -18.4717 0.0005 -18.4717 -0.0004 -18.4717 0.0007 -18.4717 -0.0006 -18.4717 0.0016 -18.4717 -0.0003 -18.4717 0.0012 -18.4717 -0.001 
-18.3916 11.1151 -18.3916 -9.7936 -18.3916 0.0059 -18.3916 -0.0047 -18.3916 0.0015 -18.3916 -0.0019 -18.3916 0.0004 -18.3916 -0.0005 -18.3916 0.0006 -18.3916 -0.0007 -18.3916 0.0024 -18.3916 -0.0004 -18.3916 0.001 -18.3916 -0.0012 
-18.3114 10.4419 -18.3114 -10.6593 -18.3114 0.006 -18.3114 -0.0048 -18.3114 0.0011 -18.3114 -0.0018 -18.3114 0.0004 -18.3114 -0.0005 -18.3114 0.0005 -18.3114 -0.0007 -18.3114 0.0033 -18.3114 -0.0006 -18.3114 0.0007 -18.3114 -0.0012 
-18.2312 9.0602 -18.2312 -11.3041 -18.2312 0.0066 -18.2312 -0.0042 -18.2312 0.001 -18.2312 -0.0014 -18.2312 0.0003 -18.2312 -0.0004 -18.2312 0.0005 -18.2312 -0.0006 -18.2312 0.0042 -18.2312 -0.0009 -18.2312 0.0006 -18.2312 -0.0009 
-18.1511 7.7691 -18.1511 -11.9352 -18.1511 0.0077 -18.1511 -0.0033 -18.1511 0.0011 -18.1511 -0.0009 -18.1511 0.0004 -18.1511 -0.0003 -18.1511 0.0006 -18.1511 -0.0004 -18.1511 0.0049 -18.1511 -0.0011 -18.1511 0.0007 -18.1511 -0.0006 
-18.0709 7.5137 -18.0709 -12.6499 -18.0709 0.0094 -18.0709 -0.0033 -18.0709 0.0016 -18.0709 -0.0008 -18.0709 0.0005 -18.0709 -0.0003 -18.0709 0.0008 -18.0709 -0.0004 -18.0709 0.0055 -18.0709 -0.0013 -18.0709 0.001 -18.0709 -0.0005 
-17.9908 8.7163 -17.9908 -13.2993 -17.9908 0.0116 -17.9908 -0.0043 -17.9908 0.0022 -17.9908 -0.0011 -17.9908 0.0008 -17.9908 -0.0004 -17.9908 0.0011 -17.9908 -0.0006 -17.9908 0.0059 -17.9908 -0.0015 -17.9908 0.0016 -17.9908 -0.0007 
-17.9106 11.1729 -17.9106 -13.8836 -17.9106 0.0145 -17.9106 -0.0063 -17.9106 0.0031 -17.9106 -0.0017 -17.9106 0.0012 -17.9106 -0.0005 -17.9106 0.0015 -17.9106 -0.0009 -17.9106 0.0062 -17.9106 -0.0021 -17.9106 0.0025 -17.9106 -0.0011 
-17.8304 14.2647 -17.8304 -14.5732 -17.8304 0.0188 -17.8304 -0.0084 -17.8304 0.0043 -17.8304 -0.0023 -17.8304 0.002 -17.8304 -0.0007 -17.8304 0.0021 -17.8304 -0.0011 -17.8304 0.0062 -17.8304 -0.0028 -17.8304 0.0042 -17.8304 -0.0015 
-17.7503 17.0869 -17.7503 -15.1722 -17.7503 0.0245 -17.7503 -0.0098 -17.7503 0.0058 -17.7503 -0.0025 -17.7503 0.0032 -17.7503 -0.0009 -17.7503 0.0028 -17.7503 -0.0012 -17.7503 0.0061 -17.7503 -0.0034 -17.7503 0.0066 -17.7503 -0.0018 
-17.6701 18.7672 -17.6701 -15.1793 -17.6701 0.0305 -17.6701 -0.0102 -17.6701 0.0073 -17.6701 -0.0025 -17.6701 0.0043 -17.6701 -0.0009 -17.6701 0.0035 -17.6701 -0.0012 -17.6701 0.0064 -17.6701 -0.0036 -17.6701 0.009 -17.6701 -0.002 
-17.59 19.0324 -17.59 -14.6129 -17.59 0.0342 -17.59 -0.0114 -17.59 0.0082 -17.59 -0.0027 -17.59 0.0047 -17.59 -0.0012 -17.59 0.0037 -17.59 -0.0013 -17.59 0.0073 -17.59 -0.0036 -17.59 0.0103 -17.59 -0.0026 
-17.5098 18.2593 -17.5098 -14.2469 -17.5098 0.0333 -17.5098 -0.0154 -17.5098 0.0077 -17.5098 -0.0037 -17.5098 0.0043 -17.5098 -0.002 -17.5098 0.0034 -17.5098 -0.0017 -17.5098 0.0084 -17.5098 -0.0038 -17.5098 0.0095 -17.5098 -0.0042 
-17.4296 17.0037 -17.4296 -14.6577 -17.4296 0.0275 -17.4296 -0.0225 -17.4296 0.006 -17.4296 -0.0057 -17.4296 0.0031 -17.4296 -0.0032 -17.4296 0.0026 -17.4296 -0.0026 -17.4296 0.0087 -17.4296 -0.0042 -17.4296 0.0071 -17.4296 -0.0068 
-17.3495 15.8514 -17.3495 -15.4292 -17.3495 0.0195 -17.3495 -0.0304 -17.3495 0.0039 -17.3495 -0.008 -17.3495 0.0019 -17.3495 -0.0045 -17.3495 0.0017 -17.3495 -0.0037 -17.3495 0.0076 -17.3495 -0.0047 -17.3495 0.0044 -17.3495 -0.0095 
-17.2693 15.2994 -17.2693 -15.8368 -17.2693 0.0123 -17.2693 -0.0357 -17.2693 0.0023 -17.2693 -0.0094 -17.2693 0.001 -17.2693 -0.0052 -17.2693 0.001 -17.2693 -0.0043 -17.2693 0.0056 -17.2693 -0.0057 -17.2693 0.0024 -17.2693 -0.0111 
-17.1892 15.0886 -17.1892 -15.9897 -17.1892 0.0074 -17.1892 -0.0361 -17.1892 0.0014 -17.1892 -0.0089 -17.1892 0.0006 -17.1892 -0.0048 -17.1892 0.0006 -17.1892 -0.0041 -17.1892 0.0034 -17.1892 -0.0079 -17.1892 0.0014 -17.1892 -0.0104 
-17.109 14.1125 -17.109 -16.4822 -17.109 0.0046 -17.109 -0.0328 -17.109 0.001 -17.109 -0.0067 -17.109 0.0004 -17.109 -0.0036 -17.109 0.0004 -17.109 -0.003 -17.109 0.0018 -17.109 -0.0115 -17.109 0.001 -17.109 -0.008 
-17.0288 11.7569 -17.0288 -17.0285 -17.0288 0.0028 -17.0288 -0.0275 -17.0288 0.0007 -17.0288 -0.0041 -17.0288 0.0003 -17.0288 -0.0022 -17.0288 0.0003 -17.0288 -0.0018 -17.0288 0.0008 -17.0288 -0.0145 -17.0288 0.0007 -17.0288 -0.0049 
-16.9487 8.9218 -16.9487 -16.4989 -16.9487 0.0015 -16.9487 -0.0207 -16.9487 0.0004 -16.9487 -0.002 -16.9487 0.0002 -16.9487 -0.0011 -16.9487 0.0002 -16.9487 -0.0009 -16.9487 0.0003 -16.9487 -0.0142 -16.9487 0.0004 -16.9487 -0.0025 
-16.8685 7.0144 -16.8685 -14.5903 -16.8685 0.0007 -16.8685 -0.0133 -16.8685 0.0002 -16.8685 -0.0009 -16.8685 0.0001 -16.8685 -0.0005 -16.8685 0.0001 -16.8685 -0.0004 -16.8685 0.0001 -16.8685 -0.0105 -16.8685 0.0002 -16.8685 -0.001 
-16.7884 6.2675 -16.7884 -12.371 -16.7884 0.0002 -16.7884 -0.0071 -16.7884 0.0001 -16.7884 -0.0004 -16.7884 0 -16.7884 -0.0002 -16.7884 0 -16.7884 -0.0002 -16.7884 0 -16.7884 -0.0059 -16.7884 0.0001 -16.7884 -0.0004 
-16.7082 5.6757 -16.7082 -10.6699 -16.7082 0 -16.7082 -0.0031 -16.7082 0 -16.7082 -0.0002 -16.7082 0 -16.7082 -0.0001 -16.7082 0 -16.7082 -0.0001 -16.7082 0 -16.7082 -0.0025 -16.7082 0 -16.7082 -0.0002 
-16.628 4.4089 -16.628 -9.0145 -16.628 0 -16.628 -0.0013 -16.628 0 -16.628 -0.0001 -16.628 0 -16.628 -0.0001 -16.628 0 -16.628 -0.0001 -16.628 0 -16.628 -0.0009 -16.628 0 -16.628 -0.0001 
-16.5479 2.6904 -16.5479 -6.7211 -16.5479 0 -16.5479 -0.0006 -16.5479 0 -16.5479 -0.0001 -16.5479 0 -16.5479 -0 -16.5479 0 -16.5479 -0.0001 -16.5479 0 -16.5479 -0.0003 -16.5479 0 -16.5479 -0.0001 
-16.4677 1.2469 -16.4677 -4.0822 -16.4677 0 -16.4677 -0.0002 -16.4677 0 -16.4677 -0.0001 -16.4677 0 -16.4677 -0 -16.4677 0 -16.4677 -0 -16.4677 0 -16.4677 -0.0001 -16.4677 0 -16.4677 -0 
-16.3875 0.4387 -16.3875 -1.9429 -16.3875 0 -16.3875 -0.0001 -16.3875 0 -16.3875 -0 -16.3875 0 -16.3875 -0 -16.3875 0 -16.3875 -0 -16.3875 0 -16.3875 -0.0001 -16.3875 0 -16.3875 -0 
-16.3074 0.1533 -16.3074 -0.7351 -16.3074 0 -16.3074 -0 -16.3074 0 -16.3074 -0 -16.3074 0 -16.3074 -0 -16.3074 0 -16.3074 -0 -16.3074 0 -16.3074 -0 -16.3074 0 -16.3074 -0 
-16.2272 0.2159 -16.2272 -0.3387 -16.2272 0 -16.2272 -0 -16.2272 0 -16.2272 -0 -16.2272 0 -16.2272 -0 -16.2272 0 -16.2272 -0 -16.2272 0 -16.2272 -0 -16.2272 0 -16.2272 -0 
-16.1471 0.6819 -16.1471 -0.5725 -16.1471 0 -16.1471 -0 -16.1471 0 -16.1471 -0 -16.1471 0 -16.1471 -0 -16.1471 0 -16.1471 -0 -16.1471 0 -16.1471 -0 -16.1471 0 -16.1471 -0 
-16.0669 1.7974 -16.0669 -1.4966 -16.0669 0 -16.0669 -0 -16.0669 0 -16.0669 -0 -16.0669 0 -16.0669 -0 -16.0669 0 -16.0669 -0 -16.0669 0 -16.0669 -0 -16.0669 0 -16.0669 -0 
-15.9867 3.6518 -15.9867 -3.197 -15.9867 0 -15.9867 -0 -15.9867 0 -15.9867 -0 -15.9867 0 -15.9867 -0 -15.9867 0 -15.9867 -0 -15.9867 0 -15.9867 -0 -15.9867 0 -15.9867 -0 
-15.9066 5.7687 -15.9066 -5.3128 -15.9066 0 -15.9066 -0 -15.9066 0 -15.9066 -0 -15.9066 0 -15.9066 -0 -15.9066 0 -15.9066 -0 -15.9066 0 -15.9066 -0 -15.9066 0 -15.9066 -0 
-15.8264 7.1645 -15.8264 -6.9302 -15.8264 0 -15.8264 -0.0001 -15.8264 0 -15.8264 -0 -15.8264 0 -15.8264 -0 -15.8264 0 -15.8264 -0 -15.8264 0 -15.8264 -0.0001 -15.8264 0 -15.8264 -0 
-15.7463 7.0394 -15.7463 -7.1616 -15.7463 0 -15.7463 -0.0001 -15.7463 0 -15.7463 -0 -15.7463 0 -15.7463 -0 -15.7463 0 -15.7463 -0 -15.7463 0 -15.7463 -0.0001 -15.7463 0 -15.7463 -0 
-15.6661 5.463 -15.6661 -5.877 -15.6661 0 -15.6661 -0.0001 -15.6661 0 -15.6661 -0 -15.6661 0 -15.6661 -0 -15.6661 0 -15.6661 -0 -15.6661 0 -15.6661 -0.0001 -15.6661 0 -15.6661 -0 
-15.5859 3.3184 -15.5859 -3.8061 -15.5859 0 -15.5859 -0.0001 -15.5859 0 -15.5859 -0 -15.5859 0 -15.5859 -0 -15.5859 0 -15.5859 -0 -15.5859 0 -15.5859 -0.0001 -15.5859 0 -15.5859 -0 
-15.5058 1.557 -15.5058 -1.9208 -15.5058 0 -15.5058 -0 -15.5058 0 -15.5058 -0 -15.5058 0 -15.5058 -0 -15.5058 0 -15.5058 -0 -15.5058 0 -15.5058 -0 -15.5058 0 -15.5058 -0 
-15.4256 0.5567 -15.4256 -0.7442 -15.4256 0 -15.4256 -0 -15.4256 0 -15.4256 -0 -15.4256 0 -15.4256 -0 -15.4256 0 -15.4256 -0 -15.4256 0 -15.4256 -0 -15.4256 0 -15.4256 -0 
-15.3455 0.1499 -15.3455 -0.2183 -15.3455 0 -15.3455 -0 -15.3455 0 -15.3455 -0 -15.3455 0 -15.3455 -0 -15.3455 0 -15.3455 -0 -15.3455 0 -15.3455 -0 -15.3455 0 -15.3455 -0 
-15.2653 0.0301 -15.2653 -0.048 -15.2653 0 -15.2653 -0 -15.2653 0 -15.2653 -0 -15.2653 0 -15.2653 -0 -15.2653 0 -15.2653 -0 -15.2653 0 -15.2653 -0 -15.2653 0 -15.2653 -0 
-15.1851 0.0045 -15.1851 -0.0078 -15.1851 0 -15.1851 -0 -15.1851 0 -15.1851 -0 -15.1851 0 -15.1851 -0 -15.1851 0 -15.1851 -0 -15.1851 0 -15.1851 -0 -15.1851 0 -15.1851 -0 
-15.105 0.0005 -15.105 -0.0009 -15.105 0 -15.105 -0 -15.105 0 -15.105 -0 -15.105 0 -15.105 -0 -15.105 0 -15.105 -0 -15.105 0 -15.105 -0 -15.105 0 -15.105 -0 
-15.0248 0.0 -15.0248 -0.0001 -15.0248 0 -15.0248 -0 -15.0248 0 -15.0248 -0 -15.0248 0 -15.0248 -0 -15.0248 0 -15.0248 -0 -15.0248 0 -15.0248 -0 -15.0248 0 -15.0248 -0 
-14.9447 0.0 -14.9447 -0 -14.9447 0 -14.9447 -0 -14.9447 0 -14.9447 -0 -14.9447 0 -14.9447 -0 -14.9447 0 -14.9447 -0 -14.9447 0 -14.9447 -0 -14.9447 0 -14.9447 -0 
-14.8645 0.0 -14.8645 -0 -14.8645 0 -14.8645 -0 -14.8645 0 -14.8645 -0 -14.8645 0 -14.8645 -0 -14.8645 0 -14.8645 -0 -14.8645 0 -14.8645 -0 -14.8645 0 -14.8645 -0 
-14.7843 0.0 -14.7843 -0 -14.7843 0 -14.7843 -0 -14.7843 0 -14.7843 -0 -14.7843 0 -14.7843 -0 -14.7843 0 -14.7843 -0 -14.7843 0 -14.7843 -0 -14.7843 0 -14.7843 -0 
-14.7042 0.0 -14.7042 -0 -14.7042 0 -14.7042 -0 -14.7042 0 -14.7042 -0 -14.7042 0 -14.7042 -0 -14.7042 0 -14.7042 -0 -14.7042 0 -14.7042 -0 -14.7042 0 -14.7042 -0 
-14.624 0.0 -14.624 -0 -14.624 0 -14.624 -0 -14.624 0 -14.624 -0 -14.624 0 -14.624 -0 -14.624 0 -14.624 -0 -14.624 0 -14.624 -0 -14.624 0 -14.624 -0 
-14.5439 0.0 -14.5439 -0 -14.5439 0 -14.5439 -0 -14.5439 0 -14.5439 -0 -14.5439 0 -14.5439 -0 -14.5439 0 -14.5439 -0 -14.5439 0 -14.5439 -0 -14.5439 0 -14.5439 -0 
-14.4637 0.0 -14.4637 -0 -14.4637 0 -14.4637 -0 -14.4637 0 -14.4637 -0 -14.4637 0 -14.4637 -0 -14.4637 0 -14.4637 -0 -14.4637 0 -14.4637 -0 -14.4637 0 -14.4637 -0 
-14.3835 0.0 -14.3835 -0 -14.3835 0 -14.3835 -0 -14.3835 0 -14.3835 -0 -14.3835 0 -14.3835 -0 -14.3835 0 -14.3835 -0 -14.3835 0 -14.3835 -0 -14.3835 0 -14.3835 -0 
-14.3034 0.0 -14.3034 -0 -14.3034 0 -14.3034 -0 -14.3034 0 -14.3034 -0 -14.3034 0 -14.3034 -0 -14.3034 0 -14.3034 -0 -14.3034 0 -14.3034 -0 -14.3034 0 -14.3034 -0 
-14.2232 0.0 -14.2232 -0 -14.2232 0 -14.2232 -0 -14.2232 0 -14.2232 -0 -14.2232 0 -14.2232 -0 -14.2232 0 -14.2232 -0 -14.2232 0 -14.2232 -0 -14.2232 0 -14.2232 -0 
-14.1431 0.0 -14.1431 -0 -14.1431 0 -14.1431 -0 -14.1431 0 -14.1431 -0 -14.1431 0 -14.1431 -0 -14.1431 0 -14.1431 -0 -14.1431 0 -14.1431 -0 -14.1431 0 -14.1431 -0 
-14.0629 0.0 -14.0629 -0 -14.0629 0 -14.0629 -0 -14.0629 0 -14.0629 -0 -14.0629 0 -14.0629 -0 -14.0629 0 -14.0629 -0 -14.0629 0 -14.0629 -0 -14.0629 0 -14.0629 -0 
-13.9827 0.0 -13.9827 -0 -13.9827 0 -13.9827 -0 -13.9827 0 -13.9827 -0 -13.9827 0 -13.9827 -0 -13.9827 0 -13.9827 -0 -13.9827 0 -13.9827 -0 -13.9827 0 -13.9827 -0 
-13.9026 0.0 -13.9026 -0 -13.9026 0 -13.9026 -0 -13.9026 0 -13.9026 -0 -13.9026 0 -13.9026 -0 -13.9026 0 -13.9026 -0 -13.9026 0 -13.9026 -0 -13.9026 0 -13.9026 -0 
-13.8224 0.0 -13.8224 -0 -13.8224 0 -13.8224 -0 -13.8224 0 -13.8224 -0 -13.8224 0 -13.8224 -0 -13.8224 0 -13.8224 -0 -13.8224 0 -13.8224 -0 -13.8224 0 -13.8224 -0 
-13.7423 0.0 -13.7423 -0 -13.7423 0 -13.7423 -0 -13.7423 0 -13.7423 -0 -13.7423 0 -13.7423 -0 -13.7423 0 -13.7423 -0 -13.7423 0 -13.7423 -0 -13.7423 0 -13.7423 -0 
-13.6621 0.0 -13.6621 -0 -13.6621 0 -13.6621 -0 -13.6621 0 -13.6621 -0 -13.6621 0 -13.6621 -0 -13.6621 0 -13.6621 -0 -13.6621 0 -13.6621 -0 -13.6621 0 -13.6621 -0 
-13.5819 0.0 -13.5819 -0 -13.5819 0 -13.5819 -0 -13.5819 0 -13.5819 -0 -13.5819 0 -13.5819 -0 -13.5819 0 -13.5819 -0 -13.5819 0 -13.5819 -0 -13.5819 0 -13.5819 -0 
-13.5018 0.0 -13.5018 -0 -13.5018 0 -13.5018 -0 -13.5018 0 -13.5018 -0 -13.5018 0 -13.5018 -0 -13.5018 0 -13.5018 -0 -13.5018 0 -13.5018 -0 -13.5018 0 -13.5018 -0 
-13.4216 0.0 -13.4216 -0 -13.4216 0 -13.4216 -0 -13.4216 0 -13.4216 -0 -13.4216 0 -13.4216 -0 -13.4216 0 -13.4216 -0 -13.4216 0 -13.4216 -0 -13.4216 0 -13.4216 -0 
-13.3415 0.0 -13.3415 -0 -13.3415 0 -13.3415 -0 -13.3415 0 -13.3415 -0 -13.3415 0 -13.3415 -0 -13.3415 0 -13.3415 -0 -13.3415 0 -13.3415 -0 -13.3415 0 -13.3415 -0 
-13.2613 0.0 -13.2613 -0 -13.2613 0 -13.2613 -0 -13.2613 0 -13.2613 -0 -13.2613 0 -13.2613 -0 -13.2613 0 -13.2613 -0 -13.2613 0 -13.2613 -0 -13.2613 0 -13.2613 -0 
-13.1811 0.0 -13.1811 -0 -13.1811 0 -13.1811 -0 -13.1811 0 -13.1811 -0 -13.1811 0 -13.1811 -0 -13.1811 0 -13.1811 -0 -13.1811 0 -13.1811 -0 -13.1811 0 -13.1811 -0 
-13.101 0.0 -13.101 -0 -13.101 0 -13.101 -0 -13.101 0 -13.101 -0 -13.101 0 -13.101 -0 -13.101 0 -13.101 -0 -13.101 0 -13.101 -0 -13.101 0 -13.101 -0 
-13.0208 0.0 -13.0208 -0 -13.0208 0 -13.0208 -0 -13.0208 0 -13.0208 -0 -13.0208 0 -13.0208 -0 -13.0208 0 -13.0208 -0 -13.0208 0 -13.0208 -0 -13.0208 0 -13.0208 -0 
-12.9407 0.0 -12.9407 -0 -12.9407 0 -12.9407 -0 -12.9407 0 -12.9407 -0 -12.9407 0 -12.9407 -0 -12.9407 0 -12.9407 -0 -12.9407 0 -12.9407 -0 -12.9407 0 -12.9407 -0 
-12.8605 0.0 -12.8605 -0 -12.8605 0 -12.8605 -0 -12.8605 0 -12.8605 -0 -12.8605 0 -12.8605 -0 -12.8605 0 -12.8605 -0 -12.8605 0 -12.8605 -0 -12.8605 0 -12.8605 -0 
-12.7803 0.0 -12.7803 -0 -12.7803 0 -12.7803 -0 -12.7803 0 -12.7803 -0 -12.7803 0 -12.7803 -0 -12.7803 0 -12.7803 -0 -12.7803 0 -12.7803 -0 -12.7803 0 -12.7803 -0 
-12.7002 0.0 -12.7002 -0 -12.7002 0 -12.7002 -0 -12.7002 0 -12.7002 -0 -12.7002 0 -12.7002 -0 -12.7002 0 -12.7002 -0 -12.7002 0 -12.7002 -0 -12.7002 0 -12.7002 -0 
-12.62 0.0 -12.62 -0 -12.62 0 -12.62 -0 -12.62 0 -12.62 -0 -12.62 0 -12.62 -0 -12.62 0 -12.62 -0 -12.62 0 -12.62 -0 -12.62 0 -12.62 -0 
-12.5399 0.0 -12.5399 -0 -12.5399 0 -12.5399 -0 -12.5399 0 -12.5399 -0 -12.5399 0 -12.5399 -0 -12.5399 0 -12.5399 -0 -12.5399 0 -12.5399 -0 -12.5399 0 -12.5399 -0 
-12.4597 0.0 -12.4597 -0 -12.4597 0 -12.4597 -0 -12.4597 0 -12.4597 -0 -12.4597 0 -12.4597 -0 -12.4597 0 -12.4597 -0 -12.4597 0 -12.4597 -0 -12.4597 0 -12.4597 -0 
-12.3795 0.0 -12.3795 -0 -12.3795 0 -12.3795 -0 -12.3795 0 -12.3795 -0 -12.3795 0 -12.3795 -0 -12.3795 0 -12.3795 -0 -12.3795 0 -12.3795 -0 -12.3795 0 -12.3795 -0 
-12.2994 0.0 -12.2994 -0 -12.2994 0 -12.2994 -0 -12.2994 0 -12.2994 -0 -12.2994 0 -12.2994 -0 -12.2994 0 -12.2994 -0 -12.2994 0 -12.2994 -0 -12.2994 0 -12.2994 -0 
-12.2192 0.0 -12.2192 -0 -12.2192 0 -12.2192 -0 -12.2192 0 -12.2192 -0 -12.2192 0 -12.2192 -0 -12.2192 0 -12.2192 -0 -12.2192 0 -12.2192 -0 -12.2192 0 -12.2192 -0 
-12.1391 0.0 -12.1391 -0 -12.1391 0 -12.1391 -0 -12.1391 0 -12.1391 -0 -12.1391 0 -12.1391 -0 -12.1391 0 -12.1391 -0 -12.1391 0 -12.1391 -0 -12.1391 0 -12.1391 -0 
-12.0589 0.0 -12.0589 -0 -12.0589 0 -12.0589 -0 -12.0589 0 -12.0589 -0 -12.0589 0 -12.0589 -0 -12.0589 0 -12.0589 -0 -12.0589 0 -12.0589 -0 -12.0589 0 -12.0589 -0 
-11.9787 0.0 -11.9787 -0 -11.9787 0 -11.9787 -0 -11.9787 0 -11.9787 -0 -11.9787 0 -11.9787 -0 -11.9787 0 -11.9787 -0 -11.9787 0 -11.9787 -0 -11.9787 0 -11.9787 -0 
-11.8986 0.0 -11.8986 -0 -11.8986 0 -11.8986 -0 -11.8986 0 -11.8986 -0 -11.8986 0 -11.8986 -0 -11.8986 0 -11.8986 -0 -11.8986 0 -11.8986 -0 -11.8986 0 -11.8986 -0 
-11.8184 0.0 -11.8184 -0 -11.8184 0 -11.8184 -0 -11.8184 0 -11.8184 -0 -11.8184 0 -11.8184 -0 -11.8184 0 -11.8184 -0 -11.8184 0 -11.8184 -0 -11.8184 0 -11.8184 -0 
-11.7383 0.0 -11.7383 -0 -11.7383 0 -11.7383 -0 -11.7383 0 -11.7383 -0 -11.7383 0 -11.7383 -0 -11.7383 0 -11.7383 -0 -11.7383 0 -11.7383 -0 -11.7383 0 -11.7383 -0 
-11.6581 0.0 -11.6581 -0 -11.6581 0 -11.6581 -0 -11.6581 0 -11.6581 -0 -11.6581 0 -11.6581 -0 -11.6581 0 -11.6581 -0 -11.6581 0 -11.6581 -0 -11.6581 0 -11.6581 -0 
-11.5779 0.0 -11.5779 -0 -11.5779 0 -11.5779 -0 -11.5779 0 -11.5779 -0 -11.5779 0 -11.5779 -0 -11.5779 0 -11.5779 -0 -11.5779 0 -11.5779 -0 -11.5779 0 -11.5779 -0 
-11.4978 0.0 -11.4978 -0 -11.4978 0 -11.4978 -0 -11.4978 0 -11.4978 -0 -11.4978 0 -11.4978 -0 -11.4978 0 -11.4978 -0 -11.4978 0 -11.4978 -0 -11.4978 0 -11.4978 -0 
-11.4176 0.0 -11.4176 -0 -11.4176 0 -11.4176 -0 -11.4176 0 -11.4176 -0 -11.4176 0 -11.4176 -0 -11.4176 0 -11.4176 -0 -11.4176 0 -11.4176 -0 -11.4176 0 -11.4176 -0 
-11.3374 0.0 -11.3374 -0 -11.3374 0 -11.3374 -0 -11.3374 0 -11.3374 -0 -11.3374 0 -11.3374 -0 -11.3374 0 -11.3374 -0 -11.3374 0 -11.3374 -0 -11.3374 0 -11.3374 -0 
-11.2573 0.0 -11.2573 -0 -11.2573 0 -11.2573 -0 -11.2573 0 -11.2573 -0 -11.2573 0 -11.2573 -0 -11.2573 0 -11.2573 -0 -11.2573 0 -11.2573 -0 -11.2573 0 -11.2573 -0 
-11.1771 0.0 -11.1771 -0 -11.1771 0 -11.1771 -0 -11.1771 0 -11.1771 -0 -11.1771 0 -11.1771 -0 -11.1771 0 -11.1771 -0 -11.1771 0 -11.1771 -0 -11.1771 0 -11.1771 -0 
-11.097 0.0 -11.097 -0 -11.097 0 -11.097 -0 -11.097 0 -11.097 -0 -11.097 0 -11.097 -0 -11.097 0 -11.097 -0 -11.097 0 -11.097 -0 -11.097 0 -11.097 -0 
-11.0168 0.0 -11.0168 -0 -11.0168 0 -11.0168 -0 -11.0168 0 -11.0168 -0 -11.0168 0 -11.0168 -0 -11.0168 0 -11.0168 -0 -11.0168 0 -11.0168 -0 -11.0168 0 -11.0168 -0 
-10.9366 0.0001 -10.9366 -0 -10.9366 0 -10.9366 -0 -10.9366 0 -10.9366 -0 -10.9366 0 -10.9366 -0 -10.9366 0 -10.9366 -0 -10.9366 0 -10.9366 -0 -10.9366 0 -10.9366 -0 
-10.8565 0.0005 -10.8565 -0 -10.8565 0 -10.8565 -0 -10.8565 0 -10.8565 -0 -10.8565 0 -10.8565 -0 -10.8565 0 -10.8565 -0 -10.8565 0 -10.8565 -0 -10.8565 0 -10.8565 -0 
-10.7763 0.0032 -10.7763 -0 -10.7763 0 -10.7763 -0 -10.7763 0 -10.7763 -0 -10.7763 0 -10.7763 -0 -10.7763 0 -10.7763 -0 -10.7763 0 -10.7763 -0 -10.7763 0 -10.7763 -0 
-10.6962 0.0159 -10.6962 -0.0001 -10.6962 0 -10.6962 -0 -10.6962 0 -10.6962 -0 -10.6962 0 -10.6962 -0 -10.6962 0 -10.6962 -0 -10.6962 0 -10.6962 -0 -10.6962 0 -10.6962 -0 
-10.616 0.0592 -10.616 -0.0009 -10.616 0 -10.616 -0 -10.616 0 -10.616 -0 -10.616 0 -10.616 -0 -10.616 0 -10.616 -0 -10.616 0 -10.616 -0 -10.616 0 -10.616 -0 
-10.5358 0.1694 -10.5358 -0.0069 -10.5358 0 -10.5358 -0 -10.5358 0 -10.5358 -0 -10.5358 0 -10.5358 -0 -10.5358 0 -10.5358 -0 -10.5358 0 -10.5358 -0 -10.5358 0 -10.5358 -0 
-10.4557 0.3809 -10.4557 -0.038 -10.4557 0 -10.4557 -0 -10.4557 0 -10.4557 -0 -10.4557 0 -10.4557 -0 -10.4557 0 -10.4557 -0 -10.4557 0 -10.4557 -0 -10.4557 0 -10.4557 -0 
-10.3755 0.6958 -10.3755 -0.1543 -10.3755 0 -10.3755 -0 -10.3755 0 -10.3755 -0 -10.3755 0 -10.3755 -0 -10.3755 0 -10.3755 -0 -10.3755 0 -10.3755 -0 -10.3755 0 -10.3755 -0 
-10.2954 1.0812 -10.2954 -0.4673 -10.2954 0 -10.2954 -0 -10.2954 0 -10.2954 -0 -10.2954 0 -10.2954 -0 -10.2954 0 -10.2954 -0 -10.2954 0 -10.2954 -0 -10.2954 0 -10.2954 -0 
-10.2152 1.5098 -10.2152 -1.0671 -10.2152 0 -10.2152 -0 -10.2152 0 -10.2152 -0 -10.2152 0 -10.2152 -0 -10.2152 0 -10.2152 -0 -10.2152 0 -10.2152 -0 -10.2152 0 -10.2152 -0 
-10.135 2.0016 -10.135 -1.8809 -10.135 0 -10.135 -0 -10.135 0 -10.135 -0 -10.135 0 -10.135 -0 -10.135 0 -10.135 -0 -10.135 0 -10.135 -0 -10.135 0 -10.135 -0 
-10.0549 2.6398 -10.0549 -2.6795 -10.0549 0 -10.0549 -0 -10.0549 0 -10.0549 -0 -10.0549 0 -10.0549 -0 -10.0549 0 -10.0549 -0 -10.0549 0 -10.0549 -0 -10.0549 0 -10.0549 -0 
-9.97472 3.5636 -9.97472 -3.3154 -9.97472 0 -9.97472 -0 -9.97472 0 -9.97472 -0 -9.97472 0 -9.97472 -0 -9.97472 0 -9.97472 -0 -9.97472 0 -9.97472 -0 -9.97472 0 -9.97472 -0 
-9.89462 4.8871 -9.89462 -3.8096 -9.89462 0 -9.89462 -0 -9.89462 0 -9.89462 -0 -9.89462 0 -9.89462 -0 -9.89462 0 -9.89462 -0 -9.89462 0 -9.89462 -0 -9.89462 0 -9.89462 -0 
-9.81442 6.5434 -9.81442 -4.1177 -9.81442 0 -9.81442 -0 -9.81442 0 -9.81442 -0 -9.81442 0 -9.81442 -0 -9.81442 0 -9.81442 -0 -9.81442 0 -9.81442 -0 -9.81442 0 -9.81442 -0 
-9.73422 8.2397 -9.73422 -4.1217 -9.73422 0 -9.73422 -0 -9.73422 0 -9.73422 -0 -9.73422 0 -9.73422 -0 -9.73422 0 -9.73422 -0 -9.73422 0 -9.73422 -0 -9.73422 0 -9.73422 -0 
-9.65412 9.6364 -9.65412 -3.9366 -9.65412 0 -9.65412 -0 -9.65412 0 -9.65412 -0 -9.65412 0 -9.65412 -0 -9.65412 0 -9.65412 -0 -9.65412 0 -9.65412 -0 -9.65412 0 -9.65412 -0 
-9.57392 10.6075 -9.57392 -3.8277 -9.57392 0 -9.57392 -0 -9.57392 0 -9.57392 -0 -9.57392 0 -9.57392 -0 -9.57392 0 -9.57392 -0 -9.57392 0 -9.57392 -0 -9.57392 0 -9.57392 -0 
-9.49382 11.3637 -9.49382 -3.9123 -9.49382 0 -9.49382 -0 -9.49382 0 -9.49382 -0 -9.49382 0 -9.49382 -0 -9.49382 0 -9.49382 -0 -9.49382 0 -9.49382 -0 -9.49382 0 -9.49382 -0 
-9.41362 12.3054 -9.41362 -4.4154 -9.41362 0 -9.41362 -0 -9.41362 0 -9.41362 -0 -9.41362 0 -9.41362 -0 -9.41362 0 -9.41362 -0 -9.41362 0 -9.41362 -0 -9.41362 0 -9.41362 -0 
-9.33342 13.7069 -9.33342 -5.8184 -9.33342 0 -9.33342 -0 -9.33342 0 -9.33342 -0 -9.33342 0 -9.33342 -0 -9.33342 0 -9.33342 -0 -9.33342 0 -9.33342 -0 -9.33342 0 -9.33342 -0 
-9.25332 15.5246 -9.25332 -8.0092 -9.25332 0 -9.25332 -0 -9.25332 0 -9.25332 -0 -9.25332 0 -9.25332 -0 -9.25332 0 -9.25332 -0 -9.25332 0 -9.25332 -0 -9.25332 0 -9.25332 -0 
-9.17312 17.4723 -9.17312 -9.7301 -9.17312 0 -9.17312 -0 -9.17312 0 -9.17312 -0 -9.17312 0 -9.17312 -0 -9.17312 0 -9.17312 -0 -9.17312 0 -9.17312 -0 -9.17312 0 -9.17312 -0 
-9.09302 19.1668 -9.09302 -9.7763 -9.09302 0 -9.09302 -0 -9.09302 0 -9.09302 -0 -9.09302 0 -9.09302 -0 -9.09302 0 -9.09302 -0 -9.09302 0 -9.09302 -0 -9.09302 0 -9.09302 -0 
-9.01282 20.1894 -9.01282 -8.4776 -9.01282 0 -9.01282 -0 -9.01282 0 -9.01282 -0 -9.01282 0 -9.01282 -0 -9.01282 0 -9.01282 -0 -9.01282 0 -9.01282 -0 -9.01282 0 -9.01282 -0 
-8.93262 20.305 -8.93262 -7.2717 -8.93262 0 -8.93262 -0 -8.93262 0 -8.93262 -0 -8.93262 0 -8.93262 -0 -8.93262 0 -8.93262 -0 -8.93262 0 -8.93262 -0 -8.93262 0 -8.93262 -0 
-8.85252 19.751 -8.85252 -7.1024 -8.85252 0 -8.85252 -0 -8.85252 0 -8.85252 -0 -8.85252 0 -8.85252 -0 -8.85252 0 -8.85252 -0 -8.85252 0 -8.85252 -0 -8.85252 0 -8.85252 -0 
-8.77232 19.0319 -8.77232 -7.7786 -8.77232 0 -8.77232 -0 -8.77232 0 -8.77232 -0 -8.77232 0 -8.77232 -0 -8.77232 0 -8.77232 -0 -8.77232 0 -8.77232 -0 -8.77232 0 -8.77232 -0 
-8.69222 18.4587 -8.69222 -8.5998 -8.69222 0.0001 -8.69222 -0 -8.69222 0.0001 -8.69222 -0 -8.69222 0 -8.69222 -0 -8.69222 0 -8.69222 -0 -8.69222 0 -8.69222 -0 -8.69222 0 -8.69222 -0 
-8.61202 18.2121 -8.61202 -9.091 -8.61202 0.0004 -8.61202 -0 -8.61202 0.0002 -8.61202 -0 -8.61202 0 -8.61202 -0 -8.61202 0 -8.61202 -0 -8.61202 0.0001 -8.61202 -0 -8.61202 0.0001 -8.61202 -0 
-8.53182 18.5815 -8.53182 -9.1959 -8.53182 0.0013 -8.53182 -0 -8.53182 0.0005 -8.53182 -0 -8.53182 0.0001 -8.53182 -0 -8.53182 0.0001 -8.53182 -0 -8.53182 0.0003 -8.53182 -0 -8.53182 0.0003 -8.53182 -0 
-8.45172 19.6919 -8.45172 -9.0545 -8.45172 0.0028 -8.45172 -0 -8.45172 0.001 -8.45172 -0 -8.45172 0.0002 -8.45172 -0 -8.45172 0.0002 -8.45172 -0 -8.45172 0.0007 -8.45172 -0 -8.45172 0.0007 -8.45172 -0 
-8.37152 21.2537 -8.37152 -8.7197 -8.37152 0.0059 -8.37152 -0 -8.37152 0.0018 -8.37152 -0 -8.37152 0.0005 -8.37152 -0 -8.37152 0.0006 -8.37152 -0 -8.37152 0.0017 -8.37152 -0 -8.37152 0.0013 -8.37152 -0 
-8.29142 22.9144 -8.29142 -8.2585 -8.29142 0.0117 -8.29142 -0 -8.29142 0.0032 -8.29142 -0 -8.29142 0.0012 -8.29142 -0 -8.29142 0.0014 -8.29142 -0 -8.29142 0.0036 -8.29142 -0 -8.29142 0.0023 -8.29142 -0 
-8.21122 24.6836 -8.21122 -8.1048 -8.21122 0.0213 -8.21122 -0.0001 -8.21122 0.0054 -8.21122 -0 -8.21122 0.0027 -8.21122 -0 -8.21122 0.0028 -8.21122 -0 -8.21122 0.0066 -8.21122 -0.0001 -8.21122 0.0038 -8.21122 -0 
-8.13102 26.8513 -8.13102 -8.6969 -8.13102 0.0351 -8.13102 -0.0001 -8.13102 0.0085 -8.13102 -0 -8.13102 0.0049 -8.13102 -0 -8.13102 0.0048 -8.13102 -0 -8.13102 0.0109 -8.13102 -0.0001 -8.13102 0.006 -8.13102 -0 
-8.05092 29.46 -8.05092 -9.607 -8.05092 0.0509 -8.05092 -0.0001 -8.05092 0.012 -8.05092 -0 -8.05092 0.0075 -8.05092 -0 -8.05092 0.0069 -8.05092 -0 -8.05092 0.0157 -8.05092 -0.0001 -8.05092 0.0088 -8.05092 -0 
-7.97072 31.8068 -7.97072 -9.9437 -7.97072 0.0646 -7.97072 -0.0002 -7.97072 0.015 -7.97072 -0 -7.97072 0.0097 -7.97072 -0 -7.97072 0.0084 -7.97072 -0 -7.97072 0.0202 -7.97072 -0.0002 -7.97072 0.0113 -7.97072 -0 
-7.89062 32.7579 -7.89062 -9.8368 -7.89062 0.0728 -7.89062 -0.0007 -7.89062 0.0166 -7.89062 -0.0001 -7.89062 0.0106 -7.89062 -0 -7.89062 0.009 -7.89062 -0 -7.89062 0.0237 -7.89062 -0.0005 -7.89062 0.0129 -7.89062 -0.0001 
-7.81042 31.9444 -7.81042 -10.4678 -7.81042 0.0769 -7.81042 -0.002 -7.81042 0.017 -7.81042 -0.0004 -7.81042 0.0104 -7.81042 -0.0001 -7.81042 0.0088 -7.81042 -0.0001 -7.81042 0.0273 -7.81042 -0.0012 -7.81042 0.0134 -7.81042 -0.0002 
-7.73022 30.3027 -7.73022 -12.5019 -7.73022 0.0822 -7.73022 -0.0039 -7.73022 0.0171 -7.73022 -0.0007 -7.73022 0.01 -7.73022 -0.0002 -7.73022 0.0088 -7.73022 -0.0002 -7.73022 0.0324 -7.73022 -0.0024 -7.73022 0.0139 -7.73022 -0.0004 
-7.65012 28.8484 -7.65012 -15.3892 -7.65012 0.0931 -7.65012 -0.006 -7.65012 0.0179 -7.65012 -0.0011 -7.65012 0.0107 -7.65012 -0.0003 -7.65012 0.0101 -7.65012 -0.0004 -7.65012 0.0386 -7.65012 -0.0035 -7.65012 0.0158 -7.65012 -0.0007 
-7.56992 27.443 -7.56992 -18.0928 -7.56992 0.1078 -7.56992 -0.0073 -7.56992 0.0194 -7.56992 -0.0014 -7.56992 0.0131 -7.56992 -0.0005 -7.56992 0.0138 -7.56992 -0.0006 -7.56992 0.043 -7.56992 -0.0039 -7.56992 0.0185 -7.56992 -0.0009 
-7.48982 25.5901 -7.48982 -19.8404 -7.48982 0.1222 -7.48982 -0.0071 -7.48982 0.021 -7.48982 -0.0014 -7.48982 0.0173 -7.48982 -0.0006 -7.48982 0.0199 -7.48982 -0.0007 -7.48982 0.0434 -7.48982 -0.0033 -7.48982 0.0206 -7.48982 -0.0011 
-7.40962 23.7356 -7.40962 -20.4674 -7.40962 0.135 -7.40962 -0.0064 -7.40962 0.0228 -7.40962 -0.0014 -7.40962 0.0226 -7.40962 -0.0007 -7.40962 0.0269 -7.40962 -0.0007 -7.40962 0.0414 -7.40962 -0.0023 -7.40962 0.0213 -7.40962 -0.0013 
-7.32942 22.8067 -7.32942 -20.5316 -7.32942 0.146 -7.32942 -0.0063 -7.32942 0.0248 -7.32942 -0.0015 -7.32942 0.0272 -7.32942 -0.0008 -7.32942 0.0325 -7.32942 -0.0008 -7.32942 0.0403 -7.32942 -0.0015 -7.32942 0.0212 -7.32942 -0.0017 
-7.24932 23.0517 -7.24932 -20.7386 -7.24932 0.1536 -7.24932 -0.0073 -7.24932 0.0269 -7.24932 -0.0017 -7.24932 0.0295 -7.24932 -0.0012 -7.24932 0.0345 -7.24932 -0.001 -7.24932 0.0407 -7.24932 -0.0012 -7.24932 0.022 -7.24932 -0.0022 
-7.16912 23.9805 -7.16912 -21.0938 -7.16912 0.1562 -7.16912 -0.0091 -7.16912 0.0292 -7.16912 -0.0019 -7.16912 0.0291 -7.16912 -0.0019 -7.16912 0.0332 -7.16912 -0.0016 -7.16912 0.04 -7.16912 -0.0012 -7.16912 0.0247 -7.16912 -0.0025 
-7.08902 24.9315 -7.08902 -21.1081 -7.08902 0.1544 -7.08902 -0.0116 -7.08902 0.0319 -7.08902 -0.0021 -7.08902 0.0278 -7.08902 -0.0028 -7.08902 0.0306 -7.08902 -0.0026 -7.08902 0.0354 -7.08902 -0.0014 -7.08902 0.0287 -7.08902 -0.0027 
-7.00882 25.3375 -7.00882 -20.5527 -7.00882 0.1496 -7.00882 -0.0148 -7.00882 0.0338 -7.00882 -0.0025 -7.00882 0.0274 -7.00882 -0.0039 -7.00882 0.0287 -7.00882 -0.0038 -7.00882 0.0276 -7.00882 -0.0018 -7.00882 0.0321 -7.00882 -0.0028 
-6.92862 24.897 -6.92862 -19.486 -6.92862 0.142 -6.92862 -0.017 -6.92862 0.0332 -6.92862 -0.0027 -6.92862 0.0282 -6.92862 -0.0046 -6.92862 0.0276 -6.92862 -0.0046 -6.92862 0.0199 -6.92862 -0.0022 -6.92862 0.0331 -6.92862 -0.0029 
-6.84852 23.9003 -6.84852 -18.0016 -6.84852 0.1336 -6.84852 -0.0169 -6.84852 0.0312 -6.84852 -0.0026 -6.84852 0.0282 -6.84852 -0.0044 -6.84852 0.0256 -6.84852 -0.0045 -6.84852 0.0152 -6.84852 -0.0027 -6.84852 0.0334 -6.84852 -0.0027 
-6.76832 23.2763 -6.76832 -16.2373 -6.76832 0.1308 -6.76832 -0.0144 -6.76832 0.0317 -6.76832 -0.0021 -6.76832 0.0255 -6.76832 -0.0035 -6.76832 0.022 -6.76832 -0.0037 -6.76832 0.0142 -6.76832 -0.0029 -6.76832 0.0374 -6.76832 -0.0022 
-6.68822 23.9162 -6.68822 -14.2546 -6.68822 0.1397 -6.68822 -0.0112 -6.68822 0.0375 -6.68822 -0.0016 -6.68822 0.0206 -6.68822 -0.0025 -6.68822 0.0174 -6.68822 -0.0027 -6.68822 0.0165 -6.68822 -0.0028 -6.68822 0.0477 -6.68822 -0.0016 
-6.60802 25.6896 -6.60802 -12.014 -6.60802 0.1559 -6.60802 -0.0092 -6.60802 0.0458 -6.60802 -0.0014 -6.60802 0.0157 -6.60802 -0.0018 -6.60802 0.0135 -6.60802 -0.002 -6.60802 0.0211 -6.60802 -0.0028 -6.60802 0.0598 -6.60802 -0.0012 
-6.52782 27.3232 -6.52782 -9.7885 -6.52782 0.1665 -6.52782 -0.0112 -6.52782 0.0506 -6.52782 -0.0023 -6.52782 0.0124 -6.52782 -0.0015 -6.52782 0.0114 -6.52782 -0.002 -6.52782 0.0269 -6.52782 -0.0038 -6.52782 0.0652 -6.52782 -0.0016 
-6.44772 27.4922 -6.44772 -8.2462 -6.44772 0.1634 -6.44772 -0.0222 -6.44772 0.0487 -6.44772 -0.0059 -6.44772 0.011 -6.44772 -0.0023 -6.44772 0.0109 -6.44772 -0.0033 -6.44772 0.0329 -6.44772 -0.0067 -6.44772 0.0599 -6.44772 -0.004 
-6.36752 25.8721 -6.36752 -7.8313 -6.36752 0.1502 -6.36752 -0.053 -6.36752 0.0426 -6.36752 -0.0161 -6.36752 0.0108 -6.36752 -0.0055 -6.36752 0.0111 -6.36752 -0.0079 -6.36752 0.0375 -6.36752 -0.0122 -6.36752 0.0482 -6.36752 -0.0113 
-6.28732 23.0825 -6.28732 -8.3459 -6.28732 0.1342 -6.28732 -0.1252 -6.28732 0.0358 -6.28732 -0.0415 -6.28732 0.0111 -6.28732 -0.0137 -6.28732 0.011 -6.28732 -0.02 -6.28732 0.0387 -6.28732 -0.0213 -6.28732 0.0376 -6.28732 -0.0287 
-6.20722 20.0448 -6.20722 -9.2669 -6.20722 0.1169 -6.20722 -0.2625 -6.20722 0.0297 -6.20722 -0.0924 -6.20722 0.0106 -6.20722 -0.0293 -6.20722 0.0098 -6.20722 -0.0444 -6.20722 0.0357 -6.20722 -0.0349 -6.20722 0.0311 -6.20722 -0.0615 
-6.12702 17.6132 -6.12702 -10.2708 -6.12702 0.0976 -6.12702 -0.4608 -6.12702 0.0243 -6.12702 -0.1675 -6.12702 0.0088 -6.12702 -0.0515 -6.12702 0.0074 -6.12702 -0.0805 -6.12702 0.0298 -6.12702 -0.0531 -6.12702 0.0273 -6.12702 -0.1082 
-6.04692 16.3201 -6.04692 -11.3092 -6.04692 0.0792 -6.04692 -0.6525 -6.04692 0.0201 -6.04692 -0.2382 -6.04692 0.0063 -6.04692 -0.0725 -6.04692 0.0049 -6.04692 -0.1145 -6.04692 0.0235 -6.04692 -0.075 -6.04692 0.0244 -6.04692 -0.1523 
-5.96672 15.9299 -5.96672 -12.249 -5.96672 0.0642 -5.96672 -0.735 -5.96672 0.0173 -5.96672 -0.2613 -5.96672 0.0039 -5.96672 -0.0799 -5.96672 0.0029 -5.96672 -0.1253 -5.96672 0.0183 -5.96672 -0.1002 -5.96672 0.0218 -5.96672 -0.1683 
-5.88652 15.4522 -5.88652 -12.7666 -5.88652 0.0535 -5.88652 -0.6831 -5.88652 0.0154 -5.88652 -0.2243 -5.88652 0.0022 -5.88652 -0.0692 -5.88652 0.0018 -5.88652 -0.1059 -5.88652 0.0145 -5.88652 -0.1352 -5.88652 0.0196 -5.88652 -0.1485 
-5.80642 14.0982 -5.80642 -12.7964 -5.80642 0.0466 -5.80642 -0.6177 -5.80642 0.0136 -5.80642 -0.1696 -5.80642 0.0015 -5.80642 -0.0513 -5.80642 0.0014 -5.80642 -0.0746 -5.80642 0.013 -5.80642 -0.2017 -5.80642 0.0171 -5.80642 -0.1205 
-5.72622 12.1165 -5.72622 -12.8823 -5.72622 0.0517 -5.72622 -0.7433 -5.72622 0.0139 -5.72622 -0.1621 -5.72622 0.0021 -5.72622 -0.046 -5.72622 0.0028 -5.72622 -0.0591 -5.72622 0.0179 -5.72622 -0.3421 -5.72622 0.015 -5.72622 -0.134 
-5.64612 10.4025 -5.64612 -13.8542 -5.64612 0.0969 -5.64612 -1.2217 -5.64612 0.0234 -5.64612 -0.241 -5.64612 0.0071 -5.64612 -0.0739 -5.64612 0.0103 -5.64612 -0.0809 -5.64612 0.0378 -5.64612 -0.5938 -5.64612 0.0183 -5.64612 -0.2321 
-5.56592 9.6232 -5.56592 -16.1062 -5.56592 0.2502 -5.56592 -2.0603 -5.56592 0.0584 -5.56592 -0.3944 -5.56592 0.025 -5.56592 -0.1599 -5.56592 0.0361 -5.56592 -0.1601 -5.56592 0.0917 -5.56592 -0.9225 -5.56592 0.039 -5.56592 -0.4234 
-5.48572 9.9725 -5.48572 -19.1658 -5.48572 0.6293 -5.48572 -3.0662 -5.48572 0.1428 -5.48572 -0.5623 -5.48572 0.0722 -5.48572 -0.3379 -5.48572 0.1013 -5.48572 -0.3274 -5.48572 0.2177 -5.48572 -1.1809 -5.48572 0.0953 -5.48572 -0.6577 
-5.40562 11.3298 -5.40562 -22.0627 -5.40562 1.3526 -5.40562 -3.9582 -5.40562 0.2921 -5.40562 -0.6769 -5.40562 0.1672 -5.40562 -0.6316 -5.40562 0.2247 -5.40562 -0.6057 -5.40562 0.4639 -5.40562 -1.2035 -5.40562 0.2047 -5.40562 -0.8405 
-5.32542 13.3383 -5.32542 -24.1095 -5.32542 2.4299 -5.32542 -4.5401 -5.32542 0.4939 -5.32542 -0.719 -5.32542 0.3228 -5.32542 -0.997 -5.32542 0.4073 -5.32542 -0.9465 -5.32542 0.83 -5.32542 -0.9724 -5.32542 0.3759 -5.32542 -0.9052 
-5.24532 15.5902 -5.24532 -25.0803 -5.24532 3.7078 -5.24532 -4.7024 -5.24532 0.7191 -5.24532 -0.7185 -5.24532 0.5464 -5.24532 -1.2838 -5.24532 0.6375 -5.24532 -1.1967 -5.24532 1.1917 -5.24532 -0.6386 -5.24532 0.6131 -5.24532 -0.8648 
-5.16512 17.8762 -5.16512 -24.8991 -5.16512 4.9296 -5.16512 -4.3499 -5.16512 0.9445 -5.16512 -0.6971 -5.16512 0.8362 -5.16512 -1.3165 -5.16512 0.9008 -5.16512 -1.1998 -5.16512 1.3413 -5.16512 -0.3659 -5.16512 0.9068 -5.16512 -0.7706 
-5.08492 19.9609 -5.08492 -23.7459 -5.08492 5.7802 -5.08492 -3.5211 -5.08492 1.127 -5.08492 -0.6419 -5.08492 1.1434 -5.08492 -1.0651 -5.08492 1.1464 -5.08492 -0.9546 -5.08492 1.1776 -5.08492 -0.2083 -5.08492 1.1858 -5.08492 -0.6512 
-5.00482 21.189 -5.00482 -22.2308 -5.00482 5.9156 -5.00482 -2.4994 -5.00482 1.1791 -5.00482 -0.5413 -5.00482 1.3452 -5.00482 -0.6874 -5.00482 1.2605 -5.00482 -0.6188 -5.00482 0.8184 -5.00482 -0.1339 -5.00482 1.3124 -5.00482 -0.518 
-4.92462 20.9899 -4.92462 -20.896 -4.92462 5.1648 -4.92462 -1.6314 -4.92462 1.0404 -4.92462 -0.415 -4.92462 1.3108 -4.92462 -0.3728 -4.92462 1.1484 -4.92462 -0.3522 -4.92462 0.47 -4.92462 -0.1014 -4.92462 1.1952 -4.92462 -0.39 
-4.84452 19.8099 -4.84452 -19.784 -4.84452 3.785 -4.84452 -1.0776 -4.84452 0.7658 -4.84452 -0.299 -4.84452 1.0324 -4.84452 -0.1953 -4.84452 0.8492 -4.84452 -0.2061 -4.84452 0.2446 -4.84452 -0.0914 -4.84452 0.893 -4.84452 -0.2858 
-4.76432 18.8034 -4.76432 -18.8283 -4.76432 2.3537 -4.76432 -0.796 -4.76432 0.4835 -4.76432 -0.2157 -4.76432 0.6568 -4.76432 -0.1239 -4.76432 0.5175 -4.76432 -0.1491 -4.76432 0.135 -4.76432 -0.0969 -4.76432 0.5609 -4.76432 -0.2104 
-4.68412 18.6296 -4.68412 -18.2978 -4.68412 1.341 -4.68412 -0.6819 -4.68412 0.2846 -4.68412 -0.1661 -4.68412 0.3585 -4.68412 -0.1058 -4.68412 0.2904 -4.68412 -0.137 -4.68412 0.0924 -4.68412 -0.1102 -4.68412 0.3151 -4.68412 -0.1628 
-4.60402 19.1604 -4.60402 -18.4932 -4.60402 0.8491 -4.60402 -0.6477 -4.60402 0.1816 -4.60402 -0.1395 -4.60402 0.2069 -4.60402 -0.107 -4.60402 0.2023 -4.60402 -0.1403 -4.60402 0.0807 -4.60402 -0.1217 -4.60402 0.1776 -4.60402 -0.1392 
-4.52382 20.0443 -4.52382 -19.2791 -4.52382 0.7174 -4.52382 -0.6309 -4.52382 0.1423 -4.52382 -0.1242 -4.52382 0.1675 -4.52382 -0.1092 -4.52382 0.2085 -4.52382 -0.1412 -4.52382 0.0821 -4.52382 -0.1266 -4.52382 0.117 -4.52382 -0.1297 
-4.44372 20.9416 -4.44372 -20.3094 -4.44372 0.7379 -4.44372 -0.6006 -4.44372 0.1316 -4.44372 -0.1135 -4.44372 0.1766 -4.44372 -0.1045 -4.44372 0.2437 -4.44372 -0.1322 -4.44372 0.0882 -4.44372 -0.1277 -4.44372 0.0978 -4.44372 -0.1227 
-4.36352 21.5571 -4.36352 -21.5509 -4.36352 0.774 -4.36352 -0.5674 -4.36352 0.1301 -4.36352 -0.1064 -4.36352 0.1891 -4.36352 -0.0978 -4.36352 0.2599 -4.36352 -0.1192 -4.36352 0.097 -4.36352 -0.1296 -4.36352 0.0979 -4.36352 -0.1144 
-4.28332 21.8908 -4.28332 -23.1561 -4.28332 0.7899 -4.28332 -0.5601 -4.28332 0.1343 -4.28332 -0.1042 -4.28332 0.1898 -4.28332 -0.1006 -4.28332 0.2449 -4.28332 -0.1142 -4.28332 0.1138 -4.28332 -0.1316 -4.28332 0.1071 -4.28332 -0.1095 
-4.20322 22.2115 -4.20322 -24.8546 -4.20322 0.8091 -4.20322 -0.5879 -4.20322 0.1441 -4.20322 -0.1083 -4.20322 0.1846 -4.20322 -0.1167 -4.20322 0.2172 -4.20322 -0.122 -4.20322 0.1429 -4.20322 -0.1278 -4.20322 0.1203 -4.20322 -0.1131 
-4.12302 22.6594 -4.12302 -25.9547 -4.12302 0.843 -4.12302 -0.6335 -4.12302 0.1533 -4.12302 -0.1186 -4.12302 0.184 -4.12302 -0.1387 -4.12302 0.1987 -4.12302 -0.1377 -4.12302 0.1742 -4.12302 -0.1136 -4.12302 0.1328 -4.12302 -0.1249 
-4.04292 23.0944 -4.04292 -26.0972 -4.04292 0.8716 -4.04292 -0.6823 -4.04292 0.1532 -4.04292 -0.134 -4.04292 0.1924 -4.04292 -0.1586 -4.04292 0.1958 -4.04292 -0.1564 -4.04292 0.1884 -4.04292 -0.0926 -4.04292 0.1418 -4.04292 -0.1407 
-3.96272 23.2973 -3.96272 -25.6229 -3.96272 0.8777 -3.96272 -0.7452 -3.96272 0.1422 -3.96272 -0.1539 -3.96272 0.2063 -3.96272 -0.1795 -3.96272 0.2022 -3.96272 -0.1817 -3.96272 0.1788 -3.96272 -0.0733 -3.96272 0.1482 -3.96272 -0.1568 
-3.88252 23.1589 -3.88252 -25.0618 -3.88252 0.8553 -3.88252 -0.845 -3.88252 0.1245 -3.88252 -0.1784 -3.88252 0.2145 -3.88252 -0.2102 -3.88252 0.2055 -3.88252 -0.2203 -3.88252 0.1604 -3.88252 -0.0631 -3.88252 0.1504 -3.88252 -0.173 
-3.80242 22.7306 -3.80242 -24.5713 -3.80242 0.7936 -3.80242 -0.9706 -3.80242 0.1038 -3.80242 -0.2021 -3.80242 0.2032 -3.80242 -0.2495 -3.80242 0.1932 -3.80242 -0.2677 -3.80242 0.1523 -3.80242 -0.0638 -3.80242 0.1411 -3.80242 -0.1875 
-3.72222 22.1428 -3.72222 -23.9701 -3.72222 0.6859 -3.72222 -1.0572 -3.72222 0.0818 -3.72222 -0.2122 -3.72222 0.1697 -3.72222 -0.2792 -3.72222 0.1616 -3.72222 -0.3027 -3.72222 0.1561 -3.72222 -0.0715 -3.72222 0.1167 -3.72222 -0.1916 
-3.64212 21.4456 -3.64212 -23.1568 -3.64212 0.5463 -3.64212 -1.0333 -3.64212 0.061 -3.64212 -0.1975 -3.64212 0.1252 -3.64212 -0.2784 -3.64212 0.119 -3.64212 -0.3017 -3.64212 0.1568 -3.64212 -0.0796 -3.64212 0.0843 -3.64212 -0.1761 
-3.56192 20.6066 -3.56192 -22.4391 -3.56192 0.4029 -3.56192 -0.8936 -3.56192 0.0439 -3.56192 -0.1614 -3.56192 0.0845 -3.56192 -0.2443 -3.56192 0.0791 -3.56192 -0.2617 -3.56192 0.1401 -3.56192 -0.0835 -3.56192 0.0553 -3.56192 -0.1427 
-3.48172 19.7081 -3.48172 -22.3456 -3.48172 0.283 -3.48172 -0.707 -3.48172 0.0323 -3.48172 -0.1202 -3.48172 0.0562 -3.48172 -0.195 -3.48172 0.0517 -3.48172 -0.2036 -3.48172 0.107 -3.48172 -0.0833 -3.48172 0.0358 -3.48172 -0.1049 
-3.40162 19.043 -3.40162 -23.0148 -3.40162 0.2029 -3.40162 -0.5534 -3.40162 0.0266 -3.40162 -0.0898 -3.40162 0.0416 -3.40162 -0.153 -3.40162 0.0386 -3.40162 -0.1526 -3.40162 0.0706 -3.40162 -0.0822 -3.40162 0.0255 -3.40162 -0.0758 
-3.32142 18.9704 -3.32142 -23.9762 -3.32142 0.1673 -3.32142 -0.4679 -3.32142 0.0263 -3.32142 -0.0758 -3.32142 0.0386 -3.32142 -0.1296 -3.32142 0.0371 -3.32142 -0.1213 -3.32142 0.0435 -3.32142 -0.0815 -3.32142 0.0218 -3.32142 -0.0597 
-3.24132 19.6743 -3.24132 -24.6978 -3.24132 0.1719 -3.24132 -0.4378 -3.24132 0.031 -3.24132 -0.0753 -3.24132 0.0446 -3.24132 -0.1213 -3.24132 0.0439 -3.24132 -0.1075 -3.24132 0.0293 -3.24132 -0.0791 -3.24132 0.0231 -3.24132 -0.0546 
-3.16112 21.0108 -3.16112 -25.111 -3.16112 0.2055 -3.16112 -0.4315 -3.16112 0.0408 -3.16112 -0.0816 -3.16112 0.0558 -3.16112 -0.118 -3.16112 0.055 -3.16112 -0.1019 -3.16112 0.025 -3.16112 -0.0742 -3.16112 0.0289 -3.16112 -0.0558 
-3.08092 22.5897 -3.08092 -25.4369 -3.08092 0.2519 -3.08092 -0.4254 -3.08092 0.0561 -3.08092 -0.0874 -3.08092 0.0656 -3.08092 -0.1124 -3.08092 0.0652 -3.08092 -0.0978 -3.08092 0.0259 -3.08092 -0.0692 -3.08092 0.0391 -3.08092 -0.0586 
-3.00082 23.96 -3.00082 -25.7365 -3.00082 0.2935 -3.00082 -0.4112 -3.00082 0.0745 -3.00082 -0.0878 -3.00082 0.0683 -3.00082 -0.1035 -3.00082 0.0695 -3.00082 -0.0928 -3.00082 0.0283 -3.00082 -0.0672 -3.00082 0.0529 -3.00082 -0.0599 
-2.92062 24.6646 -2.92062 -25.7982 -2.92062 0.3192 -2.92062 -0.3891 -2.92062 0.0913 -2.92062 -0.083 -2.92062 0.0629 -2.92062 -0.0922 -2.92062 0.0663 -2.92062 -0.0868 -2.92062 0.0304 -2.92062 -0.0679 -2.92062 0.0683 -2.92062 -0.0592 
-2.84052 24.4115 -2.84052 -25.4262 -2.84052 0.3296 -2.84052 -0.3624 -2.84052 0.1027 -2.84052 -0.077 -2.84052 0.0538 -2.84052 -0.0789 -2.84052 0.0585 -2.84052 -0.0788 -2.84052 0.0323 -2.84052 -0.0696 -2.84052 0.0823 -2.84052 -0.0581 
-2.76032 23.5155 -2.76032 -24.7678 -2.76032 0.3362 -2.76032 -0.3428 -2.76032 0.1096 -2.76032 -0.0745 -2.76032 0.0467 -2.76032 -0.0652 -2.76032 0.0516 -2.76032 -0.069 -2.76032 0.0357 -2.76032 -0.0747 -2.76032 0.0926 -2.76032 -0.0594 
-2.68012 22.8762 -2.68012 -24.2104 -2.68012 0.351 -2.68012 -0.3507 -2.68012 0.115 -2.68012 -0.0794 -2.68012 0.0446 -2.68012 -0.0543 -2.68012 0.0493 -2.68012 -0.0601 -2.68012 0.0434 -2.68012 -0.0914 -2.68012 0.0987 -2.68012 -0.0655 
-2.60002 23.1197 -2.60002 -23.9199 -2.60002 0.3771 -2.60002 -0.4008 -2.60002 0.1203 -2.60002 -0.0918 -2.60002 0.0466 -2.60002 -0.0482 -2.60002 0.0516 -2.60002 -0.0555 -2.60002 0.0576 -2.60002 -0.1298 -2.60002 0.101 -2.60002 -0.0755 
-2.51982 23.9482 -2.51982 -23.6415 -2.51982 0.4045 -2.51982 -0.4844 -2.51982 0.1232 -2.51982 -0.106 -2.51982 0.0491 -2.51982 -0.0459 -2.51982 0.0553 -2.51982 -0.0557 -2.51982 0.0776 -2.51982 -0.1923 -2.51982 0.0993 -2.51982 -0.0845 
-2.43972 24.5498 -2.43972 -23.0364 -2.43972 0.4155 -2.43972 -0.5686 -2.43972 0.1194 -2.43972 -0.1148 -2.43972 0.0486 -2.43972 -0.0452 -2.43972 0.0569 -2.43972 -0.0583 -2.43972 0.0981 -2.43972 -0.2624 -2.43972 0.0925 -2.43972 -0.0879 
-2.35952 24.4385 -2.35952 -22.112 -2.35952 0.398 -2.35952 -0.615 -2.35952 0.1063 -2.35952 -0.1168 -2.35952 0.0443 -2.35952 -0.0447 -2.35952 0.0545 -2.35952 -0.0605 -2.35952 0.1118 -2.35952 -0.3061 -2.35952 0.0811 -2.35952 -0.0869 
-2.27932 23.7912 -2.27932 -21.2465 -2.27932 0.3557 -2.27932 -0.6038 -2.27932 0.0863 -2.27932 -0.1158 -2.27932 0.0381 -2.27932 -0.0445 -2.27932 0.0491 -2.27932 -0.0607 -2.27932 0.1143 -2.27932 -0.2962 -2.27932 0.0679 -2.27932 -0.0866 
-2.19922 23.1098 -2.19922 -20.8795 -2.19922 0.3059 -2.19922 -0.5478 -2.19922 0.0655 -2.19922 -0.115 -2.19922 0.0324 -2.19922 -0.045 -2.19922 0.0437 -2.19922 -0.0593 -2.19922 0.1081 -2.19922 -0.2379 -2.19922 0.0562 -2.19922 -0.0906 
-2.11902 22.6251 -2.11902 -21.1826 -2.11902 0.2646 -2.11902 -0.4804 -2.11902 0.0493 -2.11902 -0.1136 -2.11902 0.0288 -2.11902 -0.0467 -2.11902 0.0401 -2.11902 -0.0576 -2.11902 0.0997 -2.11902 -0.1644 -2.11902 0.0467 -2.11902 -0.0981 
-2.03892 22.1328 -2.03892 -21.8393 -2.03892 0.2373 -2.03892 -0.4285 -2.03892 0.039 -2.03892 -0.109 -2.03892 0.0265 -2.03892 -0.0492 -2.03892 0.0374 -2.03892 -0.0561 -2.03892 0.095 -2.03892 -0.1079 -2.03892 0.0394 -2.03892 -0.1063 
-1.95872 21.4992 -1.95872 -22.1351 -1.95872 0.2223 -1.95872 -0.3926 -1.95872 0.0335 -1.95872 -0.0992 -1.95872 0.0242 -1.95872 -0.0509 -1.95872 0.0338 -1.95872 -0.0538 -1.95872 0.0957 -1.95872 -0.077 -1.95872 0.0351 -1.95872 -0.1117 
-1.87852 21.0468 -1.87852 -21.5263 -1.87852 0.2132 -1.87852 -0.3599 -1.87852 0.0311 -1.87852 -0.0852 -1.87852 0.0212 -1.87852 -0.0501 -1.87852 0.0287 -1.87852 -0.0497 -1.87852 0.0975 -1.87852 -0.0627 -1.87852 0.0347 -1.87852 -0.1122 
-1.79842 21.1096 -1.79842 -20.2201 -1.79842 0.2028 -1.79842 -0.3213 -1.79842 0.0302 -1.79842 -0.0708 -1.79842 0.0186 -1.79842 -0.0464 -1.79842 0.0238 -1.79842 -0.0434 -1.79842 0.0934 -1.79842 -0.0537 -1.79842 0.0368 -1.79842 -0.107 
-1.71822 21.433 -1.71822 -18.9778 -1.71822 0.1864 -1.71822 -0.2764 -1.71822 0.0289 -1.71822 -0.0587 -1.71822 0.0178 -1.71822 -0.0402 -1.71822 0.0207 -1.71822 -0.0355 -1.71822 0.0815 -1.71822 -0.0451 -1.71822 0.0375 -1.71822 -0.0969 
-1.63802 21.4464 -1.63802 -18.2549 -1.63802 0.1686 -1.63802 -0.2301 -1.63802 0.0262 -1.63802 -0.0496 -1.63802 0.0197 -1.63802 -0.0329 -1.63802 0.0207 -1.63802 -0.0276 -1.63802 0.0675 -1.63802 -0.0366 -1.63802 0.0345 -1.63802 -0.0834 
-1.55792 20.9517 -1.55792 -17.7813 -1.55792 0.1578 -1.55792 -0.1876 -1.55792 0.0229 -1.55792 -0.0425 -1.55792 0.0242 -1.55792 -0.0258 -1.55792 0.0239 -1.55792 -0.0213 -1.55792 0.0578 -1.55792 -0.0297 -1.55792 0.029 -1.55792 -0.0683 
-1.47772 20.1582 -1.47772 -17.0612 -1.47772 0.1573 -1.47772 -0.1547 -1.47772 0.021 -1.47772 -0.0371 -1.47772 0.0301 -1.47772 -0.0204 -1.47772 0.0291 -1.47772 -0.0175 -1.47772 0.0526 -1.47772 -0.0255 -1.47772 0.0245 -1.47772 -0.0542 
-1.39762 19.2667 -1.39762 -15.9866 -1.39762 0.1608 -1.39762 -0.136 -1.39762 0.022 -1.39762 -0.0334 -1.39762 0.0345 -1.39762 -0.0183 -1.39762 0.0331 -1.39762 -0.016 -1.39762 0.0473 -1.39762 -0.0244 -1.39762 0.0239 -1.39762 -0.0439 
-1.31742 18.3591 -1.31742 -14.8152 -1.31742 0.16 -1.31742 -0.1314 -1.31742 0.026 -1.31742 -0.0309 -1.31742 0.0344 -1.31742 -0.0197 -1.31742 0.0327 -1.31742 -0.0161 -1.31742 0.0392 -1.31742 -0.0265 -1.31742 0.0277 -1.31742 -0.0382 
-1.23722 17.5338 -1.23722 -13.7441 -1.23722 0.1532 -1.23722 -0.1351 -1.23722 0.0316 -1.23722 -0.0288 -1.23722 0.0299 -1.23722 -0.0232 -1.23722 0.0281 -1.23722 -0.017 -1.23722 0.03 -1.23722 -0.0304 -1.23722 0.0336 -1.23722 -0.0357 
-1.15712 16.9119 -1.15712 -12.7253 -1.15712 0.1451 -1.15712 -0.1403 -1.15712 0.0368 -1.15712 -0.027 -1.15712 0.0241 -1.15712 -0.0262 -1.15712 0.0224 -1.15712 -0.0178 -1.15712 0.0228 -1.15712 -0.0352 -1.15712 0.039 -1.15712 -0.0341 
-1.07692 16.5114 -1.07692 -11.7055 -1.07692 0.1401 -1.07692 -0.1423 -1.07692 0.0397 -1.07692 -0.0255 -1.07692 0.0201 -1.07692 -0.0267 -1.07692 0.0186 -1.07692 -0.0181 -1.07692 0.0199 -1.07692 -0.0403 -1.07692 0.0418 -1.07692 -0.0317 
-0.996821 16.194 -0.996821 -10.8077 -0.996821 0.14 -0.996821 -0.137 -0.996821 0.0404 -0.996821 -0.0236 -0.996821 0.0182 -0.996821 -0.024 -0.996821 0.017 -0.996821 -0.0173 -0.996821 0.023 -0.996821 -0.0443 -0.996821 0.0414 -0.996821 -0.0278 
-0.916621 15.8078 -0.916621 -10.1183 -0.916621 0.1462 -0.916621 -0.1202 -0.916621 0.0401 -0.916621 -0.0202 -0.916621 0.0174 -0.916621 -0.0192 -0.916621 0.0169 -0.916621 -0.015 -0.916621 0.0332 -0.916621 -0.0437 -0.916621 0.0386 -0.916621 -0.0221 
-0.836421 15.3612 -0.836421 -9.4925 -0.836421 0.1585 -0.836421 -0.0925 -0.836421 0.04 -0.836421 -0.0151 -0.836421 0.017 -0.836421 -0.0139 -0.836421 0.0174 -0.836421 -0.0117 -0.836421 0.0482 -0.836421 -0.0363 -0.836421 0.0359 -0.836421 -0.0155 
-0.756321 14.9445 -0.756321 -8.7575 -0.756321 0.1728 -0.756321 -0.0622 -0.756321 0.0405 -0.756321 -0.0098 -0.756321 0.0172 -0.756321 -0.0096 -0.756321 0.0181 -0.756321 -0.0083 -0.756321 0.0612 -0.756321 -0.0248 -0.756321 0.0358 -0.756321 -0.0097 
-0.676121 14.5191 -0.676121 -7.989 -0.676121 0.1811 -0.676121 -0.0395 -0.676121 0.0411 -0.676121 -0.0063 -0.676121 0.0183 -0.676121 -0.0067 -0.676121 0.0187 -0.676121 -0.0057 -0.676121 0.0643 -0.676121 -0.0145 -0.676121 0.0387 -0.676121 -0.0063 
-0.596021 13.9258 -0.596021 -7.3885 -0.596021 0.1756 -0.596021 -0.0283 -0.596021 0.0404 -0.596021 -0.005 -0.596021 0.0194 -0.596021 -0.0051 -0.596021 0.0185 -0.596021 -0.0041 -0.596021 0.0552 -0.596021 -0.0087 -0.596021 0.0421 -0.596021 -0.0054 
-0.515821 13.072 -0.515821 -6.8827 -0.515821 0.1571 -0.515821 -0.0249 -0.515821 0.0374 -0.515821 -0.0052 -0.515821 0.0199 -0.515821 -0.004 -0.515821 0.0174 -0.515821 -0.003 -0.515821 0.0397 -0.515821 -0.0066 -0.515821 0.0427 -0.515821 -0.0061 
-0.435621 12.022 -0.435621 -6.045 -0.435621 0.1337 -0.435621 -0.0231 -0.435621 0.0324 -0.435621 -0.0055 -0.435621 0.0195 -0.435621 -0.0031 -0.435621 0.0161 -0.435621 -0.0021 -0.435621 0.0257 -0.435621 -0.0056 -0.435621 0.04 -0.435621 -0.0068 
-0.355521 11.0048 -0.355521 -4.5912 -0.355521 0.1146 -0.355521 -0.0187 -0.355521 0.027 -0.355521 -0.0048 -0.355521 0.0192 -0.355521 -0.0022 -0.355521 0.0155 -0.355521 -0.0013 -0.355521 0.0176 -0.355521 -0.0042 -0.355521 0.0353 -0.355521 -0.0062 
-0.275321 10.4807 -0.275321 -2.8231 -0.275321 0.1051 -0.275321 -0.0124 -0.275321 0.0227 -0.275321 -0.0034 -0.275321 0.0198 -0.275321 -0.0013 -0.275321 0.0164 -0.275321 -0.0008 -0.275321 0.0162 -0.275321 -0.0025 -0.275321 0.03 -0.275321 -0.0044 
-0.195221 11.007 -0.195221 -1.3512 -0.195221 0.1056 -0.195221 -0.0064 -0.195221 0.0198 -0.195221 -0.0018 -0.195221 0.0218 -0.195221 -0.0006 -0.195221 0.0184 -0.195221 -0.0004 -0.195221 0.02 -0.195221 -0.0012 -0.195221 0.0256 -0.195221 -0.0024 
-0.115021 12.6914 -0.115021 -0.4959 -0.115021 0.1105 -0.115021 -0.0024 -0.115021 0.0176 -0.115021 -0.0007 -0.115021 0.0244 -0.115021 -0.0002 -0.115021 0.0204 -0.115021 -0.0001 -0.115021 0.0251 -0.115021 -0.0004 -0.115021 0.023 -0.115021 -0.001 
-0.0348214 14.7595 -0.0348214 -0.1589 -0.0348214 0.1104 -0.0348214 -0.0007 -0.0348214 0.0154 -0.0348214 -0.0002 -0.0348214 0.0259 -0.0348214 -0.0001 -0.0348214 0.0205 -0.0348214 -0 -0.0348214 0.0271 -0.0348214 -0.0001 -0.0348214 0.0215 -0.0348214 -0.0003 
0.0452786 15.8925 0.0452786 -0.1389 0.0452786 0.0969 0.0452786 -0.0001 0.0452786 0.0126 0.0452786 -0 0.0452786 0.024 0.0452786 -0 0.0452786 0.0176 0.0452786 -0 0.0452786 0.0235 0.0452786 -0 0.0452786 0.0192 0.0452786 -0.0001 
0.125479 15.1829 0.125479 -0.4023 0.125479 0.0712 0.125479 -0 0.125479 0.0093 0.125479 -0 0.125479 0.0184 0.125479 -0 0.125479 0.0124 0.125479 -0 0.125479 0.016 0.125479 -0 0.125479 0.0151 0.125479 -0 
0.205579 12.8332 0.205579 -1.1216 0.205579 0.0426 0.205579 -0 0.205579 0.0059 0.205579 -0 0.205579 0.0112 0.205579 -0 0.205579 0.0071 0.205579 -0 0.205579 0.0085 0.205579 -0 0.205579 0.0099 0.205579 -0 
0.285779 9.8655 0.285779 -2.5211 0.285779 0.0204 0.285779 -0 0.285779 0.0031 0.285779 -0 0.285779 0.0054 0.285779 -0 0.285779 0.0032 0.285779 -0 0.285779 0.0035 0.285779 -0 0.285779 0.0052 0.285779 -0 
0.365979 7.2053 0.365979 -4.5799 0.365979 0.0078 0.365979 -0 0.365979 0.0013 0.365979 -0 0.365979 0.002 0.365979 -0 0.365979 0.0012 0.365979 -0 0.365979 0.0011 0.365979 -0 0.365979 0.0022 0.365979 -0 
0.446079 5.2463 0.446079 -6.7971 0.446079 0.0023 0.446079 -0 0.446079 0.0004 0.446079 -0 0.446079 0.0006 0.446079 -0 0.446079 0.0003 0.446079 -0 0.446079 0.0003 0.446079 -0 0.446079 0.0007 0.446079 -0 
0.526279 4.0816 0.526279 -8.3738 0.526279 0.0005 0.526279 -0 0.526279 0.0001 0.526279 -0 0.526279 0.0001 0.526279 -0 0.526279 0.0001 0.526279 -0 0.526279 0 0.526279 -0 0.526279 0.0002 0.526279 -0 
0.606379 3.5809 0.606379 -8.8398 0.606379 0 0.606379 -0 0.606379 0 0.606379 -0 0.606379 0 0.606379 -0 0.606379 0 0.606379 -0 0.606379 0 0.606379 -0 0.606379 0 0.606379 -0 
0.686579 3.3239 0.686579 -8.5121 0.686579 0 0.686579 -0 0.686579 0 0.686579 -0 0.686579 0 0.686579 -0 0.686579 0 0.686579 -0 0.686579 0 0.686579 -0 0.686579 0 0.686579 -0 
0.766779 3.0215 0.766779 -8.262 0.766779 0 0.766779 -0 0.766779 0 0.766779 -0 0.766779 0 0.766779 -0 0.766779 0 0.766779 -0 0.766779 0 0.766779 -0 0.766779 0 0.766779 -0 
0.846879 2.9378 0.846879 -8.8828 0.846879 0 0.846879 -0 0.846879 0 0.846879 -0 0.846879 0 0.846879 -0 0.846879 0 0.846879 -0 0.846879 0 0.846879 -0 0.846879 0 0.846879 -0 
0.927079 3.5521 0.927079 -10.5914 0.927079 0 0.927079 -0 0.927079 0 0.927079 -0 0.927079 0 0.927079 -0 0.927079 0 0.927079 -0 0.927079 0 0.927079 -0 0.927079 0 0.927079 -0 
1.00718 4.9558 1.00718 -12.9174 1.00718 0 1.00718 -0 1.00718 0 1.00718 -0 1.00718 0 1.00718 -0 1.00718 0 1.00718 -0 1.00718 0 1.00718 -0 1.00718 0 1.00718 -0 
1.08738 6.7315 1.08738 -15.1505 1.08738 0 1.08738 -0 1.08738 0 1.08738 -0 1.08738 0 1.08738 -0 1.08738 0 1.08738 -0 1.08738 0 1.08738 -0 1.08738 0 1.08738 -0 
1.16758 8.23 1.16758 -16.9964 1.16758 0 1.16758 -0 1.16758 0 1.16758 -0 1.16758 0 1.16758 -0 1.16758 0 1.16758 -0 1.16758 0 1.16758 -0 1.16758 0 1.16758 -0 
1.24768 8.9397 1.24768 -18.63 1.24768 0 1.24768 -0 1.24768 0 1.24768 -0 1.24768 0 1.24768 -0 1.24768 0 1.24768 -0 1.24768 0 1.24768 -0 1.24768 0 1.24768 -0 
1.32788 8.7031 1.32788 -20.1514 1.32788 0 1.32788 -0 1.32788 0 1.32788 -0 1.32788 0 1.32788 -0 1.32788 0 1.32788 -0 1.32788 0 1.32788 -0 1.32788 0 1.32788 -0 
1.40798 7.6009 1.40798 -21.2585 1.40798 0 1.40798 -0 1.40798 0 1.40798 -0 1.40798 0 1.40798 -0 1.40798 0 1.40798 -0 1.40798 0 1.40798 -0 1.40798 0 1.40798 -0 
1.48818 5.8516 1.48818 -21.5509 1.48818 0 1.48818 -0 1.48818 0 1.48818 -0 1.48818 0 1.48818 -0 1.48818 0 1.48818 -0 1.48818 0 1.48818 -0 1.48818 0 1.48818 -0 
1.56838 3.9843 1.56838 -21.2113 1.56838 0 1.56838 -0.0001 1.56838 0 1.56838 -0 1.56838 0 1.56838 -0 1.56838 0 1.56838 -0 1.56838 0 1.56838 -0.0001 1.56838 0 1.56838 -0 
1.64848 2.7778 1.64848 -21.1658 1.64848 0 1.64848 -0.0002 1.64848 0 1.64848 -0.0001 1.64848 0 1.64848 -0 1.64848 0 1.64848 -0 1.64848 0 1.64848 -0.0001 1.64848 0 1.64848 -0 
1.72868 2.7581 1.72868 -22.1084 1.72868 0 1.72868 -0.0005 1.72868 0 1.72868 -0.0001 1.72868 0 1.72868 -0 1.72868 0 1.72868 -0 1.72868 0 1.72868 -0.0003 1.72868 0 1.72868 -0.0001 
1.80878 3.8425 1.80878 -23.6354 1.80878 0 1.80878 -0.0009 1.80878 0 1.80878 -0.0003 1.80878 0 1.80878 -0 1.80878 0 1.80878 -0 1.80878 0 1.80878 -0.0004 1.80878 0 1.80878 -0.0002 
1.88898 5.4647 1.88898 -24.9138 1.88898 0 1.88898 -0.0015 1.88898 0 1.88898 -0.0005 1.88898 0 1.88898 -0 1.88898 0 1.88898 -0.0001 1.88898 0 1.88898 -0.0006 1.88898 0 1.88898 -0.0003 
1.96918 6.8894 1.96918 -25.8149 1.96918 0 1.96918 -0.0022 1.96918 0 1.96918 -0.0008 1.96918 0 1.96918 -0.0001 1.96918 0 1.96918 -0.0001 1.96918 0 1.96918 -0.0007 1.96918 0 1.96918 -0.0005 
2.04928 7.4916 2.04928 -26.7702 2.04928 0 2.04928 -0.0029 2.04928 0 2.04928 -0.0011 2.04928 0 2.04928 -0.0001 2.04928 0 2.04928 -0.0002 2.04928 0 2.04928 -0.0008 2.04928 0 2.04928 -0.0007 
2.12948 7.0751 2.12948 -27.909 2.12948 0 2.12948 -0.0035 2.12948 0 2.12948 -0.0013 2.12948 0 2.12948 -0.0002 2.12948 0 2.12948 -0.0003 2.12948 0 2.12948 -0.0008 2.12948 0 2.12948 -0.0009 
2.20958 6.0562 2.20958 -28.986 2.20958 0 2.20958 -0.0039 2.20958 0 2.20958 -0.0014 2.20958 0 2.20958 -0.0003 2.20958 0 2.20958 -0.0004 2.20958 0 2.20958 -0.0007 2.20958 0 2.20958 -0.0011 
2.28978 5.2112 2.28978 -29.9047 2.28978 0 2.28978 -0.0047 2.28978 0 2.28978 -0.0015 2.28978 0 2.28978 -0.0005 2.28978 0 2.28978 -0.0006 2.28978 0 2.28978 -0.0008 2.28978 0 2.28978 -0.0013 
2.36998 5.2218 2.36998 -30.6975 2.36998 0 2.36998 -0.0059 2.36998 0 2.36998 -0.0017 2.36998 0 2.36998 -0.0007 2.36998 0 2.36998 -0.0009 2.36998 0 2.36998 -0.001 2.36998 0 2.36998 -0.0016 
2.45008 6.4234 2.45008 -30.9969 2.45008 0 2.45008 -0.0074 2.45008 0 2.45008 -0.002 2.45008 0 2.45008 -0.0009 2.45008 0 2.45008 -0.0011 2.45008 0 2.45008 -0.0013 2.45008 0 2.45008 -0.0021 
2.53028 8.7469 2.53028 -30.0818 2.53028 0.0005 2.53028 -0.009 2.53028 0.0001 2.53028 -0.002 2.53028 0.0001 2.53028 -0.0013 2.53028 0.0001 2.53028 -0.0013 2.53028 0.0001 2.53028 -0.002 2.53028 0.0001 2.53028 -0.0024 
2.61038 11.7831 2.61038 -27.7259 2.61038 0.0009 2.61038 -0.0105 2.61038 0.0002 2.61038 -0.0019 2.61038 0.0001 2.61038 -0.0016 2.61038 0.0002 2.61038 -0.0017 2.61038 0.0002 2.61038 -0.0029 2.61038 0.0002 2.61038 -0.0024 
2.69058 15.0052 2.69058 -24.7418 2.69058 0.0016 2.69058 -0.0119 2.69058 0.0005 2.69058 -0.0017 2.69058 0.0002 2.69058 -0.002 2.69058 0.0003 2.69058 -0.0021 2.69058 0.0003 2.69058 -0.004 2.69058 0.0003 2.69058 -0.0021 
2.77078 17.9855 2.77078 -22.49 2.77078 0.0029 2.77078 -0.0129 2.77078 0.0009 2.77078 -0.0016 2.77078 0.0004 2.77078 -0.0024 2.77078 0.0005 2.77078 -0.0026 2.77078 0.0004 2.77078 -0.0045 2.77078 0.0007 2.77078 -0.0018 
2.85088 20.3493 2.85088 -21.8663 2.85088 0.0045 2.85088 -0.0136 2.85088 0.0013 2.85088 -0.0019 2.85088 0.0007 2.85088 -0.0027 2.85088 0.0007 2.85088 -0.0031 2.85088 0.0006 2.85088 -0.0042 2.85088 0.0012 2.85088 -0.0017 
2.93108 21.5699 2.93108 -22.7917 2.93108 0.0061 2.93108 -0.0136 2.93108 0.0017 2.93108 -0.0023 2.93108 0.001 2.93108 -0.0029 2.93108 0.0009 2.93108 -0.0034 2.93108 0.0007 2.93108 -0.0033 2.93108 0.0018 2.93108 -0.0017 
3.01118 21.0381 3.01118 -24.6468 3.01118 0.007 3.01118 -0.0137 3.01118 0.0019 3.01118 -0.0029 3.01118 0.0012 3.01118 -0.0029 3.01118 0.0009 3.01118 -0.0035 3.01118 0.0008 3.01118 -0.0024 3.01118 0.0022 3.01118 -0.002 
3.09138 18.6015 3.09138 -26.7828 3.09138 0.0068 3.09138 -0.0139 3.09138 0.0017 3.09138 -0.0035 3.09138 0.0012 3.09138 -0.0027 3.09138 0.0008 3.09138 -0.0034 3.09138 0.0009 3.09138 -0.0019 3.09138 0.0022 3.09138 -0.0024 
3.17158 15.1062 3.17158 -28.3552 3.17158 0.0052 3.17158 -0.0141 3.17158 0.0012 3.17158 -0.0039 3.17158 0.0009 3.17158 -0.0025 3.17158 0.0006 3.17158 -0.0031 3.17158 0.0008 3.17158 -0.0018 3.17158 0.0017 3.17158 -0.0028 
3.25168 12.089 3.25168 -28.3804 3.25168 0.0032 3.25168 -0.0137 3.25168 0.0007 3.25168 -0.0039 3.25168 0.0006 3.25168 -0.0022 3.25168 0.0003 3.25168 -0.0026 3.25168 0.0006 3.25168 -0.0019 3.25168 0.001 3.25168 -0.0031 
3.33188 10.5903 3.33188 -26.6578 3.33188 0.0016 3.33188 -0.0126 3.33188 0.0003 3.33188 -0.0035 3.33188 0.0003 3.33188 -0.0019 3.33188 0.0002 3.33188 -0.0022 3.33188 0.0004 3.33188 -0.0019 3.33188 0.0004 3.33188 -0.0031 
3.41208 10.3704 3.41208 -24.2381 3.41208 0.0007 3.41208 -0.0118 3.41208 0.0001 3.41208 -0.0032 3.41208 0.0001 3.41208 -0.0017 3.41208 0.0001 3.41208 -0.002 3.41208 0.0003 3.41208 -0.002 3.41208 0.0001 3.41208 -0.0029 
3.49218 10.4569 3.49218 -22.4178 3.49218 0.0005 3.49218 -0.0122 3.49218 0 3.49218 -0.0032 3.49218 0.0001 3.49218 -0.0018 3.49218 0.0001 3.49218 -0.0021 3.49218 0.0003 3.49218 -0.0021 3.49218 0 3.49218 -0.003 
3.57238 10.2255 3.57238 -21.5579 3.57238 0.0005 3.57238 -0.0144 3.57238 0 3.57238 -0.0038 3.57238 0.0001 3.57238 -0.0021 3.57238 0 3.57238 -0.0025 3.57238 0.0004 3.57238 -0.0025 3.57238 0 3.57238 -0.0035 
3.65248 9.6569 3.65248 -21.1803 3.65248 0.0006 3.65248 -0.018 3.65248 0 3.65248 -0.0046 3.65248 0 3.65248 -0.0026 3.65248 0 3.65248 -0.0029 3.65248 0.0006 3.65248 -0.0034 3.65248 0 3.65248 -0.0045 
3.73268 8.7979 3.73268 -20.7635 3.73268 0.0007 3.73268 -0.0218 3.73268 0 3.73268 -0.0052 3.73268 0 3.73268 -0.0032 3.73268 0 3.73268 -0.0033 3.73268 0.0007 3.73268 -0.0047 3.73268 0 3.73268 -0.0054 
3.81288 7.5649 3.81288 -20.0486 3.81288 0.0006 3.81288 -0.0243 3.81288 0 3.81288 -0.0049 3.81288 0 3.81288 -0.0039 3.81288 0 3.81288 -0.0037 3.81288 0.0006 3.81288 -0.0063 3.81288 0 3.81288 -0.0055 
3.89298 6.1045 3.89298 -18.8037 3.89298 0.0004 3.89298 -0.0248 3.89298 0 3.89298 -0.0039 3.89298 0 3.89298 -0.0048 3.89298 0 3.89298 -0.0041 3.89298 0.0004 3.89298 -0.0073 3.89298 0 3.89298 -0.0047 
3.97318 4.865 3.97318 -16.7383 3.97318 0.0002 3.97318 -0.0233 3.97318 0 3.97318 -0.0027 3.97318 0 3.97318 -0.0057 3.97318 0 3.97318 -0.0044 3.97318 0.0002 3.97318 -0.0071 3.97318 0 3.97318 -0.0034 
4.05328 4.1972 4.05328 -13.8408 4.05328 0.0001 4.05328 -0.0195 4.05328 0 4.05328 -0.0016 4.05328 0 4.05328 -0.0059 4.05328 0 4.05328 -0.0042 4.05328 0.0001 4.05328 -0.0056 4.05328 0 4.05328 -0.0022 
4.13348 4.0376 4.13348 -10.5995 4.13348 0 4.13348 -0.0139 4.13348 0 4.13348 -0.0009 4.13348 0 4.13348 -0.0049 4.13348 0 4.13348 -0.0033 4.13348 0 4.13348 -0.0036 4.13348 0 4.13348 -0.0012 
4.21368 3.9611 4.21368 -7.6492 4.21368 0 4.21368 -0.0086 4.21368 0 4.21368 -0.0006 4.21368 0 4.21368 -0.0032 4.21368 0 4.21368 -0.002 4.21368 0 4.21368 -0.0021 4.21368 0 4.21368 -0.0007 
4.29378 3.5716 4.29378 -5.2903 4.29378 0 4.29378 -0.0045 4.29378 0 4.29378 -0.0004 4.29378 0 4.29378 -0.0016 4.29378 0 4.29378 -0.001 4.29378 0 4.29378 -0.0011 4.29378 0 4.29378 -0.0004 
4.37398 2.8718 4.37398 -3.5148 4.37398 0 4.37398 -0.002 4.37398 0 4.37398 -0.0002 4.37398 0 4.37398 -0.0006 4.37398 0 4.37398 -0.0004 4.37398 0 4.37398 -0.0006 4.37398 0 4.37398 -0.0002 
4.45408 2.1482 4.45408 -2.2913 4.45408 0 4.45408 -0.0008 4.45408 0 4.45408 -0.0001 4.45408 0 4.45408 -0.0002 4.45408 0 4.45408 -0.0001 4.45408 0 4.45408 -0.0003 4.45408 0 4.45408 -0.0001 
4.53428 1.5859 4.53428 -1.5773 4.53428 0.0001 4.53428 -0.0002 4.53428 0 4.53428 -0.0001 4.53428 0 4.53428 -0 4.53428 0 4.53428 -0 4.53428 0.0001 4.53428 -0.0001 4.53428 0 4.53428 -0 
4.61448 1.1919 4.61448 -1.2271 4.61448 0 4.61448 -0 4.61448 0 4.61448 -0 4.61448 0 4.61448 -0 4.61448 0 4.61448 -0 4.61448 0 4.61448 -0 4.61448 0 4.61448 -0 
4.69458 0.9533 4.69458 -1.0616 4.69458 0 4.69458 -0 4.69458 0 4.69458 -0 4.69458 0 4.69458 -0 4.69458 0 4.69458 -0 4.69458 0 4.69458 -0 4.69458 0 4.69458 -0 
4.77478 0.8745 4.77478 -0.9577 4.77478 0 4.77478 -0 4.77478 0 4.77478 -0 4.77478 0 4.77478 -0 4.77478 0 4.77478 -0 4.77478 0 4.77478 -0 4.77478 0 4.77478 -0 
4.85488 0.9372 4.85488 -0.8867 4.85488 0 4.85488 -0 4.85488 0 4.85488 -0 4.85488 0 4.85488 -0 4.85488 0 4.85488 -0 4.85488 0 4.85488 -0 4.85488 0 4.85488 -0 
4.93508 1.1122 4.93508 -0.9128 4.93508 0.0001 4.93508 -0 4.93508 0 4.93508 -0 4.93508 0 4.93508 -0 4.93508 0 4.93508 -0 4.93508 0.0001 4.93508 -0 4.93508 0 4.93508 -0 
5.01528 1.3786 5.01528 -1.0889 5.01528 0.0001 5.01528 -0 5.01528 0 5.01528 -0 5.01528 0 5.01528 -0 5.01528 0 5.01528 -0 5.01528 0.0001 5.01528 -0 5.01528 0 5.01528 -0 
5.09538 1.7282 5.09538 -1.3702 5.09538 0.0001 5.09538 -0 5.09538 0 5.09538 -0 5.09538 0 5.09538 -0 5.09538 0 5.09538 -0 5.09538 0.0001 5.09538 -0 5.09538 0 5.09538 -0 
5.17558 2.1839 5.17558 -1.7093 5.17558 0 5.17558 -0 5.17558 0 5.17558 -0 5.17558 0 5.17558 -0 5.17558 0 5.17558 -0 5.17558 0 5.17558 -0 5.17558 0 5.17558 -0 
5.25568 2.828 5.25568 -2.1831 5.25568 0 5.25568 -0 5.25568 0 5.25568 -0 5.25568 0 5.25568 -0 5.25568 0 5.25568 -0 5.25568 0 5.25568 -0 5.25568 0 5.25568 -0 
5.33588 3.741 5.33588 -2.9216 5.33588 0 5.33588 -0.0001 5.33588 0 5.33588 -0 5.33588 0 5.33588 -0 5.33588 0 5.33588 -0 5.33588 0 5.33588 -0.0001 5.33588 0 5.33588 -0 
5.41608 4.8378 5.41608 -3.9264 5.41608 0.0001 5.41608 -0.0001 5.41608 0 5.41608 -0 5.41608 0 5.41608 -0 5.41608 0 5.41608 -0 5.41608 0.0001 5.41608 -0.0001 5.41608 0 5.41608 -0 
5.49618 5.8847 5.49618 -5.0547 5.49618 0.0001 5.49618 -0.0001 5.49618 0 5.49618 -0 5.49618 0 5.49618 -0 5.49618 0 5.49618 -0 5.49618 0.0001 5.49618 -0.0001 5.49618 0 5.49618 -0 
5.57638 6.8235 5.57638 -6.2026 5.57638 0.0001 5.57638 -0.0001 5.57638 0 5.57638 -0 5.57638 0 5.57638 -0 5.57638 0 5.57638 -0 5.57638 0.0001 5.57638 -0.0001 5.57638 0 5.57638 -0 
5.65648 7.9155 5.65648 -7.432 5.65648 0.0001 5.65648 -0.0001 5.65648 0 5.65648 -0 5.65648 0 5.65648 -0 5.65648 0 5.65648 -0 5.65648 0.0001 5.65648 -0.0001 5.65648 0 5.65648 -0 
5.73668 9.3043 5.73668 -8.8241 5.73668 0.0002 5.73668 -0.0002 5.73668 0 5.73668 -0 5.73668 0 5.73668 -0 5.73668 0 5.73668 -0 5.73668 0.0002 5.73668 -0.0002 5.73668 0 5.73668 -0 
5.81688 10.5983 5.81688 -10.1794 5.81688 0.0002 5.81688 -0.0002 5.81688 0 5.81688 -0 5.81688 0 5.81688 -0 5.81688 0 5.81688 -0 5.81688 0.0002 5.81688 -0.0002 5.81688 0 5.81688 -0 
5.89698 11.1891 5.89698 -10.9891 5.89698 0.0003 5.89698 -0.0004 5.89698 0 5.89698 -0.0001 5.89698 0 5.89698 -0 5.89698 0 5.89698 -0 5.89698 0.0003 5.89698 -0.0003 5.89698 0 5.89698 -0 
5.97718 10.8247 5.97718 -10.8531 5.97718 0.0003 5.97718 -0.0004 5.97718 0 5.97718 -0.0001 5.97718 0 5.97718 -0 5.97718 0 5.97718 -0 5.97718 0.0003 5.97718 -0.0003 5.97718 0 5.97718 -0 
6.05728 9.6669 6.05728 -9.8393 6.05728 0.0003 6.05728 -0.0004 6.05728 0 6.05728 -0.0001 6.05728 0 6.05728 -0 6.05728 0 6.05728 -0 6.05728 0.0003 6.05728 -0.0003 6.05728 0 6.05728 -0 
6.13748 8.071 6.13748 -8.3707 6.13748 0.0003 6.13748 -0.0003 6.13748 0 6.13748 -0 6.13748 0 6.13748 -0 6.13748 0 6.13748 -0 6.13748 0.0003 6.13748 -0.0003 6.13748 0 6.13748 -0 
6.21768 6.5144 6.21768 -6.9664 6.21768 0.0003 6.21768 -0.0003 6.21768 0 6.21768 -0 6.21768 0 6.21768 -0 6.21768 0 6.21768 -0 6.21768 0.0003 6.21768 -0.0003 6.21768 0 6.21768 -0 
6.29778 5.4625 6.29778 -6.0911 6.29778 0.0003 6.29778 -0.0003 6.29778 0 6.29778 -0 6.29778 0 6.29778 -0 6.29778 0 6.29778 -0 6.29778 0.0003 6.29778 -0.0003 6.29778 0 6.29778 -0 
6.37798 5.1023 6.37798 -5.9424 6.37798 0.0003 6.37798 -0.0003 6.37798 0 6.37798 -0 6.37798 0 6.37798 -0 6.37798 0 6.37798 -0 6.37798 0.0003 6.37798 -0.0003 6.37798 0 6.37798 -0 
6.45808 5.3115 6.45808 -6.3199 6.45808 0.0004 6.45808 -0.0003 6.45808 0.0001 6.45808 -0 6.45808 0 6.45808 -0 6.45808 0 6.45808 -0 6.45808 0.0003 6.45808 -0.0003 6.45808 0 6.45808 -0 
6.53828 5.8709 6.53828 -6.8686 6.53828 0.0006 6.53828 -0.0004 6.53828 0.0001 6.53828 -0.0001 6.53828 0 6.53828 -0 6.53828 0.0001 6.53828 -0 6.53828 0.0003 6.53828 -0.0003 6.53828 0.0001 6.53828 -0 
6.61848 6.5728 6.61848 -7.403 6.61848 0.0009 6.61848 -0.0005 6.61848 0.0002 6.61848 -0.0001 6.61848 0.0001 6.61848 -0 6.61848 0.0001 6.61848 -0 6.61848 0.0004 6.61848 -0.0003 6.61848 0.0001 6.61848 -0.0001 
6.69858 7.1886 6.69858 -7.8623 6.69858 0.0013 6.69858 -0.0007 6.69858 0.0004 6.69858 -0.0001 6.69858 0.0001 6.69858 -0 6.69858 0.0002 6.69858 -0.0001 6.69858 0.0004 6.69858 -0.0004 6.69858 0.0002 6.69858 -0.0001 
6.77878 7.4855 6.77878 -8.0884 6.77878 0.0018 6.77878 -0.001 6.77878 0.0006 6.77878 -0.0002 6.77878 0.0001 6.77878 -0.0001 6.77878 0.0003 6.77878 -0.0001 6.77878 0.0005 6.77878 -0.0005 6.77878 0.0003 6.77878 -0.0001 
6.85888 7.3557 6.85888 -7.8531 6.85888 0.0024 6.85888 -0.0012 6.85888 0.0009 6.85888 -0.0003 6.85888 0.0002 6.85888 -0.0001 6.85888 0.0004 6.85888 -0.0001 6.85888 0.0005 6.85888 -0.0005 6.85888 0.0004 6.85888 -0.0002 
6.93908 6.9191 6.93908 -7.1377 6.93908 0.0029 6.93908 -0.0016 6.93908 0.0012 6.93908 -0.0005 6.93908 0.0002 6.93908 -0.0001 6.93908 0.0005 6.93908 -0.0002 6.93908 0.0005 6.93908 -0.0006 6.93908 0.0005 6.93908 -0.0002 
7.01928 6.4054 7.01928 -6.2684 7.01928 0.0036 7.01928 -0.0023 7.01928 0.0014 7.01928 -0.0008 7.01928 0.0003 7.01928 -0.0002 7.01928 0.0007 7.01928 -0.0003 7.01928 0.0005 7.01928 -0.0006 7.01928 0.0007 7.01928 -0.0004 
7.09938 5.9411 7.09938 -5.6515 7.09938 0.0043 7.09938 -0.0031 7.09938 0.0017 7.09938 -0.0012 7.09938 0.0004 7.09938 -0.0002 7.09938 0.0009 7.09938 -0.0005 7.09938 0.0005 7.09938 -0.0007 7.09938 0.0008 7.09938 -0.0005 
7.17958 5.565 7.17958 -5.3868 7.17958 0.0055 7.17958 -0.0041 7.17958 0.0021 7.17958 -0.0016 7.17958 0.0006 7.17958 -0.0003 7.17958 0.0011 7.17958 -0.0006 7.17958 0.0006 7.17958 -0.0008 7.17958 0.0011 7.17958 -0.0008 
7.25968 5.3906 7.25968 -5.2596 7.25968 0.0072 7.25968 -0.0053 7.25968 0.0027 7.25968 -0.002 7.25968 0.0008 7.25968 -0.0005 7.25968 0.0014 7.25968 -0.0009 7.25968 0.0007 7.25968 -0.0008 7.25968 0.0016 7.25968 -0.0011 
7.33988 5.5279 7.33988 -5.1066 7.33988 0.0094 7.33988 -0.0075 7.33988 0.0034 7.33988 -0.0028 7.33988 0.0012 7.33988 -0.0008 7.33988 0.0017 7.33988 -0.0012 7.33988 0.0008 7.33988 -0.0009 7.33988 0.0023 7.33988 -0.0018 
7.42008 5.8065 7.42008 -5.0026 7.42008 0.0112 7.42008 -0.0102 7.42008 0.0039 7.42008 -0.0038 7.42008 0.0015 7.42008 -0.0012 7.42008 0.002 7.42008 -0.0017 7.42008 0.0009 7.42008 -0.0009 7.42008 0.0029 7.42008 -0.0026 
7.50018 5.8171 7.50018 -5.0153 7.50018 0.0115 7.50018 -0.013 7.50018 0.0038 7.50018 -0.0048 7.50018 0.0016 7.50018 -0.0015 7.50018 0.002 7.50018 -0.0022 7.50018 0.001 7.50018 -0.0011 7.50018 0.0031 7.50018 -0.0034 
7.58038 5.3645 7.58038 -5.0114 7.58038 0.0101 7.58038 -0.0142 7.58038 0.0032 7.58038 -0.0051 7.58038 0.0014 7.58038 -0.0018 7.58038 0.0017 7.58038 -0.0023 7.58038 0.0011 7.58038 -0.0012 7.58038 0.0027 7.58038 -0.0038 
7.66048 4.7105 7.66048 -4.8442 7.66048 0.0082 7.66048 -0.0135 7.66048 0.0024 7.66048 -0.0046 7.66048 0.0011 7.66048 -0.0017 7.66048 0.0013 7.66048 -0.0021 7.66048 0.0012 7.66048 -0.0014 7.66048 0.0022 7.66048 -0.0037 
7.74068 4.2669 7.74068 -4.539 7.74068 0.0072 7.74068 -0.0117 7.74068 0.002 7.74068 -0.0037 7.74068 0.0009 7.74068 -0.0015 7.74068 0.001 7.74068 -0.0017 7.74068 0.0013 7.74068 -0.0015 7.74068 0.002 7.74068 -0.0033 
7.82088 4.1885 7.82088 -4.2103 7.82088 0.0078 7.82088 -0.0103 7.82088 0.0021 7.82088 -0.0029 7.82088 0.001 7.82088 -0.0014 7.82088 0.001 7.82088 -0.0013 7.82088 0.0016 7.82088 -0.0017 7.82088 0.0021 7.82088 -0.003 
7.90098 4.3077 7.90098 -3.9748 7.90098 0.0098 7.90098 -0.0102 7.90098 0.0026 7.90098 -0.0027 7.90098 0.0013 7.90098 -0.0014 7.90098 0.0013 7.90098 -0.0012 7.90098 0.002 7.90098 -0.0019 7.90098 0.0026 7.90098 -0.003 
7.98118 4.3596 7.98118 -3.9408 7.98118 0.0118 7.98118 -0.0116 7.98118 0.0032 7.98118 -0.0031 7.98118 0.0015 7.98118 -0.0015 7.98118 0.0016 7.98118 -0.0013 7.98118 0.0024 7.98118 -0.0022 7.98118 0.0031 7.98118 -0.0035 
8.06128 4.2341 8.06128 -4.1055 8.06128 0.0132 8.06128 -0.0139 8.06128 0.0037 8.06128 -0.0038 8.06128 0.0017 8.06128 -0.0018 8.06128 0.0018 8.06128 -0.0016 8.06128 0.0027 8.06128 -0.0026 8.06128 0.0033 8.06128 -0.0041 
8.14148 4.0341 8.14148 -4.305 8.14148 0.0142 8.14148 -0.0164 8.14148 0.0041 8.14148 -0.0046 8.14148 0.0017 8.14148 -0.0021 8.14148 0.002 8.14148 -0.002 8.14148 0.0031 8.14148 -0.0029 8.14148 0.0033 8.14148 -0.0048 
8.22168 3.9129 8.22168 -4.3703 8.22168 0.0157 8.22168 -0.0189 8.22168 0.0046 8.22168 -0.0053 8.22168 0.0018 8.22168 -0.0025 8.22168 0.0022 8.22168 -0.0023 8.22168 0.0037 8.22168 -0.0031 8.22168 0.0034 8.22168 -0.0057 
8.30178 3.91 8.30178 -4.2722 8.30178 0.0175 8.30178 -0.0211 8.30178 0.005 8.30178 -0.0058 8.30178 0.0019 8.30178 -0.0029 8.30178 0.0025 8.30178 -0.0026 8.30178 0.0044 8.30178 -0.0032 8.30178 0.0037 8.30178 -0.0066 
8.38198 3.9713 8.38198 -4.096 8.38198 0.019 8.38198 -0.0226 8.38198 0.0051 8.38198 -0.0059 8.38198 0.0021 8.38198 -0.0033 8.38198 0.0025 8.38198 -0.0028 8.38198 0.0051 8.38198 -0.0033 8.38198 0.0042 8.38198 -0.0073 
8.46218 4.054 8.46218 -3.9644 8.46218 0.02 8.46218 -0.0236 8.46218 0.0048 8.46218 -0.0058 8.46218 0.0024 8.46218 -0.0036 8.46218 0.0024 8.46218 -0.0028 8.46218 0.0055 8.46218 -0.0037 8.46218 0.0049 8.46218 -0.0077 
8.54228 4.118 8.54228 -3.9749 8.54228 0.0205 8.54228 -0.0255 8.54228 0.0043 8.54228 -0.0059 8.54228 0.0027 8.54228 -0.0039 8.54228 0.0022 8.54228 -0.0029 8.54228 0.0058 8.54228 -0.0046 8.54228 0.0055 8.54228 -0.0082 
8.62248 4.0698 8.62248 -4.1145 8.62248 0.0198 8.62248 -0.0283 8.62248 0.0037 8.62248 -0.0062 8.62248 0.0027 8.62248 -0.0043 8.62248 0.0019 8.62248 -0.0032 8.62248 0.0059 8.62248 -0.0058 8.62248 0.0056 8.62248 -0.0088 
8.70258 3.8266 8.70258 -4.225 8.70258 0.018 8.70258 -0.0309 8.70258 0.0032 8.70258 -0.0066 8.70258 0.0024 8.70258 -0.0046 8.70258 0.0017 8.70258 -0.0034 8.70258 0.0057 8.70258 -0.0069 8.70258 0.005 8.70258 -0.0094 
8.78278 3.4134 8.78278 -4.126 8.78278 0.016 8.78278 -0.0311 8.78278 0.003 8.78278 -0.0063 8.78278 0.002 8.78278 -0.0047 8.78278 0.0016 8.78278 -0.0033 8.78278 0.0052 8.78278 -0.0074 8.78278 0.0042 8.78278 -0.0094 
8.86298 2.9566 8.86298 -3.7758 8.86298 0.0151 8.86298 -0.029 8.86298 0.003 8.86298 -0.0056 8.86298 0.0019 8.86298 -0.0045 8.86298 0.0017 8.86298 -0.0029 8.86298 0.0047 8.86298 -0.007 8.86298 0.0038 8.86298 -0.009 
8.94308 2.6168 8.94308 -3.2744 8.94308 0.0147 8.94308 -0.0251 8.94308 0.003 8.94308 -0.0046 8.94308 0.002 8.94308 -0.0041 8.94308 0.0017 8.94308 -0.0024 8.94308 0.0043 8.94308 -0.0061 8.94308 0.0037 8.94308 -0.0079 
9.02328 2.4842 9.02328 -2.7622 9.02328 0.0148 9.02328 -0.0209 9.02328 0.0028 9.02328 -0.0037 9.02328 0.0022 9.02328 -0.0034 9.02328 0.0016 9.02328 -0.002 9.02328 0.0042 9.02328 -0.0055 9.02328 0.004 9.02328 -0.0063 
9.10338 2.4678 9.10338 -2.3499 9.10338 0.0148 9.10338 -0.0168 9.10338 0.0025 9.10338 -0.003 9.10338 0.0024 9.10338 -0.0024 9.10338 0.0014 9.10338 -0.0017 9.10338 0.0042 9.10338 -0.0053 9.10338 0.0043 9.10338 -0.0044 
9.18358 2.3407 9.18358 -2.0637 9.18358 0.0137 9.18358 -0.0135 9.18358 0.0021 9.18358 -0.0024 9.18358 0.0023 9.18358 -0.0015 9.18358 0.0012 9.18358 -0.0014 9.18358 0.0039 9.18358 -0.0054 9.18358 0.0042 9.18358 -0.0028 
9.26378 1.9638 9.26378 -1.8154 9.26378 0.0109 9.26378 -0.0107 9.26378 0.0017 9.26378 -0.0018 9.26378 0.0018 9.26378 -0.0009 9.26378 0.0009 9.26378 -0.0011 9.26378 0.003 9.26378 -0.0051 9.26378 0.0035 9.26378 -0.0018 
9.34388 1.4201 9.34388 -1.4901 9.34388 0.0074 9.34388 -0.0081 9.34388 0.0012 9.34388 -0.0013 9.34388 0.0012 9.34388 -0.0006 9.34388 0.0006 9.34388 -0.0009 9.34388 0.002 9.34388 -0.004 9.34388 0.0024 9.34388 -0.0013 
9.42408 0.8997 9.42408 -1.0877 9.42408 0.0044 9.42408 -0.0055 9.42408 0.0008 9.42408 -0.0009 9.42408 0.0007 9.42408 -0.0004 9.42408 0.0004 9.42408 -0.0006 9.42408 0.0012 9.42408 -0.0027 9.42408 0.0013 9.42408 -0.0009 
9.50418 0.5195 9.50418 -0.7154 9.50418 0.0021 9.50418 -0.0033 9.50418 0.0004 9.50418 -0.0005 9.50418 0.0003 9.50418 -0.0003 9.50418 0.0002 9.50418 -0.0004 9.50418 0.0006 9.50418 -0.0015 9.50418 0.0006 9.50418 -0.0006 
9.58438 0.2814 9.58438 -0.4479 9.58438 0.0009 9.58438 -0.0018 9.58438 0.0002 9.58438 -0.0003 9.58438 0.0001 9.58438 -0.0002 9.58438 0.0001 9.58438 -0.0002 9.58438 0.0003 9.58438 -0.0008 9.58438 0.0002 9.58438 -0.0003 
9.66458 0.1404 9.66458 -0.2703 9.66458 0.0003 9.66458 -0.0009 9.66458 0.0001 9.66458 -0.0001 9.66458 0 9.66458 -0.0001 9.66458 0 9.66458 -0.0001 9.66458 0.0001 9.66458 -0.0004 9.66458 0.0001 9.66458 -0.0002 
9.74468 0.0608 9.74468 -0.146 9.74468 0.0001 9.74468 -0.0006 9.74468 0 9.74468 -0.0001 9.74468 0 9.74468 -0.0001 9.74468 0 9.74468 -0.0001 9.74468 0.0001 9.74468 -0.0002 9.74468 0 9.74468 -0.0001 
9.82488 0.0214 9.82488 -0.0642 9.82488 0 9.82488 -0.0001 9.82488 0 9.82488 -0 9.82488 0 9.82488 -0 9.82488 0 9.82488 -0 9.82488 0 9.82488 -0.0001 9.82488 0 9.82488 -0 
9.90498 0.0059 9.90498 -0.0217 9.90498 0 9.90498 -0 9.90498 0 9.90498 -0 9.90498 0 9.90498 -0 9.90498 0 9.90498 -0 9.90498 0 9.90498 -0 9.90498 0 9.90498 -0 
9.98518 0.0012 9.98518 -0.0055 9.98518 0 9.98518 -0 9.98518 0 9.98518 -0 9.98518 0 9.98518 -0 9.98518 0 9.98518 -0 9.98518 0 9.98518 -0 9.98518 0 9.98518 -0 
10.0654 0.0002 10.0654 -0.001 10.0654 0 10.0654 -0 10.0654 0 10.0654 -0 10.0654 0 10.0654 -0 10.0654 0 10.0654 -0 10.0654 0 10.0654 -0 10.0654 0 10.0654 -0 
10.1455 0.0 10.1455 -0.0001 10.1455 0 10.1455 -0 10.1455 0 10.1455 -0 10.1455 0 10.1455 -0 10.1455 0 10.1455 -0 10.1455 0 10.1455 -0 10.1455 0 10.1455 -0 
10.2257 0.0 10.2257 -0 10.2257 0 10.2257 -0 10.2257 0 10.2257 -0 10.2257 0 10.2257 -0 10.2257 0 10.2257 -0 10.2257 0 10.2257 -0 10.2257 0 10.2257 -0 
10.3058 0.0 10.3058 -0 10.3058 0 10.3058 -0 10.3058 0 10.3058 -0 10.3058 0 10.3058 -0 10.3058 0 10.3058 -0 10.3058 0 10.3058 -0 10.3058 0 10.3058 -0 
10.386 0.0 10.386 -0 10.386 0 10.386 -0 10.386 0 10.386 -0 10.386 0 10.386 -0 10.386 0 10.386 -0 10.386 0 10.386 -0 10.386 0 10.386 -0 
10.4662 0.0 10.4662 -0 10.4662 0 10.4662 -0 10.4662 0 10.4662 -0 10.4662 0 10.4662 -0 10.4662 0 10.4662 -0 10.4662 0 10.4662 -0 10.4662 0 10.4662 -0 
10.5463 0.0 10.5463 -0 10.5463 0 10.5463 -0 10.5463 0 10.5463 -0 10.5463 0 10.5463 -0 10.5463 0 10.5463 -0 10.5463 0 10.5463 -0 10.5463 0 10.5463 -0 
10.6265 0.0 10.6265 -0 10.6265 0 10.6265 -0 10.6265 0 10.6265 -0 10.6265 0 10.6265 -0 10.6265 0 10.6265 -0 10.6265 0 10.6265 -0 10.6265 0 10.6265 -0 
10.7066 0.0 10.7066 -0 10.7066 0 10.7066 -0 10.7066 0 10.7066 -0 10.7066 0 10.7066 -0 10.7066 0 10.7066 -0 10.7066 0 10.7066 -0 10.7066 0 10.7066 -0 
10.7868 0.0 10.7868 -0 10.7868 0 10.7868 -0 10.7868 0 10.7868 -0 10.7868 0 10.7868 -0 10.7868 0 10.7868 -0 10.7868 0 10.7868 -0 10.7868 0 10.7868 -0 
10.867 0.0 10.867 -0 10.867 0 10.867 -0 10.867 0 10.867 -0 10.867 0 10.867 -0 10.867 0 10.867 -0 10.867 0 10.867 -0 10.867 0 10.867 -0 
10.9471 0.0 10.9471 -0 10.9471 0 10.9471 -0 10.9471 0 10.9471 -0 10.9471 0 10.9471 -0 10.9471 0 10.9471 -0 10.9471 0 10.9471 -0 10.9471 0 10.9471 -0 
11.0273 0.0 11.0273 -0 11.0273 0 11.0273 -0 11.0273 0 11.0273 -0 11.0273 0 11.0273 -0 11.0273 0 11.0273 -0 11.0273 0 11.0273 -0 11.0273 0 11.0273 -0 
11.1074 0.0 11.1074 -0 11.1074 0 11.1074 -0 11.1074 0 11.1074 -0 11.1074 0 11.1074 -0 11.1074 0 11.1074 -0 11.1074 0 11.1074 -0 11.1074 0 11.1074 -0 
11.1876 0.0 11.1876 -0 11.1876 0 11.1876 -0 11.1876 0 11.1876 -0 11.1876 0 11.1876 -0 11.1876 0 11.1876 -0 11.1876 0 11.1876 -0 11.1876 0 11.1876 -0 
11.2678 0.0 11.2678 -0 11.2678 0 11.2678 -0 11.2678 0 11.2678 -0 11.2678 0 11.2678 -0 11.2678 0 11.2678 -0 11.2678 0 11.2678 -0 11.2678 0 11.2678 -0 
11.3479 0.0 11.3479 -0 11.3479 0 11.3479 -0 11.3479 0 11.3479 -0 11.3479 0 11.3479 -0 11.3479 0 11.3479 -0 11.3479 0 11.3479 -0 11.3479 0 11.3479 -0 
11.4281 0.0 11.4281 -0 11.4281 0 11.4281 -0 11.4281 0 11.4281 -0 11.4281 0 11.4281 -0 11.4281 0 11.4281 -0 11.4281 0 11.4281 -0 11.4281 0 11.4281 -0 
11.5082 0.0 11.5082 -0 11.5082 0 11.5082 -0 11.5082 0 11.5082 -0 11.5082 0 11.5082 -0 11.5082 0 11.5082 -0 11.5082 0 11.5082 -0 11.5082 0 11.5082 -0 
11.5884 0.0 11.5884 -0 11.5884 0 11.5884 -0 11.5884 0 11.5884 -0 11.5884 0 11.5884 -0 11.5884 0 11.5884 -0 11.5884 0 11.5884 -0 11.5884 0 11.5884 -0 
11.6686 0.0 11.6686 -0 11.6686 0 11.6686 -0 11.6686 0 11.6686 -0 11.6686 0 11.6686 -0 11.6686 0 11.6686 -0 11.6686 0 11.6686 -0 11.6686 0 11.6686 -0 
11.7487 0.0 11.7487 -0 11.7487 0 11.7487 -0 11.7487 0 11.7487 -0 11.7487 0 11.7487 -0 11.7487 0 11.7487 -0 11.7487 0 11.7487 -0 11.7487 0 11.7487 -0 
11.8289 0.0 11.8289 -0 11.8289 0 11.8289 -0 11.8289 0 11.8289 -0 11.8289 0 11.8289 -0 11.8289 0 11.8289 -0 11.8289 0 11.8289 -0 11.8289 0 11.8289 -0 
11.909 0.0 11.909 -0 11.909 0 11.909 -0 11.909 0 11.909 -0 11.909 0 11.909 -0 11.909 0 11.909 -0 11.909 0 11.909 -0 11.909 0 11.909 -0 
11.9892 0.0 11.9892 -0 11.9892 0 11.9892 -0 11.9892 0 11.9892 -0 11.9892 0 11.9892 -0 11.9892 0 11.9892 -0 11.9892 0 11.9892 -0 11.9892 0 11.9892 -0 
12.0694 0.0 12.0694 -0 12.0694 0 12.0694 -0 12.0694 0 12.0694 -0 12.0694 0 12.0694 -0 12.0694 0 12.0694 -0 12.0694 0 12.0694 -0 12.0694 0 12.0694 -0 
12.1495 0.0 12.1495 -0 12.1495 0 12.1495 -0 12.1495 0 12.1495 -0 12.1495 0 12.1495 -0 12.1495 0 12.1495 -0 12.1495 0 12.1495 -0 12.1495 0 12.1495 -0 
12.2297 0.0 12.2297 -0 12.2297 0 12.2297 -0 12.2297 0 12.2297 -0 12.2297 0 12.2297 -0 12.2297 0 12.2297 -0 12.2297 0 12.2297 -0 12.2297 0 12.2297 -0 
12.3098 0.0 12.3098 -0 12.3098 0 12.3098 -0 12.3098 0 12.3098 -0 12.3098 0 12.3098 -0 12.3098 0 12.3098 -0 12.3098 0 12.3098 -0 12.3098 0 12.3098 -0 
12.39 0.0 12.39 -0 12.39 0 12.39 -0 12.39 0 12.39 -0 12.39 0 12.39 -0 12.39 0 12.39 -0 12.39 0 12.39 -0 12.39 0 12.39 -0 
12.4702 0.0 12.4702 -0 12.4702 0 12.4702 -0 12.4702 0 12.4702 -0 12.4702 0 12.4702 -0 12.4702 0 12.4702 -0 12.4702 0 12.4702 -0 12.4702 0 12.4702 -0 
12.5503 0.0 12.5503 -0 12.5503 0 12.5503 -0 12.5503 0 12.5503 -0 12.5503 0 12.5503 -0 12.5503 0 12.5503 -0 12.5503 0 12.5503 -0 12.5503 0 12.5503 -0 
12.6305 0.0 12.6305 -0 12.6305 0 12.6305 -0 12.6305 0 12.6305 -0 12.6305 0 12.6305 -0 12.6305 0 12.6305 -0 12.6305 0 12.6305 -0 12.6305 0 12.6305 -0 
12.7106 0.0 12.7106 -0 12.7106 0 12.7106 -0 12.7106 0 12.7106 -0 12.7106 0 12.7106 -0 12.7106 0 12.7106 -0 12.7106 0 12.7106 -0 12.7106 0 12.7106 -0 
12.7908 0.0 12.7908 -0 12.7908 0 12.7908 -0 12.7908 0 12.7908 -0 12.7908 0 12.7908 -0 12.7908 0 12.7908 -0 12.7908 0 12.7908 -0 12.7908 0 12.7908 -0 
12.871 0.0 12.871 -0 12.871 0 12.871 -0 12.871 0 12.871 -0 12.871 0 12.871 -0 12.871 0 12.871 -0 12.871 0 12.871 -0 12.871 0 12.871 -0 
12.9511 0.0 12.9511 -0 12.9511 0 12.9511 -0 12.9511 0 12.9511 -0 12.9511 0 12.9511 -0 12.9511 0 12.9511 -0 12.9511 0 12.9511 -0 12.9511 0 12.9511 -0 
13.0313 0.0 13.0313 -0 13.0313 0 13.0313 -0 13.0313 0 13.0313 -0 13.0313 0 13.0313 -0 13.0313 0 13.0313 -0 13.0313 0 13.0313 -0 13.0313 0 13.0313 -0 
13.1114 0.0 13.1114 -0 13.1114 0 13.1114 -0 13.1114 0 13.1114 -0 13.1114 0 13.1114 -0 13.1114 0 13.1114 -0 13.1114 0 13.1114 -0 13.1114 0 13.1114 -0 
13.1916 0.0 13.1916 -0 13.1916 0 13.1916 -0 13.1916 0 13.1916 -0 13.1916 0 13.1916 -0 13.1916 0 13.1916 -0 13.1916 0 13.1916 -0 13.1916 0 13.1916 -0 
13.2718 0.0 13.2718 -0 13.2718 0 13.2718 -0 13.2718 0 13.2718 -0 13.2718 0 13.2718 -0 13.2718 0 13.2718 -0 13.2718 0 13.2718 -0 13.2718 0 13.2718 -0 
13.3519 0.0 13.3519 -0 13.3519 0 13.3519 -0 13.3519 0 13.3519 -0 13.3519 0 13.3519 -0 13.3519 0 13.3519 -0 13.3519 0 13.3519 -0 13.3519 0 13.3519 -0 
13.4321 0.0 13.4321 -0 13.4321 0 13.4321 -0 13.4321 0 13.4321 -0 13.4321 0 13.4321 -0 13.4321 0 13.4321 -0 13.4321 0 13.4321 -0 13.4321 0 13.4321 -0 
13.5123 0.0 13.5123 -0 13.5123 0 13.5123 -0 13.5123 0 13.5123 -0 13.5123 0 13.5123 -0 13.5123 0 13.5123 -0 13.5123 0 13.5123 -0 13.5123 0 13.5123 -0 
13.5924 0.0 13.5924 -0 13.5924 0 13.5924 -0 13.5924 0 13.5924 -0 13.5924 0 13.5924 -0 13.5924 0 13.5924 -0 13.5924 0 13.5924 -0 13.5924 0 13.5924 -0 
13.6726 0.0 13.6726 -0 13.6726 0 13.6726 -0 13.6726 0 13.6726 -0 13.6726 0 13.6726 -0 13.6726 0 13.6726 -0 13.6726 0 13.6726 -0 13.6726 0 13.6726 -0 
13.7527 0.0 13.7527 -0 13.7527 0 13.7527 -0 13.7527 0 13.7527 -0 13.7527 0 13.7527 -0 13.7527 0 13.7527 -0 13.7527 0 13.7527 -0 13.7527 0 13.7527 -0 
13.8329 0.0 13.8329 -0 13.8329 0 13.8329 -0 13.8329 0 13.8329 -0 13.8329 0 13.8329 -0 13.8329 0 13.8329 -0 13.8329 0 13.8329 -0 13.8329 0 13.8329 -0 
13.9131 0.0 13.9131 -0 13.9131 0 13.9131 -0 13.9131 0 13.9131 -0 13.9131 0 13.9131 -0 13.9131 0 13.9131 -0 13.9131 0 13.9131 -0 13.9131 0 13.9131 -0 
13.9932 0.0 13.9932 -0 13.9932 0 13.9932 -0 13.9932 0 13.9932 -0 13.9932 0 13.9932 -0 13.9932 0 13.9932 -0 13.9932 0 13.9932 -0 13.9932 0 13.9932 -0 
14.0734 0.0 14.0734 -0 14.0734 0 14.0734 -0 14.0734 0 14.0734 -0 14.0734 0 14.0734 -0 14.0734 0 14.0734 -0 14.0734 0 14.0734 -0 14.0734 0 14.0734 -0 
14.1535 0.0 14.1535 -0 14.1535 0 14.1535 -0 14.1535 0 14.1535 -0 14.1535 0 14.1535 -0 14.1535 0 14.1535 -0 14.1535 0 14.1535 -0 14.1535 0 14.1535 -0 
14.2337 0.0 14.2337 -0 14.2337 0 14.2337 -0 14.2337 0 14.2337 -0 14.2337 0 14.2337 -0 14.2337 0 14.2337 -0 14.2337 0 14.2337 -0 14.2337 0 14.2337 -0 
14.3139 0.0 14.3139 -0 14.3139 0 14.3139 -0 14.3139 0 14.3139 -0 14.3139 0 14.3139 -0 14.3139 0 14.3139 -0 14.3139 0 14.3139 -0 14.3139 0 14.3139 -0 
14.394 0.0 14.394 -0 14.394 0 14.394 -0 14.394 0 14.394 -0 14.394 0 14.394 -0 14.394 0 14.394 -0 14.394 0 14.394 -0 14.394 0 14.394 -0 
14.4742 0.0 14.4742 -0 14.4742 0 14.4742 -0 14.4742 0 14.4742 -0 14.4742 0 14.4742 -0 14.4742 0 14.4742 -0 14.4742 0 14.4742 -0 14.4742 0 14.4742 -0 
14.5543 0.0 14.5543 -0 14.5543 0 14.5543 -0 14.5543 0 14.5543 -0 14.5543 0 14.5543 -0 14.5543 0 14.5543 -0 14.5543 0 14.5543 -0 14.5543 0 14.5543 -0 
14.6345 0.0 14.6345 -0 14.6345 0 14.6345 -0 14.6345 0 14.6345 -0 14.6345 0 14.6345 -0 14.6345 0 14.6345 -0 14.6345 0 14.6345 -0 14.6345 0 14.6345 -0 
14.7147 0.0 14.7147 -0 14.7147 0 14.7147 -0 14.7147 0 14.7147 -0 14.7147 0 14.7147 -0 14.7147 0 14.7147 -0 14.7147 0 14.7147 -0 14.7147 0 14.7147 -0 
14.7948 0.0 14.7948 -0 14.7948 0 14.7948 -0 14.7948 0 14.7948 -0 14.7948 0 14.7948 -0 14.7948 0 14.7948 -0 14.7948 0 14.7948 -0 14.7948 0 14.7948 -0 
14.875 0.0 14.875 -0 14.875 0 14.875 -0 14.875 0 14.875 -0 14.875 0 14.875 -0 14.875 0 14.875 -0 14.875 0 14.875 -0 14.875 0 14.875 -0 
14.9551 0.0 14.9551 -0 14.9551 0 14.9551 -0 14.9551 0 14.9551 -0 14.9551 0 14.9551 -0 14.9551 0 14.9551 -0 14.9551 0 14.9551 -0 14.9551 0 14.9551 -0 
15.0353 0.0 15.0353 -0 15.0353 0 15.0353 -0 15.0353 0 15.0353 -0 15.0353 0 15.0353 -0 15.0353 0 15.0353 -0 15.0353 0 15.0353 -0 15.0353 0 15.0353 -0 
15.1155 0.0 15.1155 -0 15.1155 0 15.1155 -0 15.1155 0 15.1155 -0 15.1155 0 15.1155 -0 15.1155 0 15.1155 -0 15.1155 0 15.1155 -0 15.1155 0 15.1155 -0 
15.1956 0.0 15.1956 -0 15.1956 0 15.1956 -0 15.1956 0 15.1956 -0 15.1956 0 15.1956 -0 15.1956 0 15.1956 -0 15.1956 0 15.1956 -0 15.1956 0 15.1956 -0 
15.2758 0.0 15.2758 -0 15.2758 0 15.2758 -0 15.2758 0 15.2758 -0 15.2758 0 15.2758 -0 15.2758 0 15.2758 -0 15.2758 0 15.2758 -0 15.2758 0 15.2758 -0 
15.3559 0.0 15.3559 -0 15.3559 0 15.3559 -0 15.3559 0 15.3559 -0 15.3559 0 15.3559 -0 15.3559 0 15.3559 -0 15.3559 0 15.3559 -0 15.3559 0 15.3559 -0 
15.4361 0.0 15.4361 -0 15.4361 0 15.4361 -0 15.4361 0 15.4361 -0 15.4361 0 15.4361 -0 15.4361 0 15.4361 -0 15.4361 0 15.4361 -0 15.4361 0 15.4361 -0 
15.5163 0.0 15.5163 -0 15.5163 0 15.5163 -0 15.5163 0 15.5163 -0 15.5163 0 15.5163 -0 15.5163 0 15.5163 -0 15.5163 0 15.5163 -0 15.5163 0 15.5163 -0 
15.5964 0.0 15.5964 -0 15.5964 0 15.5964 -0 15.5964 0 15.5964 -0 15.5964 0 15.5964 -0 15.5964 0 15.5964 -0 15.5964 0 15.5964 -0 15.5964 0 15.5964 -0 
15.6766 0.0 15.6766 -0 15.6766 0 15.6766 -0 15.6766 0 15.6766 -0 15.6766 0 15.6766 -0 15.6766 0 15.6766 -0 15.6766 0 15.6766 -0 15.6766 0 15.6766 -0 
15.7567 0.0 15.7567 -0 15.7567 0 15.7567 -0 15.7567 0 15.7567 -0 15.7567 0 15.7567 -0 15.7567 0 15.7567 -0 15.7567 0 15.7567 -0 15.7567 0 15.7567 -0 
15.8369 0.0 15.8369 -0 15.8369 0 15.8369 -0 15.8369 0 15.8369 -0 15.8369 0 15.8369 -0 15.8369 0 15.8369 -0 15.8369 0 15.8369 -0 15.8369 0 15.8369 -0 
