-24.8397 24.95 -24.8397 -24.95 -24.8397 0 -24.8397 -0 -24.8397 0 -24.8397 -0 -24.8397 0 -24.8397 -0 -24.8397 0 -24.8397 -0 -24.8397 0 -24.8397 -0 -24.8397 0 -24.8397 -0 
-24.7595 0.0 -24.7595 -0 -24.7595 0 -24.7595 -0 -24.7595 0 -24.7595 -0 -24.7595 0 -24.7595 -0 -24.7595 0 -24.7595 -0 -24.7595 0 -24.7595 -0 -24.7595 0 -24.7595 -0 
-24.6794 0.0 -24.6794 -0 -24.6794 0 -24.6794 -0 -24.6794 0 -24.6794 -0 -24.6794 0 -24.6794 -0 -24.6794 0 -24.6794 -0 -24.6794 0 -24.6794 -0 -24.6794 0 -24.6794 -0 
-24.5992 0.0 -24.5992 -0 -24.5992 0 -24.5992 -0 -24.5992 0 -24.5992 -0 -24.5992 0 -24.5992 -0 -24.5992 0 -24.5992 -0 -24.5992 0 -24.5992 -0 -24.5992 0 -24.5992 -0 
-24.5191 0.0 -24.5191 -0 -24.5191 0 -24.5191 -0 -24.5191 0 -24.5191 -0 -24.5191 0 -24.5191 -0 -24.5191 0 -24.5191 -0 -24.5191 0 -24.5191 -0 -24.5191 0 -24.5191 -0 
-24.4389 0.0 -24.4389 -0 -24.4389 0 -24.4389 -0 -24.4389 0 -24.4389 -0 -24.4389 0 -24.4389 -0 -24.4389 0 -24.4389 -0 -24.4389 0 -24.4389 -0 -24.4389 0 -24.4389 -0 
-24.3587 0.0 -24.3587 -0 -24.3587 0 -24.3587 -0 -24.3587 0 -24.3587 -0 -24.3587 0 -24.3587 -0 -24.3587 0 -24.3587 -0 -24.3587 0 -24.3587 -0 -24.3587 0 -24.3587 -0 
-24.2786 0.0 -24.2786 -0 -24.2786 0 -24.2786 -0 -24.2786 0 -24.2786 -0 -24.2786 0 -24.2786 -0 -24.2786 0 -24.2786 -0 -24.2786 0 -24.2786 -0 -24.2786 0 -24.2786 -0 
-24.1984 0.0 -24.1984 -0 -24.1984 0 -24.1984 -0 -24.1984 0 -24.1984 -0 -24.1984 0 -24.1984 -0 -24.1984 0 -24.1984 -0 -24.1984 0 -24.1984 -0 -24.1984 0 -24.1984 -0 
-24.1183 0.0 -24.1183 -0 -24.1183 0 -24.1183 -0 -24.1183 0 -24.1183 -0 -24.1183 0 -24.1183 -0 -24.1183 0 -24.1183 -0 -24.1183 0 -24.1183 -0 -24.1183 0 -24.1183 -0 
-24.0381 0.0 -24.0381 -0 -24.0381 0 -24.0381 -0 -24.0381 0 -24.0381 -0 -24.0381 0 -24.0381 -0 -24.0381 0 -24.0381 -0 -24.0381 0 -24.0381 -0 -24.0381 0 -24.0381 -0 
-23.9579 0.0 -23.9579 -0 -23.9579 0 -23.9579 -0 -23.9579 0 -23.9579 -0 -23.9579 0 -23.9579 -0 -23.9579 0 -23.9579 -0 -23.9579 0 -23.9579 -0 -23.9579 0 -23.9579 -0 
-23.8778 0.0 -23.8778 -0 -23.8778 0 -23.8778 -0 -23.8778 0 -23.8778 -0 -23.8778 0 -23.8778 -0 -23.8778 0 -23.8778 -0 -23.8778 0 -23.8778 -0 -23.8778 0 -23.8778 -0 
-23.7976 0.0 -23.7976 -0 -23.7976 0 -23.7976 -0 -23.7976 0 -23.7976 -0 -23.7976 0 -23.7976 -0 -23.7976 0 -23.7976 -0 -23.7976 0 -23.7976 -0 -23.7976 0 -23.7976 -0 
-23.7175 0.0 -23.7175 -0 -23.7175 0 -23.7175 -0 -23.7175 0 -23.7175 -0 -23.7175 0 -23.7175 -0 -23.7175 0 -23.7175 -0 -23.7175 0 -23.7175 -0 -23.7175 0 -23.7175 -0 
-23.6373 0.0 -23.6373 -0 -23.6373 0 -23.6373 -0 -23.6373 0 -23.6373 -0 -23.6373 0 -23.6373 -0 -23.6373 0 -23.6373 -0 -23.6373 0 -23.6373 -0 -23.6373 0 -23.6373 -0 
-23.5571 0.0 -23.5571 -0 -23.5571 0 -23.5571 -0 -23.5571 0 -23.5571 -0 -23.5571 0 -23.5571 -0 -23.5571 0 -23.5571 -0 -23.5571 0 -23.5571 -0 -23.5571 0 -23.5571 -0 
-23.477 0.0 -23.477 -0 -23.477 0 -23.477 -0 -23.477 0 -23.477 -0 -23.477 0 -23.477 -0 -23.477 0 -23.477 -0 -23.477 0 -23.477 -0 -23.477 0 -23.477 -0 
-23.3968 0.0 -23.3968 -0 -23.3968 0 -23.3968 -0 -23.3968 0 -23.3968 -0 -23.3968 0 -23.3968 -0 -23.3968 0 -23.3968 -0 -23.3968 0 -23.3968 -0 -23.3968 0 -23.3968 -0 
-23.3167 0.0 -23.3167 -0 -23.3167 0 -23.3167 -0 -23.3167 0 -23.3167 -0 -23.3167 0 -23.3167 -0 -23.3167 0 -23.3167 -0 -23.3167 0 -23.3167 -0 -23.3167 0 -23.3167 -0 
-23.2365 0.0 -23.2365 -0 -23.2365 0 -23.2365 -0 -23.2365 0 -23.2365 -0 -23.2365 0 -23.2365 -0 -23.2365 0 -23.2365 -0 -23.2365 0 -23.2365 -0 -23.2365 0 -23.2365 -0 
-23.1563 0.0 -23.1563 -0 -23.1563 0 -23.1563 -0 -23.1563 0 -23.1563 -0 -23.1563 0 -23.1563 -0 -23.1563 0 -23.1563 -0 -23.1563 0 -23.1563 -0 -23.1563 0 -23.1563 -0 
-23.0762 0.0 -23.0762 -0 -23.0762 0 -23.0762 -0 -23.0762 0 -23.0762 -0 -23.0762 0 -23.0762 -0 -23.0762 0 -23.0762 -0 -23.0762 0 -23.0762 -0 -23.0762 0 -23.0762 -0 
-22.996 0.0 -22.996 -0 -22.996 0 -22.996 -0 -22.996 0 -22.996 -0 -22.996 0 -22.996 -0 -22.996 0 -22.996 -0 -22.996 0 -22.996 -0 -22.996 0 -22.996 -0 
-22.9159 0.0 -22.9159 -0 -22.9159 0 -22.9159 -0 -22.9159 0 -22.9159 -0 -22.9159 0 -22.9159 -0 -22.9159 0 -22.9159 -0 -22.9159 0 -22.9159 -0 -22.9159 0 -22.9159 -0 
-22.8357 0.0 -22.8357 -0 -22.8357 0 -22.8357 -0 -22.8357 0 -22.8357 -0 -22.8357 0 -22.8357 -0 -22.8357 0 -22.8357 -0 -22.8357 0 -22.8357 -0 -22.8357 0 -22.8357 -0 
-22.7555 0.0 -22.7555 -0 -22.7555 0 -22.7555 -0 -22.7555 0 -22.7555 -0 -22.7555 0 -22.7555 -0 -22.7555 0 -22.7555 -0 -22.7555 0 -22.7555 -0 -22.7555 0 -22.7555 -0 
-22.6754 0.0 -22.6754 -0 -22.6754 0 -22.6754 -0 -22.6754 0 -22.6754 -0 -22.6754 0 -22.6754 -0 -22.6754 0 -22.6754 -0 -22.6754 0 -22.6754 -0 -22.6754 0 -22.6754 -0 
-22.5952 0.0 -22.5952 -0 -22.5952 0 -22.5952 -0 -22.5952 0 -22.5952 -0 -22.5952 0 -22.5952 -0 -22.5952 0 -22.5952 -0 -22.5952 0 -22.5952 -0 -22.5952 0 -22.5952 -0 
-22.5151 0.0 -22.5151 -0 -22.5151 0 -22.5151 -0 -22.5151 0 -22.5151 -0 -22.5151 0 -22.5151 -0 -22.5151 0 -22.5151 -0 -22.5151 0 -22.5151 -0 -22.5151 0 -22.5151 -0 
-22.4349 0.0 -22.4349 -0 -22.4349 0 -22.4349 -0 -22.4349 0 -22.4349 -0 -22.4349 0 -22.4349 -0 -22.4349 0 -22.4349 -0 -22.4349 0 -22.4349 -0 -22.4349 0 -22.4349 -0 
-22.3547 0.0 -22.3547 -0 -22.3547 0 -22.3547 -0 -22.3547 0 -22.3547 -0 -22.3547 0 -22.3547 -0 -22.3547 0 -22.3547 -0 -22.3547 0 -22.3547 -0 -22.3547 0 -22.3547 -0 
-22.2746 0.0 -22.2746 -0 -22.2746 0 -22.2746 -0 -22.2746 0 -22.2746 -0 -22.2746 0 -22.2746 -0 -22.2746 0 -22.2746 -0 -22.2746 0 -22.2746 -0 -22.2746 0 -22.2746 -0 
-22.1944 0.0 -22.1944 -0 -22.1944 0 -22.1944 -0 -22.1944 0 -22.1944 -0 -22.1944 0 -22.1944 -0 -22.1944 0 -22.1944 -0 -22.1944 0 -22.1944 -0 -22.1944 0 -22.1944 -0 
-22.1142 0.0 -22.1142 -0 -22.1142 0 -22.1142 -0 -22.1142 0 -22.1142 -0 -22.1142 0 -22.1142 -0 -22.1142 0 -22.1142 -0 -22.1142 0 -22.1142 -0 -22.1142 0 -22.1142 -0 
-22.0341 0.0 -22.0341 -0 -22.0341 0 -22.0341 -0 -22.0341 0 -22.0341 -0 -22.0341 0 -22.0341 -0 -22.0341 0 -22.0341 -0 -22.0341 0 -22.0341 -0 -22.0341 0 -22.0341 -0 
-21.9539 0.0 -21.9539 -0 -21.9539 0 -21.9539 -0 -21.9539 0 -21.9539 -0 -21.9539 0 -21.9539 -0 -21.9539 0 -21.9539 -0 -21.9539 0 -21.9539 -0 -21.9539 0 -21.9539 -0 
-21.8738 0.0 -21.8738 -0 -21.8738 0 -21.8738 -0 -21.8738 0 -21.8738 -0 -21.8738 0 -21.8738 -0 -21.8738 0 -21.8738 -0 -21.8738 0 -21.8738 -0 -21.8738 0 -21.8738 -0 
-21.7936 0.0 -21.7936 -0 -21.7936 0 -21.7936 -0 -21.7936 0 -21.7936 -0 -21.7936 0 -21.7936 -0 -21.7936 0 -21.7936 -0 -21.7936 0 -21.7936 -0 -21.7936 0 -21.7936 -0 
-21.7134 0.0 -21.7134 -0 -21.7134 0 -21.7134 -0 -21.7134 0 -21.7134 -0 -21.7134 0 -21.7134 -0 -21.7134 0 -21.7134 -0 -21.7134 0 -21.7134 -0 -21.7134 0 -21.7134 -0 
-21.6333 0.0 -21.6333 -0 -21.6333 0 -21.6333 -0 -21.6333 0 -21.6333 -0 -21.6333 0 -21.6333 -0 -21.6333 0 -21.6333 -0 -21.6333 0 -21.6333 -0 -21.6333 0 -21.6333 -0 
-21.5531 0.0 -21.5531 -0 -21.5531 0 -21.5531 -0 -21.5531 0 -21.5531 -0 -21.5531 0 -21.5531 -0 -21.5531 0 -21.5531 -0 -21.5531 0 -21.5531 -0 -21.5531 0 -21.5531 -0 
-21.473 0.0 -21.473 -0 -21.473 0 -21.473 -0 -21.473 0 -21.473 -0 -21.473 0 -21.473 -0 -21.473 0 -21.473 -0 -21.473 0 -21.473 -0 -21.473 0 -21.473 -0 
-21.3928 0.0 -21.3928 -0 -21.3928 0 -21.3928 -0 -21.3928 0 -21.3928 -0 -21.3928 0 -21.3928 -0 -21.3928 0 -21.3928 -0 -21.3928 0 -21.3928 -0 -21.3928 0 -21.3928 -0 
-21.3126 0.0 -21.3126 -0 -21.3126 0 -21.3126 -0 -21.3126 0 -21.3126 -0 -21.3126 0 -21.3126 -0 -21.3126 0 -21.3126 -0 -21.3126 0 -21.3126 -0 -21.3126 0 -21.3126 -0 
-21.2325 0.0 -21.2325 -0 -21.2325 0 -21.2325 -0 -21.2325 0 -21.2325 -0 -21.2325 0 -21.2325 -0 -21.2325 0 -21.2325 -0 -21.2325 0 -21.2325 -0 -21.2325 0 -21.2325 -0 
-21.1523 0.0 -21.1523 -0 -21.1523 0 -21.1523 -0 -21.1523 0 -21.1523 -0 -21.1523 0 -21.1523 -0 -21.1523 0 -21.1523 -0 -21.1523 0 -21.1523 -0 -21.1523 0 -21.1523 -0 
-21.0722 0.0 -21.0722 -0 -21.0722 0 -21.0722 -0 -21.0722 0 -21.0722 -0 -21.0722 0 -21.0722 -0 -21.0722 0 -21.0722 -0 -21.0722 0 -21.0722 -0 -21.0722 0 -21.0722 -0 
-20.992 0.0003 -20.992 -0 -20.992 0 -20.992 -0 -20.992 0 -20.992 -0 -20.992 0 -20.992 -0 -20.992 0 -20.992 -0 -20.992 0 -20.992 -0 -20.992 0 -20.992 -0 
-20.9118 0.0022 -20.9118 -0 -20.9118 0 -20.9118 -0 -20.9118 0 -20.9118 -0 -20.9118 0 -20.9118 -0 -20.9118 0 -20.9118 -0 -20.9118 0 -20.9118 -0 -20.9118 0 -20.9118 -0 
-20.8317 0.0124 -20.8317 -0 -20.8317 0 -20.8317 -0 -20.8317 0 -20.8317 -0 -20.8317 0 -20.8317 -0 -20.8317 0 -20.8317 -0 -20.8317 0 -20.8317 -0 -20.8317 0 -20.8317 -0 
-20.7515 0.0517 -20.7515 -0.0002 -20.7515 0 -20.7515 -0 -20.7515 0 -20.7515 -0 -20.7515 0 -20.7515 -0 -20.7515 0 -20.7515 -0 -20.7515 0 -20.7515 -0 -20.7515 0 -20.7515 -0 
-20.6714 0.1645 -20.6714 -0.0014 -20.6714 0 -20.6714 -0 -20.6714 0 -20.6714 -0 -20.6714 0 -20.6714 -0 -20.6714 0 -20.6714 -0 -20.6714 0 -20.6714 -0 -20.6714 0 -20.6714 -0 
-20.5912 0.4065 -20.5912 -0.0082 -20.5912 0 -20.5912 -0 -20.5912 0 -20.5912 -0 -20.5912 0 -20.5912 -0 -20.5912 0 -20.5912 -0 -20.5912 0 -20.5912 -0 -20.5912 0 -20.5912 -0 
-20.511 0.7984 -20.511 -0.0373 -20.511 0 -20.511 -0 -20.511 0 -20.511 -0 -20.511 0 -20.511 -0 -20.511 0 -20.511 -0 -20.511 0 -20.511 -0 -20.511 0 -20.511 -0 
-20.4309 1.2864 -20.4309 -0.1285 -20.4309 0 -20.4309 -0 -20.4309 0 -20.4309 -0 -20.4309 0 -20.4309 -0 -20.4309 0 -20.4309 -0 -20.4309 0 -20.4309 -0 -20.4309 0 -20.4309 -0 
-20.3507 1.7585 -20.3507 -0.3421 -20.3507 0 -20.3507 -0 -20.3507 0 -20.3507 -0 -20.3507 0 -20.3507 -0 -20.3507 0 -20.3507 -0 -20.3507 0 -20.3507 -0 -20.3507 0 -20.3507 -0 
-20.2706 2.0914 -20.2706 -0.7189 -20.2706 0 -20.2706 -0 -20.2706 0 -20.2706 -0 -20.2706 0 -20.2706 -0 -20.2706 0 -20.2706 -0 -20.2706 0 -20.2706 -0 -20.2706 0 -20.2706 -0 
-20.1904 2.2058 -20.1904 -1.2286 -20.1904 0 -20.1904 -0 -20.1904 0 -20.1904 -0 -20.1904 0 -20.1904 -0 -20.1904 0 -20.1904 -0 -20.1904 0 -20.1904 -0 -20.1904 0 -20.1904 -0 
-20.1102 2.177 -20.1102 -1.7699 -20.1102 0 -20.1102 -0 -20.1102 0 -20.1102 -0 -20.1102 0 -20.1102 -0 -20.1102 0 -20.1102 -0 -20.1102 0 -20.1102 -0 -20.1102 0 -20.1102 -0 
-20.0301 2.3307 -20.0301 -2.2335 -20.0301 0 -20.0301 -0 -20.0301 0 -20.0301 -0 -20.0301 0 -20.0301 -0 -20.0301 0 -20.0301 -0 -20.0301 0 -20.0301 -0 -20.0301 0 -20.0301 -0 
-19.9499 3.1091 -19.9499 -2.5936 -19.9499 0 -19.9499 -0 -19.9499 0 -19.9499 -0 -19.9499 0 -19.9499 -0 -19.9499 0 -19.9499 -0 -19.9499 0 -19.9499 -0 -19.9499 0 -19.9499 -0 
-19.8698 4.7399 -19.8698 -3.0148 -19.8698 0 -19.8698 -0 -19.8698 0 -19.8698 -0 -19.8698 0 -19.8698 -0 -19.8698 0 -19.8698 -0 -19.8698 0 -19.8698 -0 -19.8698 0 -19.8698 -0 
-19.7896 7.0883 -19.7896 -3.87 -19.7896 0 -19.7896 -0 -19.7896 0 -19.7896 -0 -19.7896 0 -19.7896 -0 -19.7896 0 -19.7896 -0 -19.7896 0 -19.7896 -0 -19.7896 0 -19.7896 -0 
-19.7094 9.8519 -19.7094 -5.4727 -19.7094 0 -19.7094 -0 -19.7094 0 -19.7094 -0 -19.7094 0 -19.7094 -0 -19.7094 0 -19.7094 -0 -19.7094 0 -19.7094 -0 -19.7094 0 -19.7094 -0 
-19.6293 12.719 -19.6293 -7.6668 -19.6293 0.0002 -19.6293 -0 -19.6293 0.0001 -19.6293 -0 -19.6293 0 -19.6293 -0 -19.6293 0.0001 -19.6293 -0 -19.6293 0 -19.6293 -0 -19.6293 0 -19.6293 -0 
-19.5491 15.1902 -19.5491 -9.7871 -19.5491 0.0004 -19.5491 -0 -19.5491 0.0001 -19.5491 -0 -19.5491 0.0001 -19.5491 -0 -19.5491 0.0001 -19.5491 -0 -19.5491 0 -19.5491 -0 -19.5491 0.0001 -19.5491 -0 
-19.469 16.5692 -19.469 -11.1384 -19.469 0.0005 -19.469 -0.0002 -19.469 0.0002 -19.469 -0.0001 -19.469 0.0001 -19.469 -0 -19.469 0.0001 -19.469 -0.0001 -19.469 0 -19.469 -0 -19.469 0.0001 -19.469 -0 
-19.3888 16.7181 -19.3888 -11.5356 -19.3888 0.0006 -19.3888 -0.0002 -19.3888 0.0002 -19.3888 -0.0001 -19.3888 0.0001 -19.3888 -0 -19.3888 0.0001 -19.3888 -0.0001 -19.3888 0.0001 -19.3888 -0 -19.3888 0.0001 -19.3888 -0 
-19.3086 16.774 -19.3086 -11.4531 -19.3086 0.0009 -19.3086 -0.0002 -19.3086 0.0003 -19.3086 -0.0001 -19.3086 0.0001 -19.3086 -0 -19.3086 0.0002 -19.3086 -0.0001 -19.3086 0.0001 -19.3086 -0 -19.3086 0.0002 -19.3086 -0 
-19.2285 18.3972 -19.2285 -11.6532 -19.2285 0.0009 -19.2285 -0.0002 -19.2285 0.0003 -19.2285 -0.0001 -19.2285 0.0001 -19.2285 -0 -19.2285 0.0002 -19.2285 -0.0001 -19.2285 0.0001 -19.2285 -0 -19.2285 0.0002 -19.2285 -0 
-19.1483 22.0223 -19.1483 -12.6444 -19.1483 0.0011 -19.1483 -0.0002 -19.1483 0.0004 -19.1483 -0.0001 -19.1483 0.0001 -19.1483 -0 -19.1483 0.0002 -19.1483 -0.0001 -19.1483 0.0002 -19.1483 -0 -19.1483 0.0002 -19.1483 -0 
-19.0682 26.1378 -19.0682 -14.6125 -19.0682 0.0014 -19.0682 -0.0004 -19.0682 0.0004 -19.0682 -0.0001 -19.0682 0.0002 -19.0682 -0.0001 -19.0682 0.0003 -19.0682 -0.0001 -19.0682 0.0002 -19.0682 -0 -19.0682 0.0003 -19.0682 -0.0001 
-18.988 28.5229 -18.988 -17.6347 -18.988 0.0016 -18.988 -0.0005 -18.988 0.0005 -18.988 -0.0001 -18.988 0.0002 -18.988 -0.0001 -18.988 0.0003 -18.988 -0.0001 -18.988 0.0002 -18.988 -0.0001 -18.988 0.0004 -18.988 -0.0001 
-18.9078 28.2871 -18.9078 -21.4488 -18.9078 0.0018 -18.9078 -0.0007 -18.9078 0.0006 -18.9078 -0.0002 -18.9078 0.0002 -18.9078 -0.0001 -18.9078 0.0003 -18.9078 -0.0002 -18.9078 0.0002 -18.9078 -0.0001 -18.9078 0.0005 -18.9078 -0.0001 
-18.8277 26.4661 -18.8277 -25.1504 -18.8277 0.0019 -18.8277 -0.0011 -18.8277 0.0006 -18.8277 -0.0003 -18.8277 0.0002 -18.8277 -0.0002 -18.8277 0.0003 -18.8277 -0.0003 -18.8277 0.0002 -18.8277 -0.0001 -18.8277 0.0006 -18.8277 -0.0002 
-18.7475 24.5304 -18.7475 -27.5925 -18.7475 0.0019 -18.7475 -0.0011 -18.7475 0.0007 -18.7475 -0.0003 -18.7475 0.0002 -18.7475 -0.0002 -18.7475 0.0002 -18.7475 -0.0003 -18.7475 0.0002 -18.7475 -0.0001 -18.7475 0.0006 -18.7475 -0.0002 
-18.6674 23.0241 -18.6674 -28.0325 -18.6674 0.0019 -18.6674 -0.0011 -18.6674 0.0007 -18.6674 -0.0003 -18.6674 0.0002 -18.6674 -0.0002 -18.6674 0.0002 -18.6674 -0.0003 -18.6674 0.0001 -18.6674 -0.0001 -18.6674 0.0007 -18.6674 -0.0002 
-18.5872 21.7859 -18.5872 -26.2928 -18.5872 0.002 -18.5872 -0.0012 -18.5872 0.0007 -18.5872 -0.0003 -18.5872 0.0002 -18.5872 -0.0002 -18.5872 0.0002 -18.5872 -0.0003 -18.5872 0.0002 -18.5872 -0.0001 -18.5872 0.0007 -18.5872 -0.0003 
-18.507 20.5289 -18.507 -22.7067 -18.507 0.0025 -18.507 -0.001 -18.507 0.0009 -18.507 -0.0003 -18.507 0.0002 -18.507 -0.0002 -18.507 0.0003 -18.507 -0.0002 -18.507 0.0003 -18.507 -0 -18.507 0.0008 -18.507 -0.0003 
-18.4269 18.9002 -18.4269 -18.1465 -18.4269 0.0039 -18.4269 -0.001 -18.4269 0.0014 -18.4269 -0.0003 -18.4269 0.0004 -18.4269 -0.0002 -18.4269 0.0005 -18.4269 -0.0002 -18.4269 0.0005 -18.4269 -0 -18.4269 0.0011 -18.4269 -0.0003 
-18.3467 16.5273 -18.3467 -13.7546 -18.3467 0.0054 -18.3467 -0.0014 -18.3467 0.0019 -18.3467 -0.0004 -18.3467 0.0006 -18.3467 -0.0002 -18.3467 0.0007 -18.3467 -0.0003 -18.3467 0.0006 -18.3467 -0.0001 -18.3467 0.0016 -18.3467 -0.0004 
-18.2666 13.3163 -18.2666 -10.4035 -18.2666 0.006 -18.2666 -0.0019 -18.2666 0.0021 -18.2666 -0.0006 -18.2666 0.0007 -18.2666 -0.0003 -18.2666 0.0008 -18.2666 -0.0004 -18.2666 0.0005 -18.2666 -0.0001 -18.2666 0.0019 -18.2666 -0.0005 
-18.1864 9.7041 -18.1864 -8.5691 -18.1864 0.0056 -18.1864 -0.002 -18.1864 0.0019 -18.1864 -0.0007 -18.1864 0.0007 -18.1864 -0.0003 -18.1864 0.0008 -18.1864 -0.0004 -18.1864 0.0004 -18.1864 -0.0001 -18.1864 0.0018 -18.1864 -0.0005 
-18.1062 6.5818 -18.1062 -8.6638 -18.1062 0.0043 -18.1062 -0.002 -18.1062 0.0014 -18.1062 -0.0007 -18.1062 0.0006 -18.1062 -0.0003 -18.1062 0.0006 -18.1062 -0.0004 -18.1062 0.0003 -18.1062 -0.0001 -18.1062 0.0014 -18.1062 -0.0005 
-18.0261 4.826 -18.0261 -10.8914 -18.0261 0.0035 -18.0261 -0.0021 -18.0261 0.001 -18.0261 -0.0007 -18.0261 0.0005 -18.0261 -0.0003 -18.0261 0.0006 -18.0261 -0.0005 -18.0261 0.0004 -18.0261 -0.0001 -18.0261 0.001 -18.0261 -0.0005 
-17.9459 4.6782 -17.9459 -14.3793 -17.9459 0.0047 -17.9459 -0.0025 -17.9459 0.0012 -17.9459 -0.0008 -17.9459 0.0008 -17.9459 -0.0004 -17.9459 0.0009 -17.9459 -0.0005 -17.9459 0.0007 -17.9459 -0.0002 -17.9459 0.0011 -17.9459 -0.0006 
-17.8658 5.6037 -17.8658 -16.9174 -17.8658 0.0095 -17.8658 -0.0032 -17.8658 0.0022 -17.8658 -0.001 -17.8658 0.0018 -17.8658 -0.0005 -17.8658 0.0019 -17.8658 -0.0007 -17.8658 0.0014 -17.8658 -0.0002 -17.8658 0.0022 -17.8658 -0.0008 
-17.7856 6.8369 -17.7856 -16.3729 -17.7856 0.0183 -17.7856 -0.0036 -17.7856 0.0042 -17.7856 -0.0011 -17.7856 0.0038 -17.7856 -0.0006 -17.7856 0.0036 -17.7856 -0.0009 -17.7856 0.0021 -17.7856 -0.0002 -17.7856 0.0046 -17.7856 -0.0008 
-17.7054 7.8726 -17.7054 -12.6261 -17.7054 0.028 -17.7054 -0.0032 -17.7054 0.0063 -17.7054 -0.001 -17.7054 0.0062 -17.7054 -0.0006 -17.7054 0.0054 -17.7054 -0.0008 -17.7054 0.0027 -17.7054 -0.0001 -17.7054 0.0074 -17.7054 -0.0007 
-17.6253 8.4592 -17.6253 -7.7338 -17.6253 0.0345 -17.6253 -0.0024 -17.6253 0.0078 -17.6253 -0.0007 -17.6253 0.0078 -17.6253 -0.0004 -17.6253 0.0066 -17.6253 -0.0007 -17.6253 0.003 -17.6253 -0.0001 -17.6253 0.0093 -17.6253 -0.0005 
-17.5451 8.5295 -17.5451 -4.0467 -17.5451 0.0353 -17.5451 -0.0016 -17.5451 0.008 -17.5451 -0.0004 -17.5451 0.0079 -17.5451 -0.0003 -17.5451 0.007 -17.5451 -0.0005 -17.5451 0.0033 -17.5451 -0.0001 -17.5451 0.0091 -17.5451 -0.0003 
-17.465 8.2664 -17.465 -2.5495 -17.465 0.033 -17.465 -0.0014 -17.465 0.0073 -17.465 -0.0003 -17.465 0.0074 -17.465 -0.0003 -17.465 0.0075 -17.465 -0.0005 -17.465 0.0033 -17.465 -0.0001 -17.465 0.0075 -17.465 -0.0002 
-17.3848 8.0952 -17.3848 -2.9521 -17.3848 0.0323 -17.3848 -0.0024 -17.3848 0.0066 -17.3848 -0.0005 -17.3848 0.008 -17.3848 -0.0005 -17.3848 0.0088 -17.3848 -0.0009 -17.3848 0.0029 -17.3848 -0.0002 -17.3848 0.006 -17.3848 -0.0003 
-17.3046 8.4705 -17.3046 -4.7249 -17.3046 0.0345 -17.3046 -0.0058 -17.3046 0.0061 -17.3046 -0.0012 -17.3046 0.01 -17.3046 -0.0013 -17.3046 0.011 -17.3046 -0.0018 -17.3046 0.0021 -17.3046 -0.0005 -17.3046 0.0053 -17.3046 -0.001 
-17.2245 9.4315 -17.2245 -7.7325 -17.2245 0.0353 -17.2245 -0.0137 -17.2245 0.0054 -17.2245 -0.0028 -17.2245 0.0116 -17.2245 -0.0034 -17.2245 0.0121 -17.2245 -0.0037 -17.2245 0.0012 -17.2245 -0.0011 -17.2245 0.005 -17.2245 -0.0027 
-17.1443 10.386 -17.1443 -11.9118 -17.1443 0.0309 -17.1443 -0.0299 -17.1443 0.0043 -17.1443 -0.006 -17.1443 0.011 -17.1443 -0.0078 -17.1443 0.0109 -17.1443 -0.0076 -17.1443 0.0005 -17.1443 -0.0021 -17.1443 0.0042 -17.1443 -0.0064 
-17.0641 10.5527 -17.0641 -16.4205 -17.0641 0.0214 -17.0641 -0.0551 -17.0641 0.0028 -17.0641 -0.0109 -17.0641 0.008 -17.0641 -0.015 -17.0641 0.0075 -17.0641 -0.0141 -17.0641 0.0002 -17.0641 -0.0032 -17.0641 0.0029 -17.0641 -0.0119 
-16.984 9.5319 -16.984 -19.4959 -16.984 0.0114 -16.984 -0.0815 -16.984 0.0014 -16.984 -0.016 -16.984 0.0044 -16.984 -0.0228 -16.984 0.0039 -16.984 -0.0216 -16.984 0.0001 -16.984 -0.0039 -16.984 0.0016 -16.984 -0.0172 
-16.9038 7.4616 -16.9038 -19.5835 -16.9038 0.0044 -16.9038 -0.0951 -16.9038 0.0005 -16.9038 -0.0183 -16.9038 0.0018 -16.9038 -0.0274 -16.9038 0.0015 -16.9038 -0.0265 -16.9038 0 -16.9038 -0.0037 -16.9038 0.0006 -16.9038 -0.0192 
-16.8237 4.9125 -16.8237 -16.5523 -16.8237 0.0014 -16.8237 -0.0877 -16.8237 0.0002 -16.8237 -0.0164 -16.8237 0.0006 -16.8237 -0.0262 -16.8237 0.0004 -16.8237 -0.0255 -16.8237 0 -16.8237 -0.0027 -16.8237 0.0002 -16.8237 -0.0169 
-16.7435 2.6301 -16.7435 -11.7215 -16.7435 0.0002 -16.7435 -0.0634 -16.7435 0 -16.7435 -0.0114 -16.7435 0.0001 -16.7435 -0.0197 -16.7435 0.0001 -16.7435 -0.0191 -16.7435 0 -16.7435 -0.0016 -16.7435 0 -16.7435 -0.0116 
-16.6633 1.1101 -16.6633 -6.8898 -16.6633 0 -16.6633 -0.0358 -16.6633 0 -16.6633 -0.0061 -16.6633 0 -16.6633 -0.0117 -16.6633 0 -16.6633 -0.0111 -16.6633 0 -16.6633 -0.0007 -16.6633 0 -16.6633 -0.0062 
-16.5832 0.3605 -16.5832 -3.3117 -16.5832 0 -16.5832 -0.0158 -16.5832 0 -16.5832 -0.0025 -16.5832 0 -16.5832 -0.0054 -16.5832 0 -16.5832 -0.005 -16.5832 0 -16.5832 -0.0003 -16.5832 0 -16.5832 -0.0026 
-16.503 0.0885 -16.503 -1.2788 -16.503 0 -16.503 -0.0053 -16.503 0 -16.503 -0.0008 -16.503 0 -16.503 -0.0019 -16.503 0 -16.503 -0.0017 -16.503 0 -16.503 -0.0001 -16.503 0 -16.503 -0.0008 
-16.4229 0.0162 -16.4229 -0.3897 -16.4229 0 -16.4229 -0.0013 -16.4229 0 -16.4229 -0.0002 -16.4229 0 -16.4229 -0.0005 -16.4229 0 -16.4229 -0.0004 -16.4229 0 -16.4229 -0 -16.4229 0 -16.4229 -0.0002 
-16.3427 0.0022 -16.3427 -0.0922 -16.3427 0 -16.3427 -0.0002 -16.3427 0 -16.3427 -0 -16.3427 0 -16.3427 -0.0001 -16.3427 0 -16.3427 -0.0001 -16.3427 0 -16.3427 -0 -16.3427 0 -16.3427 -0 
-16.2625 0.0002 -16.2625 -0.0167 -16.2625 0 -16.2625 -0 -16.2625 0 -16.2625 -0 -16.2625 0 -16.2625 -0 -16.2625 0 -16.2625 -0 -16.2625 0 -16.2625 -0 -16.2625 0 -16.2625 -0 
-16.1824 0.0 -16.1824 -0.0023 -16.1824 0 -16.1824 -0 -16.1824 0 -16.1824 -0 -16.1824 0 -16.1824 -0 -16.1824 0 -16.1824 -0 -16.1824 0 -16.1824 -0 -16.1824 0 -16.1824 -0 
-16.1022 0.0 -16.1022 -0.0002 -16.1022 0 -16.1022 -0 -16.1022 0 -16.1022 -0 -16.1022 0 -16.1022 -0 -16.1022 0 -16.1022 -0 -16.1022 0 -16.1022 -0 -16.1022 0 -16.1022 -0 
-16.0221 0.0 -16.0221 -0 -16.0221 0 -16.0221 -0 -16.0221 0 -16.0221 -0 -16.0221 0 -16.0221 -0 -16.0221 0 -16.0221 -0 -16.0221 0 -16.0221 -0 -16.0221 0 -16.0221 -0 
-15.9419 0.0 -15.9419 -0 -15.9419 0 -15.9419 -0 -15.9419 0 -15.9419 -0 -15.9419 0 -15.9419 -0 -15.9419 0 -15.9419 -0 -15.9419 0 -15.9419 -0 -15.9419 0 -15.9419 -0 
-15.8617 0.0 -15.8617 -0 -15.8617 0 -15.8617 -0 -15.8617 0 -15.8617 -0 -15.8617 0 -15.8617 -0 -15.8617 0 -15.8617 -0 -15.8617 0 -15.8617 -0 -15.8617 0 -15.8617 -0 
-15.7816 0.0 -15.7816 -0 -15.7816 0 -15.7816 -0 -15.7816 0 -15.7816 -0 -15.7816 0 -15.7816 -0 -15.7816 0 -15.7816 -0 -15.7816 0 -15.7816 -0 -15.7816 0 -15.7816 -0 
-15.7014 0.0 -15.7014 -0 -15.7014 0 -15.7014 -0 -15.7014 0 -15.7014 -0 -15.7014 0 -15.7014 -0 -15.7014 0 -15.7014 -0 -15.7014 0 -15.7014 -0 -15.7014 0 -15.7014 -0 
-15.6213 0.0 -15.6213 -0 -15.6213 0 -15.6213 -0 -15.6213 0 -15.6213 -0 -15.6213 0 -15.6213 -0 -15.6213 0 -15.6213 -0 -15.6213 0 -15.6213 -0 -15.6213 0 -15.6213 -0 
-15.5411 0.0 -15.5411 -0 -15.5411 0 -15.5411 -0 -15.5411 0 -15.5411 -0 -15.5411 0 -15.5411 -0 -15.5411 0 -15.5411 -0 -15.5411 0 -15.5411 -0 -15.5411 0 -15.5411 -0 
-15.4609 0.0 -15.4609 -0 -15.4609 0 -15.4609 -0 -15.4609 0 -15.4609 -0 -15.4609 0 -15.4609 -0 -15.4609 0 -15.4609 -0 -15.4609 0 -15.4609 -0 -15.4609 0 -15.4609 -0 
-15.3808 0.0 -15.3808 -0 -15.3808 0 -15.3808 -0 -15.3808 0 -15.3808 -0 -15.3808 0 -15.3808 -0 -15.3808 0 -15.3808 -0 -15.3808 0 -15.3808 -0 -15.3808 0 -15.3808 -0 
-15.3006 0.0 -15.3006 -0 -15.3006 0 -15.3006 -0 -15.3006 0 -15.3006 -0 -15.3006 0 -15.3006 -0 -15.3006 0 -15.3006 -0 -15.3006 0 -15.3006 -0 -15.3006 0 -15.3006 -0 
-15.2205 0.0 -15.2205 -0 -15.2205 0 -15.2205 -0 -15.2205 0 -15.2205 -0 -15.2205 0 -15.2205 -0 -15.2205 0 -15.2205 -0 -15.2205 0 -15.2205 -0 -15.2205 0 -15.2205 -0 
-15.1403 0.0 -15.1403 -0 -15.1403 0 -15.1403 -0 -15.1403 0 -15.1403 -0 -15.1403 0 -15.1403 -0 -15.1403 0 -15.1403 -0 -15.1403 0 -15.1403 -0 -15.1403 0 -15.1403 -0 
-15.0601 0.0 -15.0601 -0 -15.0601 0 -15.0601 -0 -15.0601 0 -15.0601 -0 -15.0601 0 -15.0601 -0 -15.0601 0 -15.0601 -0 -15.0601 0 -15.0601 -0 -15.0601 0 -15.0601 -0 
-14.98 0.0 -14.98 -0 -14.98 0 -14.98 -0 -14.98 0 -14.98 -0 -14.98 0 -14.98 -0 -14.98 0 -14.98 -0 -14.98 0 -14.98 -0 -14.98 0 -14.98 -0 
-14.8998 0.0 -14.8998 -0 -14.8998 0 -14.8998 -0 -14.8998 0 -14.8998 -0 -14.8998 0 -14.8998 -0 -14.8998 0 -14.8998 -0 -14.8998 0 -14.8998 -0 -14.8998 0 -14.8998 -0 
-14.8197 0.0 -14.8197 -0 -14.8197 0 -14.8197 -0 -14.8197 0 -14.8197 -0 -14.8197 0 -14.8197 -0 -14.8197 0 -14.8197 -0 -14.8197 0 -14.8197 -0 -14.8197 0 -14.8197 -0 
-14.7395 0.0 -14.7395 -0 -14.7395 0 -14.7395 -0 -14.7395 0 -14.7395 -0 -14.7395 0 -14.7395 -0 -14.7395 0 -14.7395 -0 -14.7395 0 -14.7395 -0 -14.7395 0 -14.7395 -0 
-14.6593 0.0 -14.6593 -0 -14.6593 0 -14.6593 -0 -14.6593 0 -14.6593 -0 -14.6593 0 -14.6593 -0 -14.6593 0 -14.6593 -0 -14.6593 0 -14.6593 -0 -14.6593 0 -14.6593 -0 
-14.5792 0.0 -14.5792 -0 -14.5792 0 -14.5792 -0 -14.5792 0 -14.5792 -0 -14.5792 0 -14.5792 -0 -14.5792 0 -14.5792 -0 -14.5792 0 -14.5792 -0 -14.5792 0 -14.5792 -0 
-14.499 0.0 -14.499 -0 -14.499 0 -14.499 -0 -14.499 0 -14.499 -0 -14.499 0 -14.499 -0 -14.499 0 -14.499 -0 -14.499 0 -14.499 -0 -14.499 0 -14.499 -0 
-14.4189 0.0 -14.4189 -0 -14.4189 0 -14.4189 -0 -14.4189 0 -14.4189 -0 -14.4189 0 -14.4189 -0 -14.4189 0 -14.4189 -0 -14.4189 0 -14.4189 -0 -14.4189 0 -14.4189 -0 
-14.3387 0.0 -14.3387 -0 -14.3387 0 -14.3387 -0 -14.3387 0 -14.3387 -0 -14.3387 0 -14.3387 -0 -14.3387 0 -14.3387 -0 -14.3387 0 -14.3387 -0 -14.3387 0 -14.3387 -0 
-14.2585 0.0 -14.2585 -0 -14.2585 0 -14.2585 -0 -14.2585 0 -14.2585 -0 -14.2585 0 -14.2585 -0 -14.2585 0 -14.2585 -0 -14.2585 0 -14.2585 -0 -14.2585 0 -14.2585 -0 
-14.1784 0.0 -14.1784 -0 -14.1784 0 -14.1784 -0 -14.1784 0 -14.1784 -0 -14.1784 0 -14.1784 -0 -14.1784 0 -14.1784 -0 -14.1784 0 -14.1784 -0 -14.1784 0 -14.1784 -0 
-14.0982 0.0 -14.0982 -0 -14.0982 0 -14.0982 -0 -14.0982 0 -14.0982 -0 -14.0982 0 -14.0982 -0 -14.0982 0 -14.0982 -0 -14.0982 0 -14.0982 -0 -14.0982 0 -14.0982 -0 
-14.0181 0.0 -14.0181 -0 -14.0181 0 -14.0181 -0 -14.0181 0 -14.0181 -0 -14.0181 0 -14.0181 -0 -14.0181 0 -14.0181 -0 -14.0181 0 -14.0181 -0 -14.0181 0 -14.0181 -0 
-13.9379 0.0 -13.9379 -0 -13.9379 0 -13.9379 -0 -13.9379 0 -13.9379 -0 -13.9379 0 -13.9379 -0 -13.9379 0 -13.9379 -0 -13.9379 0 -13.9379 -0 -13.9379 0 -13.9379 -0 
-13.8577 0.0 -13.8577 -0 -13.8577 0 -13.8577 -0 -13.8577 0 -13.8577 -0 -13.8577 0 -13.8577 -0 -13.8577 0 -13.8577 -0 -13.8577 0 -13.8577 -0 -13.8577 0 -13.8577 -0 
-13.7776 0.0 -13.7776 -0 -13.7776 0 -13.7776 -0 -13.7776 0 -13.7776 -0 -13.7776 0 -13.7776 -0 -13.7776 0 -13.7776 -0 -13.7776 0 -13.7776 -0 -13.7776 0 -13.7776 -0 
-13.6974 0.0 -13.6974 -0 -13.6974 0 -13.6974 -0 -13.6974 0 -13.6974 -0 -13.6974 0 -13.6974 -0 -13.6974 0 -13.6974 -0 -13.6974 0 -13.6974 -0 -13.6974 0 -13.6974 -0 
-13.6173 0.0 -13.6173 -0 -13.6173 0 -13.6173 -0 -13.6173 0 -13.6173 -0 -13.6173 0 -13.6173 -0 -13.6173 0 -13.6173 -0 -13.6173 0 -13.6173 -0 -13.6173 0 -13.6173 -0 
-13.5371 0.0 -13.5371 -0 -13.5371 0 -13.5371 -0 -13.5371 0 -13.5371 -0 -13.5371 0 -13.5371 -0 -13.5371 0 -13.5371 -0 -13.5371 0 -13.5371 -0 -13.5371 0 -13.5371 -0 
-13.4569 0.0 -13.4569 -0 -13.4569 0 -13.4569 -0 -13.4569 0 -13.4569 -0 -13.4569 0 -13.4569 -0 -13.4569 0 -13.4569 -0 -13.4569 0 -13.4569 -0 -13.4569 0 -13.4569 -0 
-13.3768 0.0 -13.3768 -0 -13.3768 0 -13.3768 -0 -13.3768 0 -13.3768 -0 -13.3768 0 -13.3768 -0 -13.3768 0 -13.3768 -0 -13.3768 0 -13.3768 -0 -13.3768 0 -13.3768 -0 
-13.2966 0.0 -13.2966 -0 -13.2966 0 -13.2966 -0 -13.2966 0 -13.2966 -0 -13.2966 0 -13.2966 -0 -13.2966 0 -13.2966 -0 -13.2966 0 -13.2966 -0 -13.2966 0 -13.2966 -0 
-13.2165 0.0 -13.2165 -0 -13.2165 0 -13.2165 -0 -13.2165 0 -13.2165 -0 -13.2165 0 -13.2165 -0 -13.2165 0 -13.2165 -0 -13.2165 0 -13.2165 -0 -13.2165 0 -13.2165 -0 
-13.1363 0.0 -13.1363 -0 -13.1363 0 -13.1363 -0 -13.1363 0 -13.1363 -0 -13.1363 0 -13.1363 -0 -13.1363 0 -13.1363 -0 -13.1363 0 -13.1363 -0 -13.1363 0 -13.1363 -0 
-13.0561 0.0 -13.0561 -0 -13.0561 0 -13.0561 -0 -13.0561 0 -13.0561 -0 -13.0561 0 -13.0561 -0 -13.0561 0 -13.0561 -0 -13.0561 0 -13.0561 -0 -13.0561 0 -13.0561 -0 
-12.976 0.0 -12.976 -0 -12.976 0 -12.976 -0 -12.976 0 -12.976 -0 -12.976 0 -12.976 -0 -12.976 0 -12.976 -0 -12.976 0 -12.976 -0 -12.976 0 -12.976 -0 
-12.8958 0.0 -12.8958 -0 -12.8958 0 -12.8958 -0 -12.8958 0 -12.8958 -0 -12.8958 0 -12.8958 -0 -12.8958 0 -12.8958 -0 -12.8958 0 -12.8958 -0 -12.8958 0 -12.8958 -0 
-12.8157 0.0 -12.8157 -0 -12.8157 0 -12.8157 -0 -12.8157 0 -12.8157 -0 -12.8157 0 -12.8157 -0 -12.8157 0 -12.8157 -0 -12.8157 0 -12.8157 -0 -12.8157 0 -12.8157 -0 
-12.7355 0.0 -12.7355 -0 -12.7355 0 -12.7355 -0 -12.7355 0 -12.7355 -0 -12.7355 0 -12.7355 -0 -12.7355 0 -12.7355 -0 -12.7355 0 -12.7355 -0 -12.7355 0 -12.7355 -0 
-12.6553 0.0 -12.6553 -0 -12.6553 0 -12.6553 -0 -12.6553 0 -12.6553 -0 -12.6553 0 -12.6553 -0 -12.6553 0 -12.6553 -0 -12.6553 0 -12.6553 -0 -12.6553 0 -12.6553 -0 
-12.5752 0.0 -12.5752 -0 -12.5752 0 -12.5752 -0 -12.5752 0 -12.5752 -0 -12.5752 0 -12.5752 -0 -12.5752 0 -12.5752 -0 -12.5752 0 -12.5752 -0 -12.5752 0 -12.5752 -0 
-12.495 0.0 -12.495 -0 -12.495 0 -12.495 -0 -12.495 0 -12.495 -0 -12.495 0 -12.495 -0 -12.495 0 -12.495 -0 -12.495 0 -12.495 -0 -12.495 0 -12.495 -0 
-12.4149 0.0 -12.4149 -0 -12.4149 0 -12.4149 -0 -12.4149 0 -12.4149 -0 -12.4149 0 -12.4149 -0 -12.4149 0 -12.4149 -0 -12.4149 0 -12.4149 -0 -12.4149 0 -12.4149 -0 
-12.3347 0.0 -12.3347 -0 -12.3347 0 -12.3347 -0 -12.3347 0 -12.3347 -0 -12.3347 0 -12.3347 -0 -12.3347 0 -12.3347 -0 -12.3347 0 -12.3347 -0 -12.3347 0 -12.3347 -0 
-12.2545 0.0 -12.2545 -0 -12.2545 0 -12.2545 -0 -12.2545 0 -12.2545 -0 -12.2545 0 -12.2545 -0 -12.2545 0 -12.2545 -0 -12.2545 0 -12.2545 -0 -12.2545 0 -12.2545 -0 
-12.1744 0.0 -12.1744 -0 -12.1744 0 -12.1744 -0 -12.1744 0 -12.1744 -0 -12.1744 0 -12.1744 -0 -12.1744 0 -12.1744 -0 -12.1744 0 -12.1744 -0 -12.1744 0 -12.1744 -0 
-12.0942 0.0 -12.0942 -0 -12.0942 0 -12.0942 -0 -12.0942 0 -12.0942 -0 -12.0942 0 -12.0942 -0 -12.0942 0 -12.0942 -0 -12.0942 0 -12.0942 -0 -12.0942 0 -12.0942 -0 
-12.014 0.0 -12.014 -0 -12.014 0 -12.014 -0 -12.014 0 -12.014 -0 -12.014 0 -12.014 -0 -12.014 0 -12.014 -0 -12.014 0 -12.014 -0 -12.014 0 -12.014 -0 
-11.9339 0.0 -11.9339 -0 -11.9339 0 -11.9339 -0 -11.9339 0 -11.9339 -0 -11.9339 0 -11.9339 -0 -11.9339 0 -11.9339 -0 -11.9339 0 -11.9339 -0 -11.9339 0 -11.9339 -0 
-11.8537 0.0 -11.8537 -0 -11.8537 0 -11.8537 -0 -11.8537 0 -11.8537 -0 -11.8537 0 -11.8537 -0 -11.8537 0 -11.8537 -0 -11.8537 0 -11.8537 -0 -11.8537 0 -11.8537 -0 
-11.7736 0.0 -11.7736 -0 -11.7736 0 -11.7736 -0 -11.7736 0 -11.7736 -0 -11.7736 0 -11.7736 -0 -11.7736 0 -11.7736 -0 -11.7736 0 -11.7736 -0 -11.7736 0 -11.7736 -0 
-11.6934 0.0 -11.6934 -0 -11.6934 0 -11.6934 -0 -11.6934 0 -11.6934 -0 -11.6934 0 -11.6934 -0 -11.6934 0 -11.6934 -0 -11.6934 0 -11.6934 -0 -11.6934 0 -11.6934 -0 
-11.6132 0.0 -11.6132 -0 -11.6132 0 -11.6132 -0 -11.6132 0 -11.6132 -0 -11.6132 0 -11.6132 -0 -11.6132 0 -11.6132 -0 -11.6132 0 -11.6132 -0 -11.6132 0 -11.6132 -0 
-11.5331 0.0 -11.5331 -0 -11.5331 0 -11.5331 -0 -11.5331 0 -11.5331 -0 -11.5331 0 -11.5331 -0 -11.5331 0 -11.5331 -0 -11.5331 0 -11.5331 -0 -11.5331 0 -11.5331 -0 
-11.4529 0.0 -11.4529 -0 -11.4529 0 -11.4529 -0 -11.4529 0 -11.4529 -0 -11.4529 0 -11.4529 -0 -11.4529 0 -11.4529 -0 -11.4529 0 -11.4529 -0 -11.4529 0 -11.4529 -0 
-11.3728 0.0 -11.3728 -0 -11.3728 0 -11.3728 -0 -11.3728 0 -11.3728 -0 -11.3728 0 -11.3728 -0 -11.3728 0 -11.3728 -0 -11.3728 0 -11.3728 -0 -11.3728 0 -11.3728 -0 
-11.2926 0.0 -11.2926 -0 -11.2926 0 -11.2926 -0 -11.2926 0 -11.2926 -0 -11.2926 0 -11.2926 -0 -11.2926 0 -11.2926 -0 -11.2926 0 -11.2926 -0 -11.2926 0 -11.2926 -0 
-11.2124 0.0 -11.2124 -0.0003 -11.2124 0 -11.2124 -0 -11.2124 0 -11.2124 -0 -11.2124 0 -11.2124 -0 -11.2124 0 -11.2124 -0 -11.2124 0 -11.2124 -0 -11.2124 0 -11.2124 -0 
-11.1323 0.0 -11.1323 -0.0031 -11.1323 0 -11.1323 -0 -11.1323 0 -11.1323 -0 -11.1323 0 -11.1323 -0 -11.1323 0 -11.1323 -0 -11.1323 0 -11.1323 -0 -11.1323 0 -11.1323 -0 
-11.0521 0.0 -11.0521 -0.021 -11.0521 0 -11.0521 -0 -11.0521 0 -11.0521 -0 -11.0521 0 -11.0521 -0 -11.0521 0 -11.0521 -0 -11.0521 0 -11.0521 -0 -11.0521 0 -11.0521 -0 
-10.972 0.0 -10.972 -0.103 -10.972 0 -10.972 -0 -10.972 0 -10.972 -0 -10.972 0 -10.972 -0 -10.972 0 -10.972 -0 -10.972 0 -10.972 -0 -10.972 0 -10.972 -0 
-10.8918 0.0 -10.8918 -0.3701 -10.8918 0 -10.8918 -0 -10.8918 0 -10.8918 -0 -10.8918 0 -10.8918 -0 -10.8918 0 -10.8918 -0 -10.8918 0 -10.8918 -0 -10.8918 0 -10.8918 -0 
-10.8116 0.0004 -10.8116 -0.9724 -10.8116 0 -10.8116 -0 -10.8116 0 -10.8116 -0 -10.8116 0 -10.8116 -0 -10.8116 0 -10.8116 -0 -10.8116 0 -10.8116 -0 -10.8116 0 -10.8116 -0 
-10.7315 0.0027 -10.7315 -1.8698 -10.7315 0 -10.7315 -0 -10.7315 0 -10.7315 -0 -10.7315 0 -10.7315 -0 -10.7315 0 -10.7315 -0 -10.7315 0 -10.7315 -0 -10.7315 0 -10.7315 -0 
-10.6513 0.0143 -10.6513 -2.6313 -10.6513 0 -10.6513 -0 -10.6513 0 -10.6513 -0 -10.6513 0 -10.6513 -0 -10.6513 0 -10.6513 -0 -10.6513 0 -10.6513 -0 -10.6513 0 -10.6513 -0 
-10.5712 0.0584 -10.5712 -2.7102 -10.5712 0 -10.5712 -0 -10.5712 0 -10.5712 -0 -10.5712 0 -10.5712 -0 -10.5712 0 -10.5712 -0 -10.5712 0 -10.5712 -0 -10.5712 0 -10.5712 -0 
-10.491 0.1871 -10.491 -2.043 -10.491 0 -10.491 -0 -10.491 0 -10.491 -0 -10.491 0 -10.491 -0 -10.491 0 -10.491 -0 -10.491 0 -10.491 -0 -10.491 0 -10.491 -0 
-10.4108 0.4896 -10.4108 -1.1271 -10.4108 0 -10.4108 -0 -10.4108 0 -10.4108 -0 -10.4108 0 -10.4108 -0 -10.4108 0 -10.4108 -0 -10.4108 0 -10.4108 -0 -10.4108 0 -10.4108 -0 
-10.3307 1.0914 -10.3307 -0.4551 -10.3307 0 -10.3307 -0 -10.3307 0 -10.3307 -0 -10.3307 0 -10.3307 -0 -10.3307 0 -10.3307 -0 -10.3307 0 -10.3307 -0 -10.3307 0 -10.3307 -0 
-10.2505 2.1435 -10.2505 -0.1353 -10.2505 0 -10.2505 -0 -10.2505 0 -10.2505 -0 -10.2505 0 -10.2505 -0 -10.2505 0 -10.2505 -0 -10.2505 0 -10.2505 -0 -10.2505 0 -10.2505 -0 
-10.1704 3.7468 -10.1704 -0.037 -10.1704 0 -10.1704 -0 -10.1704 0 -10.1704 -0 -10.1704 0 -10.1704 -0 -10.1704 0 -10.1704 -0 -10.1704 0 -10.1704 -0 -10.1704 0 -10.1704 -0 
-10.0902 5.8065 -10.0902 -0.0563 -10.0902 0 -10.0902 -0 -10.0902 0 -10.0902 -0 -10.0902 0 -10.0902 -0 -10.0902 0 -10.0902 -0 -10.0902 0 -10.0902 -0 -10.0902 0 -10.0902 -0 
-10.01 8.0199 -10.01 -0.2502 -10.01 0 -10.01 -0 -10.01 0 -10.01 -0 -10.01 0 -10.01 -0 -10.01 0 -10.01 -0 -10.01 0 -10.01 -0 -10.01 0 -10.01 -0 
-9.92991 10.1492 -9.92991 -0.908 -9.92991 0 -9.92991 -0 -9.92991 0 -9.92991 -0 -9.92991 0 -9.92991 -0 -9.92991 0 -9.92991 -0 -9.92991 0 -9.92991 -0 -9.92991 0 -9.92991 -0 
-9.84971 12.3072 -9.84971 -2.5117 -9.84971 0 -9.84971 -0 -9.84971 0 -9.84971 -0 -9.84971 0 -9.84971 -0 -9.84971 0 -9.84971 -0 -9.84971 0 -9.84971 -0 -9.84971 0 -9.84971 -0 
-9.76961 14.8711 -9.76961 -5.3609 -9.76961 0 -9.76961 -0 -9.76961 0 -9.76961 -0 -9.76961 0 -9.76961 -0 -9.76961 0 -9.76961 -0 -9.76961 0 -9.76961 -0 -9.76961 0 -9.76961 -0 
-9.68941 18.0404 -9.68941 -9.0468 -9.68941 0 -9.68941 -0 -9.68941 0 -9.68941 -0 -9.68941 0 -9.68941 -0 -9.68941 0 -9.68941 -0 -9.68941 0 -9.68941 -0 -9.68941 0 -9.68941 -0 
-9.60921 21.5658 -9.60921 -12.6159 -9.60921 0.0001 -9.60921 -0.0003 -9.60921 0 -9.60921 -0.0001 -9.60921 0 -9.60921 -0 -9.60921 0 -9.60921 -0.0001 -9.60921 0.0001 -9.60921 -0 -9.60921 0 -9.60921 -0.0001 
-9.52911 25.1266 -9.52911 -15.6053 -9.52911 0.0003 -9.52911 -0.0005 -9.52911 0.0001 -9.52911 -0.0002 -9.52911 0 -9.52911 -0.0001 -9.52911 0 -9.52911 -0.0001 -9.52911 0.0001 -9.52911 -0 -9.52911 0.0001 -9.52911 -0.0001 
-9.44891 28.7856 -9.44891 -18.5172 -9.44891 0.0005 -9.44891 -0.0007 -9.44891 0.0001 -9.44891 -0.0002 -9.44891 0 -9.44891 -0.0001 -9.44891 0.0001 -9.44891 -0.0002 -9.44891 0.0002 -9.44891 -0.0001 -9.44891 0.0001 -9.44891 -0.0001 
-9.36881 32.6594 -9.36881 -21.8346 -9.36881 0.0007 -9.36881 -0.0008 -9.36881 0.0002 -9.36881 -0.0002 -9.36881 0.0001 -9.36881 -0.0001 -9.36881 0.0001 -9.36881 -0.0002 -9.36881 0.0002 -9.36881 -0.0001 -9.36881 0.0001 -9.36881 -0.0002 
-9.28861 36.4049 -9.28861 -25.035 -9.28861 0.0009 -9.28861 -0.0007 -9.28861 0.0002 -9.28861 -0.0002 -9.28861 0.0001 -9.28861 -0.0001 -9.28861 0.0001 -9.28861 -0.0002 -9.28861 0.0003 -9.28861 -0.0001 -9.28861 0.0002 -9.28861 -0.0001 
-9.20841 39.4395 -9.20841 -26.9256 -9.20841 0.0014 -9.20841 -0.0005 -9.20841 0.0003 -9.20841 -0.0001 -9.20841 0.0002 -9.20841 -0.0001 -9.20841 0.0002 -9.20841 -0.0001 -9.20841 0.0004 -9.20841 -0.0001 -9.20841 0.0003 -9.20841 -0.0001 
-9.12831 41.4613 -9.12831 -26.5993 -9.12831 0.0019 -9.12831 -0.0004 -9.12831 0.0004 -9.12831 -0.0001 -9.12831 0.0002 -9.12831 -0 -9.12831 0.0003 -9.12831 -0.0001 -9.12831 0.0006 -9.12831 -0.0001 -9.12831 0.0004 -9.12831 -0.0001 
-9.04811 42.622 -9.04811 -24.2682 -9.04811 0.0031 -9.04811 -0.0003 -9.04811 0.0007 -9.04811 -0.0001 -9.04811 0.0003 -9.04811 -0 -9.04811 0.0003 -9.04811 -0 -9.04811 0.0012 -9.04811 -0.0001 -9.04811 0.0006 -9.04811 -0.0001 
-8.96801 43.3904 -8.96801 -21.4333 -8.96801 0.0053 -8.96801 -0.0003 -8.96801 0.0012 -8.96801 -0.0001 -8.96801 0.0003 -8.96801 -0 -8.96801 0.0004 -8.96801 -0 -8.96801 0.0022 -8.96801 -0.0001 -8.96801 0.0012 -8.96801 -0.0001 
-8.88781 44.2603 -8.88781 -19.3267 -8.88781 0.0087 -8.88781 -0.0003 -8.88781 0.002 -8.88781 -0.0001 -8.88781 0.0005 -8.88781 -0 -8.88781 0.0006 -8.88781 -0 -8.88781 0.0035 -8.88781 -0.0001 -8.88781 0.0021 -8.88781 -0.0001 
-8.80761 45.4119 -8.80761 -17.1599 -8.80761 0.0125 -8.80761 -0.0002 -8.80761 0.0028 -8.80761 -0.0001 -8.80761 0.0009 -8.80761 -0 -8.80761 0.0009 -8.80761 -0 -8.80761 0.0047 -8.80761 -0 -8.80761 0.0032 -8.80761 -0.0001 
-8.72751 46.4809 -8.72751 -13.4677 -8.72751 0.0164 -8.72751 -0.0002 -8.72751 0.0037 -8.72751 -0.0001 -8.72751 0.0016 -8.72751 -0 -8.72751 0.0014 -8.72751 -0 -8.72751 0.0054 -8.72751 -0 -8.72751 0.0043 -8.72751 -0.0001 
-8.64731 46.5962 -8.64731 -8.8018 -8.64731 0.0206 -8.64731 -0 -8.64731 0.0048 -8.64731 -0 -8.64731 0.0024 -8.64731 -0 -8.64731 0.0022 -8.64731 -0 -8.64731 0.0057 -8.64731 -0 -8.64731 0.0055 -8.64731 -0 
-8.56721 44.9276 -8.56721 -5.2804 -8.56721 0.0267 -8.56721 -0 -8.56721 0.0069 -8.56721 -0 -8.56721 0.0032 -8.56721 -0 -8.56721 0.0031 -8.56721 -0 -8.56721 0.0057 -8.56721 -0 -8.56721 0.0078 -8.56721 -0 
-8.48701 41.5093 -8.48701 -4.0516 -8.48701 0.0349 -8.48701 -0 -8.48701 0.0104 -8.48701 -0 -8.48701 0.0036 -8.48701 -0 -8.48701 0.0037 -8.48701 -0 -8.48701 0.0056 -8.48701 -0 -8.48701 0.0116 -8.48701 -0 
-8.40681 37.4076 -8.40681 -4.5842 -8.40681 0.0434 -8.40681 -0.0001 -8.40681 0.0147 -8.40681 -0.0001 -8.40681 0.0037 -8.40681 -0 -8.40681 0.0039 -8.40681 -0 -8.40681 0.0052 -8.40681 -0 -8.40681 0.0159 -8.40681 -0 
-8.32671 33.9141 -8.32671 -5.8012 -8.32671 0.0495 -8.32671 -0.0002 -8.32671 0.0187 -8.32671 -0.0001 -8.32671 0.0034 -8.32671 -0 -8.32671 0.0036 -8.32671 -0 -8.32671 0.0048 -8.32671 -0 -8.32671 0.019 -8.32671 -0.0001 
-8.24651 31.6727 -8.24651 -6.8984 -8.24651 0.0525 -8.24651 -0.0005 -8.24651 0.0214 -8.24651 -0.0002 -8.24651 0.003 -8.24651 -0 -8.24651 0.0032 -8.24651 -0 -8.24651 0.005 -8.24651 -0.0001 -8.24651 0.0199 -8.24651 -0.0002 
-8.16641 30.4554 -8.16641 -7.4295 -8.16641 0.0528 -8.16641 -0.0011 -8.16641 0.0224 -8.16641 -0.0004 -8.16641 0.0025 -8.16641 -0 -8.16641 0.0027 -8.16641 -0 -8.16641 0.0061 -8.16641 -0.0003 -8.16641 0.0191 -8.16641 -0.0004 
-8.08621 29.3748 -8.08621 -7.3328 -8.08621 0.0517 -8.08621 -0.0022 -8.08621 0.0211 -8.08621 -0.0005 -8.08621 0.0023 -8.08621 -0.0001 -8.08621 0.0025 -8.08621 -0.0001 -8.08621 0.0086 -8.08621 -0.001 -8.08621 0.0172 -8.08621 -0.0005 
-8.00601 27.4658 -8.00601 -6.9572 -8.00601 0.0503 -8.00601 -0.0041 -8.00601 0.0175 -8.00601 -0.0005 -8.00601 0.0022 -8.00601 -0.0002 -8.00601 0.0026 -8.00601 -0.0002 -8.00601 0.0133 -8.00601 -0.0026 -8.00601 0.0147 -8.00601 -0.0006 
-7.92591 24.5012 -7.92591 -6.8851 -7.92591 0.0517 -7.92591 -0.0073 -7.92591 0.0132 -7.92591 -0.0004 -7.92591 0.0024 -7.92591 -0.0006 -7.92591 0.0027 -7.92591 -0.0006 -7.92591 0.0213 -7.92591 -0.0052 -7.92591 0.0121 -7.92591 -0.0005 
-7.84571 21.0546 -7.84571 -7.5061 -7.84571 0.0571 -7.84571 -0.0112 -7.84571 0.0098 -7.84571 -0.0003 -7.84571 0.0026 -7.84571 -0.0013 -7.84571 0.0029 -7.84571 -0.0014 -7.84571 0.0316 -7.84571 -0.0078 -7.84571 0.0102 -7.84571 -0.0004 
-7.76561 17.6589 -7.76561 -8.4614 -7.76561 0.0624 -7.76561 -0.0138 -7.76561 0.0081 -7.76561 -0.0002 -7.76561 0.003 -7.76561 -0.0023 -7.76561 0.0033 -7.76561 -0.0025 -7.76561 0.0384 -7.76561 -0.0086 -7.76561 0.0096 -7.76561 -0.0002 
-7.68541 14.4651 -7.68541 -8.6954 -7.68541 0.0631 -7.68541 -0.0134 -7.68541 0.0076 -7.68541 -0.0001 -7.68541 0.0044 -7.68541 -0.003 -7.68541 0.0049 -7.68541 -0.0032 -7.68541 0.0362 -7.68541 -0.007 -7.68541 0.01 -7.68541 -0.0001 
-7.60521 11.736 -7.60521 -7.5147 -7.60521 0.0602 -7.60521 -0.0104 -7.60521 0.0077 -7.60521 -0.0001 -7.60521 0.0078 -7.60521 -0.0029 -7.60521 0.0085 -7.60521 -0.0031 -7.60521 0.0259 -7.60521 -0.0042 -7.60521 0.0103 -7.60521 -0.0001 
-7.52511 9.8787 -7.52511 -5.4229 -7.52511 0.0592 -7.52511 -0.0065 -7.52511 0.008 -7.52511 -0.0002 -7.52511 0.0132 -7.52511 -0.0021 -7.52511 0.0139 -7.52511 -0.0022 -7.52511 0.0142 -7.52511 -0.0019 -7.52511 0.0099 -7.52511 -0.0001 
-7.44491 8.7921 -7.44491 -3.5687 -7.44491 0.0599 -7.44491 -0.0034 -7.44491 0.0079 -7.44491 -0.0002 -7.44491 0.0182 -7.44491 -0.0012 -7.44491 0.0186 -7.44491 -0.0012 -7.44491 0.0064 -7.44491 -0.0007 -7.44491 0.0088 -7.44491 -0.0001 
-7.36481 7.8672 -7.36481 -2.6846 -7.36481 0.056 -7.36481 -0.0018 -7.36481 0.0073 -7.36481 -0.0003 -7.36481 0.0193 -7.36481 -0.0005 -7.36481 0.0191 -7.36481 -0.0006 -7.36481 0.0028 -7.36481 -0.0002 -7.36481 0.0075 -7.36481 -0.0002 
-7.28461 6.931 -7.28461 -2.816 -7.28461 0.0454 -7.28461 -0.0015 -7.28461 0.0066 -7.28461 -0.0004 -7.28461 0.0155 -7.28461 -0.0003 -7.28461 0.0149 -7.28461 -0.0005 -7.28461 0.0016 -7.28461 -0.0001 -7.28461 0.0068 -7.28461 -0.0002 
-7.20441 6.5005 -7.20441 -3.6974 -7.20441 0.0335 -7.20441 -0.0017 -7.20441 0.0066 -7.20441 -0.0005 -7.20441 0.0094 -7.20441 -0.0003 -7.20441 0.0088 -7.20441 -0.0005 -7.20441 0.0013 -7.20441 -0.0001 -7.20441 0.0074 -7.20441 -0.0003 
-7.12431 6.6784 -7.12431 -5.0901 -7.12431 0.0255 -7.12431 -0.002 -7.12431 0.0071 -7.12431 -0.0006 -7.12431 0.0045 -7.12431 -0.0003 -7.12431 0.0041 -7.12431 -0.0006 -7.12431 0.0014 -7.12431 -0.0001 -7.12431 0.0084 -7.12431 -0.0004 
-7.04411 6.5937 -7.04411 -6.801 -7.04411 0.0203 -7.04411 -0.0026 -7.04411 0.007 -7.04411 -0.0007 -7.04411 0.0019 -7.04411 -0.0005 -7.04411 0.0016 -7.04411 -0.0007 -7.04411 0.0014 -7.04411 -0.0002 -7.04411 0.0084 -7.04411 -0.0005 
-6.96391 5.5375 -6.96391 -8.5017 -6.96391 0.0147 -6.96391 -0.0033 -6.96391 0.0055 -6.96391 -0.0009 -6.96391 0.0008 -6.96391 -0.0006 -6.96391 0.0007 -6.96391 -0.0008 -6.96391 0.0012 -6.96391 -0.0003 -6.96391 0.0065 -6.96391 -0.0007 
-6.88381 3.9608 -6.88381 -9.7632 -6.88381 0.0086 -6.88381 -0.0043 -6.88381 0.0033 -6.88381 -0.0011 -6.88381 0.0003 -6.88381 -0.0008 -6.88381 0.0003 -6.88381 -0.0011 -6.88381 0.0008 -6.88381 -0.0005 -6.88381 0.0039 -6.88381 -0.0008 
-6.80361 2.8566 -6.80361 -10.3821 -6.80361 0.0044 -6.80361 -0.0056 -6.80361 0.0016 -6.80361 -0.0014 -6.80361 0.0002 -6.80361 -0.0009 -6.80361 0.0002 -6.80361 -0.0013 -6.80361 0.0006 -6.80361 -0.001 -6.80361 0.0018 -6.80361 -0.001 
-6.72351 2.7437 -6.72351 -10.5501 -6.72351 0.0026 -6.72351 -0.0064 -6.72351 0.001 -6.72351 -0.0015 -6.72351 0.0001 -6.72351 -0.0009 -6.72351 0.0001 -6.72351 -0.0013 -6.72351 0.0005 -6.72351 -0.0016 -6.72351 0.0009 -6.72351 -0.0011 
-6.64331 3.5734 -6.64331 -10.6551 -6.64331 0.0047 -6.64331 -0.0074 -6.64331 0.0017 -6.64331 -0.0015 -6.64331 0.0003 -6.64331 -0.0009 -6.64331 0.0003 -6.64331 -0.0013 -6.64331 0.001 -6.64331 -0.0026 -6.64331 0.0014 -6.64331 -0.0011 
-6.56311 5.1818 -6.56311 -10.94 -6.56311 0.011 -6.56311 -0.0085 -6.56311 0.0042 -6.56311 -0.0015 -6.56311 0.0006 -6.56311 -0.0009 -6.56311 0.0007 -6.56311 -0.0012 -6.56311 0.0021 -6.56311 -0.0037 -6.56311 0.0034 -6.56311 -0.0012 
-6.48301 7.4939 -6.48301 -11.4381 -6.48301 0.0258 -6.48301 -0.0097 -6.48301 0.0101 -6.48301 -0.0016 -6.48301 0.0014 -6.48301 -0.0009 -6.48301 0.0016 -6.48301 -0.0011 -6.48301 0.0046 -6.48301 -0.0049 -6.48301 0.0081 -6.48301 -0.0012 
-6.40281 10.3343 -6.40281 -12.2916 -6.40281 0.0543 -6.40281 -0.0114 -6.40281 0.0221 -6.40281 -0.0018 -6.40281 0.0028 -6.40281 -0.001 -6.40281 0.0034 -6.40281 -0.0012 -6.40281 0.0088 -6.40281 -0.006 -6.40281 0.0172 -6.40281 -0.0014 
-6.32271 13.1817 -6.32271 -13.7999 -6.32271 0.1052 -6.32271 -0.0139 -6.32271 0.0447 -6.32271 -0.0024 -6.32271 0.0053 -6.32271 -0.0013 -6.32271 0.0066 -6.32271 -0.0016 -6.32271 0.0152 -6.32271 -0.0068 -6.32271 0.0334 -6.32271 -0.0018 
-6.24251 15.2911 -6.24251 -15.8796 -6.24251 0.1923 -6.24251 -0.017 -6.24251 0.0837 -6.24251 -0.0033 -6.24251 0.0097 -6.24251 -0.0019 -6.24251 0.012 -6.24251 -0.0023 -6.24251 0.025 -6.24251 -0.0071 -6.24251 0.0619 -6.24251 -0.0024 
-6.16231 16.2705 -6.16231 -17.7734 -6.16231 0.3321 -6.16231 -0.0203 -6.16231 0.142 -6.16231 -0.0043 -6.16231 0.018 -6.16231 -0.0026 -6.16231 0.0211 -6.16231 -0.0033 -6.16231 0.0417 -6.16231 -0.0069 -6.16231 0.1093 -6.16231 -0.0032 
-6.08221 16.5767 -6.08221 -18.5793 -6.08221 0.5373 -6.08221 -0.0234 -6.08221 0.2166 -6.08221 -0.0052 -6.08221 0.0339 -6.08221 -0.0034 -6.08221 0.0356 -6.08221 -0.0043 -6.08221 0.0685 -6.08221 -0.0064 -6.08221 0.1827 -6.08221 -0.0041 
-6.00201 17.2865 -6.00201 -18.0529 -6.00201 0.819 -6.00201 -0.0271 -6.00201 0.3041 -6.00201 -0.0061 -6.00201 0.0618 -6.00201 -0.0042 -6.00201 0.0589 -6.00201 -0.0054 -6.00201 0.1043 -6.00201 -0.0065 -6.00201 0.2899 -6.00201 -0.0049 
-5.92191 19.2003 -5.92191 -16.9241 -5.92191 1.18 -5.92191 -0.0347 -5.92191 0.4088 -5.92191 -0.0077 -5.92191 0.1032 -5.92191 -0.0054 -5.92191 0.0941 -5.92191 -0.0072 -5.92191 0.1421 -5.92191 -0.0083 -5.92191 0.4318 -5.92191 -0.0061 
-5.84171 22.026 -5.84171 -16.3835 -5.84171 1.5719 -5.84171 -0.0529 -5.84171 0.5274 -5.84171 -0.0115 -5.84171 0.1503 -5.84171 -0.0081 -5.84171 0.139 -5.84171 -0.0112 -5.84171 0.1752 -5.84171 -0.0131 -5.84171 0.58 -5.84171 -0.009 
-5.76151 24.5037 -5.76151 -17.0561 -5.76151 1.8754 -5.76151 -0.0877 -5.76151 0.6277 -5.76151 -0.0194 -5.76151 0.1862 -5.76151 -0.0136 -5.76151 0.1811 -5.76151 -0.0193 -5.76151 0.2044 -5.76151 -0.0203 -5.76151 0.676 -5.76151 -0.0151 
-5.68141 25.4094 -5.68141 -18.4469 -5.68141 1.9808 -5.68141 -0.1399 -5.68141 0.6628 -5.68141 -0.0325 -5.68141 0.1987 -5.68141 -0.0228 -5.68141 0.2032 -5.68141 -0.0326 -5.68141 0.236 -5.68141 -0.027 -5.68141 0.6801 -5.68141 -0.025 
-5.60121 24.3937 -5.60121 -19.5075 -5.60121 1.8832 -5.60121 -0.1981 -5.60121 0.6128 -5.60121 -0.0485 -5.60121 0.189 -5.60121 -0.034 -5.60121 0.1961 -5.60121 -0.0489 -5.60121 0.2754 -5.60121 -0.0297 -5.60121 0.6099 -5.60121 -0.037 
-5.52111 22.0715 -5.52111 -19.7095 -5.52111 1.6642 -5.52111 -0.2436 -5.52111 0.5027 -5.52111 -0.0622 -5.52111 0.1662 -5.52111 -0.0435 -5.52111 0.1656 -5.52111 -0.0625 -5.52111 0.3191 -5.52111 -0.028 -5.52111 0.5106 -5.52111 -0.0474 
-5.44091 19.5578 -5.44091 -19.4704 -5.44091 1.4108 -5.44091 -0.2624 -5.44091 0.3794 -5.44091 -0.0689 -5.44091 0.1375 -5.44091 -0.0479 -5.44091 0.127 -5.44091 -0.0683 -5.44091 0.3578 -5.44091 -0.0243 -5.44091 0.4091 -5.44091 -0.053 
-5.36071 17.7826 -5.36071 -19.6334 -5.36071 1.176 -5.36071 -0.2606 -5.36071 0.2771 -5.36071 -0.0696 -5.36071 0.1068 -5.36071 -0.0478 -5.36071 0.0937 -5.36071 -0.0667 -5.36071 0.3875 -5.36071 -0.0217 -5.36071 0.3109 -5.36071 -0.0548 
-5.28061 17.0518 -5.28061 -20.681 -5.28061 0.9903 -5.28061 -0.2565 -5.28061 0.207 -5.28061 -0.0692 -5.28061 0.0784 -5.28061 -0.0472 -5.28061 0.0716 -5.28061 -0.0632 -5.28061 0.412 -5.28061 -0.0209 -5.28061 0.2213 -5.28061 -0.056 
-5.20041 17.1313 -5.20041 -22.4603 -5.20041 0.8679 -5.20041 -0.2648 -5.20041 0.1668 -5.20041 -0.0716 -5.20041 0.0578 -5.20041 -0.05 -5.20041 0.0611 -5.20041 -0.0632 -5.20041 0.4303 -5.20041 -0.0207 -5.20041 0.1519 -5.20041 -0.0593 
-5.12031 17.6357 -5.12031 -24.4863 -5.12031 0.7989 -5.12031 -0.2886 -5.12031 0.1501 -5.12031 -0.0767 -5.12031 0.048 -5.12031 -0.058 -5.12031 0.0597 -5.12031 -0.0691 -5.12031 0.43 -5.12031 -0.0201 -5.12031 0.1111 -5.12031 -0.0647 
-5.04011 18.3303 -5.04011 -26.2526 -5.04011 0.7581 -5.04011 -0.3275 -5.04011 0.1479 -5.04011 -0.0834 -5.04011 0.0481 -5.04011 -0.0714 -5.04011 0.0633 -5.04011 -0.0814 -5.04011 0.4014 -5.04011 -0.0189 -5.04011 0.0974 -5.04011 -0.0724 
-4.95991 19.1471 -4.95991 -27.3225 -4.95991 0.7331 -4.95991 -0.3912 -4.95991 0.1518 -4.95991 -0.0937 -4.95991 0.0548 -4.95991 -0.0926 -4.95991 0.0688 -4.95991 -0.1015 -4.95991 0.3546 -4.95991 -0.0177 -4.95991 0.1031 -4.95991 -0.0857 
-4.87981 20.0683 -4.87981 -27.5156 -4.87981 0.7298 -4.87981 -0.5023 -4.87981 0.1575 -4.87981 -0.1132 -4.87981 0.064 -4.87981 -0.1273 -4.87981 0.0746 -4.87981 -0.1322 -4.87981 0.3139 -4.87981 -0.017 -4.87981 0.1198 -4.87981 -0.1126 
-4.79961 21.0968 -4.79961 -27.1365 -4.79961 0.7493 -4.79961 -0.6768 -4.79961 0.1641 -4.79961 -0.1468 -4.79961 0.0722 -4.79961 -0.1794 -4.79961 0.0793 -4.79961 -0.1741 -4.79961 0.2918 -4.79961 -0.0174 -4.79961 0.1419 -4.79961 -0.1591 
-4.71951 22.26 -4.71951 -26.7947 -4.71951 0.7731 -4.71951 -0.8891 -4.71951 0.1708 -4.71951 -0.1901 -4.71951 0.0772 -4.71951 -0.241 -4.71951 0.0816 -4.71951 -0.2199 -4.71951 0.278 -4.71951 -0.0195 -4.71951 0.1655 -4.71951 -0.2186 
-4.63931 23.5552 -4.63931 -26.8607 -4.63931 0.778 -4.63931 -1.0611 -4.63931 0.1745 -4.63931 -0.2269 -4.63931 0.0786 -4.63931 -0.2896 -4.63931 0.0813 -4.63931 -0.2538 -4.63931 0.2595 -4.63931 -0.0232 -4.63931 0.1841 -4.63931 -0.2676 
-4.55911 24.9159 -4.55911 -27.2258 -4.55911 0.754 -4.55911 -1.1089 -4.55911 0.1704 -4.55911 -0.2378 -4.55911 0.0762 -4.55911 -0.3028 -4.55911 0.0785 -4.55911 -0.2602 -4.55911 0.2398 -4.55911 -0.0272 -4.55911 0.1891 -4.55911 -0.2809 
-4.47901 26.1919 -4.47901 -27.695 -4.47901 0.71 -4.47901 -1.0123 -4.47901 0.158 -4.47901 -0.2165 -4.47901 0.0706 -4.47901 -0.276 -4.47901 0.0725 -4.47901 -0.2372 -4.47901 0.2307 -4.47901 -0.0304 -4.47901 0.1782 -4.47901 -0.2522 
-4.39881 27.0855 -4.39881 -28.4003 -4.39881 0.6644 -4.39881 -0.8281 -4.39881 0.1425 -4.39881 -0.1745 -4.39881 0.0635 -4.39881 -0.2255 -4.39881 0.0638 -4.39881 -0.198 -4.39881 0.2356 -4.39881 -0.0327 -4.39881 0.159 -4.39881 -0.1974 
-4.31871 27.2394 -4.31871 -29.6102 -4.31871 0.6266 -4.31871 -0.6384 -4.31871 0.1281 -4.31871 -0.1294 -4.31871 0.0573 -4.31871 -0.1744 -4.31871 0.0551 -4.31871 -0.1598 -4.31871 0.2471 -4.31871 -0.0349 -4.31871 0.139 -4.31871 -0.1399 
-4.23851 26.5664 -4.23851 -31.2721 -4.23851 0.5935 -4.23851 -0.4985 -4.23851 0.1145 -4.23851 -0.0938 -4.23851 0.0537 -4.23851 -0.1388 -4.23851 0.0501 -4.23851 -0.1324 -4.23851 0.2553 -4.23851 -0.0372 -4.23851 0.1199 -4.23851 -0.0963 
-4.15831 25.4433 -4.15831 -32.8887 -4.15831 0.5604 -4.15831 -0.4185 -4.15831 0.0996 -4.15831 -0.0713 -4.15831 0.0541 -4.15831 -0.1212 -4.15831 0.051 -4.15831 -0.1165 -4.15831 0.2556 -4.15831 -0.0382 -4.15831 0.1001 -4.15831 -0.0713 
-4.07821 24.439 -4.07821 -33.7959 -4.07821 0.5335 -4.07821 -0.3763 -4.07821 0.0841 -4.07821 -0.0588 -4.07821 0.0589 -4.07821 -0.1139 -4.07821 0.0585 -4.07821 -0.1065 -4.07821 0.2514 -4.07821 -0.0373 -4.07821 0.0806 -4.07821 -0.0598 
-3.99801 23.8654 -3.99801 -33.5709 -3.99801 0.5244 -3.99801 -0.3423 -3.99801 0.0713 -3.99801 -0.0508 -3.99801 0.0683 -3.99801 -0.1062 -3.99801 0.0726 -3.99801 -0.0966 -3.99801 0.2465 -3.99801 -0.0357 -3.99801 0.0657 -3.99801 -0.053 
-3.91791 23.6481 -3.91791 -32.2667 -3.91791 0.5364 -3.91791 -0.2997 -3.91791 0.0655 -3.91791 -0.0435 -3.91791 0.0821 -3.91791 -0.0922 -3.91791 0.0931 -3.91791 -0.084 -3.91791 0.2355 -3.91791 -0.0346 -3.91791 0.0602 -3.91791 -0.0454 
-3.83771 23.5675 -3.83771 -30.3321 -3.83771 0.5647 -3.83771 -0.2505 -3.83771 0.0707 -3.83771 -0.0363 -3.83771 0.0989 -3.83771 -0.0742 -3.83771 0.117 -3.83771 -0.0697 -3.83771 0.2098 -3.83771 -0.034 -3.83771 0.0683 -3.83771 -0.0363 
-3.75751 23.5441 -3.75751 -28.3539 -3.75751 0.6073 -3.75751 -0.2066 -3.75751 0.0881 -3.75751 -0.0292 -3.75751 0.1155 -3.75751 -0.0596 -3.75751 0.1377 -3.75751 -0.0573 -3.75751 0.1752 -3.75751 -0.0325 -3.75751 0.0908 -3.75751 -0.028 
-3.67741 23.6537 -3.67741 -26.827 -3.67741 0.6603 -3.67741 -0.1792 -3.67741 0.1125 -3.67741 -0.0231 -3.67741 0.1274 -3.67741 -0.0539 -3.67741 0.1481 -3.67741 -0.0505 -3.67741 0.1507 -3.67741 -0.0298 -3.67741 0.1216 -3.67741 -0.0219 
-3.59721 23.9046 -3.59721 -26.0156 -3.59721 0.7088 -3.59721 -0.1705 -3.59721 0.1325 -3.59721 -0.0185 -3.59721 0.1327 -3.59721 -0.0563 -3.59721 0.1474 -3.59721 -0.0502 -3.59721 0.1492 -3.59721 -0.0273 -3.59721 0.147 -3.59721 -0.0182 
-3.51711 24.1668 -3.51711 -25.8947 -3.51711 0.7325 -3.51711 -0.1733 -3.51711 0.1375 -3.51711 -0.0158 -3.51711 0.135 -3.51711 -0.0609 -3.51711 0.1417 -3.51711 -0.0533 -3.51711 0.1643 -3.51711 -0.0269 -3.51711 0.154 -3.51711 -0.0164 
-3.43691 24.3623 -3.43691 -26.217 -3.43691 0.727 -3.43691 -0.1771 -3.43691 0.1265 -3.43691 -0.0145 -3.43691 0.1413 -3.43691 -0.0618 -3.43691 0.1395 -3.43691 -0.056 -3.43691 0.1784 -3.43691 -0.0289 -3.43691 0.1413 -3.43691 -0.0159 
-3.35671 24.568 -3.35671 -26.6837 -3.35671 0.7043 -3.35671 -0.1752 -3.35671 0.1079 -3.35671 -0.0137 -3.35671 0.1554 -3.35671 -0.0575 -3.35671 0.1442 -3.35671 -0.056 -3.35671 0.1775 -3.35671 -0.0323 -3.35671 0.1193 -3.35671 -0.0157 
-3.27661 24.8866 -3.27661 -27.0376 -3.27661 0.6765 -3.27661 -0.1686 -3.27661 0.0918 -3.27661 -0.0134 -3.27661 0.1726 -3.27661 -0.0504 -3.27661 0.152 -3.27661 -0.0531 -3.27661 0.1595 -3.27661 -0.0362 -3.27661 0.1006 -3.27661 -0.0155 
-3.19641 25.3124 -3.19641 -27.0861 -3.19641 0.6418 -3.19641 -0.1605 -3.19641 0.0822 -3.19641 -0.0136 -3.19641 0.1812 -3.19641 -0.0432 -3.19641 0.1546 -3.19641 -0.0477 -3.19641 0.1333 -3.19641 -0.0406 -3.19641 0.0905 -3.19641 -0.0154 
-3.11631 25.7507 -3.11631 -26.7811 -3.11631 0.5921 -3.11631 -0.1544 -3.11631 0.077 -3.11631 -0.0143 -3.11631 0.1719 -3.11631 -0.0374 -3.11631 0.1455 -3.11631 -0.0408 -3.11631 0.1108 -3.11631 -0.0464 -3.11631 0.0869 -3.11631 -0.0155 
-3.03611 26.1245 -3.03611 -26.2008 -3.03611 0.5263 -3.03611 -0.1508 -3.03611 0.0719 -3.03611 -0.015 -3.03611 0.1469 -3.03611 -0.0327 -3.03611 0.1256 -3.03611 -0.034 -3.03611 0.0979 -3.03611 -0.0533 -3.03611 0.084 -3.03611 -0.0158 
-2.95591 26.468 -2.95591 -25.4161 -2.95591 0.454 -2.95591 -0.149 -2.95591 0.0648 -2.95591 -0.0155 -2.95591 0.1174 -2.95591 -0.0288 -2.95591 0.1024 -2.95591 -0.0289 -2.95591 0.0924 -2.95591 -0.06 -2.95591 0.077 -2.95591 -0.0158 
-2.87581 26.9412 -2.87581 -24.5094 -2.87581 0.3905 -2.87581 -0.1491 -2.87581 0.0573 -2.87581 -0.0156 -2.87581 0.0934 -2.87581 -0.0264 -2.87581 0.0841 -2.87581 -0.0264 -2.87581 0.0896 -2.87581 -0.0656 -2.87581 0.0661 -2.87581 -0.0151 
-2.79561 27.6697 -2.79561 -23.6735 -2.79561 0.3505 -2.79561 -0.1522 -2.79561 0.052 -2.79561 -0.0157 -2.79561 0.0798 -2.79561 -0.0267 -2.79561 0.0755 -2.79561 -0.0269 -2.79561 0.0877 -2.79561 -0.0692 -2.79561 0.0555 -2.79561 -0.0137 
-2.71551 28.4613 -2.71551 -23.0956 -2.71551 0.3426 -2.71551 -0.1571 -2.71551 0.0502 -2.71551 -0.0163 -2.71551 0.0773 -2.71551 -0.0297 -2.71551 0.0778 -2.71551 -0.0294 -2.71551 0.0881 -2.71551 -0.0692 -2.71551 0.0492 -2.71551 -0.0125 
-2.63531 28.7608 -2.63531 -22.6889 -2.63531 0.3666 -2.63531 -0.1577 -2.63531 0.0521 -2.63531 -0.0171 -2.63531 0.0855 -2.63531 -0.0327 -2.63531 0.0895 -2.63531 -0.0312 -2.63531 0.0917 -2.63531 -0.0644 -2.63531 0.0478 -2.63531 -0.0123 
-2.55511 28.1027 -2.55511 -22.0672 -2.55511 0.4095 -2.55511 -0.1487 -2.55511 0.0567 -2.55511 -0.0177 -2.55511 0.1004 -2.55511 -0.0323 -2.55511 0.1048 -2.55511 -0.0297 -2.55511 0.0975 -2.55511 -0.0561 -2.55511 0.0501 -2.55511 -0.0129 
-2.47501 26.6184 -2.47501 -20.9553 -2.47501 0.4478 -2.47501 -0.1317 -2.47501 0.0626 -2.47501 -0.018 -2.47501 0.1134 -2.47501 -0.0278 -2.47501 0.1144 -2.47501 -0.0247 -2.47501 0.1029 -2.47501 -0.047 -2.47501 0.0545 -2.47501 -0.0142 
-2.39481 24.9387 -2.39481 -19.5564 -2.39481 0.4618 -2.39481 -0.1141 -2.39481 0.0689 -2.39481 -0.0182 -2.39481 0.117 -2.39481 -0.0216 -2.39481 0.1119 -2.39481 -0.0184 -2.39481 0.1047 -2.39481 -0.0401 -2.39481 0.0593 -2.39481 -0.0158 
-2.31461 23.6784 -2.31461 -18.2126 -2.31461 0.4518 -2.31461 -0.1015 -2.31461 0.0757 -2.31461 -0.0181 -2.31461 0.1113 -2.31461 -0.0163 -2.31461 0.1004 -2.31461 -0.0132 -2.31461 0.1009 -2.31461 -0.0371 -2.31461 0.0635 -2.31461 -0.0168 
-2.23451 23.1118 -2.23451 -16.7632 -2.23451 0.4365 -2.23451 -0.0956 -2.23451 0.0822 -2.23451 -0.0173 -2.23451 0.1035 -2.23451 -0.013 -2.23451 0.0891 -2.23451 -0.0101 -2.23451 0.0946 -2.23451 -0.0388 -2.23451 0.0671 -2.23451 -0.0164 
-2.15431 23.1111 -2.15431 -14.7606 -2.15431 0.433 -2.15431 -0.0927 -2.15431 0.0851 -2.15431 -0.0156 -2.15431 0.1003 -2.15431 -0.011 -2.15431 0.0846 -2.15431 -0.0089 -2.15431 0.0935 -2.15431 -0.0426 -2.15431 0.0695 -2.15431 -0.0146 
-2.07421 23.2039 -2.07421 -12.3716 -2.07421 0.4417 -2.07421 -0.0903 -2.07421 0.0808 -2.07421 -0.0141 -2.07421 0.1022 -2.07421 -0.0099 -2.07421 0.0869 -2.07421 -0.0092 -2.07421 0.1039 -2.07421 -0.0442 -2.07421 0.0679 -2.07421 -0.0129 
-1.99401 22.8666 -1.99401 -10.4931 -1.99401 0.4501 -1.99401 -0.0902 -1.99401 0.0693 -1.99401 -0.0145 -1.99401 0.1044 -1.99401 -0.01 -1.99401 0.0922 -1.99401 -0.011 -1.99401 0.124 -1.99401 -0.0415 -1.99401 0.0602 -1.99401 -0.0132 
-1.91381 21.9009 -1.91381 -9.8109 -1.91381 0.4448 -1.91381 -0.0986 -1.91381 0.0546 -1.91381 -0.0188 -1.91381 0.1015 -1.91381 -0.0116 -1.91381 0.0959 -1.91381 -0.0144 -1.91381 0.1453 -1.91381 -0.0371 -1.91381 0.0475 -1.91381 -0.0167 
-1.83371 20.4333 -1.83371 -10.0815 -1.83371 0.4171 -1.83371 -0.1187 -1.83371 0.0413 -1.83371 -0.0276 -1.83371 0.0904 -1.83371 -0.0145 -1.83371 0.0929 -1.83371 -0.0195 -1.83371 0.1583 -1.83371 -0.0337 -1.83371 0.0342 -1.83371 -0.0234 
-1.75351 18.6665 -1.75351 -10.38 -1.75351 0.367 -1.75351 -0.1415 -1.75351 0.0307 -1.75351 -0.0382 -1.75351 0.0729 -1.75351 -0.0174 -1.75351 0.0807 -1.75351 -0.0246 -1.75351 0.1587 -1.75351 -0.0306 -1.75351 0.024 -1.75351 -0.0307 
-1.67341 16.846 -1.67341 -9.8783 -1.67341 0.3066 -1.67341 -0.1498 -1.67341 0.0222 -1.67341 -0.0447 -1.67341 0.0549 -1.67341 -0.0183 -1.67341 0.0624 -1.67341 -0.0266 -1.67341 0.1498 -1.67341 -0.0255 -1.67341 0.0173 -1.67341 -0.0347 
-1.59321 15.2424 -1.59321 -8.5252 -1.59321 0.2551 -1.59321 -0.1343 -1.59321 0.0157 -1.59321 -0.0432 -1.59321 0.0423 -1.59321 -0.0161 -1.59321 0.0455 -1.59321 -0.0236 -1.59321 0.1382 -1.59321 -0.018 -1.59321 0.0134 -1.59321 -0.0334 
-1.51301 13.8972 -1.51301 -7.1028 -1.51301 0.219 -1.51301 -0.1072 -1.51301 0.0121 -1.51301 -0.0368 -1.51301 0.0358 -1.51301 -0.0123 -1.51301 0.0345 -1.51301 -0.0181 -1.51301 0.1249 -1.51301 -0.0106 -1.51301 0.0117 -1.51301 -0.0294 
-1.43291 12.6279 -1.43291 -6.4134 -1.43291 0.1914 -1.43291 -0.088 -1.43291 0.0117 -1.43291 -0.0321 -1.43291 0.0326 -1.43291 -0.0096 -1.43291 0.0286 -1.43291 -0.0143 -1.43291 0.1066 -1.43291 -0.0054 -1.43291 0.0119 -1.43291 -0.0266 
-1.35271 11.3949 -1.35271 -6.3566 -1.35271 0.1696 -1.35271 -0.0827 -1.35271 0.0143 -1.35271 -0.0313 -1.35271 0.0309 -1.35271 -0.0088 -1.35271 0.0256 -1.35271 -0.0137 -1.35271 0.0845 -1.35271 -0.0028 -1.35271 0.0143 -1.35271 -0.0261 
-1.27261 10.2853 -1.27261 -6.0525 -1.27261 0.1575 -1.27261 -0.0796 -1.27261 0.0192 -1.27261 -0.0305 -1.27261 0.0305 -1.27261 -0.0086 -1.27261 0.0242 -1.27261 -0.014 -1.27261 0.0639 -1.27261 -0.0018 -1.27261 0.0197 -1.27261 -0.0247 
-1.19241 9.1682 -1.19241 -4.8915 -1.19241 0.1514 -1.19241 -0.0671 -1.19241 0.0245 -1.19241 -0.0257 -1.19241 0.0296 -1.19241 -0.0075 -1.19241 0.0227 -1.19241 -0.0124 -1.19241 0.0466 -1.19241 -0.0013 -1.19241 0.028 -1.19241 -0.0202 
-1.11221 7.8064 -1.11221 -3.1638 -1.11221 0.141 -1.11221 -0.0453 -1.11221 0.028 -1.11221 -0.0173 -1.11221 0.026 -1.11221 -0.0052 -1.11221 0.0194 -1.11221 -0.0086 -1.11221 0.0308 -1.11221 -0.0009 -1.11221 0.0368 -1.11221 -0.0133 
-1.03211 6.2019 -1.03211 -1.6009 -1.03211 0.12 -1.03211 -0.0237 -1.03211 0.0279 -1.03211 -0.009 -1.03211 0.0194 -1.03211 -0.0028 -1.03211 0.0141 -1.03211 -0.0045 -1.03211 0.0171 -1.03211 -0.0005 -1.03211 0.0415 -1.03211 -0.0069 
-0.951912 4.5616 -0.951912 -0.6272 -0.951912 0.0899 -0.951912 -0.0096 -0.951912 0.0234 -0.951912 -0.0036 -0.951912 0.012 -0.951912 -0.0012 -0.951912 0.0086 -0.951912 -0.0018 -0.951912 0.0075 -0.951912 -0.0002 -0.951912 0.0384 -0.951912 -0.0028 
-0.871812 3.1286 -0.871812 -0.1888 -0.871812 0.0579 -0.871812 -0.003 -0.871812 0.0163 -0.871812 -0.0011 -0.871812 0.0063 -0.871812 -0.0004 -0.871812 0.0044 -0.871812 -0.0005 -0.871812 0.0025 -0.871812 -0.0001 -0.871812 0.0284 -0.871812 -0.0009 
-0.791612 2.161 -0.791612 -0.0434 -0.791612 0.0317 -0.791612 -0.0007 -0.791612 0.0092 -0.791612 -0.0003 -0.791612 0.0029 -0.791612 -0.0001 -0.791612 0.0022 -0.791612 -0.0001 -0.791612 0.0007 -0.791612 -0 -0.791612 0.0167 -0.791612 -0.0002 
-0.711412 1.84 -0.711412 -0.0082 -0.711412 0.0154 -0.711412 -0.0006 -0.711412 0.0043 -0.711412 -0.0001 -0.711412 0.0015 -0.711412 -0 -0.711412 0.0016 -0.711412 -0.0001 -0.711412 0.0002 -0.711412 -0.0003 -0.711412 0.0078 -0.711412 -0.0001 
-0.631312 2.0737 -0.631312 -0.0067 -0.631312 0.0077 -0.631312 -0.0037 -0.631312 0.0018 -0.631312 -0.0003 -0.631312 0.0011 -0.631312 -0.0002 -0.631312 0.0016 -0.631312 -0.0003 -0.631312 0.0002 -0.631312 -0.0027 -0.631312 0.003 -0.631312 -0.0002 
-0.551112 2.5218 -0.551112 -0.0368 -0.551112 0.005 -0.551112 -0.0231 -0.551112 0.0009 -0.551112 -0.0017 -0.551112 0.0011 -0.551112 -0.0013 -0.551112 0.0017 -0.551112 -0.0017 -0.551112 0.0002 -0.551112 -0.0171 -0.551112 0.0011 -0.551112 -0.0013 
-0.471012 2.9149 -0.471012 -0.174 -0.471012 0.0036 -0.471012 -0.1089 -0.471012 0.0005 -0.471012 -0.0083 -0.471012 0.001 -0.471012 -0.0061 -0.471012 0.0015 -0.471012 -0.0082 -0.471012 0.0002 -0.471012 -0.0799 -0.471012 0.0004 -0.471012 -0.0064 
-0.390812 3.2359 -0.390812 -0.6147 -0.390812 0.0024 -0.390812 -0.3814 -0.390812 0.0003 -0.390812 -0.0302 -0.390812 0.0007 -0.390812 -0.0221 -0.390812 0.0011 -0.390812 -0.0297 -0.390812 0.0001 -0.390812 -0.2762 -0.390812 0.0002 -0.390812 -0.0232 
-0.310612 3.478 -0.310612 -1.6364 -0.310612 0.0015 -0.310612 -0.9982 -0.310612 0.0002 -0.310612 -0.0841 -0.310612 0.0005 -0.310612 -0.0611 -0.310612 0.0006 -0.310612 -0.0813 -0.310612 0.0001 -0.310612 -0.7059 -0.310612 0.0001 -0.310612 -0.0658 
-0.230512 3.4069 -0.230512 -3.3414 -0.230512 0.0008 -0.230512 -1.9755 -0.230512 0.0001 -0.230512 -0.183 -0.230512 0.0002 -0.230512 -0.1333 -0.230512 0.0003 -0.230512 -0.1722 -0.230512 0.0001 -0.230512 -1.338 -0.230512 0.0001 -0.230512 -0.149 
-0.150312 2.805 -0.150312 -5.382 -0.150312 0.0004 -0.150312 -3.0086 -0.150312 0.0001 -0.150312 -0.3188 -0.150312 0.0001 -0.150312 -0.2358 -0.150312 0.0002 -0.150312 -0.2882 -0.150312 0 -0.150312 -1.888 -0.150312 0 -0.150312 -0.2778 
-0.0702118 1.8574 -0.0702118 -7.107 -0.0702118 0.0002 -0.0702118 -3.6108 -0.0702118 0 -0.0702118 -0.454 -0.0702118 0.0001 -0.0702118 -0.3447 -0.0702118 0.0001 -0.0702118 -0.3893 -0.0702118 0 -0.0702118 -1.9916 -0.0702118 0 -0.0702118 -0.4312 
0.00998818 1.0945 0.00998818 -8.0431 0.00998818 0.0002 0.00998818 -3.5041 0.00998818 0 0.00998818 -0.5308 0.00998818 0.0001 0.00998818 -0.4159 0.00998818 0.0001 0.00998818 -0.4297 0.00998818 0 0.00998818 -1.5775 0.00998818 0 0.00998818 -0.5502 
0.0901882 1.1091 0.0901882 -8.1811 0.0901882 0.001 0.0901882 -2.7987 0.0901882 0.0001 0.0901882 -0.5029 0.0901882 0.0003 0.0901882 -0.4057 0.0901882 0.0004 0.0901882 -0.3863 0.0901882 0.0001 0.0901882 -0.9428 0.0901882 0.0001 0.0901882 -0.561 
0.170288 2.5437 0.170288 -8.0234 0.170288 0.003 0.170288 -1.8394 0.170288 0.0003 0.170288 -0.3778 0.170288 0.0009 0.170288 -0.3114 0.170288 0.0013 0.170288 -0.2782 0.170288 0.0003 0.170288 -0.4273 0.170288 0.0002 0.170288 -0.4447 
0.250488 6.0139 0.250488 -8.4596 0.250488 0.0081 0.250488 -0.98 0.250488 0.0008 0.250488 -0.221 0.250488 0.0025 0.250488 -0.1841 0.250488 0.0034 0.250488 -0.1577 0.250488 0.0008 0.250488 -0.1481 0.250488 0.0006 0.250488 -0.2691 
0.330588 11.4276 0.330588 -10.1292 0.330588 0.0166 0.330588 -0.4199 0.330588 0.0016 0.330588 -0.1011 0.330588 0.0052 0.330588 -0.0835 0.330588 0.0069 0.330588 -0.0704 0.330588 0.0015 0.330588 -0.0407 0.330588 0.0014 0.330588 -0.1242 
0.410788 17.4408 0.410788 -12.7277 0.410788 0.0268 0.410788 -0.1522 0.410788 0.0027 0.410788 -0.0388 0.410788 0.0085 0.410788 -0.0303 0.410788 0.0111 0.410788 -0.0265 0.410788 0.0021 0.410788 -0.011 0.410788 0.0024 0.410788 -0.0456 
0.490988 22.2187 0.490988 -15.5027 0.490988 0.0349 0.490988 -0.0595 0.490988 0.0036 0.490988 -0.0157 0.490988 0.0113 0.490988 -0.0109 0.490988 0.0143 0.490988 -0.0109 0.490988 0.0024 0.490988 -0.0059 0.490988 0.0033 0.490988 -0.0161 
0.571088 24.7529 0.571088 -18.5935 0.571088 0.0382 0.571088 -0.0386 0.571088 0.0042 0.571088 -0.0094 0.571088 0.0124 0.571088 -0.0064 0.571088 0.0154 0.571088 -0.0073 0.571088 0.0024 0.571088 -0.007 0.571088 0.0038 0.571088 -0.0085 
0.651288 25.2293 0.651288 -23.127 0.651288 0.0361 0.651288 -0.0433 0.651288 0.0041 0.651288 -0.0088 0.651288 0.0118 0.651288 -0.0072 0.651288 0.0144 0.651288 -0.0081 0.651288 0.0021 0.651288 -0.0108 0.651288 0.0037 0.651288 -0.0084 
0.731388 24.7236 0.731388 -29.5795 0.731388 0.0313 0.731388 -0.06 0.731388 0.0037 0.731388 -0.0113 0.731388 0.0102 0.731388 -0.0103 0.731388 0.0124 0.731388 -0.0113 0.731388 0.0018 0.731388 -0.016 0.731388 0.0032 0.731388 -0.0111 
0.811588 24.6389 0.811588 -36.5968 0.811588 0.026 0.811588 -0.0824 0.811588 0.0032 0.811588 -0.0157 0.811588 0.0084 0.811588 -0.0147 0.811588 0.0103 0.811588 -0.0166 0.811588 0.0016 0.811588 -0.0203 0.811588 0.0025 0.811588 -0.0151 
0.891788 25.4961 0.891788 -41.906 0.891788 0.0216 0.891788 -0.1066 0.891788 0.0028 0.891788 -0.0217 0.891788 0.0069 0.891788 -0.0201 0.891788 0.0085 0.891788 -0.0247 0.891788 0.0014 0.891788 -0.0208 0.891788 0.002 0.891788 -0.0193 
0.971888 26.1918 0.971888 -44.1188 0.971888 0.0177 0.971888 -0.1411 0.971888 0.0023 0.971888 -0.0311 0.971888 0.0057 0.971888 -0.0289 0.971888 0.0069 0.971888 -0.0387 0.971888 0.0012 0.971888 -0.0172 0.971888 0.0016 0.971888 -0.0252 
1.05209 25.1691 1.05209 -43.4697 1.05209 0.0138 1.05209 -0.2209 1.05209 0.0017 1.05209 -0.0516 1.05209 0.0046 1.05209 -0.0495 1.05209 0.0053 1.05209 -0.0678 1.05209 0.0009 1.05209 -0.012 1.05209 0.0013 1.05209 -0.04 
1.13219 22.2674 1.13219 -41.3435 1.13219 0.0108 1.13219 -0.4105 1.13219 0.0013 1.13219 -0.097 1.13219 0.0036 1.13219 -0.0987 1.13219 0.0042 1.13219 -0.1286 1.13219 0.0006 1.13219 -0.0081 1.13219 0.0011 1.13219 -0.0781 
1.21239 19.0283 1.21239 -39.3882 1.21239 0.0122 1.21239 -0.7606 1.21239 0.0018 1.21239 -0.1771 1.21239 0.0036 1.21239 -0.192 1.21239 0.0053 1.21239 -0.2315 1.21239 0.0004 1.21239 -0.0065 1.21239 0.0011 1.21239 -0.1535 
1.29259 17.1607 1.29259 -38.6868 1.29259 0.0311 1.29259 -1.2365 1.29259 0.0055 1.29259 -0.2838 1.29259 0.0076 1.29259 -0.3237 1.29259 0.015 1.29259 -0.3584 1.29259 0.0002 1.29259 -0.0067 1.29259 0.0028 1.29259 -0.2639 
1.37269 16.7485 1.37269 -39.4428 1.37269 0.1056 1.37269 -1.7027 1.37269 0.0194 1.37269 -0.3904 1.37269 0.0251 1.37269 -0.456 1.37269 0.0516 1.37269 -0.4659 1.37269 0.0001 1.37269 -0.008 1.37269 0.0094 1.37269 -0.3824 
1.45289 16.2562 1.45289 -41.1766 1.45289 0.3046 1.45289 -2.0067 1.45289 0.0552 1.45289 -0.4696 1.45289 0.0748 1.45289 -0.5394 1.45289 0.1464 1.45289 -0.5183 1.45289 0.0001 1.45289 -0.0094 1.45289 0.0281 1.45289 -0.47 
1.53299 14.4418 1.53299 -42.9786 1.53299 0.6883 1.53299 -2.0627 1.53299 0.1215 1.53299 -0.5023 1.53299 0.1778 1.53299 -0.5445 1.53299 0.3218 1.53299 -0.5075 1.53299 0.0001 1.53299 -0.0101 1.53299 0.0671 1.53299 -0.4983 
1.61319 11.5923 1.61319 -44.0098 1.61319 1.2198 1.61319 -1.8813 1.61319 0.2079 1.61319 -0.48 1.61319 0.3359 1.61319 -0.4799 1.61319 0.5485 1.61319 -0.4449 1.61319 0.0001 1.61319 -0.0101 1.61319 0.1274 1.61319 -0.4664 
1.69339 8.739 1.69339 -44.2682 1.69339 1.7532 1.69339 -1.5634 1.69339 0.2843 1.69339 -0.4147 1.69339 0.5234 1.69339 -0.3835 1.69339 0.7455 1.69339 -0.3559 1.69339 0.0001 1.69339 -0.0101 1.69339 0.1999 1.69339 -0.3992 
1.77349 6.5809 1.77349 -44.5196 1.77349 2.1594 1.77349 -1.2487 1.77349 0.327 1.77349 -0.3366 1.77349 0.709 1.77349 -0.2986 1.77349 0.8499 1.77349 -0.2741 1.77349 0.0001 1.77349 -0.0111 1.77349 0.2734 1.77349 -0.3283 
1.85369 5.3077 1.85369 -45.0429 1.85369 2.3945 1.85369 -1.0288 1.85369 0.3343 1.85369 -0.2703 1.85369 0.8643 1.85369 -0.25 1.85369 0.8593 1.85369 -0.2236 1.85369 0.0002 1.85369 -0.0134 1.85369 0.3364 1.85369 -0.2715 
1.93379 4.7465 1.93379 -44.9495 1.93379 2.39 1.93379 -0.9073 1.93379 0.3089 1.93379 -0.221 1.93379 0.9303 1.93379 -0.2361 1.93379 0.7856 1.93379 -0.2051 1.93379 0.0005 1.93379 -0.0165 1.93379 0.3647 1.93379 -0.2286 
2.01399 4.6515 2.01399 -43.3194 2.01399 2.0412 2.01399 -0.836 2.01399 0.2481 2.01399 -0.184 2.01399 0.8364 2.01399 -0.2373 2.01399 0.6261 2.01399 -0.202 2.01399 0.0012 2.01399 -0.0197 2.01399 0.3294 2.01399 -0.193 
2.09419 5.0818 2.09419 -40.4223 2.09419 1.413 2.09419 -0.7653 2.09419 0.1641 2.09419 -0.1567 2.09419 0.5981 2.09419 -0.2293 2.09419 0.412 2.09419 -0.1957 2.09419 0.0025 2.09419 -0.0232 2.09419 0.2363 2.09419 -0.1604 
2.17429 6.1795 2.17429 -37.1884 2.17429 0.7778 2.17429 -0.6812 2.17429 0.0876 2.17429 -0.1414 2.17429 0.3349 2.17429 -0.2001 2.17429 0.2189 2.17429 -0.1798 2.17429 0.0039 2.17429 -0.0269 2.17429 0.1325 2.17429 -0.133 
2.25449 7.5885 2.25449 -34.077 2.25449 0.3661 2.25449 -0.6073 2.25449 0.0409 2.25449 -0.1406 2.25449 0.1568 2.25449 -0.1585 2.25449 0.102 2.25449 -0.1606 2.25449 0.0047 2.25449 -0.0297 2.25449 0.0617 2.25449 -0.1179 
2.33459 8.6016 2.33459 -30.9967 2.33459 0.1968 2.33459 -0.567 2.33459 0.0227 2.33459 -0.1503 2.33459 0.0815 2.33459 -0.1218 2.33459 0.0571 2.33459 -0.145 2.33459 0.0043 2.33459 -0.03 2.33459 0.0312 2.33459 -0.1199 
2.41479 8.8269 2.41479 -27.8062 2.41479 0.1602 2.41479 -0.556 2.41479 0.0191 2.41479 -0.1617 2.41479 0.0653 2.41479 -0.0985 2.41479 0.0488 2.41479 -0.1321 2.41479 0.003 2.41479 -0.0273 2.41479 0.024 2.41479 -0.1364 
2.49499 8.3156 2.49499 -24.4603 2.49499 0.1534 2.49499 -0.555 2.49499 0.0185 2.49499 -0.1697 2.49499 0.0632 2.49499 -0.0851 2.49499 0.047 2.49499 -0.119 2.49499 0.0016 2.49499 -0.0227 2.49499 0.0231 2.49499 -0.1585 
2.57509 7.2183 2.57509 -20.9743 2.57509 0.1291 2.57509 -0.5538 2.57509 0.0157 2.57509 -0.1751 2.57509 0.0537 2.57509 -0.0766 2.57509 0.0389 2.57509 -0.1073 2.57509 0.0007 2.57509 -0.0185 2.57509 0.0201 2.57509 -0.1763 
2.65529 5.6614 2.65529 -17.5746 2.65529 0.0877 2.65529 -0.5504 2.65529 0.011 2.65529 -0.1773 2.65529 0.0362 2.65529 -0.0724 2.65529 0.0258 2.65529 -0.1005 2.65529 0.0003 2.65529 -0.0163 2.65529 0.0144 2.65529 -0.1839 
2.73549 3.8808 2.73549 -14.7378 2.73549 0.0477 2.73549 -0.5397 2.73549 0.0063 2.73549 -0.1704 2.73549 0.0192 2.73549 -0.0752 2.73549 0.0137 2.73549 -0.0984 2.73549 0.0001 2.73549 -0.0155 2.73549 0.0084 2.73549 -0.1802 
2.81559 2.2727 2.81559 -12.7465 2.81559 0.0209 2.81559 -0.5143 2.81559 0.003 2.81559 -0.1502 2.81559 0.0081 2.81559 -0.0863 2.81559 0.0058 2.81559 -0.0978 2.81559 0 2.81559 -0.0146 2.81559 0.004 2.81559 -0.1654 
2.89579 1.2296 2.89579 -11.2288 2.89579 0.0079 2.89579 -0.4686 2.89579 0.0012 2.89579 -0.1189 2.89579 0.0029 2.89579 -0.102 2.89579 0.0022 2.89579 -0.0958 2.89579 0 2.89579 -0.0125 2.89579 0.0016 2.89579 -0.1394 
2.97589 0.9606 2.97589 -9.4643 2.97589 0.0033 2.97589 -0.4007 2.97589 0.0005 2.97589 -0.0842 2.97589 0.0011 2.97589 -0.1123 2.97589 0.0012 2.97589 -0.0895 2.97589 0 2.97589 -0.0092 2.97589 0.0005 2.97589 -0.1055 
3.05609 1.5011 3.05609 -7.1854 3.05609 0.0033 3.05609 -0.3119 3.05609 0.0004 3.05609 -0.0532 3.05609 0.0009 3.05609 -0.1066 3.05609 0.0018 3.05609 -0.0757 3.05609 0 3.05609 -0.0058 3.05609 0.0002 3.05609 -0.0706 
3.13629 2.7493 3.13629 -4.8552 3.13629 0.0061 3.13629 -0.2136 3.13629 0.0005 3.13629 -0.0301 3.13629 0.0017 3.13629 -0.0832 3.13629 0.0037 3.13629 -0.055 3.13629 0 3.13629 -0.0036 3.13629 0.0002 3.13629 -0.0417 
3.21639 4.375 3.21639 -3.1573 3.21639 0.011 3.21639 -0.1257 3.21639 0.0008 3.21639 -0.0151 3.21639 0.0031 3.21639 -0.0523 3.21639 0.0066 3.21639 -0.0334 3.21639 0.0001 3.21639 -0.0028 3.21639 0.0004 3.21639 -0.0221 
3.29659 5.7974 3.29659 -2.3847 3.29659 0.0167 3.29659 -0.0649 3.29659 0.0012 3.29659 -0.0068 3.29659 0.005 3.29659 -0.0269 3.29659 0.0098 3.29659 -0.0174 3.29659 0.0001 3.29659 -0.0028 3.29659 0.0006 3.29659 -0.011 
3.37669 6.4076 3.37669 -2.287 3.37669 0.0209 3.37669 -0.0328 3.37669 0.0014 3.37669 -0.0029 3.37669 0.0066 3.37669 -0.0122 3.37669 0.0119 3.37669 -0.009 3.37669 0.0002 3.37669 -0.0029 3.37669 0.0008 3.37669 -0.0058 
3.45689 5.919 3.45689 -2.3301 3.45689 0.022 3.45689 -0.0193 3.45689 0.0014 3.45689 -0.0015 3.45689 0.0073 3.45689 -0.0059 3.45689 0.0122 3.45689 -0.0058 3.45689 0.0002 3.45689 -0.0027 3.45689 0.0009 3.45689 -0.0034 
3.53709 4.6049 3.53709 -2.1074 3.53709 0.0199 3.53709 -0.0134 3.53709 0.0012 3.53709 -0.001 3.53709 0.0068 3.53709 -0.0035 3.53709 0.0108 3.53709 -0.0048 3.53709 0.0003 3.53709 -0.002 3.53709 0.0008 3.53709 -0.0021 
3.61719 3.1485 3.61719 -1.6172 3.61719 0.0161 3.61719 -0.0102 3.61719 0.001 3.61719 -0.0008 3.61719 0.0055 3.61719 -0.0025 3.61719 0.0085 3.61719 -0.0044 3.61719 0.0004 3.61719 -0.0012 3.61719 0.0007 3.61719 -0.0013 
3.69739 2.1563 3.69739 -1.1566 3.69739 0.0119 3.69739 -0.009 3.69739 0.0008 3.69739 -0.0008 3.69739 0.004 3.69739 -0.0022 3.69739 0.0061 3.69739 -0.0045 3.69739 0.0005 3.69739 -0.0007 3.69739 0.0005 3.69739 -0.0008 
3.77749 1.8155 3.77749 -0.9704 3.77749 0.009 3.77749 -0.0099 3.77749 0.0006 3.77749 -0.0009 3.77749 0.003 3.77749 -0.0024 3.77749 0.0043 3.77749 -0.0052 3.77749 0.0007 3.77749 -0.0006 3.77749 0.0004 3.77749 -0.0008 
3.85769 1.9666 3.85769 -1.0715 3.85769 0.0076 3.85769 -0.0117 3.85769 0.0006 3.85769 -0.001 3.85769 0.0025 3.85769 -0.0029 3.85769 0.0033 3.85769 -0.0059 3.85769 0.0008 3.85769 -0.0009 3.85769 0.0004 3.85769 -0.001 
3.93789 2.3721 3.93789 -1.326 3.93789 0.0068 3.93789 -0.0134 3.93789 0.0006 3.93789 -0.001 3.93789 0.0022 3.93789 -0.0035 3.93789 0.0027 3.93789 -0.0062 3.93789 0.0009 3.93789 -0.0014 3.93789 0.0004 3.93789 -0.0013 
4.01799 2.843 4.01799 -1.5716 4.01799 0.0065 4.01799 -0.0144 4.01799 0.0007 4.01799 -0.001 4.01799 0.002 4.01799 -0.004 4.01799 0.0024 4.01799 -0.0059 4.01799 0.001 4.01799 -0.0019 4.01799 0.0004 4.01799 -0.0016 
4.09819 3.1883 4.09819 -1.6645 4.09819 0.006 4.09819 -0.0142 4.09819 0.0007 4.09819 -0.001 4.09819 0.0018 4.09819 -0.004 4.09819 0.0021 4.09819 -0.0052 4.09819 0.001 4.09819 -0.0023 4.09819 0.0004 4.09819 -0.0017 
4.17829 3.2733 4.17829 -1.5289 4.17829 0.0052 4.17829 -0.0121 4.17829 0.0006 4.17829 -0.0009 4.17829 0.0016 4.17829 -0.0034 4.17829 0.0017 4.17829 -0.0041 4.17829 0.0009 4.17829 -0.0022 4.17829 0.0004 4.17829 -0.0015 
4.25849 3.2244 4.25849 -1.2116 4.25849 0.004 4.25849 -0.0089 4.25849 0.0004 4.25849 -0.0007 4.25849 0.0013 4.25849 -0.0025 4.25849 0.0012 4.25849 -0.0029 4.25849 0.0007 4.25849 -0.0017 4.25849 0.0004 4.25849 -0.0011 
4.33869 3.3461 4.33869 -0.8645 4.33869 0.003 4.33869 -0.0055 4.33869 0.0003 4.33869 -0.0005 4.33869 0.0011 4.33869 -0.0015 4.33869 0.0008 4.33869 -0.0018 4.33869 0.0005 4.33869 -0.0011 4.33869 0.0003 4.33869 -0.0006 
4.41879 3.672 4.41879 -0.6363 4.41879 0.0023 4.41879 -0.0031 4.41879 0.0002 4.41879 -0.0003 4.41879 0.0009 4.41879 -0.0009 4.41879 0.0006 4.41879 -0.001 4.41879 0.0003 4.41879 -0.0006 4.41879 0.0003 4.41879 -0.0003 
4.49899 3.7961 4.49899 -0.5567 4.49899 0.0019 4.49899 -0.0022 4.49899 0.0002 4.49899 -0.0002 4.49899 0.0008 4.49899 -0.0007 4.49899 0.0005 4.49899 -0.0007 4.49899 0.0002 4.49899 -0.0004 4.49899 0.0002 4.49899 -0.0002 
4.57909 3.3233 4.57909 -0.5278 4.57909 0.0014 4.57909 -0.0018 4.57909 0.0002 4.57909 -0.0001 4.57909 0.0005 4.57909 -0.0007 4.57909 0.0004 4.57909 -0.0005 4.57909 0.0001 4.57909 -0.0003 4.57909 0.0002 4.57909 -0.0002 
4.65929 2.3389 4.65929 -0.4511 4.65929 0.0008 4.65929 -0.0015 4.65929 0.0001 4.65929 -0.0001 4.65929 0.0003 4.65929 -0.0007 4.65929 0.0002 4.65929 -0.0004 4.65929 0.0001 4.65929 -0.0002 4.65929 0.0001 4.65929 -0.0001 
4.73949 1.2944 4.73949 -0.3448 4.73949 0.0003 4.73949 -0.0011 4.73949 0.0001 4.73949 -0.0001 4.73949 0.0001 4.73949 -0.0005 4.73949 0.0001 4.73949 -0.0002 4.73949 0 4.73949 -0.0002 4.73949 0 4.73949 -0.0001 
4.81959 0.5563 4.81959 -0.3039 4.81959 0 4.81959 -0.0008 4.81959 0 4.81959 -0.0001 4.81959 0 4.81959 -0.0003 4.81959 0 4.81959 -0.0002 4.81959 0 4.81959 -0.0001 4.81959 0 4.81959 -0.0001 
4.89979 0.1837 4.89979 -0.3745 4.89979 0 4.89979 -0.0007 4.89979 0 4.89979 -0.0001 4.89979 0 4.89979 -0.0002 4.89979 0 4.89979 -0.0002 4.89979 0 4.89979 -0.0001 4.89979 0 4.89979 -0.0001 
4.97989 0.0462 4.97989 -0.4959 4.97989 0 4.97989 -0.0008 4.97989 0 4.97989 -0.0001 4.97989 0 4.97989 -0.0002 4.97989 0 4.97989 -0.0002 4.97989 0 4.97989 -0.0002 4.97989 0 4.97989 -0.0001 
5.06009 0.0087 5.06009 -0.5549 5.06009 0 5.06009 -0.001 5.06009 0 5.06009 -0.0001 5.06009 0 5.06009 -0.0003 5.06009 0 5.06009 -0.0003 5.06009 0 5.06009 -0.0002 5.06009 0 5.06009 -0.0001 
5.14029 0.0012 5.14029 -0.4875 5.14029 0 5.14029 -0.0007 5.14029 0 5.14029 -0.0001 5.14029 0 5.14029 -0.0002 5.14029 0 5.14029 -0.0002 5.14029 0 5.14029 -0.0001 5.14029 0 5.14029 -0.0001 
5.22039 0.0001 5.22039 -0.3299 5.22039 0 5.22039 -0.0007 5.22039 0 5.22039 -0.0001 5.22039 0 5.22039 -0.0002 5.22039 0 5.22039 -0.0002 5.22039 0 5.22039 -0.0001 5.22039 0 5.22039 -0.0001 
5.30059 0.0 5.30059 -0.1704 5.30059 0 5.30059 -0.0003 5.30059 0 5.30059 -0 5.30059 0 5.30059 -0.0001 5.30059 0 5.30059 -0.0001 5.30059 0 5.30059 -0 5.30059 0 5.30059 -0.0001 
5.38069 0.0 5.38069 -0.0667 5.38069 0 5.38069 -0 5.38069 0 5.38069 -0 5.38069 0 5.38069 -0 5.38069 0 5.38069 -0 5.38069 0 5.38069 -0 5.38069 0 5.38069 -0 
5.46089 0.0 5.46089 -0.0196 5.46089 0 5.46089 -0 5.46089 0 5.46089 -0 5.46089 0 5.46089 -0 5.46089 0 5.46089 -0 5.46089 0 5.46089 -0 5.46089 0 5.46089 -0 
5.54109 0.0 5.54109 -0.0043 5.54109 0 5.54109 -0 5.54109 0 5.54109 -0 5.54109 0 5.54109 -0 5.54109 0 5.54109 -0 5.54109 0 5.54109 -0 5.54109 0 5.54109 -0 
5.62119 0.0 5.62119 -0.0007 5.62119 0 5.62119 -0 5.62119 0 5.62119 -0 5.62119 0 5.62119 -0 5.62119 0 5.62119 -0 5.62119 0 5.62119 -0 5.62119 0 5.62119 -0 
5.70139 0.0 5.70139 -0.0001 5.70139 0 5.70139 -0 5.70139 0 5.70139 -0 5.70139 0 5.70139 -0 5.70139 0 5.70139 -0 5.70139 0 5.70139 -0 5.70139 0 5.70139 -0 
5.78149 0.0 5.78149 -0 5.78149 0 5.78149 -0 5.78149 0 5.78149 -0 5.78149 0 5.78149 -0 5.78149 0 5.78149 -0 5.78149 0 5.78149 -0 5.78149 0 5.78149 -0 
5.86169 0.0 5.86169 -0 5.86169 0 5.86169 -0 5.86169 0 5.86169 -0 5.86169 0 5.86169 -0 5.86169 0 5.86169 -0 5.86169 0 5.86169 -0 5.86169 0 5.86169 -0 
5.94189 0.0 5.94189 -0 5.94189 0 5.94189 -0 5.94189 0 5.94189 -0 5.94189 0 5.94189 -0 5.94189 0 5.94189 -0 5.94189 0 5.94189 -0 5.94189 0 5.94189 -0 
6.02199 0.0 6.02199 -0 6.02199 0 6.02199 -0 6.02199 0 6.02199 -0 6.02199 0 6.02199 -0 6.02199 0 6.02199 -0 6.02199 0 6.02199 -0 6.02199 0 6.02199 -0 
6.10219 0.0 6.10219 -0 6.10219 0 6.10219 -0 6.10219 0 6.10219 -0 6.10219 0 6.10219 -0 6.10219 0 6.10219 -0 6.10219 0 6.10219 -0 6.10219 0 6.10219 -0 
6.18229 0.0 6.18229 -0 6.18229 0 6.18229 -0 6.18229 0 6.18229 -0 6.18229 0 6.18229 -0 6.18229 0 6.18229 -0 6.18229 0 6.18229 -0 6.18229 0 6.18229 -0 
6.26249 0.0 6.26249 -0 6.26249 0 6.26249 -0 6.26249 0 6.26249 -0 6.26249 0 6.26249 -0 6.26249 0 6.26249 -0 6.26249 0 6.26249 -0 6.26249 0 6.26249 -0 
6.34269 0.0 6.34269 -0 6.34269 0 6.34269 -0 6.34269 0 6.34269 -0 6.34269 0 6.34269 -0 6.34269 0 6.34269 -0 6.34269 0 6.34269 -0 6.34269 0 6.34269 -0 
6.42279 0.0 6.42279 -0 6.42279 0 6.42279 -0 6.42279 0 6.42279 -0 6.42279 0 6.42279 -0 6.42279 0 6.42279 -0 6.42279 0 6.42279 -0 6.42279 0 6.42279 -0 
6.50299 0.0 6.50299 -0 6.50299 0 6.50299 -0 6.50299 0 6.50299 -0 6.50299 0 6.50299 -0 6.50299 0 6.50299 -0 6.50299 0 6.50299 -0 6.50299 0 6.50299 -0 
6.58309 0.0 6.58309 -0 6.58309 0 6.58309 -0 6.58309 0 6.58309 -0 6.58309 0 6.58309 -0 6.58309 0 6.58309 -0 6.58309 0 6.58309 -0 6.58309 0 6.58309 -0 
6.66329 0.0 6.66329 -0 6.66329 0 6.66329 -0 6.66329 0 6.66329 -0 6.66329 0 6.66329 -0 6.66329 0 6.66329 -0 6.66329 0 6.66329 -0 6.66329 0 6.66329 -0 
6.74349 0.0 6.74349 -0 6.74349 0 6.74349 -0 6.74349 0 6.74349 -0 6.74349 0 6.74349 -0 6.74349 0 6.74349 -0 6.74349 0 6.74349 -0 6.74349 0 6.74349 -0 
6.82359 0.0 6.82359 -0 6.82359 0 6.82359 -0 6.82359 0 6.82359 -0 6.82359 0 6.82359 -0 6.82359 0 6.82359 -0 6.82359 0 6.82359 -0 6.82359 0 6.82359 -0 
6.90379 0.0 6.90379 -0 6.90379 0 6.90379 -0 6.90379 0 6.90379 -0 6.90379 0 6.90379 -0 6.90379 0 6.90379 -0 6.90379 0 6.90379 -0 6.90379 0 6.90379 -0 
6.98389 0.0 6.98389 -0 6.98389 0 6.98389 -0 6.98389 0 6.98389 -0 6.98389 0 6.98389 -0 6.98389 0 6.98389 -0 6.98389 0 6.98389 -0 6.98389 0 6.98389 -0 
7.06409 0.0 7.06409 -0 7.06409 0 7.06409 -0 7.06409 0 7.06409 -0 7.06409 0 7.06409 -0 7.06409 0 7.06409 -0 7.06409 0 7.06409 -0 7.06409 0 7.06409 -0 
7.14429 0.0 7.14429 -0 7.14429 0 7.14429 -0 7.14429 0 7.14429 -0 7.14429 0 7.14429 -0 7.14429 0 7.14429 -0 7.14429 0 7.14429 -0 7.14429 0 7.14429 -0 
7.22439 0.0 7.22439 -0 7.22439 0 7.22439 -0 7.22439 0 7.22439 -0 7.22439 0 7.22439 -0 7.22439 0 7.22439 -0 7.22439 0 7.22439 -0 7.22439 0 7.22439 -0 
7.30459 0.0 7.30459 -0 7.30459 0 7.30459 -0 7.30459 0 7.30459 -0 7.30459 0 7.30459 -0 7.30459 0 7.30459 -0 7.30459 0 7.30459 -0 7.30459 0 7.30459 -0 
7.38469 0.0 7.38469 -0 7.38469 0 7.38469 -0 7.38469 0 7.38469 -0 7.38469 0 7.38469 -0 7.38469 0 7.38469 -0 7.38469 0 7.38469 -0 7.38469 0 7.38469 -0 
7.46489 0.0 7.46489 -0 7.46489 0 7.46489 -0 7.46489 0 7.46489 -0 7.46489 0 7.46489 -0 7.46489 0 7.46489 -0 7.46489 0 7.46489 -0 7.46489 0 7.46489 -0 
7.54509 0.0 7.54509 -0 7.54509 0 7.54509 -0 7.54509 0 7.54509 -0 7.54509 0 7.54509 -0 7.54509 0 7.54509 -0 7.54509 0 7.54509 -0 7.54509 0 7.54509 -0 
7.62519 0.0 7.62519 -0 7.62519 0 7.62519 -0 7.62519 0 7.62519 -0 7.62519 0 7.62519 -0 7.62519 0 7.62519 -0 7.62519 0 7.62519 -0 7.62519 0 7.62519 -0 
7.70539 0.0 7.70539 -0 7.70539 0 7.70539 -0 7.70539 0 7.70539 -0 7.70539 0 7.70539 -0 7.70539 0 7.70539 -0 7.70539 0 7.70539 -0 7.70539 0 7.70539 -0 
7.78559 0.0 7.78559 -0 7.78559 0 7.78559 -0 7.78559 0 7.78559 -0 7.78559 0 7.78559 -0 7.78559 0 7.78559 -0 7.78559 0 7.78559 -0 7.78559 0 7.78559 -0 
7.86569 0.0 7.86569 -0 7.86569 0 7.86569 -0 7.86569 0 7.86569 -0 7.86569 0 7.86569 -0 7.86569 0 7.86569 -0 7.86569 0 7.86569 -0 7.86569 0 7.86569 -0 
7.94589 0.0 7.94589 -0 7.94589 0 7.94589 -0 7.94589 0 7.94589 -0 7.94589 0 7.94589 -0 7.94589 0 7.94589 -0 7.94589 0 7.94589 -0 7.94589 0 7.94589 -0 
8.02599 0.0 8.02599 -0 8.02599 0 8.02599 -0 8.02599 0 8.02599 -0 8.02599 0 8.02599 -0 8.02599 0 8.02599 -0 8.02599 0 8.02599 -0 8.02599 0 8.02599 -0 
8.10619 0.0 8.10619 -0 8.10619 0 8.10619 -0 8.10619 0 8.10619 -0 8.10619 0 8.10619 -0 8.10619 0 8.10619 -0 8.10619 0 8.10619 -0 8.10619 0 8.10619 -0 
8.18639 0.0 8.18639 -0 8.18639 0 8.18639 -0 8.18639 0 8.18639 -0 8.18639 0 8.18639 -0 8.18639 0 8.18639 -0 8.18639 0 8.18639 -0 8.18639 0 8.18639 -0 
8.26649 0.0 8.26649 -0 8.26649 0 8.26649 -0 8.26649 0 8.26649 -0 8.26649 0 8.26649 -0 8.26649 0 8.26649 -0 8.26649 0 8.26649 -0 8.26649 0 8.26649 -0 
8.34669 0.0 8.34669 -0 8.34669 0 8.34669 -0 8.34669 0 8.34669 -0 8.34669 0 8.34669 -0 8.34669 0 8.34669 -0 8.34669 0 8.34669 -0 8.34669 0 8.34669 -0 
8.42679 0.0 8.42679 -0 8.42679 0 8.42679 -0 8.42679 0 8.42679 -0 8.42679 0 8.42679 -0 8.42679 0 8.42679 -0 8.42679 0 8.42679 -0 8.42679 0 8.42679 -0 
8.50699 0.0 8.50699 -0 8.50699 0 8.50699 -0 8.50699 0 8.50699 -0 8.50699 0 8.50699 -0 8.50699 0 8.50699 -0 8.50699 0 8.50699 -0 8.50699 0 8.50699 -0 
8.58719 0.0 8.58719 -0 8.58719 0 8.58719 -0 8.58719 0 8.58719 -0 8.58719 0 8.58719 -0 8.58719 0 8.58719 -0 8.58719 0 8.58719 -0 8.58719 0 8.58719 -0 
8.66729 0.0 8.66729 -0 8.66729 0 8.66729 -0 8.66729 0 8.66729 -0 8.66729 0 8.66729 -0 8.66729 0 8.66729 -0 8.66729 0 8.66729 -0 8.66729 0 8.66729 -0 
8.74749 0.0 8.74749 -0 8.74749 0 8.74749 -0 8.74749 0 8.74749 -0 8.74749 0 8.74749 -0 8.74749 0 8.74749 -0 8.74749 0 8.74749 -0 8.74749 0 8.74749 -0 
8.82759 0.0 8.82759 -0 8.82759 0 8.82759 -0 8.82759 0 8.82759 -0 8.82759 0 8.82759 -0 8.82759 0 8.82759 -0 8.82759 0 8.82759 -0 8.82759 0 8.82759 -0 
8.90779 0.0 8.90779 -0 8.90779 0 8.90779 -0 8.90779 0 8.90779 -0 8.90779 0 8.90779 -0 8.90779 0 8.90779 -0 8.90779 0 8.90779 -0 8.90779 0 8.90779 -0 
8.98799 0.0 8.98799 -0 8.98799 0 8.98799 -0 8.98799 0 8.98799 -0 8.98799 0 8.98799 -0 8.98799 0 8.98799 -0 8.98799 0 8.98799 -0 8.98799 0 8.98799 -0 
9.06809 0.0 9.06809 -0 9.06809 0 9.06809 -0 9.06809 0 9.06809 -0 9.06809 0 9.06809 -0 9.06809 0 9.06809 -0 9.06809 0 9.06809 -0 9.06809 0 9.06809 -0 
9.14829 0.0 9.14829 -0 9.14829 0 9.14829 -0 9.14829 0 9.14829 -0 9.14829 0 9.14829 -0 9.14829 0 9.14829 -0 9.14829 0 9.14829 -0 9.14829 0 9.14829 -0 
9.22839 0.0 9.22839 -0 9.22839 0 9.22839 -0 9.22839 0 9.22839 -0 9.22839 0 9.22839 -0 9.22839 0 9.22839 -0 9.22839 0 9.22839 -0 9.22839 0 9.22839 -0 
9.30859 0.0 9.30859 -0 9.30859 0 9.30859 -0 9.30859 0 9.30859 -0 9.30859 0 9.30859 -0 9.30859 0 9.30859 -0 9.30859 0 9.30859 -0 9.30859 0 9.30859 -0 
9.38879 0.0 9.38879 -0 9.38879 0 9.38879 -0 9.38879 0 9.38879 -0 9.38879 0 9.38879 -0 9.38879 0 9.38879 -0 9.38879 0 9.38879 -0 9.38879 0 9.38879 -0 
9.46889 0.0 9.46889 -0 9.46889 0 9.46889 -0 9.46889 0 9.46889 -0 9.46889 0 9.46889 -0 9.46889 0 9.46889 -0 9.46889 0 9.46889 -0 9.46889 0 9.46889 -0 
9.54909 0.0 9.54909 -0 9.54909 0 9.54909 -0 9.54909 0 9.54909 -0 9.54909 0 9.54909 -0 9.54909 0 9.54909 -0 9.54909 0 9.54909 -0 9.54909 0 9.54909 -0 
9.62919 0.0 9.62919 -0 9.62919 0 9.62919 -0 9.62919 0 9.62919 -0 9.62919 0 9.62919 -0 9.62919 0 9.62919 -0 9.62919 0 9.62919 -0 9.62919 0 9.62919 -0 
9.70939 0.0 9.70939 -0 9.70939 0 9.70939 -0 9.70939 0 9.70939 -0 9.70939 0 9.70939 -0 9.70939 0 9.70939 -0 9.70939 0 9.70939 -0 9.70939 0 9.70939 -0 
9.78959 0.0 9.78959 -0 9.78959 0 9.78959 -0 9.78959 0 9.78959 -0 9.78959 0 9.78959 -0 9.78959 0 9.78959 -0 9.78959 0 9.78959 -0 9.78959 0 9.78959 -0 
9.86969 0.0 9.86969 -0 9.86969 0 9.86969 -0 9.86969 0 9.86969 -0 9.86969 0 9.86969 -0 9.86969 0 9.86969 -0 9.86969 0 9.86969 -0 9.86969 0 9.86969 -0 
9.94989 0.0 9.94989 -0 9.94989 0 9.94989 -0 9.94989 0 9.94989 -0 9.94989 0 9.94989 -0 9.94989 0 9.94989 -0 9.94989 0 9.94989 -0 9.94989 0 9.94989 -0 
10.03 0.0 10.03 -0 10.03 0 10.03 -0 10.03 0 10.03 -0 10.03 0 10.03 -0 10.03 0 10.03 -0 10.03 0 10.03 -0 10.03 0 10.03 -0 
10.1102 0.0 10.1102 -0 10.1102 0 10.1102 -0 10.1102 0 10.1102 -0 10.1102 0 10.1102 -0 10.1102 0 10.1102 -0 10.1102 0 10.1102 -0 10.1102 0 10.1102 -0 
10.1904 0.0 10.1904 -0 10.1904 0 10.1904 -0 10.1904 0 10.1904 -0 10.1904 0 10.1904 -0 10.1904 0 10.1904 -0 10.1904 0 10.1904 -0 10.1904 0 10.1904 -0 
10.2705 0.0 10.2705 -0 10.2705 0 10.2705 -0 10.2705 0 10.2705 -0 10.2705 0 10.2705 -0 10.2705 0 10.2705 -0 10.2705 0 10.2705 -0 10.2705 0 10.2705 -0 
10.3507 0.0 10.3507 -0 10.3507 0 10.3507 -0 10.3507 0 10.3507 -0 10.3507 0 10.3507 -0 10.3507 0 10.3507 -0 10.3507 0 10.3507 -0 10.3507 0 10.3507 -0 
10.4308 0.0 10.4308 -0 10.4308 0 10.4308 -0 10.4308 0 10.4308 -0 10.4308 0 10.4308 -0 10.4308 0 10.4308 -0 10.4308 0 10.4308 -0 10.4308 0 10.4308 -0 
10.511 0.0 10.511 -0 10.511 0 10.511 -0 10.511 0 10.511 -0 10.511 0 10.511 -0 10.511 0 10.511 -0 10.511 0 10.511 -0 10.511 0 10.511 -0 
10.5912 0.0 10.5912 -0 10.5912 0 10.5912 -0 10.5912 0 10.5912 -0 10.5912 0 10.5912 -0 10.5912 0 10.5912 -0 10.5912 0 10.5912 -0 10.5912 0 10.5912 -0 
10.6713 0.0 10.6713 -0 10.6713 0 10.6713 -0 10.6713 0 10.6713 -0 10.6713 0 10.6713 -0 10.6713 0 10.6713 -0 10.6713 0 10.6713 -0 10.6713 0 10.6713 -0 
10.7515 0.0 10.7515 -0 10.7515 0 10.7515 -0 10.7515 0 10.7515 -0 10.7515 0 10.7515 -0 10.7515 0 10.7515 -0 10.7515 0 10.7515 -0 10.7515 0 10.7515 -0 
10.8316 0.0 10.8316 -0 10.8316 0 10.8316 -0 10.8316 0 10.8316 -0 10.8316 0 10.8316 -0 10.8316 0 10.8316 -0 10.8316 0 10.8316 -0 10.8316 0 10.8316 -0 
10.9118 0.0 10.9118 -0 10.9118 0 10.9118 -0 10.9118 0 10.9118 -0 10.9118 0 10.9118 -0 10.9118 0 10.9118 -0 10.9118 0 10.9118 -0 10.9118 0 10.9118 -0 
10.992 0.0 10.992 -0 10.992 0 10.992 -0 10.992 0 10.992 -0 10.992 0 10.992 -0 10.992 0 10.992 -0 10.992 0 10.992 -0 10.992 0 10.992 -0 
11.0721 0.0 11.0721 -0 11.0721 0 11.0721 -0 11.0721 0 11.0721 -0 11.0721 0 11.0721 -0 11.0721 0 11.0721 -0 11.0721 0 11.0721 -0 11.0721 0 11.0721 -0 
11.1523 0.0 11.1523 -0 11.1523 0 11.1523 -0 11.1523 0 11.1523 -0 11.1523 0 11.1523 -0 11.1523 0 11.1523 -0 11.1523 0 11.1523 -0 11.1523 0 11.1523 -0 
11.2324 0.0 11.2324 -0 11.2324 0 11.2324 -0 11.2324 0 11.2324 -0 11.2324 0 11.2324 -0 11.2324 0 11.2324 -0 11.2324 0 11.2324 -0 11.2324 0 11.2324 -0 
11.3126 0.0 11.3126 -0 11.3126 0 11.3126 -0 11.3126 0 11.3126 -0 11.3126 0 11.3126 -0 11.3126 0 11.3126 -0 11.3126 0 11.3126 -0 11.3126 0 11.3126 -0 
11.3928 0.0 11.3928 -0 11.3928 0 11.3928 -0 11.3928 0 11.3928 -0 11.3928 0 11.3928 -0 11.3928 0 11.3928 -0 11.3928 0 11.3928 -0 11.3928 0 11.3928 -0 
11.4729 0.0 11.4729 -0 11.4729 0 11.4729 -0 11.4729 0 11.4729 -0 11.4729 0 11.4729 -0 11.4729 0 11.4729 -0 11.4729 0 11.4729 -0 11.4729 0 11.4729 -0 
11.5531 0.0 11.5531 -0 11.5531 0 11.5531 -0 11.5531 0 11.5531 -0 11.5531 0 11.5531 -0 11.5531 0 11.5531 -0 11.5531 0 11.5531 -0 11.5531 0 11.5531 -0 
11.6332 0.0 11.6332 -0 11.6332 0 11.6332 -0 11.6332 0 11.6332 -0 11.6332 0 11.6332 -0 11.6332 0 11.6332 -0 11.6332 0 11.6332 -0 11.6332 0 11.6332 -0 
11.7134 0.0 11.7134 -0 11.7134 0 11.7134 -0 11.7134 0 11.7134 -0 11.7134 0 11.7134 -0 11.7134 0 11.7134 -0 11.7134 0 11.7134 -0 11.7134 0 11.7134 -0 
11.7936 0.0 11.7936 -0 11.7936 0 11.7936 -0 11.7936 0 11.7936 -0 11.7936 0 11.7936 -0 11.7936 0 11.7936 -0 11.7936 0 11.7936 -0 11.7936 0 11.7936 -0 
11.8737 0.0 11.8737 -0 11.8737 0 11.8737 -0 11.8737 0 11.8737 -0 11.8737 0 11.8737 -0 11.8737 0 11.8737 -0 11.8737 0 11.8737 -0 11.8737 0 11.8737 -0 
11.9539 0.0 11.9539 -0 11.9539 0 11.9539 -0 11.9539 0 11.9539 -0 11.9539 0 11.9539 -0 11.9539 0 11.9539 -0 11.9539 0 11.9539 -0 11.9539 0 11.9539 -0 
12.034 0.0 12.034 -0 12.034 0 12.034 -0 12.034 0 12.034 -0 12.034 0 12.034 -0 12.034 0 12.034 -0 12.034 0 12.034 -0 12.034 0 12.034 -0 
12.1142 0.0 12.1142 -0 12.1142 0 12.1142 -0 12.1142 0 12.1142 -0 12.1142 0 12.1142 -0 12.1142 0 12.1142 -0 12.1142 0 12.1142 -0 12.1142 0 12.1142 -0 
12.1944 0.0 12.1944 -0 12.1944 0 12.1944 -0 12.1944 0 12.1944 -0 12.1944 0 12.1944 -0 12.1944 0 12.1944 -0 12.1944 0 12.1944 -0 12.1944 0 12.1944 -0 
12.2745 0.0 12.2745 -0 12.2745 0 12.2745 -0 12.2745 0 12.2745 -0 12.2745 0 12.2745 -0 12.2745 0 12.2745 -0 12.2745 0 12.2745 -0 12.2745 0 12.2745 -0 
12.3547 0.0 12.3547 -0 12.3547 0 12.3547 -0 12.3547 0 12.3547 -0 12.3547 0 12.3547 -0 12.3547 0 12.3547 -0 12.3547 0 12.3547 -0 12.3547 0 12.3547 -0 
12.4348 0.0 12.4348 -0 12.4348 0 12.4348 -0 12.4348 0 12.4348 -0 12.4348 0 12.4348 -0 12.4348 0 12.4348 -0 12.4348 0 12.4348 -0 12.4348 0 12.4348 -0 
12.515 0.0 12.515 -0 12.515 0 12.515 -0 12.515 0 12.515 -0 12.515 0 12.515 -0 12.515 0 12.515 -0 12.515 0 12.515 -0 12.515 0 12.515 -0 
12.5952 0.0 12.5952 -0 12.5952 0 12.5952 -0 12.5952 0 12.5952 -0 12.5952 0 12.5952 -0 12.5952 0 12.5952 -0 12.5952 0 12.5952 -0 12.5952 0 12.5952 -0 
12.6753 0.0 12.6753 -0 12.6753 0 12.6753 -0 12.6753 0 12.6753 -0 12.6753 0 12.6753 -0 12.6753 0 12.6753 -0 12.6753 0 12.6753 -0 12.6753 0 12.6753 -0 
12.7555 0.0 12.7555 -0 12.7555 0 12.7555 -0 12.7555 0 12.7555 -0 12.7555 0 12.7555 -0 12.7555 0 12.7555 -0 12.7555 0 12.7555 -0 12.7555 0 12.7555 -0 
12.8357 0.0 12.8357 -0 12.8357 0 12.8357 -0 12.8357 0 12.8357 -0 12.8357 0 12.8357 -0 12.8357 0 12.8357 -0 12.8357 0 12.8357 -0 12.8357 0 12.8357 -0 
12.9158 0.0 12.9158 -0 12.9158 0 12.9158 -0 12.9158 0 12.9158 -0 12.9158 0 12.9158 -0 12.9158 0 12.9158 -0 12.9158 0 12.9158 -0 12.9158 0 12.9158 -0 
12.996 0.0 12.996 -0 12.996 0 12.996 -0 12.996 0 12.996 -0 12.996 0 12.996 -0 12.996 0 12.996 -0 12.996 0 12.996 -0 12.996 0 12.996 -0 
13.0761 0.0 13.0761 -0 13.0761 0 13.0761 -0 13.0761 0 13.0761 -0 13.0761 0 13.0761 -0 13.0761 0 13.0761 -0 13.0761 0 13.0761 -0 13.0761 0 13.0761 -0 
13.1563 0.0 13.1563 -0 13.1563 0 13.1563 -0 13.1563 0 13.1563 -0 13.1563 0 13.1563 -0 13.1563 0 13.1563 -0 13.1563 0 13.1563 -0 13.1563 0 13.1563 -0 
13.2365 0.0 13.2365 -0 13.2365 0 13.2365 -0 13.2365 0 13.2365 -0 13.2365 0 13.2365 -0 13.2365 0 13.2365 -0 13.2365 0 13.2365 -0 13.2365 0 13.2365 -0 
13.3166 0.0 13.3166 -0 13.3166 0 13.3166 -0 13.3166 0 13.3166 -0 13.3166 0 13.3166 -0 13.3166 0 13.3166 -0 13.3166 0 13.3166 -0 13.3166 0 13.3166 -0 
13.3968 0.0 13.3968 -0 13.3968 0 13.3968 -0 13.3968 0 13.3968 -0 13.3968 0 13.3968 -0 13.3968 0 13.3968 -0 13.3968 0 13.3968 -0 13.3968 0 13.3968 -0 
13.4769 0.0 13.4769 -0 13.4769 0 13.4769 -0 13.4769 0 13.4769 -0 13.4769 0 13.4769 -0 13.4769 0 13.4769 -0 13.4769 0 13.4769 -0 13.4769 0 13.4769 -0 
13.5571 0.0 13.5571 -0 13.5571 0 13.5571 -0 13.5571 0 13.5571 -0 13.5571 0 13.5571 -0 13.5571 0 13.5571 -0 13.5571 0 13.5571 -0 13.5571 0 13.5571 -0 
13.6373 0.0 13.6373 -0 13.6373 0 13.6373 -0 13.6373 0 13.6373 -0 13.6373 0 13.6373 -0 13.6373 0 13.6373 -0 13.6373 0 13.6373 -0 13.6373 0 13.6373 -0 
13.7174 0.0 13.7174 -0 13.7174 0 13.7174 -0 13.7174 0 13.7174 -0 13.7174 0 13.7174 -0 13.7174 0 13.7174 -0 13.7174 0 13.7174 -0 13.7174 0 13.7174 -0 
13.7976 0.0 13.7976 -0 13.7976 0 13.7976 -0 13.7976 0 13.7976 -0 13.7976 0 13.7976 -0 13.7976 0 13.7976 -0 13.7976 0 13.7976 -0 13.7976 0 13.7976 -0 
13.8777 0.0 13.8777 -0 13.8777 0 13.8777 -0 13.8777 0 13.8777 -0 13.8777 0 13.8777 -0 13.8777 0 13.8777 -0 13.8777 0 13.8777 -0 13.8777 0 13.8777 -0 
13.9579 0.0 13.9579 -0 13.9579 0 13.9579 -0 13.9579 0 13.9579 -0 13.9579 0 13.9579 -0 13.9579 0 13.9579 -0 13.9579 0 13.9579 -0 13.9579 0 13.9579 -0 
14.0381 0.0 14.0381 -0 14.0381 0 14.0381 -0 14.0381 0 14.0381 -0 14.0381 0 14.0381 -0 14.0381 0 14.0381 -0 14.0381 0 14.0381 -0 14.0381 0 14.0381 -0 
14.1182 0.0 14.1182 -0 14.1182 0 14.1182 -0 14.1182 0 14.1182 -0 14.1182 0 14.1182 -0 14.1182 0 14.1182 -0 14.1182 0 14.1182 -0 14.1182 0 14.1182 -0 
14.1984 0.0 14.1984 -0 14.1984 0 14.1984 -0 14.1984 0 14.1984 -0 14.1984 0 14.1984 -0 14.1984 0 14.1984 -0 14.1984 0 14.1984 -0 14.1984 0 14.1984 -0 
14.2785 0.0 14.2785 -0 14.2785 0 14.2785 -0 14.2785 0 14.2785 -0 14.2785 0 14.2785 -0 14.2785 0 14.2785 -0 14.2785 0 14.2785 -0 14.2785 0 14.2785 -0 
14.3587 0.0 14.3587 -0 14.3587 0 14.3587 -0 14.3587 0 14.3587 -0 14.3587 0 14.3587 -0 14.3587 0 14.3587 -0 14.3587 0 14.3587 -0 14.3587 0 14.3587 -0 
14.4389 0.0 14.4389 -0 14.4389 0 14.4389 -0 14.4389 0 14.4389 -0 14.4389 0 14.4389 -0 14.4389 0 14.4389 -0 14.4389 0 14.4389 -0 14.4389 0 14.4389 -0 
14.519 0.0 14.519 -0 14.519 0 14.519 -0 14.519 0 14.519 -0 14.519 0 14.519 -0 14.519 0 14.519 -0 14.519 0 14.519 -0 14.519 0 14.519 -0 
14.5992 0.0 14.5992 -0 14.5992 0 14.5992 -0 14.5992 0 14.5992 -0 14.5992 0 14.5992 -0 14.5992 0 14.5992 -0 14.5992 0 14.5992 -0 14.5992 0 14.5992 -0 
14.6793 0.0 14.6793 -0 14.6793 0 14.6793 -0 14.6793 0 14.6793 -0 14.6793 0 14.6793 -0 14.6793 0 14.6793 -0 14.6793 0 14.6793 -0 14.6793 0 14.6793 -0 
14.7595 0.0 14.7595 -0 14.7595 0 14.7595 -0 14.7595 0 14.7595 -0 14.7595 0 14.7595 -0 14.7595 0 14.7595 -0 14.7595 0 14.7595 -0 14.7595 0 14.7595 -0 
14.8397 0.0 14.8397 -0 14.8397 0 14.8397 -0 14.8397 0 14.8397 -0 14.8397 0 14.8397 -0 14.8397 0 14.8397 -0 14.8397 0 14.8397 -0 14.8397 0 14.8397 -0 
14.9198 0.0 14.9198 -0 14.9198 0 14.9198 -0 14.9198 0 14.9198 -0 14.9198 0 14.9198 -0 14.9198 0 14.9198 -0 14.9198 0 14.9198 -0 14.9198 0 14.9198 -0 
15 0.0 15 -0 15 0 15 -0 15 0 15 -0 15 0 15 -0 15 0 15 -0 15 0 15 -0 15 0 15 -0 
15.0801 0.0 15.0801 -0 15.0801 0 15.0801 -0 15.0801 0 15.0801 -0 15.0801 0 15.0801 -0 15.0801 0 15.0801 -0 15.0801 0 15.0801 -0 15.0801 0 15.0801 -0 
15.1603 0.0 15.1603 -0 15.1603 0 15.1603 -0 15.1603 0 15.1603 -0 15.1603 0 15.1603 -0 15.1603 0 15.1603 -0 15.1603 0 15.1603 -0 15.1603 0 15.1603 -0 
