-24.5598 24.95 -24.5598 -24.95 -24.5598 0 -24.5598 -0 -24.5598 0 -24.5598 -0 -24.5598 0 -24.5598 -0 -24.5598 0 -24.5598 -0 -24.5598 0 -24.5598 -0 -24.5598 0 -24.5598 -0 
-24.4796 0.0 -24.4796 -0 -24.4796 0 -24.4796 -0 -24.4796 0 -24.4796 -0 -24.4796 0 -24.4796 -0 -24.4796 0 -24.4796 -0 -24.4796 0 -24.4796 -0 -24.4796 0 -24.4796 -0 
-24.3995 0.0 -24.3995 -0 -24.3995 0 -24.3995 -0 -24.3995 0 -24.3995 -0 -24.3995 0 -24.3995 -0 -24.3995 0 -24.3995 -0 -24.3995 0 -24.3995 -0 -24.3995 0 -24.3995 -0 
-24.3193 0.0 -24.3193 -0 -24.3193 0 -24.3193 -0 -24.3193 0 -24.3193 -0 -24.3193 0 -24.3193 -0 -24.3193 0 -24.3193 -0 -24.3193 0 -24.3193 -0 -24.3193 0 -24.3193 -0 
-24.2392 0.0 -24.2392 -0 -24.2392 0 -24.2392 -0 -24.2392 0 -24.2392 -0 -24.2392 0 -24.2392 -0 -24.2392 0 -24.2392 -0 -24.2392 0 -24.2392 -0 -24.2392 0 -24.2392 -0 
-24.159 0.0 -24.159 -0 -24.159 0 -24.159 -0 -24.159 0 -24.159 -0 -24.159 0 -24.159 -0 -24.159 0 -24.159 -0 -24.159 0 -24.159 -0 -24.159 0 -24.159 -0 
-24.0788 0.0 -24.0788 -0 -24.0788 0 -24.0788 -0 -24.0788 0 -24.0788 -0 -24.0788 0 -24.0788 -0 -24.0788 0 -24.0788 -0 -24.0788 0 -24.0788 -0 -24.0788 0 -24.0788 -0 
-23.9987 0.0 -23.9987 -0 -23.9987 0 -23.9987 -0 -23.9987 0 -23.9987 -0 -23.9987 0 -23.9987 -0 -23.9987 0 -23.9987 -0 -23.9987 0 -23.9987 -0 -23.9987 0 -23.9987 -0 
-23.9185 0.0 -23.9185 -0 -23.9185 0 -23.9185 -0 -23.9185 0 -23.9185 -0 -23.9185 0 -23.9185 -0 -23.9185 0 -23.9185 -0 -23.9185 0 -23.9185 -0 -23.9185 0 -23.9185 -0 
-23.8384 0.0 -23.8384 -0 -23.8384 0 -23.8384 -0 -23.8384 0 -23.8384 -0 -23.8384 0 -23.8384 -0 -23.8384 0 -23.8384 -0 -23.8384 0 -23.8384 -0 -23.8384 0 -23.8384 -0 
-23.7582 0.0 -23.7582 -0 -23.7582 0 -23.7582 -0 -23.7582 0 -23.7582 -0 -23.7582 0 -23.7582 -0 -23.7582 0 -23.7582 -0 -23.7582 0 -23.7582 -0 -23.7582 0 -23.7582 -0 
-23.678 0.0 -23.678 -0 -23.678 0 -23.678 -0 -23.678 0 -23.678 -0 -23.678 0 -23.678 -0 -23.678 0 -23.678 -0 -23.678 0 -23.678 -0 -23.678 0 -23.678 -0 
-23.5979 0.0 -23.5979 -0 -23.5979 0 -23.5979 -0 -23.5979 0 -23.5979 -0 -23.5979 0 -23.5979 -0 -23.5979 0 -23.5979 -0 -23.5979 0 -23.5979 -0 -23.5979 0 -23.5979 -0 
-23.5177 0.0 -23.5177 -0 -23.5177 0 -23.5177 -0 -23.5177 0 -23.5177 -0 -23.5177 0 -23.5177 -0 -23.5177 0 -23.5177 -0 -23.5177 0 -23.5177 -0 -23.5177 0 -23.5177 -0 
-23.4376 0.0 -23.4376 -0 -23.4376 0 -23.4376 -0 -23.4376 0 -23.4376 -0 -23.4376 0 -23.4376 -0 -23.4376 0 -23.4376 -0 -23.4376 0 -23.4376 -0 -23.4376 0 -23.4376 -0 
-23.3574 0.0 -23.3574 -0 -23.3574 0 -23.3574 -0 -23.3574 0 -23.3574 -0 -23.3574 0 -23.3574 -0 -23.3574 0 -23.3574 -0 -23.3574 0 -23.3574 -0 -23.3574 0 -23.3574 -0 
-23.2772 0.0 -23.2772 -0 -23.2772 0 -23.2772 -0 -23.2772 0 -23.2772 -0 -23.2772 0 -23.2772 -0 -23.2772 0 -23.2772 -0 -23.2772 0 -23.2772 -0 -23.2772 0 -23.2772 -0 
-23.1971 0.0 -23.1971 -0 -23.1971 0 -23.1971 -0 -23.1971 0 -23.1971 -0 -23.1971 0 -23.1971 -0 -23.1971 0 -23.1971 -0 -23.1971 0 -23.1971 -0 -23.1971 0 -23.1971 -0 
-23.1169 0.0 -23.1169 -0 -23.1169 0 -23.1169 -0 -23.1169 0 -23.1169 -0 -23.1169 0 -23.1169 -0 -23.1169 0 -23.1169 -0 -23.1169 0 -23.1169 -0 -23.1169 0 -23.1169 -0 
-23.0368 0.0 -23.0368 -0 -23.0368 0 -23.0368 -0 -23.0368 0 -23.0368 -0 -23.0368 0 -23.0368 -0 -23.0368 0 -23.0368 -0 -23.0368 0 -23.0368 -0 -23.0368 0 -23.0368 -0 
-22.9566 0.0 -22.9566 -0 -22.9566 0 -22.9566 -0 -22.9566 0 -22.9566 -0 -22.9566 0 -22.9566 -0 -22.9566 0 -22.9566 -0 -22.9566 0 -22.9566 -0 -22.9566 0 -22.9566 -0 
-22.8764 0.0 -22.8764 -0 -22.8764 0 -22.8764 -0 -22.8764 0 -22.8764 -0 -22.8764 0 -22.8764 -0 -22.8764 0 -22.8764 -0 -22.8764 0 -22.8764 -0 -22.8764 0 -22.8764 -0 
-22.7963 0.0 -22.7963 -0 -22.7963 0 -22.7963 -0 -22.7963 0 -22.7963 -0 -22.7963 0 -22.7963 -0 -22.7963 0 -22.7963 -0 -22.7963 0 -22.7963 -0 -22.7963 0 -22.7963 -0 
-22.7161 0.0 -22.7161 -0 -22.7161 0 -22.7161 -0 -22.7161 0 -22.7161 -0 -22.7161 0 -22.7161 -0 -22.7161 0 -22.7161 -0 -22.7161 0 -22.7161 -0 -22.7161 0 -22.7161 -0 
-22.636 0.0 -22.636 -0 -22.636 0 -22.636 -0 -22.636 0 -22.636 -0 -22.636 0 -22.636 -0 -22.636 0 -22.636 -0 -22.636 0 -22.636 -0 -22.636 0 -22.636 -0 
-22.5558 0.0 -22.5558 -0 -22.5558 0 -22.5558 -0 -22.5558 0 -22.5558 -0 -22.5558 0 -22.5558 -0 -22.5558 0 -22.5558 -0 -22.5558 0 -22.5558 -0 -22.5558 0 -22.5558 -0 
-22.4756 0.0 -22.4756 -0 -22.4756 0 -22.4756 -0 -22.4756 0 -22.4756 -0 -22.4756 0 -22.4756 -0 -22.4756 0 -22.4756 -0 -22.4756 0 -22.4756 -0 -22.4756 0 -22.4756 -0 
-22.3955 0.0 -22.3955 -0 -22.3955 0 -22.3955 -0 -22.3955 0 -22.3955 -0 -22.3955 0 -22.3955 -0 -22.3955 0 -22.3955 -0 -22.3955 0 -22.3955 -0 -22.3955 0 -22.3955 -0 
-22.3153 0.0 -22.3153 -0 -22.3153 0 -22.3153 -0 -22.3153 0 -22.3153 -0 -22.3153 0 -22.3153 -0 -22.3153 0 -22.3153 -0 -22.3153 0 -22.3153 -0 -22.3153 0 -22.3153 -0 
-22.2352 0.0 -22.2352 -0 -22.2352 0 -22.2352 -0 -22.2352 0 -22.2352 -0 -22.2352 0 -22.2352 -0 -22.2352 0 -22.2352 -0 -22.2352 0 -22.2352 -0 -22.2352 0 -22.2352 -0 
-22.155 0.0 -22.155 -0 -22.155 0 -22.155 -0 -22.155 0 -22.155 -0 -22.155 0 -22.155 -0 -22.155 0 -22.155 -0 -22.155 0 -22.155 -0 -22.155 0 -22.155 -0 
-22.0748 0.0 -22.0748 -0 -22.0748 0 -22.0748 -0 -22.0748 0 -22.0748 -0 -22.0748 0 -22.0748 -0 -22.0748 0 -22.0748 -0 -22.0748 0 -22.0748 -0 -22.0748 0 -22.0748 -0 
-21.9947 0.0 -21.9947 -0 -21.9947 0 -21.9947 -0 -21.9947 0 -21.9947 -0 -21.9947 0 -21.9947 -0 -21.9947 0 -21.9947 -0 -21.9947 0 -21.9947 -0 -21.9947 0 -21.9947 -0 
-21.9145 0.0 -21.9145 -0 -21.9145 0 -21.9145 -0 -21.9145 0 -21.9145 -0 -21.9145 0 -21.9145 -0 -21.9145 0 -21.9145 -0 -21.9145 0 -21.9145 -0 -21.9145 0 -21.9145 -0 
-21.8343 0.0 -21.8343 -0 -21.8343 0 -21.8343 -0 -21.8343 0 -21.8343 -0 -21.8343 0 -21.8343 -0 -21.8343 0 -21.8343 -0 -21.8343 0 -21.8343 -0 -21.8343 0 -21.8343 -0 
-21.7542 0.0 -21.7542 -0 -21.7542 0 -21.7542 -0 -21.7542 0 -21.7542 -0 -21.7542 0 -21.7542 -0 -21.7542 0 -21.7542 -0 -21.7542 0 -21.7542 -0 -21.7542 0 -21.7542 -0 
-21.674 0.0 -21.674 -0 -21.674 0 -21.674 -0 -21.674 0 -21.674 -0 -21.674 0 -21.674 -0 -21.674 0 -21.674 -0 -21.674 0 -21.674 -0 -21.674 0 -21.674 -0 
-21.5939 0.0 -21.5939 -0 -21.5939 0 -21.5939 -0 -21.5939 0 -21.5939 -0 -21.5939 0 -21.5939 -0 -21.5939 0 -21.5939 -0 -21.5939 0 -21.5939 -0 -21.5939 0 -21.5939 -0 
-21.5137 0.0 -21.5137 -0 -21.5137 0 -21.5137 -0 -21.5137 0 -21.5137 -0 -21.5137 0 -21.5137 -0 -21.5137 0 -21.5137 -0 -21.5137 0 -21.5137 -0 -21.5137 0 -21.5137 -0 
-21.4335 0.0 -21.4335 -0 -21.4335 0 -21.4335 -0 -21.4335 0 -21.4335 -0 -21.4335 0 -21.4335 -0 -21.4335 0 -21.4335 -0 -21.4335 0 -21.4335 -0 -21.4335 0 -21.4335 -0 
-21.3534 0.0003 -21.3534 -0 -21.3534 0 -21.3534 -0 -21.3534 0 -21.3534 -0 -21.3534 0 -21.3534 -0 -21.3534 0 -21.3534 -0 -21.3534 0 -21.3534 -0 -21.3534 0 -21.3534 -0 
-21.2732 0.0025 -21.2732 -0 -21.2732 0 -21.2732 -0 -21.2732 0 -21.2732 -0 -21.2732 0 -21.2732 -0 -21.2732 0 -21.2732 -0 -21.2732 0 -21.2732 -0 -21.2732 0 -21.2732 -0 
-21.1931 0.0136 -21.1931 -0.0002 -21.1931 0 -21.1931 -0 -21.1931 0 -21.1931 -0 -21.1931 0 -21.1931 -0 -21.1931 0 -21.1931 -0 -21.1931 0 -21.1931 -0 -21.1931 0 -21.1931 -0 
-21.1129 0.0556 -21.1129 -0.0017 -21.1129 0 -21.1129 -0 -21.1129 0 -21.1129 -0 -21.1129 0 -21.1129 -0 -21.1129 0 -21.1129 -0 -21.1129 0 -21.1129 -0 -21.1129 0 -21.1129 -0 
-21.0327 0.1741 -21.0327 -0.0097 -21.0327 0 -21.0327 -0 -21.0327 0 -21.0327 -0 -21.0327 0 -21.0327 -0 -21.0327 0 -21.0327 -0 -21.0327 0 -21.0327 -0 -21.0327 0 -21.0327 -0 
-20.9526 0.4232 -20.9526 -0.0429 -20.9526 0 -20.9526 -0 -20.9526 0 -20.9526 -0 -20.9526 0 -20.9526 -0 -20.9526 0 -20.9526 -0 -20.9526 0 -20.9526 -0 -20.9526 0 -20.9526 -0 
-20.8724 0.8191 -20.8724 -0.1441 -20.8724 0 -20.8724 -0 -20.8724 0 -20.8724 -0 -20.8724 0 -20.8724 -0 -20.8724 0 -20.8724 -0 -20.8724 0 -20.8724 -0 -20.8724 0 -20.8724 -0 
-20.7923 1.3026 -20.7923 -0.3743 -20.7923 0 -20.7923 -0 -20.7923 0 -20.7923 -0 -20.7923 0 -20.7923 -0 -20.7923 0 -20.7923 -0 -20.7923 0 -20.7923 -0 -20.7923 0 -20.7923 -0 
-20.7121 1.7597 -20.7121 -0.7689 -20.7121 0 -20.7121 -0 -20.7121 0 -20.7121 -0 -20.7121 0 -20.7121 -0 -20.7121 0 -20.7121 -0 -20.7121 0 -20.7121 -0 -20.7121 0 -20.7121 -0 
-20.6319 2.0669 -20.6319 -1.2846 -20.6319 0 -20.6319 -0 -20.6319 0 -20.6319 -0 -20.6319 0 -20.6319 -0 -20.6319 0 -20.6319 -0 -20.6319 0 -20.6319 -0 -20.6319 0 -20.6319 -0 
-20.5518 2.1385 -20.5518 -1.797 -20.5518 0 -20.5518 -0 -20.5518 0 -20.5518 -0 -20.5518 0 -20.5518 -0 -20.5518 0 -20.5518 -0 -20.5518 0 -20.5518 -0 -20.5518 0 -20.5518 -0 
-20.4716 2.0325 -20.4716 -2.1525 -20.4716 0 -20.4716 -0 -20.4716 0 -20.4716 -0 -20.4716 0 -20.4716 -0 -20.4716 0 -20.4716 -0 -20.4716 0 -20.4716 -0 -20.4716 0 -20.4716 -0 
-20.3915 2.0307 -20.3915 -2.2565 -20.3915 0 -20.3915 -0 -20.3915 0 -20.3915 -0 -20.3915 0 -20.3915 -0 -20.3915 0 -20.3915 -0 -20.3915 0 -20.3915 -0 -20.3915 0 -20.3915 -0 
-20.3113 2.4682 -20.3113 -2.202 -20.3113 0 -20.3113 -0 -20.3113 0 -20.3113 -0 -20.3113 0 -20.3113 -0 -20.3113 0 -20.3113 -0 -20.3113 0 -20.3113 -0 -20.3113 0 -20.3113 -0 
-20.2311 3.4227 -20.2311 -2.299 -20.2311 0 -20.2311 -0 -20.2311 0 -20.2311 -0 -20.2311 0 -20.2311 -0 -20.2311 0 -20.2311 -0 -20.2311 0 -20.2311 -0 -20.2311 0 -20.2311 -0 
-20.151 4.7318 -20.151 -2.8082 -20.151 0 -20.151 -0 -20.151 0 -20.151 -0 -20.151 0 -20.151 -0 -20.151 0 -20.151 -0 -20.151 0 -20.151 -0 -20.151 0 -20.151 -0 
-20.0708 6.2987 -20.0708 -3.6321 -20.0708 0 -20.0708 -0 -20.0708 0 -20.0708 -0 -20.0708 0 -20.0708 -0 -20.0708 0 -20.0708 -0 -20.0708 0 -20.0708 -0 -20.0708 0 -20.0708 -0 
-19.9907 8.0564 -19.9907 -4.4663 -19.9907 0 -19.9907 -0 -19.9907 0 -19.9907 -0 -19.9907 0 -19.9907 -0 -19.9907 0 -19.9907 -0 -19.9907 0 -19.9907 -0 -19.9907 0 -19.9907 -0 
-19.9105 9.6107 -19.9105 -5.2625 -19.9105 0 -19.9105 -0 -19.9105 0 -19.9105 -0 -19.9105 0 -19.9105 -0 -19.9105 0 -19.9105 -0 -19.9105 0 -19.9105 -0 -19.9105 0 -19.9105 -0 
-19.8303 10.3768 -19.8303 -6.3538 -19.8303 0 -19.8303 -0 -19.8303 0 -19.8303 -0 -19.8303 0 -19.8303 -0 -19.8303 0 -19.8303 -0 -19.8303 0 -19.8303 -0 -19.8303 0 -19.8303 -0 
-19.7502 10.2156 -19.7502 -8.0577 -19.7502 0 -19.7502 -0 -19.7502 0 -19.7502 -0 -19.7502 0 -19.7502 -0 -19.7502 0 -19.7502 -0 -19.7502 0 -19.7502 -0 -19.7502 0 -19.7502 -0 
-19.67 9.6335 -19.67 -10.0916 -19.67 0 -19.67 -0 -19.67 0 -19.67 -0 -19.67 0 -19.67 -0 -19.67 0 -19.67 -0 -19.67 0 -19.67 -0 -19.67 0 -19.67 -0 
-19.5899 9.3307 -19.5899 -11.4658 -19.5899 0 -19.5899 -0 -19.5899 0 -19.5899 -0 -19.5899 0 -19.5899 -0 -19.5899 0 -19.5899 -0 -19.5899 0 -19.5899 -0 -19.5899 0 -19.5899 -0 
-19.5097 9.7299 -19.5097 -11.3278 -19.5097 0 -19.5097 -0 -19.5097 0 -19.5097 -0 -19.5097 0 -19.5097 -0 -19.5097 0 -19.5097 -0 -19.5097 0 -19.5097 -0 -19.5097 0 -19.5097 -0 
-19.4295 10.7293 -19.4295 -9.9233 -19.4295 0 -19.4295 -0 -19.4295 0 -19.4295 -0 -19.4295 0 -19.4295 -0 -19.4295 0 -19.4295 -0 -19.4295 0 -19.4295 -0 -19.4295 0 -19.4295 -0 
-19.3494 11.6515 -19.3494 -8.4056 -19.3494 0.0001 -19.3494 -0 -19.3494 0 -19.3494 -0 -19.3494 0 -19.3494 -0 -19.3494 0 -19.3494 -0 -19.3494 0.0001 -19.3494 -0 -19.3494 0 -19.3494 -0 
-19.2692 11.6514 -19.2692 -7.7627 -19.2692 0.0003 -19.2692 -0 -19.2692 0.0001 -19.2692 -0 -19.2692 0 -19.2692 -0 -19.2692 0 -19.2692 -0 -19.2692 0.0001 -19.2692 -0 -19.2692 0.0001 -19.2692 -0 
-19.1891 10.4661 -19.1891 -8.0307 -19.1891 0.0006 -19.1891 -0 -19.1891 0.0002 -19.1891 -0 -19.1891 0.0001 -19.1891 -0 -19.1891 0.0001 -19.1891 -0 -19.1891 0.0001 -19.1891 -0 -19.1891 0.0001 -19.1891 -0 
-19.1089 8.7316 -19.1089 -8.3976 -19.1089 0.0009 -19.1089 -0 -19.1089 0.0003 -19.1089 -0 -19.1089 0.0001 -19.1089 -0 -19.1089 0.0002 -19.1089 -0 -19.1089 0.0001 -19.1089 -0 -19.1089 0.0002 -19.1089 -0 
-19.0287 7.4176 -19.0287 -8.0828 -19.0287 0.0014 -19.0287 -0 -19.0287 0.0005 -19.0287 -0 -19.0287 0.0002 -19.0287 -0 -19.0287 0.0003 -19.0287 -0 -19.0287 0.0001 -19.0287 -0 -19.0287 0.0003 -19.0287 -0 
-18.9486 6.9375 -18.9486 -7.1271 -18.9486 0.0018 -18.9486 -0.0001 -18.9486 0.0007 -18.9486 -0.0001 -18.9486 0.0002 -18.9486 -0 -18.9486 0.0004 -18.9486 -0 -18.9486 0.0001 -18.9486 -0 -18.9486 0.0004 -18.9486 -0 
-18.8684 6.9931 -18.8684 -6.2765 -18.8684 0.0021 -18.8684 -0.0005 -18.8684 0.0008 -18.8684 -0.0001 -18.8684 0.0003 -18.8684 -0.0001 -18.8684 0.0004 -18.8684 -0.0001 -18.8684 0.0001 -18.8684 -0.0001 -18.8684 0.0005 -18.8684 -0.0001 
-18.7883 7.2973 -18.7883 -6.2669 -18.7883 0.0026 -18.7883 -0.0006 -18.7883 0.001 -18.7883 -0.0002 -18.7883 0.0003 -18.7883 -0.0001 -18.7883 0.0005 -18.7883 -0.0001 -18.7883 0.0001 -18.7883 -0.0001 -18.7883 0.0007 -18.7883 -0.0001 
-18.7081 8.0165 -18.7081 -7.2836 -18.7081 0.0035 -18.7081 -0.0007 -18.7081 0.0013 -18.7081 -0.0002 -18.7081 0.0004 -18.7081 -0.0001 -18.7081 0.0006 -18.7081 -0.0002 -18.7081 0.0003 -18.7081 -0.0001 -18.7081 0.0009 -18.7081 -0.0001 
-18.6279 9.3352 -18.6279 -8.9404 -18.6279 0.0042 -18.6279 -0.0009 -18.6279 0.0016 -18.6279 -0.0003 -18.6279 0.0004 -18.6279 -0.0001 -18.6279 0.0006 -18.6279 -0.0002 -18.6279 0.0005 -18.6279 -0.0001 -18.6279 0.0011 -18.6279 -0.0002 
-18.5478 11.0244 -18.5478 -10.6935 -18.5478 0.0051 -18.5478 -0.0011 -18.5478 0.0018 -18.5478 -0.0004 -18.5478 0.0005 -18.5478 -0.0001 -18.5478 0.0007 -18.5478 -0.0002 -18.5478 0.0009 -18.5478 -0.0001 -18.5478 0.0012 -18.5478 -0.0003 
-18.4676 12.7011 -18.4676 -12.1446 -18.4676 0.0059 -18.4676 -0.0018 -18.4676 0.0018 -18.4676 -0.0007 -18.4676 0.0005 -18.4676 -0.0002 -18.4676 0.0007 -18.4676 -0.0003 -18.4676 0.0017 -18.4676 -0.0002 -18.4676 0.0012 -18.4676 -0.0004 
-18.3875 14.1583 -18.3875 -12.9081 -18.3875 0.0068 -18.3875 -0.0024 -18.3875 0.0016 -18.3875 -0.001 -18.3875 0.0005 -18.3875 -0.0002 -18.3875 0.0007 -18.3875 -0.0003 -18.3875 0.0029 -18.3875 -0.0002 -18.3875 0.0011 -18.3875 -0.0007 
-18.3073 15.163 -18.3073 -12.7095 -18.3073 0.0086 -18.3073 -0.003 -18.3073 0.0016 -18.3073 -0.0012 -18.3073 0.0005 -18.3073 -0.0003 -18.3073 0.0007 -18.3073 -0.0004 -18.3073 0.0046 -18.3073 -0.0003 -18.3073 0.0012 -18.3073 -0.0008 
-18.2271 15.3777 -18.2271 -11.9301 -18.2271 0.0115 -18.2271 -0.0031 -18.2271 0.0019 -18.2271 -0.0012 -18.2271 0.0007 -18.2271 -0.0003 -18.2271 0.0009 -18.2271 -0.0004 -18.2271 0.0065 -18.2271 -0.0004 -18.2271 0.0015 -18.2271 -0.0008 
-18.147 14.9199 -18.147 -11.5478 -18.147 0.0154 -18.147 -0.003 -18.147 0.0025 -18.147 -0.001 -18.147 0.0011 -18.147 -0.0003 -18.147 0.0013 -18.147 -0.0004 -18.147 0.0082 -18.147 -0.0006 -18.147 0.0023 -18.147 -0.0007 
-18.0668 14.6203 -18.0668 -12.2078 -18.0668 0.021 -18.0668 -0.0033 -18.0668 0.0038 -18.0668 -0.0009 -18.0668 0.002 -18.0668 -0.0003 -18.0668 0.002 -18.0668 -0.0004 -18.0668 0.0092 -18.0668 -0.0011 -18.0668 0.004 -18.0668 -0.0006 
-17.9867 15.1948 -17.9867 -13.5624 -17.9867 0.028 -17.9867 -0.0047 -17.9867 0.0058 -17.9867 -0.0011 -17.9867 0.0034 -17.9867 -0.0004 -17.9867 0.003 -17.9867 -0.0006 -17.9867 0.0092 -17.9867 -0.0019 -17.9867 0.0066 -17.9867 -0.0007 
-17.9065 16.3373 -17.9065 -14.6007 -17.9065 0.0341 -17.9065 -0.0069 -17.9065 0.0078 -17.9065 -0.0014 -17.9065 0.0047 -17.9065 -0.0005 -17.9065 0.004 -17.9065 -0.0008 -17.9065 0.0084 -17.9065 -0.0032 -17.9065 0.0092 -17.9065 -0.001 
-17.8263 17.0545 -17.8263 -14.5152 -17.8263 0.0362 -17.8263 -0.0091 -17.8263 0.0087 -17.8263 -0.0018 -17.8263 0.0052 -17.8263 -0.0007 -17.8263 0.0044 -17.8263 -0.001 -17.8263 0.0077 -17.8263 -0.0043 -17.8263 0.0102 -17.8263 -0.0013 
-17.7462 16.7781 -17.7462 -13.2653 -17.7462 0.0329 -17.7462 -0.0102 -17.7462 0.0078 -17.7462 -0.0021 -17.7462 0.0046 -17.7462 -0.0007 -17.7462 0.004 -17.7462 -0.0011 -17.7462 0.0074 -17.7462 -0.0049 -17.7462 0.0091 -17.7462 -0.0014 
-17.666 15.7766 -17.666 -11.5814 -17.666 0.0264 -17.666 -0.0096 -17.666 0.0059 -17.666 -0.0019 -17.666 0.0033 -17.666 -0.0007 -17.666 0.0029 -17.666 -0.001 -17.666 0.0076 -17.666 -0.0046 -17.666 0.0067 -17.666 -0.0014 
-17.5859 14.5705 -17.5859 -10.5895 -17.5859 0.019 -17.5859 -0.0088 -17.5859 0.0037 -17.5859 -0.0017 -17.5859 0.002 -17.5859 -0.0006 -17.5859 0.0018 -17.5859 -0.0009 -17.5859 0.0074 -17.5859 -0.0043 -17.5859 0.0041 -17.5859 -0.0013 
-17.5057 13.3449 -17.5057 -11.129 -17.5057 0.0127 -17.5057 -0.01 -17.5057 0.002 -17.5057 -0.0018 -17.5057 0.001 -17.5057 -0.0007 -17.5057 0.001 -17.5057 -0.0009 -17.5057 0.0065 -17.5057 -0.005 -17.5057 0.0022 -17.5057 -0.0016 
-17.4255 12.0198 -17.4255 -13.13 -17.4255 0.0078 -17.4255 -0.0161 -17.4255 0.0009 -17.4255 -0.003 -17.4255 0.0005 -17.4255 -0.0014 -17.4255 0.0005 -17.4255 -0.0015 -17.4255 0.0049 -17.4255 -0.0073 -17.4255 0.001 -17.4255 -0.0029 
-17.3454 10.7222 -17.3454 -15.5389 -17.3454 0.0046 -17.3454 -0.0272 -17.3454 0.0004 -17.3454 -0.0056 -17.3454 0.0002 -17.3454 -0.0029 -17.3454 0.0002 -17.3454 -0.0028 -17.3454 0.0034 -17.3454 -0.0102 -17.3454 0.0004 -17.3454 -0.0057 
-17.2652 9.9947 -17.2652 -16.8889 -17.2652 0.003 -17.2652 -0.0396 -17.2652 0.0002 -17.2652 -0.0088 -17.2652 0.0001 -17.2652 -0.0048 -17.2652 0.0001 -17.2652 -0.0044 -17.2652 0.0024 -17.2652 -0.012 -17.2652 0.0002 -17.2652 -0.0096 
-17.1851 10.2584 -17.1851 -16.312 -17.1851 0.002 -17.1851 -0.0468 -17.1851 0.0001 -17.1851 -0.011 -17.1851 0 -17.1851 -0.0063 -17.1851 0 -17.1851 -0.0055 -17.1851 0.0018 -17.1851 -0.0114 -17.1851 0.0001 -17.1851 -0.0126 
-17.1049 11.0575 -17.1049 -14.3308 -17.1049 0.0016 -17.1049 -0.0444 -17.1049 0.0001 -17.1049 -0.0106 -17.1049 0 -17.1049 -0.0063 -17.1049 0 -17.1049 -0.0053 -17.1049 0.0014 -17.1049 -0.0095 -17.1049 0.0001 -17.1049 -0.0127 
-17.0247 11.2738 -17.0247 -12.5421 -17.0247 0.0011 -17.0247 -0.0342 -17.0247 0.0001 -17.0247 -0.0078 -17.0247 0 -17.0247 -0.0048 -17.0247 0 -17.0247 -0.0039 -17.0247 0.001 -17.0247 -0.0081 -17.0247 0 -17.0247 -0.0096 
-16.9446 10.3079 -16.9446 -12.232 -16.9446 0.0005 -16.9446 -0.0224 -16.9446 0 -16.9446 -0.0043 -16.9446 0 -16.9446 -0.0027 -16.9446 0 -16.9446 -0.0022 -16.9446 0.0005 -16.9446 -0.0078 -16.9446 0 -16.9446 -0.0054 
-16.8644 8.6913 -16.8644 -13.2816 -16.8644 0.0003 -16.8644 -0.0138 -16.8644 0 -16.8644 -0.0019 -16.8644 0 -16.8644 -0.0012 -16.8644 0 -16.8644 -0.0009 -16.8644 0.0003 -16.8644 -0.0075 -16.8644 0 -16.8644 -0.0023 
-16.7842 7.2749 -16.7842 -14.478 -16.7842 0.0001 -16.7842 -0.0083 -16.7842 0 -16.7842 -0.0007 -16.7842 0 -16.7842 -0.0004 -16.7842 0 -16.7842 -0.0003 -16.7842 0.0001 -16.7842 -0.0061 -16.7842 0 -16.7842 -0.0008 
-16.7041 6.1689 -16.7041 -14.5435 -16.7041 0 -16.7041 -0.0044 -16.7041 0 -16.7041 -0.0002 -16.7041 0 -16.7041 -0.0001 -16.7041 0 -16.7041 -0.0001 -16.7041 0 -16.7041 -0.0038 -16.7041 0 -16.7041 -0.0002 
-16.6239 4.8821 -16.6239 -12.7757 -16.6239 0 -16.6239 -0.002 -16.6239 0 -16.6239 -0.0001 -16.6239 0 -16.6239 -0 -16.6239 0 -16.6239 -0 -16.6239 0 -16.6239 -0.0018 -16.6239 0 -16.6239 -0.0001 
-16.5438 3.2491 -16.5438 -9.3953 -16.5438 0 -16.5438 -0.0006 -16.5438 0 -16.5438 -0 -16.5438 0 -16.5438 -0 -16.5438 0 -16.5438 -0 -16.5438 0 -16.5438 -0.0006 -16.5438 0 -16.5438 -0 
-16.4636 1.7007 -16.4636 -5.5627 -16.4636 0 -16.4636 -0.0002 -16.4636 0 -16.4636 -0 -16.4636 0 -16.4636 -0 -16.4636 0 -16.4636 -0 -16.4636 0 -16.4636 -0.0002 -16.4636 0 -16.4636 -0 
-16.3834 0.6769 -16.3834 -2.5725 -16.3834 0 -16.3834 -0 -16.3834 0 -16.3834 -0 -16.3834 0 -16.3834 -0 -16.3834 0 -16.3834 -0 -16.3834 0 -16.3834 -0 -16.3834 0 -16.3834 -0 
-16.3033 0.2015 -16.3033 -0.91 -16.3033 0 -16.3033 -0 -16.3033 0 -16.3033 -0 -16.3033 0 -16.3033 -0 -16.3033 0 -16.3033 -0 -16.3033 0 -16.3033 -0 -16.3033 0 -16.3033 -0 
-16.2231 0.0444 -16.2231 -0.2429 -16.2231 0 -16.2231 -0 -16.2231 0 -16.2231 -0 -16.2231 0 -16.2231 -0 -16.2231 0 -16.2231 -0 -16.2231 0 -16.2231 -0 -16.2231 0 -16.2231 -0 
-16.143 0.0072 -16.143 -0.0485 -16.143 0 -16.143 -0 -16.143 0 -16.143 -0 -16.143 0 -16.143 -0 -16.143 0 -16.143 -0 -16.143 0 -16.143 -0 -16.143 0 -16.143 -0 
-16.0628 0.0009 -16.0628 -0.0072 -16.0628 0 -16.0628 -0 -16.0628 0 -16.0628 -0 -16.0628 0 -16.0628 -0 -16.0628 0 -16.0628 -0 -16.0628 0 -16.0628 -0 -16.0628 0 -16.0628 -0 
-15.9826 0.0004 -15.9826 -0.001 -15.9826 0 -15.9826 -0 -15.9826 0 -15.9826 -0 -15.9826 0 -15.9826 -0 -15.9826 0 -15.9826 -0 -15.9826 0 -15.9826 -0 -15.9826 0 -15.9826 -0 
-15.9025 0.0029 -15.9025 -0.002 -15.9025 0 -15.9025 -0 -15.9025 0 -15.9025 -0 -15.9025 0 -15.9025 -0 -15.9025 0 -15.9025 -0 -15.9025 0 -15.9025 -0 -15.9025 0 -15.9025 -0 
-15.8223 0.0205 -15.8223 -0.0145 -15.8223 0 -15.8223 -0 -15.8223 0 -15.8223 -0 -15.8223 0 -15.8223 -0 -15.8223 0 -15.8223 -0 -15.8223 0 -15.8223 -0 -15.8223 0 -15.8223 -0 
-15.7422 0.1106 -15.7422 -0.0817 -15.7422 0 -15.7422 -0 -15.7422 0 -15.7422 -0 -15.7422 0 -15.7422 -0 -15.7422 0 -15.7422 -0 -15.7422 0 -15.7422 -0 -15.7422 0 -15.7422 -0 
-15.662 0.4504 -15.662 -0.349 -15.662 0 -15.662 -0 -15.662 0 -15.662 -0 -15.662 0 -15.662 -0 -15.662 0 -15.662 -0 -15.662 0 -15.662 -0 -15.662 0 -15.662 -0 
-15.5818 1.3869 -15.5818 -1.1311 -15.5818 0 -15.5818 -0 -15.5818 0 -15.5818 -0 -15.5818 0 -15.5818 -0 -15.5818 0 -15.5818 -0 -15.5818 0 -15.5818 -0 -15.5818 0 -15.5818 -0 
-15.5017 3.2323 -15.5017 -2.7843 -15.5017 0 -15.5017 -0 -15.5017 0 -15.5017 -0 -15.5017 0 -15.5017 -0 -15.5017 0 -15.5017 -0 -15.5017 0 -15.5017 -0 -15.5017 0 -15.5017 -0 
-15.4215 5.7031 -15.4215 -5.2014 -15.4215 0 -15.4215 -0 -15.4215 0 -15.4215 -0 -15.4215 0 -15.4215 -0 -15.4215 0 -15.4215 -0 -15.4215 0 -15.4215 -0 -15.4215 0 -15.4215 -0 
-15.3414 7.6134 -15.3414 -7.3588 -15.3414 0 -15.3414 -0 -15.3414 0 -15.3414 -0 -15.3414 0 -15.3414 -0 -15.3414 0 -15.3414 -0 -15.3414 0 -15.3414 -0 -15.3414 0 -15.3414 -0 
-15.2612 7.6793 -15.2612 -7.8633 -15.2612 0 -15.2612 -0.0001 -15.2612 0 -15.2612 -0 -15.2612 0 -15.2612 -0 -15.2612 0 -15.2612 -0 -15.2612 0 -15.2612 -0.0001 -15.2612 0 -15.2612 -0 
-15.181 5.8423 -15.181 -6.3269 -15.181 0 -15.181 -0 -15.181 0 -15.181 -0 -15.181 0 -15.181 -0 -15.181 0 -15.181 -0 -15.181 0 -15.181 -0 -15.181 0 -15.181 -0 
-15.1009 3.3455 -15.1009 -3.8217 -15.1009 0 -15.1009 -0 -15.1009 0 -15.1009 -0 -15.1009 0 -15.1009 -0 -15.1009 0 -15.1009 -0 -15.1009 0 -15.1009 -0 -15.1009 0 -15.1009 -0 
-15.0207 1.4389 -15.0207 -1.7282 -15.0207 0 -15.0207 -0 -15.0207 0 -15.0207 -0 -15.0207 0 -15.0207 -0 -15.0207 0 -15.0207 -0 -15.0207 0 -15.0207 -0 -15.0207 0 -15.0207 -0 
-14.9406 0.4638 -14.9406 -0.5836 -14.9406 0 -14.9406 -0 -14.9406 0 -14.9406 -0 -14.9406 0 -14.9406 -0 -14.9406 0 -14.9406 -0 -14.9406 0 -14.9406 -0 -14.9406 0 -14.9406 -0 
-14.8604 0.1118 -14.8604 -0.1468 -14.8604 0 -14.8604 -0 -14.8604 0 -14.8604 -0 -14.8604 0 -14.8604 -0 -14.8604 0 -14.8604 -0 -14.8604 0 -14.8604 -0 -14.8604 0 -14.8604 -0 
-14.7802 0.0201 -14.7802 -0.0275 -14.7802 0 -14.7802 -0 -14.7802 0 -14.7802 -0 -14.7802 0 -14.7802 -0 -14.7802 0 -14.7802 -0 -14.7802 0 -14.7802 -0 -14.7802 0 -14.7802 -0 
-14.7001 0.0027 -14.7001 -0.0038 -14.7001 0 -14.7001 -0 -14.7001 0 -14.7001 -0 -14.7001 0 -14.7001 -0 -14.7001 0 -14.7001 -0 -14.7001 0 -14.7001 -0 -14.7001 0 -14.7001 -0 
-14.6199 0.0003 -14.6199 -0.0004 -14.6199 0 -14.6199 -0 -14.6199 0 -14.6199 -0 -14.6199 0 -14.6199 -0 -14.6199 0 -14.6199 -0 -14.6199 0 -14.6199 -0 -14.6199 0 -14.6199 -0 
-14.5398 0.0 -14.5398 -0 -14.5398 0 -14.5398 -0 -14.5398 0 -14.5398 -0 -14.5398 0 -14.5398 -0 -14.5398 0 -14.5398 -0 -14.5398 0 -14.5398 -0 -14.5398 0 -14.5398 -0 
-14.4596 0.0 -14.4596 -0 -14.4596 0 -14.4596 -0 -14.4596 0 -14.4596 -0 -14.4596 0 -14.4596 -0 -14.4596 0 -14.4596 -0 -14.4596 0 -14.4596 -0 -14.4596 0 -14.4596 -0 
-14.3794 0.0 -14.3794 -0 -14.3794 0 -14.3794 -0 -14.3794 0 -14.3794 -0 -14.3794 0 -14.3794 -0 -14.3794 0 -14.3794 -0 -14.3794 0 -14.3794 -0 -14.3794 0 -14.3794 -0 
-14.2993 0.0 -14.2993 -0 -14.2993 0 -14.2993 -0 -14.2993 0 -14.2993 -0 -14.2993 0 -14.2993 -0 -14.2993 0 -14.2993 -0 -14.2993 0 -14.2993 -0 -14.2993 0 -14.2993 -0 
-14.2191 0.0 -14.2191 -0 -14.2191 0 -14.2191 -0 -14.2191 0 -14.2191 -0 -14.2191 0 -14.2191 -0 -14.2191 0 -14.2191 -0 -14.2191 0 -14.2191 -0 -14.2191 0 -14.2191 -0 
-14.139 0.0 -14.139 -0 -14.139 0 -14.139 -0 -14.139 0 -14.139 -0 -14.139 0 -14.139 -0 -14.139 0 -14.139 -0 -14.139 0 -14.139 -0 -14.139 0 -14.139 -0 
-14.0588 0.0 -14.0588 -0 -14.0588 0 -14.0588 -0 -14.0588 0 -14.0588 -0 -14.0588 0 -14.0588 -0 -14.0588 0 -14.0588 -0 -14.0588 0 -14.0588 -0 -14.0588 0 -14.0588 -0 
-13.9786 0.0 -13.9786 -0 -13.9786 0 -13.9786 -0 -13.9786 0 -13.9786 -0 -13.9786 0 -13.9786 -0 -13.9786 0 -13.9786 -0 -13.9786 0 -13.9786 -0 -13.9786 0 -13.9786 -0 
-13.8985 0.0 -13.8985 -0 -13.8985 0 -13.8985 -0 -13.8985 0 -13.8985 -0 -13.8985 0 -13.8985 -0 -13.8985 0 -13.8985 -0 -13.8985 0 -13.8985 -0 -13.8985 0 -13.8985 -0 
-13.8183 0.0 -13.8183 -0 -13.8183 0 -13.8183 -0 -13.8183 0 -13.8183 -0 -13.8183 0 -13.8183 -0 -13.8183 0 -13.8183 -0 -13.8183 0 -13.8183 -0 -13.8183 0 -13.8183 -0 
-13.7382 0.0 -13.7382 -0 -13.7382 0 -13.7382 -0 -13.7382 0 -13.7382 -0 -13.7382 0 -13.7382 -0 -13.7382 0 -13.7382 -0 -13.7382 0 -13.7382 -0 -13.7382 0 -13.7382 -0 
-13.658 0.0 -13.658 -0 -13.658 0 -13.658 -0 -13.658 0 -13.658 -0 -13.658 0 -13.658 -0 -13.658 0 -13.658 -0 -13.658 0 -13.658 -0 -13.658 0 -13.658 -0 
-13.5778 0.0 -13.5778 -0 -13.5778 0 -13.5778 -0 -13.5778 0 -13.5778 -0 -13.5778 0 -13.5778 -0 -13.5778 0 -13.5778 -0 -13.5778 0 -13.5778 -0 -13.5778 0 -13.5778 -0 
-13.4977 0.0 -13.4977 -0 -13.4977 0 -13.4977 -0 -13.4977 0 -13.4977 -0 -13.4977 0 -13.4977 -0 -13.4977 0 -13.4977 -0 -13.4977 0 -13.4977 -0 -13.4977 0 -13.4977 -0 
-13.4175 0.0 -13.4175 -0 -13.4175 0 -13.4175 -0 -13.4175 0 -13.4175 -0 -13.4175 0 -13.4175 -0 -13.4175 0 -13.4175 -0 -13.4175 0 -13.4175 -0 -13.4175 0 -13.4175 -0 
-13.3374 0.0 -13.3374 -0 -13.3374 0 -13.3374 -0 -13.3374 0 -13.3374 -0 -13.3374 0 -13.3374 -0 -13.3374 0 -13.3374 -0 -13.3374 0 -13.3374 -0 -13.3374 0 -13.3374 -0 
-13.2572 0.0 -13.2572 -0 -13.2572 0 -13.2572 -0 -13.2572 0 -13.2572 -0 -13.2572 0 -13.2572 -0 -13.2572 0 -13.2572 -0 -13.2572 0 -13.2572 -0 -13.2572 0 -13.2572 -0 
-13.177 0.0 -13.177 -0 -13.177 0 -13.177 -0 -13.177 0 -13.177 -0 -13.177 0 -13.177 -0 -13.177 0 -13.177 -0 -13.177 0 -13.177 -0 -13.177 0 -13.177 -0 
-13.0969 0.0 -13.0969 -0 -13.0969 0 -13.0969 -0 -13.0969 0 -13.0969 -0 -13.0969 0 -13.0969 -0 -13.0969 0 -13.0969 -0 -13.0969 0 -13.0969 -0 -13.0969 0 -13.0969 -0 
-13.0167 0.0 -13.0167 -0 -13.0167 0 -13.0167 -0 -13.0167 0 -13.0167 -0 -13.0167 0 -13.0167 -0 -13.0167 0 -13.0167 -0 -13.0167 0 -13.0167 -0 -13.0167 0 -13.0167 -0 
-12.9366 0.0 -12.9366 -0 -12.9366 0 -12.9366 -0 -12.9366 0 -12.9366 -0 -12.9366 0 -12.9366 -0 -12.9366 0 -12.9366 -0 -12.9366 0 -12.9366 -0 -12.9366 0 -12.9366 -0 
-12.8564 0.0 -12.8564 -0 -12.8564 0 -12.8564 -0 -12.8564 0 -12.8564 -0 -12.8564 0 -12.8564 -0 -12.8564 0 -12.8564 -0 -12.8564 0 -12.8564 -0 -12.8564 0 -12.8564 -0 
-12.7762 0.0 -12.7762 -0 -12.7762 0 -12.7762 -0 -12.7762 0 -12.7762 -0 -12.7762 0 -12.7762 -0 -12.7762 0 -12.7762 -0 -12.7762 0 -12.7762 -0 -12.7762 0 -12.7762 -0 
-12.6961 0.0 -12.6961 -0 -12.6961 0 -12.6961 -0 -12.6961 0 -12.6961 -0 -12.6961 0 -12.6961 -0 -12.6961 0 -12.6961 -0 -12.6961 0 -12.6961 -0 -12.6961 0 -12.6961 -0 
-12.6159 0.0 -12.6159 -0 -12.6159 0 -12.6159 -0 -12.6159 0 -12.6159 -0 -12.6159 0 -12.6159 -0 -12.6159 0 -12.6159 -0 -12.6159 0 -12.6159 -0 -12.6159 0 -12.6159 -0 
-12.5358 0.0 -12.5358 -0 -12.5358 0 -12.5358 -0 -12.5358 0 -12.5358 -0 -12.5358 0 -12.5358 -0 -12.5358 0 -12.5358 -0 -12.5358 0 -12.5358 -0 -12.5358 0 -12.5358 -0 
-12.4556 0.0 -12.4556 -0 -12.4556 0 -12.4556 -0 -12.4556 0 -12.4556 -0 -12.4556 0 -12.4556 -0 -12.4556 0 -12.4556 -0 -12.4556 0 -12.4556 -0 -12.4556 0 -12.4556 -0 
-12.3754 0.0 -12.3754 -0 -12.3754 0 -12.3754 -0 -12.3754 0 -12.3754 -0 -12.3754 0 -12.3754 -0 -12.3754 0 -12.3754 -0 -12.3754 0 -12.3754 -0 -12.3754 0 -12.3754 -0 
-12.2953 0.0 -12.2953 -0 -12.2953 0 -12.2953 -0 -12.2953 0 -12.2953 -0 -12.2953 0 -12.2953 -0 -12.2953 0 -12.2953 -0 -12.2953 0 -12.2953 -0 -12.2953 0 -12.2953 -0 
-12.2151 0.0 -12.2151 -0 -12.2151 0 -12.2151 -0 -12.2151 0 -12.2151 -0 -12.2151 0 -12.2151 -0 -12.2151 0 -12.2151 -0 -12.2151 0 -12.2151 -0 -12.2151 0 -12.2151 -0 
-12.135 0.0 -12.135 -0 -12.135 0 -12.135 -0 -12.135 0 -12.135 -0 -12.135 0 -12.135 -0 -12.135 0 -12.135 -0 -12.135 0 -12.135 -0 -12.135 0 -12.135 -0 
-12.0548 0.0 -12.0548 -0 -12.0548 0 -12.0548 -0 -12.0548 0 -12.0548 -0 -12.0548 0 -12.0548 -0 -12.0548 0 -12.0548 -0 -12.0548 0 -12.0548 -0 -12.0548 0 -12.0548 -0 
-11.9746 0.0 -11.9746 -0 -11.9746 0 -11.9746 -0 -11.9746 0 -11.9746 -0 -11.9746 0 -11.9746 -0 -11.9746 0 -11.9746 -0 -11.9746 0 -11.9746 -0 -11.9746 0 -11.9746 -0 
-11.8945 0.0 -11.8945 -0 -11.8945 0 -11.8945 -0 -11.8945 0 -11.8945 -0 -11.8945 0 -11.8945 -0 -11.8945 0 -11.8945 -0 -11.8945 0 -11.8945 -0 -11.8945 0 -11.8945 -0 
-11.8143 0.0 -11.8143 -0 -11.8143 0 -11.8143 -0 -11.8143 0 -11.8143 -0 -11.8143 0 -11.8143 -0 -11.8143 0 -11.8143 -0 -11.8143 0 -11.8143 -0 -11.8143 0 -11.8143 -0 
-11.7341 0.0 -11.7341 -0 -11.7341 0 -11.7341 -0 -11.7341 0 -11.7341 -0 -11.7341 0 -11.7341 -0 -11.7341 0 -11.7341 -0 -11.7341 0 -11.7341 -0 -11.7341 0 -11.7341 -0 
-11.654 0.0 -11.654 -0 -11.654 0 -11.654 -0 -11.654 0 -11.654 -0 -11.654 0 -11.654 -0 -11.654 0 -11.654 -0 -11.654 0 -11.654 -0 -11.654 0 -11.654 -0 
-11.5738 0.0 -11.5738 -0 -11.5738 0 -11.5738 -0 -11.5738 0 -11.5738 -0 -11.5738 0 -11.5738 -0 -11.5738 0 -11.5738 -0 -11.5738 0 -11.5738 -0 -11.5738 0 -11.5738 -0 
-11.4937 0.0 -11.4937 -0 -11.4937 0 -11.4937 -0 -11.4937 0 -11.4937 -0 -11.4937 0 -11.4937 -0 -11.4937 0 -11.4937 -0 -11.4937 0 -11.4937 -0 -11.4937 0 -11.4937 -0 
-11.4135 0.0 -11.4135 -0 -11.4135 0 -11.4135 -0 -11.4135 0 -11.4135 -0 -11.4135 0 -11.4135 -0 -11.4135 0 -11.4135 -0 -11.4135 0 -11.4135 -0 -11.4135 0 -11.4135 -0 
-11.3333 0.0 -11.3333 -0 -11.3333 0 -11.3333 -0 -11.3333 0 -11.3333 -0 -11.3333 0 -11.3333 -0 -11.3333 0 -11.3333 -0 -11.3333 0 -11.3333 -0 -11.3333 0 -11.3333 -0 
-11.2532 0.0 -11.2532 -0 -11.2532 0 -11.2532 -0 -11.2532 0 -11.2532 -0 -11.2532 0 -11.2532 -0 -11.2532 0 -11.2532 -0 -11.2532 0 -11.2532 -0 -11.2532 0 -11.2532 -0 
-11.173 0.0 -11.173 -0 -11.173 0 -11.173 -0 -11.173 0 -11.173 -0 -11.173 0 -11.173 -0 -11.173 0 -11.173 -0 -11.173 0 -11.173 -0 -11.173 0 -11.173 -0 
-11.0929 0.0 -11.0929 -0 -11.0929 0 -11.0929 -0 -11.0929 0 -11.0929 -0 -11.0929 0 -11.0929 -0 -11.0929 0 -11.0929 -0 -11.0929 0 -11.0929 -0 -11.0929 0 -11.0929 -0 
-11.0127 0.0 -11.0127 -0 -11.0127 0 -11.0127 -0 -11.0127 0 -11.0127 -0 -11.0127 0 -11.0127 -0 -11.0127 0 -11.0127 -0 -11.0127 0 -11.0127 -0 -11.0127 0 -11.0127 -0 
-10.9325 0.0003 -10.9325 -0 -10.9325 0 -10.9325 -0 -10.9325 0 -10.9325 -0 -10.9325 0 -10.9325 -0 -10.9325 0 -10.9325 -0 -10.9325 0 -10.9325 -0 -10.9325 0 -10.9325 -0 
-10.8524 0.0018 -10.8524 -0 -10.8524 0 -10.8524 -0 -10.8524 0 -10.8524 -0 -10.8524 0 -10.8524 -0 -10.8524 0 -10.8524 -0 -10.8524 0 -10.8524 -0 -10.8524 0 -10.8524 -0 
-10.7722 0.0102 -10.7722 -0 -10.7722 0 -10.7722 -0 -10.7722 0 -10.7722 -0 -10.7722 0 -10.7722 -0 -10.7722 0 -10.7722 -0 -10.7722 0 -10.7722 -0 -10.7722 0 -10.7722 -0 
-10.6921 0.0423 -10.6921 -0 -10.6921 0 -10.6921 -0 -10.6921 0 -10.6921 -0 -10.6921 0 -10.6921 -0 -10.6921 0 -10.6921 -0 -10.6921 0 -10.6921 -0 -10.6921 0 -10.6921 -0 
-10.6119 0.1355 -10.6119 -0 -10.6119 0 -10.6119 -0 -10.6119 0 -10.6119 -0 -10.6119 0 -10.6119 -0 -10.6119 0 -10.6119 -0 -10.6119 0 -10.6119 -0 -10.6119 0 -10.6119 -0 
-10.5317 0.3413 -10.5317 -0.0001 -10.5317 0 -10.5317 -0 -10.5317 0 -10.5317 -0 -10.5317 0 -10.5317 -0 -10.5317 0 -10.5317 -0 -10.5317 0 -10.5317 -0 -10.5317 0 -10.5317 -0 
-10.4516 0.7014 -10.4516 -0.0007 -10.4516 0 -10.4516 -0 -10.4516 0 -10.4516 -0 -10.4516 0 -10.4516 -0 -10.4516 0 -10.4516 -0 -10.4516 0 -10.4516 -0 -10.4516 0 -10.4516 -0 
-10.3714 1.2372 -10.3714 -0.0057 -10.3714 0 -10.3714 -0 -10.3714 0 -10.3714 -0 -10.3714 0 -10.3714 -0 -10.3714 0 -10.3714 -0 -10.3714 0 -10.3714 -0 -10.3714 0 -10.3714 -0 
-10.2913 1.9918 -10.2913 -0.033 -10.2913 0 -10.2913 -0 -10.2913 0 -10.2913 -0 -10.2913 0 -10.2913 -0 -10.2913 0 -10.2913 -0 -10.2913 0 -10.2913 -0 -10.2913 0 -10.2913 -0 
-10.2111 3.0771 -10.2111 -0.1445 -10.2111 0 -10.2111 -0 -10.2111 0 -10.2111 -0 -10.2111 0 -10.2111 -0 -10.2111 0 -10.2111 -0 -10.2111 0 -10.2111 -0 -10.2111 0 -10.2111 -0 
-10.1309 4.6163 -10.1309 -0.4796 -10.1309 0 -10.1309 -0 -10.1309 0 -10.1309 -0 -10.1309 0 -10.1309 -0 -10.1309 0 -10.1309 -0 -10.1309 0 -10.1309 -0 -10.1309 0 -10.1309 -0 
-10.0508 6.551 -10.0508 -1.2332 -10.0508 0 -10.0508 -0 -10.0508 0 -10.0508 -0 -10.0508 0 -10.0508 -0 -10.0508 0 -10.0508 -0 -10.0508 0 -10.0508 -0 -10.0508 0 -10.0508 -0 
-9.97065 8.5246 -9.97065 -2.5399 -9.97065 0 -9.97065 -0 -9.97065 0 -9.97065 -0 -9.97065 0 -9.97065 -0 -9.97065 0 -9.97065 -0 -9.97065 0 -9.97065 -0 -9.97065 0 -9.97065 -0 
-9.89055 10.1254 -9.89055 -4.3716 -9.89055 0 -9.89055 -0 -9.89055 0 -9.89055 -0 -9.89055 0 -9.89055 -0 -9.89055 0 -9.89055 -0 -9.89055 0 -9.89055 -0 -9.89055 0 -9.89055 -0 
-9.81035 11.2961 -9.81035 -6.534 -9.81035 0 -9.81035 -0 -9.81035 0 -9.81035 -0 -9.81035 0 -9.81035 -0 -9.81035 0 -9.81035 -0 -9.81035 0 -9.81035 -0 -9.81035 0 -9.81035 -0 
-9.73015 12.3219 -9.73015 -8.6499 -9.73015 0 -9.73015 -0 -9.73015 0 -9.73015 -0 -9.73015 0 -9.73015 -0 -9.73015 0 -9.73015 -0 -9.73015 0 -9.73015 -0 -9.73015 0 -9.73015 -0 
-9.65005 13.3998 -9.65005 -10.2144 -9.65005 0 -9.65005 -0 -9.65005 0 -9.65005 -0 -9.65005 0 -9.65005 -0 -9.65005 0 -9.65005 -0 -9.65005 0 -9.65005 -0 -9.65005 0 -9.65005 -0 
-9.56985 14.4268 -9.56985 -10.9807 -9.56985 0 -9.56985 -0 -9.56985 0 -9.56985 -0 -9.56985 0 -9.56985 -0 -9.56985 0 -9.56985 -0 -9.56985 0 -9.56985 -0 -9.56985 0 -9.56985 -0 
-9.48975 15.2442 -9.48975 -11.2743 -9.48975 0 -9.48975 -0 -9.48975 0 -9.48975 -0 -9.48975 0 -9.48975 -0 -9.48975 0 -9.48975 -0 -9.48975 0 -9.48975 -0 -9.48975 0 -9.48975 -0 
-9.40955 15.9192 -9.40955 -11.6089 -9.40955 0 -9.40955 -0 -9.40955 0 -9.40955 -0 -9.40955 0 -9.40955 -0 -9.40955 0 -9.40955 -0 -9.40955 0 -9.40955 -0 -9.40955 0 -9.40955 -0 
-9.32935 16.6635 -9.32935 -12.1133 -9.32935 0.0001 -9.32935 -0 -9.32935 0 -9.32935 -0 -9.32935 0 -9.32935 -0 -9.32935 0 -9.32935 -0 -9.32935 0.0001 -9.32935 -0 -9.32935 0 -9.32935 -0 
-9.24925 17.5271 -9.24925 -12.755 -9.24925 0.0002 -9.24925 -0 -9.24925 0.0001 -9.24925 -0 -9.24925 0 -9.24925 -0 -9.24925 0 -9.24925 -0 -9.24925 0.0001 -9.24925 -0 -9.24925 0 -9.24925 -0 
-9.16905 18.3551 -9.16905 -13.764 -9.16905 0.0008 -9.16905 -0 -9.16905 0.0002 -9.16905 -0 -9.16905 0.0001 -9.16905 -0 -9.16905 0.0001 -9.16905 -0 -9.16905 0.0003 -9.16905 -0 -9.16905 0.0001 -9.16905 -0 
-9.08895 19.0893 -9.08895 -14.9905 -9.08895 0.0016 -9.08895 -0.0001 -9.08895 0.0004 -9.08895 -0 -9.08895 0.0001 -9.08895 -0 -9.08895 0.0002 -9.08895 -0 -9.08895 0.0006 -9.08895 -0.0001 -9.08895 0.0003 -9.08895 -0 
-9.00875 19.916 -9.00875 -15.3041 -9.00875 0.003 -9.00875 -0.0001 -9.00875 0.0007 -9.00875 -0 -9.00875 0.0003 -9.00875 -0 -9.00875 0.0004 -9.00875 -0 -9.00875 0.001 -9.00875 -0.0001 -9.00875 0.0006 -9.00875 -0 
-8.92855 20.9906 -8.92855 -13.8304 -8.92855 0.0046 -8.92855 -0.0001 -8.92855 0.0012 -8.92855 -0 -8.92855 0.0004 -8.92855 -0 -8.92855 0.0006 -8.92855 -0 -8.92855 0.0014 -8.92855 -0.0001 -8.92855 0.001 -8.92855 -0 
-8.84845 22.1957 -8.84845 -11.3097 -8.84845 0.007 -8.84845 -0 -8.84845 0.002 -8.84845 -0 -8.84845 0.0007 -8.84845 -0 -8.84845 0.001 -8.84845 -0 -8.84845 0.0018 -8.84845 -0 -8.84845 0.0015 -8.84845 -0 
-8.76825 23.39 -8.76825 -9.1257 -8.76825 0.0102 -8.76825 -0 -8.76825 0.0032 -8.76825 -0 -8.76825 0.0009 -8.76825 -0 -8.76825 0.0014 -8.76825 -0 -8.76825 0.0024 -8.76825 -0 -8.76825 0.0023 -8.76825 -0 
-8.68815 24.7617 -8.68815 -7.6817 -8.68815 0.0139 -8.68815 -0.0001 -8.68815 0.0046 -8.68815 -0.0001 -8.68815 0.0012 -8.68815 -0 -8.68815 0.0019 -8.68815 -0 -8.68815 0.0029 -8.68815 -0 -8.68815 0.0033 -8.68815 -0 
-8.60795 26.5942 -8.60795 -6.6559 -8.60795 0.0179 -8.60795 -0.0002 -8.60795 0.0062 -8.60795 -0.0001 -8.60795 0.0016 -8.60795 -0 -8.60795 0.0023 -8.60795 -0 -8.60795 0.0032 -8.60795 -0 -8.60795 0.0046 -8.60795 -0.0001 
-8.52775 28.6471 -8.52775 -6.0024 -8.52775 0.0225 -8.52775 -0.0003 -8.52775 0.0079 -8.52775 -0.0001 -8.52775 0.0022 -8.52775 -0 -8.52775 0.0028 -8.52775 -0 -8.52775 0.0034 -8.52775 -0.0001 -8.52775 0.0062 -8.52775 -0.0001 
-8.44765 30.101 -8.44765 -5.8495 -8.44765 0.028 -8.44765 -0.0003 -8.44765 0.0098 -8.44765 -0.0001 -8.44765 0.003 -8.44765 -0 -8.44765 0.0035 -8.44765 -0 -8.44765 0.0037 -8.44765 -0.0001 -8.44765 0.008 -8.44765 -0.0001 
-8.36745 30.2656 -8.36745 -6.0343 -8.36745 0.0362 -8.36745 -0.0003 -8.36745 0.0123 -8.36745 -0.0001 -8.36745 0.0043 -8.36745 -0 -8.36745 0.0047 -8.36745 -0 -8.36745 0.0049 -8.36745 -0.0001 -8.36745 0.01 -8.36745 -0.0001 
-8.28735 29.1987 -8.28735 -6.3969 -8.28735 0.048 -8.28735 -0.0005 -8.28735 0.0157 -8.28735 -0.0002 -8.28735 0.0064 -8.28735 -0 -8.28735 0.0067 -8.28735 -0 -8.28735 0.0073 -8.28735 -0.0002 -8.28735 0.0119 -8.28735 -0.0001 
-8.20715 27.6673 -8.20715 -7.2727 -8.20715 0.0629 -8.20715 -0.001 -8.20715 0.0189 -8.20715 -0.0002 -8.20715 0.0093 -8.20715 -0.0001 -8.20715 0.0095 -8.20715 -0.0001 -8.20715 0.0113 -8.20715 -0.0004 -8.20715 0.0139 -8.20715 -0.0002 
-8.12695 26.6542 -8.12695 -9.1902 -8.12695 0.0799 -8.12695 -0.0015 -8.12695 0.0212 -8.12695 -0.0004 -8.12695 0.0129 -8.12695 -0.0001 -8.12695 0.0125 -8.12695 -0.0002 -8.12695 0.0167 -8.12695 -0.0005 -8.12695 0.0166 -8.12695 -0.0003 
-8.04685 26.6383 -8.04685 -12.0577 -8.04685 0.0984 -8.04685 -0.0022 -8.04685 0.0229 -8.04685 -0.0006 -8.04685 0.0165 -8.04685 -0.0002 -8.04685 0.0152 -8.04685 -0.0003 -8.04685 0.023 -8.04685 -0.0006 -8.04685 0.0208 -8.04685 -0.0005 
-7.96665 27.0191 -7.96665 -14.979 -7.96665 0.115 -7.96665 -0.0031 -7.96665 0.0244 -7.96665 -0.0009 -7.96665 0.0187 -7.96665 -0.0004 -7.96665 0.0172 -7.96665 -0.0005 -7.96665 0.0291 -7.96665 -0.0006 -7.96665 0.0256 -7.96665 -0.0007 
-7.88655 26.5704 -7.88655 -16.8729 -7.88655 0.1242 -7.88655 -0.0038 -7.88655 0.0252 -7.88655 -0.0011 -7.88655 0.0186 -7.88655 -0.0005 -7.88655 0.0178 -7.88655 -0.0006 -7.88655 0.0342 -7.88655 -0.0006 -7.88655 0.0284 -7.88655 -0.001 
-7.80635 24.9033 -7.80635 -17.2006 -7.80635 0.1232 -7.80635 -0.0046 -7.80635 0.0239 -7.80635 -0.0012 -7.80635 0.0166 -7.80635 -0.0007 -7.80635 0.0167 -7.80635 -0.0007 -7.80635 0.0386 -7.80635 -0.0007 -7.80635 0.0274 -7.80635 -0.0013 
-7.72615 23.037 -7.72615 -16.4616 -7.72615 0.1168 -7.72615 -0.0057 -7.72615 0.0208 -7.72615 -0.0014 -7.72615 0.0148 -7.72615 -0.0009 -7.72615 0.0153 -7.72615 -0.0009 -7.72615 0.0421 -7.72615 -0.0008 -7.72615 0.0238 -7.72615 -0.0017 
-7.64605 22.0705 -7.64605 -15.946 -7.64605 0.1115 -7.64605 -0.0071 -7.64605 0.0175 -7.64605 -0.0015 -7.64605 0.0147 -7.64605 -0.0014 -7.64605 0.0149 -7.64605 -0.0013 -7.64605 0.0441 -7.64605 -0.001 -7.64605 0.0203 -7.64605 -0.0019 
-7.56585 21.9623 -7.56585 -16.4356 -7.56585 0.1081 -7.56585 -0.0085 -7.56585 0.0151 -7.56585 -0.0014 -7.56585 0.016 -7.56585 -0.002 -7.56585 0.0156 -7.56585 -0.0018 -7.56585 0.0432 -7.56585 -0.0015 -7.56585 0.0182 -7.56585 -0.0018 
-7.48575 22.0948 -7.48575 -17.243 -7.48575 0.103 -7.48575 -0.0095 -7.48575 0.0129 -7.48575 -0.0013 -7.48575 0.0176 -7.48575 -0.0023 -7.48575 0.0166 -7.48575 -0.0022 -7.48575 0.0392 -7.48575 -0.0022 -7.48575 0.0167 -7.48575 -0.0015 
-7.40555 22.2916 -7.40555 -17.1119 -7.40555 0.0957 -7.40555 -0.0096 -7.40555 0.0108 -7.40555 -0.001 -7.40555 0.0187 -7.40555 -0.0021 -7.40555 0.0173 -7.40555 -0.002 -7.40555 0.034 -7.40555 -0.0034 -7.40555 0.0149 -7.40555 -0.0011 
-7.32535 22.8027 -7.32535 -15.8911 -7.32535 0.0894 -7.32535 -0.0088 -7.32535 0.0093 -7.32535 -0.0006 -7.32535 0.0193 -7.32535 -0.0014 -7.32535 0.0179 -7.32535 -0.0014 -7.32535 0.03 -7.32535 -0.0048 -7.32535 0.0129 -7.32535 -0.0006 
-7.24525 23.6964 -7.24525 -14.5645 -7.24525 0.0862 -7.24525 -0.0082 -7.24525 0.0088 -7.24525 -0.0003 -7.24525 0.0196 -7.24525 -0.0008 -7.24525 0.0184 -7.24525 -0.0007 -7.24525 0.0279 -7.24525 -0.0061 -7.24525 0.0115 -7.24525 -0.0003 
-7.16505 24.5428 -7.16505 -13.6797 -7.16505 0.085 -7.16505 -0.0074 -7.16505 0.0091 -7.16505 -0.0002 -7.16505 0.0197 -7.16505 -0.0004 -7.16505 0.0186 -7.16505 -0.0003 -7.16505 0.0267 -7.16505 -0.0064 -7.16505 0.0109 -7.16505 -0.0001 
-7.08495 24.7288 -7.08495 -12.6212 -7.08495 0.0826 -7.08495 -0.0059 -7.08495 0.0098 -7.08495 -0.0001 -7.08495 0.0187 -7.08495 -0.0002 -7.08495 0.0177 -7.08495 -0.0002 -7.08495 0.0255 -7.08495 -0.0053 -7.08495 0.0109 -7.08495 -0.0001 
-7.00475 24.1957 -7.00475 -10.7167 -7.00475 0.0803 -7.00475 -0.0038 -7.00475 0.0111 -7.00475 -0.0001 -7.00475 0.0165 -7.00475 -0.0002 -7.00475 0.0156 -7.00475 -0.0001 -7.00475 0.026 -7.00475 -0.0034 -7.00475 0.0111 -7.00475 -0 
-6.92455 23.6911 -6.92455 -8.476 -6.92455 0.083 -6.92455 -0.0024 -6.92455 0.0137 -6.92455 -0.0001 -6.92455 0.0137 -6.92455 -0.0001 -6.92455 0.0134 -6.92455 -0.0001 -6.92455 0.0304 -6.92455 -0.002 -6.92455 0.0118 -6.92455 -0.0001 
-6.84445 23.953 -6.84445 -7.2952 -6.84445 0.0906 -6.84445 -0.0021 -6.84445 0.017 -6.84445 -0.0002 -6.84445 0.0117 -6.84445 -0.0001 -6.84445 0.0119 -6.84445 -0.0002 -6.84445 0.0368 -6.84445 -0.0015 -6.84445 0.0132 -6.84445 -0.0001 
-6.76425 24.8231 -6.76425 -8.1544 -6.76425 0.0953 -6.76425 -0.004 -6.76425 0.0192 -6.76425 -0.0007 -6.76425 0.0105 -6.76425 -0.0003 -6.76425 0.0109 -6.76425 -0.0004 -6.76425 0.04 -6.76425 -0.0022 -6.76425 0.0147 -6.76425 -0.0004 
-6.68405 25.4377 -6.68405 -10.7581 -6.68405 0.0888 -6.68405 -0.0087 -6.68405 0.0182 -6.68405 -0.0018 -6.68405 0.0095 -6.68405 -0.0006 -6.68405 0.0095 -6.68405 -0.0009 -6.68405 0.0365 -6.68405 -0.0042 -6.68405 0.0151 -6.68405 -0.0012 
-6.60395 24.9221 -6.60395 -13.5927 -6.60395 0.071 -6.60395 -0.0185 -6.60395 0.0143 -6.60395 -0.0044 -6.60395 0.0079 -6.60395 -0.0016 -6.60395 0.0074 -6.60395 -0.0022 -6.60395 0.0278 -6.60395 -0.0072 -6.60395 0.0136 -6.60395 -0.0031 
-6.52375 22.7779 -6.52375 -14.8559 -6.52375 0.0492 -6.52375 -0.0378 -6.52375 0.0095 -6.52375 -0.0104 -6.52375 0.0059 -6.52375 -0.0038 -6.52375 0.0051 -6.52375 -0.0051 -6.52375 0.0182 -6.52375 -0.0108 -6.52375 0.0105 -6.52375 -0.0077 
-6.44365 19.1995 -6.44365 -13.9116 -6.44365 0.0309 -6.44365 -0.0776 -6.44365 0.0059 -6.44365 -0.0247 -6.44365 0.0039 -6.44365 -0.0085 -6.44365 0.0032 -6.44365 -0.012 -6.44365 0.0108 -6.44365 -0.0149 -6.44365 0.0071 -6.44365 -0.0175 
-6.36345 15.1985 -6.36345 -11.8662 -6.36345 0.0197 -6.36345 -0.1573 -6.36345 0.0042 -6.36345 -0.0556 -6.36345 0.0024 -6.36345 -0.0178 -6.36345 0.002 -6.36345 -0.027 -6.36345 0.0064 -6.36345 -0.0197 -6.36345 0.0047 -6.36345 -0.0372 
-6.28325 12.0342 -6.28325 -10.3983 -6.28325 0.0166 -6.28325 -0.2939 -6.28325 0.0046 -6.28325 -0.11 -6.28325 0.0017 -6.28325 -0.0338 -6.28325 0.0017 -6.28325 -0.0533 -6.28325 0.0046 -6.28325 -0.0259 -6.28325 0.004 -6.28325 -0.0709 
-6.20315 10.4044 -6.20315 -10.2454 -6.20315 0.021 -6.20315 -0.4704 -6.20315 0.0069 -6.20315 -0.1794 -6.20315 0.0019 -6.20315 -0.0546 -6.20315 0.0023 -6.20315 -0.0869 -6.20315 0.0048 -6.20315 -0.0345 -6.20315 0.0051 -6.20315 -0.115 
-6.12295 10.2125 -6.12295 -11.0435 -6.12295 0.0329 -6.12295 -0.6189 -6.12295 0.011 -6.12295 -0.2334 -6.12295 0.003 -6.12295 -0.0718 -6.12295 0.0042 -6.12295 -0.1128 -6.12295 0.0067 -6.12295 -0.0491 -6.12295 0.008 -6.12295 -0.1518 
-6.04285 10.8758 -6.04285 -12.2184 -6.04285 0.057 -6.04285 -0.6772 -6.04285 0.0188 -6.04285 -0.2423 -6.04285 0.006 -6.04285 -0.0758 -6.04285 0.0086 -6.04285 -0.1162 -6.04285 0.01 -6.04285 -0.0807 -6.04285 0.0136 -6.04285 -0.1622 
-5.96265 11.7187 -5.96265 -13.5278 -5.96265 0.1073 -5.96265 -0.6882 -5.96265 0.0348 -5.96265 -0.2148 -5.96265 0.013 -5.96265 -0.0673 -5.96265 0.019 -5.96265 -0.0994 -5.96265 0.0155 -5.96265 -0.1555 -5.96265 0.025 -5.96265 -0.1512 
-5.88245 12.2548 -5.88245 -14.858 -5.88245 0.2156 -5.88245 -0.8134 -5.88245 0.0685 -5.88245 -0.1981 -5.88245 0.0284 -5.88245 -0.0594 -5.88245 0.0423 -5.88245 -0.0823 -5.88245 0.0281 -5.88245 -0.3196 -5.88245 0.0483 -5.88245 -0.154 
-5.80235 12.3556 -5.80235 -16.0926 -5.80235 0.4317 -5.80235 -1.2167 -5.80235 0.1327 -5.80235 -0.2361 -5.80235 0.0578 -5.80235 -0.0691 -5.80235 0.0866 -5.80235 -0.086 -5.80235 0.0608 -5.80235 -0.6127 -5.80235 0.0938 -5.80235 -0.2128 
-5.72215 12.3201 -5.72215 -17.2762 -5.72215 0.8079 -5.72215 -1.9164 -5.72215 0.2382 -5.72215 -0.3345 -5.72215 0.1035 -5.72215 -0.1153 -5.72215 0.1527 -5.72215 -0.1284 -5.72215 0.1387 -5.72215 -0.9905 -5.72215 0.1748 -5.72215 -0.3477 
-5.64205 12.7622 -5.64205 -18.4988 -5.64205 1.3721 -5.64205 -2.7365 -5.64205 0.384 -5.64205 -0.46 -5.64205 0.1606 -5.64205 -0.2285 -5.64205 0.2278 -5.64205 -0.237 -5.64205 0.2955 -5.64205 -1.2755 -5.64205 0.3042 -5.64205 -0.5355 
-5.56185 14.2322 -5.56185 -19.7366 -5.56185 2.1337 -5.56185 -3.4595 -5.56185 0.5564 -5.56185 -0.5696 -5.56185 0.2272 -5.56185 -0.4527 -5.56185 0.302 -5.56185 -0.4498 -5.56185 0.5582 -5.56185 -1.2751 -5.56185 0.4899 -5.56185 -0.7123 
-5.48165 16.7884 -5.48165 -21.0394 -5.48165 3.0771 -5.48165 -4.0198 -5.48165 0.7319 -5.48165 -0.6449 -5.48165 0.3262 -5.48165 -0.8023 -5.48165 0.3987 -5.48165 -0.77 -5.48165 0.9012 -5.48165 -0.9864 -5.48165 0.7191 -5.48165 -0.8162 
-5.40155 19.8481 -5.40155 -22.4588 -5.40155 4.0696 -5.40155 -4.4199 -5.40155 0.871 -5.40155 -0.694 -5.40155 0.5028 -5.40155 -1.185 -5.40155 0.5649 -5.40155 -1.1011 -5.40155 1.1985 -5.40155 -0.6064 -5.40155 0.9324 -5.40155 -0.8334 
-5.32135 22.4303 -5.32135 -23.5731 -5.32135 4.8184 -5.32135 -4.5003 -5.32135 0.9232 -5.32135 -0.7188 -5.32135 0.7746 -5.32135 -1.4006 -5.32135 0.8038 -5.32135 -1.269 -5.32135 1.2798 -5.32135 -0.3239 -5.32135 1.037 -5.32135 -0.788 
-5.24125 23.6592 -5.24125 -23.6502 -5.24125 5.0414 -5.24125 -4.0435 -5.24125 0.8632 -5.24125 -0.6976 -5.24125 1.0762 -5.24125 -1.2991 -5.24125 1.0307 -5.24125 -1.1648 -5.24125 1.0925 -5.24125 -0.181 -5.24125 0.9788 -5.24125 -0.701 
-5.16105 23.2456 -5.16105 -22.618 -5.16105 4.6772 -5.16105 -3.1264 -5.16105 0.7227 -5.16105 -0.6149 -5.16105 1.268 -5.16105 -0.9427 -5.16105 1.1243 -5.16105 -0.8551 -5.16105 0.7632 -5.16105 -0.1269 -5.16105 0.799 -5.16105 -0.5868 
-5.08085 21.6632 -5.08085 -21.4243 -5.08085 3.8897 -5.08085 -2.1376 -5.08085 0.5686 -5.08085 -0.493 -5.08085 1.234 -5.08085 -0.5465 -5.08085 1.0287 -5.08085 -0.5159 -5.08085 0.4617 -5.08085 -0.1131 -5.08085 0.5967 -5.08085 -0.4691 
-5.00075 19.8815 -5.00075 -21.1234 -5.00075 2.9466 -5.00075 -1.4175 -5.00075 0.4514 -5.00075 -0.377 -5.00075 0.9859 -5.00075 -0.2741 -5.00075 0.7973 -5.00075 -0.2779 -5.00075 0.2644 -5.00075 -0.1172 -5.00075 0.4476 -5.00075 -0.3713 
-4.92055 18.7849 -4.92055 -21.8369 -4.92055 2.1092 -4.92055 -1.0293 -4.92055 0.3803 -4.92055 -0.2948 -4.92055 0.6588 -4.92055 -0.1451 -4.92055 0.5445 -4.92055 -0.1605 -4.92055 0.1588 -4.92055 -0.1263 -4.92055 0.3668 -4.92055 -0.3026 
-4.84045 18.6832 -4.84045 -22.7657 -4.84045 1.5281 -4.84045 -0.8487 -4.84045 0.3374 -4.84045 -0.2426 -4.84045 0.3947 -4.84045 -0.1 -4.84045 0.3593 -4.84045 -0.1194 -4.84045 0.108 -4.84045 -0.1287 -4.84045 0.3287 -4.84045 -0.258 
-4.76025 19.2525 -4.76025 -23.0879 -4.76025 1.1974 -4.76025 -0.742 -4.76025 0.3025 -4.76025 -0.2029 -4.76025 0.2457 -4.76025 -0.0851 -4.76025 0.2626 -4.76025 -0.1103 -4.76025 0.085 -4.76025 -0.1192 -4.76025 0.3016 -4.76025 -0.2245 
-4.68005 19.9291 -4.68005 -22.6632 -4.68005 1.0354 -4.68005 -0.6486 -4.68005 0.2702 -4.68005 -0.1667 -4.68005 0.1865 -4.68005 -0.0778 -4.68005 0.2311 -4.68005 -0.1111 -4.68005 0.074 -4.68005 -0.1022 -4.68005 0.2736 -4.68005 -0.1908 
-4.59995 20.4833 -4.59995 -21.8892 -4.59995 0.9824 -4.59995 -0.5681 -4.59995 0.2492 -4.59995 -0.1364 -4.59995 0.1766 -4.59995 -0.0749 -4.59995 0.2356 -4.59995 -0.1134 -4.59995 0.0661 -4.59995 -0.0873 -4.59995 0.2549 -4.59995 -0.1561 
-4.51975 21.1723 -4.51975 -21.1931 -4.51975 0.9976 -4.51975 -0.5195 -4.51975 0.2446 -4.51975 -0.1175 -4.51975 0.1872 -4.51975 -0.0778 -4.51975 0.2509 -4.51975 -0.1137 -4.51975 0.0589 -4.51975 -0.0822 -4.51975 0.256 -4.51975 -0.1283 
-4.43965 22.2072 -4.43965 -20.8856 -4.43965 1.0164 -4.43965 -0.5179 -4.43965 0.2438 -4.43965 -0.1122 -4.43965 0.1983 -4.43965 -0.0894 -4.43965 0.2551 -4.43965 -0.1143 -4.43965 0.0547 -4.43965 -0.0881 -4.43965 0.2645 -4.43965 -0.1139 
-4.35945 23.2674 -4.35945 -21.2751 -4.35945 0.9753 -4.35945 -0.5672 -4.35945 0.2278 -4.35945 -0.1178 -4.35945 0.1987 -4.35945 -0.1125 -4.35945 0.2396 -4.35945 -0.1223 -4.35945 0.0551 -4.35945 -0.1012 -4.35945 0.2541 -4.35945 -0.1134 
-4.27925 23.7628 -4.27925 -22.4945 -4.27925 0.8622 -4.27925 -0.6512 -4.27925 0.1902 -4.27925 -0.1278 -4.27925 0.1892 -4.27925 -0.1443 -4.27925 0.2125 -4.27925 -0.1421 -4.27925 0.0583 -4.27925 -0.1152 -4.27925 0.212 -4.27925 -0.1218 
-4.19915 23.4924 -4.19915 -24.1719 -4.19915 0.7202 -4.19915 -0.7367 -4.19915 0.1413 -4.19915 -0.1369 -4.19915 0.1773 -4.19915 -0.1739 -4.19915 0.1869 -4.19915 -0.1677 -4.19915 0.063 -4.19915 -0.1264 -4.19915 0.1517 -4.19915 -0.1318 
-4.11895 22.8916 -4.11895 -25.5857 -4.11895 0.6039 -4.11895 -0.7989 -4.11895 0.0964 -4.11895 -0.1445 -4.11895 0.1677 -4.11895 -0.1918 -4.11895 0.169 -4.11895 -0.1899 -4.11895 0.0739 -4.11895 -0.1342 -4.11895 0.0969 -4.11895 -0.1385 
-4.03885 22.5538 -4.03885 -26.2944 -4.03885 0.5423 -4.03885 -0.8451 -4.03885 0.0657 -4.03885 -0.1546 -4.03885 0.1586 -4.03885 -0.2017 -4.03885 0.1556 -4.03885 -0.2083 -4.03885 0.1004 -4.03885 -0.1373 -4.03885 0.062 -4.03885 -0.1432 
-3.95865 22.6695 -3.95865 -26.4625 -3.95865 0.5291 -3.95865 -0.8951 -3.95865 0.0509 -3.95865 -0.1689 -3.95865 0.1452 -3.95865 -0.2145 -3.95865 0.1395 -3.95865 -0.2291 -3.95865 0.1464 -3.95865 -0.1323 -3.95865 0.0471 -3.95865 -0.1503 
-3.87845 23.1143 -3.87845 -26.5092 -3.87845 0.541 -3.87845 -0.931 -3.87845 0.0481 -3.87845 -0.1802 -3.87845 0.1271 -3.87845 -0.2295 -3.87845 0.1195 -3.87845 -0.2487 -3.87845 0.2016 -3.87845 -0.1165 -3.87845 0.0447 -3.87845 -0.1561 
-3.79835 23.7822 -3.79835 -26.6372 -3.79835 0.554 -3.79835 -0.8986 -3.79835 0.0521 -3.79835 -0.1749 -3.79835 0.1099 -3.79835 -0.2312 -3.79835 0.1013 -3.79835 -0.2504 -3.79835 0.2432 -3.79835 -0.0933 -3.79835 0.0475 -3.79835 -0.1488 
-3.71815 24.5245 -3.71815 -26.7994 -3.71815 0.554 -3.71815 -0.7772 -3.71815 0.0597 -3.71815 -0.1483 -3.71815 0.099 -3.71815 -0.2091 -3.71815 0.0903 -3.71815 -0.224 -3.71815 0.2527 -3.71815 -0.0714 -3.71815 0.0523 -3.71815 -0.1244 
-3.63805 25.0176 -3.63805 -26.9071 -3.63805 0.5346 -3.63805 -0.613 -3.63805 0.0684 -3.63805 -0.1113 -3.63805 0.0933 -3.63805 -0.1718 -3.63805 0.0859 -3.63805 -0.1791 -3.63805 0.2288 -3.63805 -0.057 -3.63805 0.0582 -3.63805 -0.0938 
-3.55785 24.9949 -3.55785 -26.9078 -3.55785 0.4957 -3.55785 -0.4719 -3.55785 0.0761 -3.55785 -0.0795 -3.55785 0.0872 -3.55785 -0.136 -3.55785 0.0829 -3.55785 -0.1353 -3.55785 0.1846 -3.55785 -0.0503 -3.55785 0.0649 -3.55785 -0.0708 
-3.47765 24.5781 -3.47765 -26.7558 -3.47765 0.443 -3.47765 -0.3843 -3.47765 0.0811 -3.47765 -0.0607 -3.47765 0.0777 -3.47765 -0.1105 -3.47765 0.0775 -3.47765 -0.1045 -3.47765 0.1354 -3.47765 -0.0483 -3.47765 0.0713 -3.47765 -0.0603 
-3.39755 24.1938 -3.39755 -26.42 -3.39755 0.391 -3.39755 -0.3468 -3.39755 0.0837 -3.39755 -0.0547 -3.39755 0.0678 -3.39755 -0.0956 -3.39755 0.0703 -3.39755 -0.0879 -3.39755 0.0926 -3.39755 -0.0496 -3.39755 0.0766 -3.39755 -0.059 
-3.31735 24.0935 -3.31735 -25.9526 -3.31735 0.3576 -3.31735 -0.3459 -3.31735 0.0866 -3.31735 -0.0583 -3.31735 0.0628 -3.31735 -0.0887 -3.31735 0.0656 -3.31735 -0.0816 -3.31735 0.0617 -3.31735 -0.0554 -3.31735 0.0809 -3.31735 -0.0619 
-3.23725 24.1361 -3.23725 -25.5144 -3.23725 0.3519 -3.23725 -0.368 -3.23725 0.0926 -3.23725 -0.0683 -3.23725 0.0652 -3.23725 -0.0868 -3.23725 0.067 -3.23725 -0.0812 -3.23725 0.0422 -3.23725 -0.0667 -3.23725 0.0849 -3.23725 -0.065 
-3.15705 24.077 -3.15705 -25.2282 -3.15705 0.3652 -3.15705 -0.3997 -3.15705 0.1008 -3.15705 -0.0818 -3.15705 0.072 -3.15705 -0.0873 -3.15705 0.0737 -3.15705 -0.0824 -3.15705 0.031 -3.15705 -0.0804 -3.15705 0.0877 -3.15705 -0.0678 
-3.07685 23.816 -3.07685 -24.976 -3.07685 0.3733 -3.07685 -0.4269 -3.07685 0.106 -3.07685 -0.0955 -3.07685 0.0767 -3.07685 -0.0877 -3.07685 0.0798 -3.07685 -0.0821 -3.07685 0.0247 -3.07685 -0.09 -3.07685 0.0861 -3.07685 -0.0716 
-2.99675 23.3745 -2.99675 -24.5087 -2.99675 0.3567 -2.99675 -0.4396 -2.99675 0.103 -2.99675 -0.1066 -2.99675 0.0743 -2.99675 -0.0865 -2.99675 0.0796 -2.99675 -0.0796 -2.99675 0.0218 -2.99675 -0.0899 -2.99675 0.078 -2.99675 -0.077 
-2.91655 22.8517 -2.91655 -23.839 -2.91655 0.3177 -2.91655 -0.4372 -2.91655 0.0924 -2.91655 -0.1129 -2.91655 0.0656 -2.91655 -0.0841 -2.91655 0.0726 -2.91655 -0.0767 -2.91655 0.0218 -2.91655 -0.0816 -2.91655 0.0653 -2.91655 -0.0819 
-2.83645 22.3673 -2.83645 -23.2671 -2.83645 0.2747 -2.83645 -0.4297 -2.83645 0.0787 -2.83645 -0.1144 -2.83645 0.0552 -2.83645 -0.0813 -2.83645 0.0629 -2.83645 -0.0755 -2.83645 0.025 -2.83645 -0.0745 -2.83645 0.0529 -2.83645 -0.084 
-2.75625 21.9304 -2.75625 -22.9008 -2.75625 0.2423 -2.75625 -0.4281 -2.75625 0.0655 -2.75625 -0.1121 -2.75625 0.0471 -2.75625 -0.0783 -2.75625 0.0541 -2.75625 -0.0762 -2.75625 0.0312 -2.75625 -0.0795 -2.75625 0.0444 -2.75625 -0.082 
-2.67605 21.474 -2.67605 -22.4589 -2.67605 0.224 -2.67605 -0.442 -2.67605 0.0552 -2.67605 -0.1079 -2.67605 0.0418 -2.67605 -0.0748 -2.67605 0.0474 -2.67605 -0.0782 -2.67605 0.0388 -2.67605 -0.1036 -2.67605 0.0408 -2.67605 -0.0775 
-2.59595 21.1165 -2.59595 -21.6831 -2.59595 0.2174 -2.59595 -0.476 -2.59595 0.0495 -2.59595 -0.1043 -2.59595 0.0379 -2.59595 -0.0708 -2.59595 0.0425 -2.59595 -0.0806 -2.59595 0.0458 -2.59595 -0.1459 -2.59595 0.0417 -2.59595 -0.0744 
-2.51575 21.2296 -2.51575 -20.6903 -2.51575 0.2199 -2.51575 -0.5238 -2.51575 0.0483 -2.51575 -0.1024 -2.51575 0.0343 -2.51575 -0.0667 -2.51575 0.0392 -2.51575 -0.0823 -2.51575 0.0525 -2.51575 -0.1961 -2.51575 0.0456 -2.51575 -0.0763 
-2.43565 22.0325 -2.43565 -19.8289 -2.43565 0.2316 -2.43565 -0.5617 -2.43565 0.0495 -2.43565 -0.0997 -2.43565 0.0317 -2.43565 -0.0622 -2.43565 0.0375 -2.43565 -0.0817 -2.43565 0.0623 -2.43565 -0.2365 -2.43565 0.0506 -2.43565 -0.0816 
-2.35545 23.1983 -2.35545 -19.4256 -2.35545 0.2517 -2.35545 -0.5668 -2.35545 0.0507 -2.35545 -0.0942 -2.35545 0.0304 -2.35545 -0.0568 -2.35545 0.037 -2.35545 -0.0783 -2.35545 0.0787 -2.35545 -0.2519 -2.35545 0.0549 -2.35545 -0.0856 
-2.27525 24.0794 -2.27525 -19.7146 -2.27525 0.274 -2.27525 -0.539 -2.27525 0.0512 -2.27525 -0.0881 -2.27525 0.0296 -2.27525 -0.0505 -2.27525 0.0364 -2.27525 -0.0725 -2.27525 0.0992 -2.27525 -0.2411 -2.27525 0.0576 -2.27525 -0.0868 
-2.19515 24.2502 -2.19515 -20.6578 -2.19515 0.2883 -2.19515 -0.4964 -2.19515 0.0516 -2.19515 -0.0847 -2.19515 0.0282 -2.19515 -0.045 -2.19515 0.0351 -2.19515 -0.0652 -2.19515 0.1147 -2.19515 -0.2132 -2.19515 0.0587 -2.19515 -0.0883 
-2.11495 23.7033 -2.11495 -21.7082 -2.11495 0.2867 -2.11495 -0.4501 -2.11495 0.0522 -2.11495 -0.0831 -2.11495 0.0264 -2.11495 -0.042 -2.11495 0.0336 -2.11495 -0.057 -2.11495 0.1167 -2.11495 -0.1763 -2.11495 0.0578 -2.11495 -0.0917 
-2.03475 22.6865 -2.03475 -22.0663 -2.03475 0.2684 -2.03475 -0.3978 -2.03475 0.0518 -2.03475 -0.0793 -2.03475 0.0251 -2.03475 -0.0414 -2.03475 0.0326 -2.03475 -0.0486 -2.03475 0.105 -2.03475 -0.1352 -2.03475 0.0539 -2.03475 -0.0933 
-1.95465 21.4713 -1.95465 -21.3214 -1.95465 0.2392 -1.95465 -0.3396 -1.95465 0.049 -1.95465 -0.0714 -1.95465 0.0249 -1.95465 -0.0415 -1.95465 0.032 -1.95465 -0.0413 -1.95465 0.0869 -1.95465 -0.0962 -1.95465 0.0464 -1.95465 -0.0892 
-1.87445 20.1591 -1.87445 -19.7162 -1.87445 0.207 -1.87445 -0.2844 -1.87445 0.0433 -1.87445 -0.0618 -1.87445 0.0256 -1.87445 -0.0412 -1.87445 0.0316 -1.87445 -0.0358 -1.87445 0.0698 -1.87445 -0.0648 -1.87445 0.0367 -1.87445 -0.0808 
-1.79435 18.7365 -1.79435 -17.7787 -1.79435 0.1773 -1.79435 -0.2417 -1.79435 0.0359 -1.79435 -0.0534 -1.79435 0.0261 -1.79435 -0.0401 -1.79435 0.0311 -1.79435 -0.0323 -1.79435 0.0567 -1.79435 -0.0428 -1.79435 0.0275 -1.79435 -0.0731 
-1.71415 17.3829 -1.71415 -15.8787 -1.71415 0.1552 -1.71415 -0.2122 -1.71415 0.0297 -1.71415 -0.0472 -1.71415 0.0252 -1.71415 -0.0377 -1.71415 0.0302 -1.71415 -0.0299 -1.71415 0.0483 -1.71415 -0.0292 -1.71415 0.0218 -1.71415 -0.0682 
-1.63395 16.4306 -1.63395 -14.2381 -1.63395 0.1454 -1.63395 -0.1899 -1.63395 0.0277 -1.63395 -0.0426 -1.63395 0.0233 -1.63395 -0.0335 -1.63395 0.0286 -1.63395 -0.0274 -1.63395 0.0446 -1.63395 -0.0228 -1.63395 0.0212 -1.63395 -0.0636 
-1.55385 15.8739 -1.55385 -13.1649 -1.55385 0.147 -1.55385 -0.1726 -1.55385 0.0309 -1.55385 -0.0396 -1.55385 0.0214 -1.55385 -0.0286 -1.55385 0.0262 -1.55385 -0.0244 -1.55385 0.0435 -1.55385 -0.0227 -1.55385 0.025 -1.55385 -0.0573 
-1.47365 15.3187 -1.47365 -12.9271 -1.47365 0.1562 -1.47365 -0.1633 -1.47365 0.038 -1.47365 -0.0384 -1.47365 0.0206 -1.47365 -0.0256 -1.47365 0.0238 -1.47365 -0.0217 -1.47365 0.0426 -1.47365 -0.0273 -1.47365 0.0312 -1.47365 -0.0503 
-1.39355 14.6125 -1.39355 -13.3367 -1.39355 0.171 -1.39355 -0.1625 -1.39355 0.0466 -1.39355 -0.0381 -1.39355 0.0217 -1.39355 -0.0258 -1.39355 0.0225 -1.39355 -0.02 -1.39355 0.042 -1.39355 -0.0335 -1.39355 0.0382 -1.39355 -0.0451 
-1.31335 14.1211 -1.31335 -13.7245 -1.31335 0.1921 -1.31335 -0.163 -1.31335 0.0542 -1.31335 -0.0367 -1.31335 0.0253 -1.31335 -0.0281 -1.31335 0.0234 -1.31335 -0.0196 -1.31335 0.0439 -1.31335 -0.0369 -1.31335 0.0453 -1.31335 -0.0417 
-1.23315 14.1651 -1.23315 -13.508 -1.23315 0.2166 -1.23315 -0.1554 -1.23315 0.0588 -1.23315 -0.0331 -1.23315 0.0308 -1.23315 -0.0296 -1.23315 0.0261 -1.23315 -0.0197 -1.23315 0.0485 -1.23315 -0.0346 -1.23315 0.0524 -1.23315 -0.0384 
-1.15305 14.5508 -1.15305 -12.7013 -1.15305 0.2359 -1.15305 -0.1382 -1.15305 0.0599 -1.15305 -0.0284 -1.15305 0.0355 -1.15305 -0.0285 -1.15305 0.0285 -1.15305 -0.0193 -1.15305 0.053 -1.15305 -0.0285 -1.15305 0.059 -1.15305 -0.0335 
-1.07285 14.9255 -1.07285 -11.7493 -1.07285 0.2432 -1.07285 -0.1176 -1.07285 0.0591 -1.07285 -0.0241 -1.07285 0.0364 -1.07285 -0.0252 -1.07285 0.0288 -1.07285 -0.018 -1.07285 0.054 -1.07285 -0.0224 -1.07285 0.0649 -1.07285 -0.0279 
-0.992746 15.2618 -0.992746 -10.9316 -0.992746 0.2409 -0.992746 -0.0985 -0.992746 0.0586 -0.992746 -0.0205 -0.992746 0.0329 -0.992746 -0.0208 -0.992746 0.0268 -0.992746 -0.0157 -0.992746 0.0524 -0.992746 -0.0185 -0.992746 0.0702 -0.992746 -0.023 
-0.912546 15.6141 -0.912546 -10.0614 -0.912546 0.2353 -0.912546 -0.081 -0.912546 0.0577 -0.912546 -0.017 -0.912546 0.0275 -0.912546 -0.0164 -0.912546 0.0241 -0.912546 -0.0127 -0.912546 0.0522 -0.912546 -0.0158 -0.912546 0.0738 -0.912546 -0.0191 
-0.832346 15.6244 -0.832346 -8.8097 -0.832346 0.2248 -0.832346 -0.0627 -0.832346 0.0529 -0.832346 -0.0128 -0.832346 0.023 -0.832346 -0.012 -0.832346 0.0217 -0.832346 -0.0094 -0.832346 0.0552 -0.832346 -0.0134 -0.832346 0.072 -0.832346 -0.0151 
-0.752246 14.753 -0.752246 -7.2853 -0.752246 0.2032 -0.752246 -0.0447 -0.752246 0.043 -0.752246 -0.0083 -0.752246 0.0206 -0.752246 -0.0078 -0.752246 0.0199 -0.752246 -0.0061 -0.752246 0.0576 -0.752246 -0.012 -0.752246 0.0621 -0.752246 -0.0105 
-0.672046 13.0509 -0.672046 -6.1 -0.672046 0.1699 -0.672046 -0.031 -0.672046 0.0307 -0.672046 -0.0044 -0.672046 0.02 -0.672046 -0.0045 -0.672046 0.0184 -0.672046 -0.0037 -0.672046 0.0545 -0.672046 -0.0124 -0.672046 0.0463 -0.672046 -0.006 
-0.591946 11.328 -0.591946 -5.667 -0.591946 0.136 -0.591946 -0.0234 -0.591946 0.0202 -0.591946 -0.0019 -0.591946 0.0205 -0.591946 -0.0026 -0.591946 0.0179 -0.591946 -0.0023 -0.591946 0.0467 -0.591946 -0.0139 -0.591946 0.0307 -0.591946 -0.0027 
-0.511746 10.3529 -0.511746 -5.602 -0.511746 0.1132 -0.511746 -0.0194 -0.511746 0.0133 -0.511746 -0.0007 -0.511746 0.0218 -0.511746 -0.0019 -0.511746 0.0188 -0.511746 -0.0018 -0.511746 0.0396 -0.511746 -0.0139 -0.511746 0.0197 -0.511746 -0.0011 
-0.431546 10.0833 -0.431546 -5.106 -0.431546 0.1014 -0.431546 -0.015 -0.431546 0.0093 -0.431546 -0.0003 -0.431546 0.0234 -0.431546 -0.0016 -0.431546 0.0203 -0.431546 -0.0015 -0.431546 0.0351 -0.431546 -0.0111 -0.431546 0.0133 -0.431546 -0.0005 
-0.351446 9.8152 -0.351446 -3.8774 -0.351446 0.0909 -0.351446 -0.01 -0.351446 0.0066 -0.351446 -0.0002 -0.351446 0.0242 -0.351446 -0.0014 -0.351446 0.0208 -0.351446 -0.0012 -0.351446 0.03 -0.351446 -0.0069 -0.351446 0.0093 -0.351446 -0.0003 
-0.271246 8.9472 -0.271246 -2.3981 -0.271246 0.075 -0.271246 -0.0051 -0.271246 0.0045 -0.271246 -0.0001 -0.271246 0.0233 -0.271246 -0.0009 -0.271246 0.0191 -0.271246 -0.0007 -0.271246 0.0219 -0.271246 -0.0032 -0.271246 0.0062 -0.271246 -0.0002 
-0.191146 7.4737 -0.191146 -1.3681 -0.191146 0.0561 -0.191146 -0.0022 -0.191146 0.0029 -0.191146 -0.0001 -0.191146 0.0207 -0.191146 -0.0005 -0.191146 0.0159 -0.191146 -0.0004 -0.191146 0.0127 -0.191146 -0.0011 -0.191146 0.0039 -0.191146 -0.0001 
-0.110946 5.8099 -0.110946 -1.1182 -0.110946 0.0389 -0.110946 -0.0006 -0.110946 0.0017 -0.110946 -0 -0.110946 0.0169 -0.110946 -0.0002 -0.110946 0.0122 -0.110946 -0.0001 -0.110946 0.0057 -0.110946 -0.0003 -0.110946 0.0024 -0.110946 -0 
-0.0307457 4.3849 -0.0307457 -1.5415 -0.0307457 0.0259 -0.0307457 -0.0002 -0.0307457 0.0011 -0.0307457 -0 -0.0307457 0.0126 -0.0307457 -0.0001 -0.0307457 0.0087 -0.0307457 -0 -0.0307457 0.002 -0.0307457 -0.0001 -0.0307457 0.0015 -0.0307457 -0 
0.0493543 3.5675 0.0493543 -2.3096 0.0493543 0.016 0.0493543 -0 0.0493543 0.0006 0.0493543 -0 0.0493543 0.0084 0.0493543 -0 0.0493543 0.0055 0.0493543 -0 0.0493543 0.0006 0.0493543 -0 0.0493543 0.0009 0.0493543 -0 
0.129554 3.7565 0.129554 -3.0719 0.129554 0.0087 0.129554 -0 0.129554 0.0003 0.129554 -0 0.129554 0.0047 0.129554 -0 0.129554 0.003 0.129554 -0 0.129554 0.0002 0.129554 -0 0.129554 0.0005 0.129554 -0 
0.209654 5.1802 0.209654 -3.6092 0.209654 0.0039 0.209654 -0 0.209654 0.0002 0.209654 -0 0.209654 0.0022 0.209654 -0 0.209654 0.0013 0.209654 -0 0.209654 0 0.209654 -0 0.209654 0.0002 0.209654 -0 
0.289854 7.5973 0.289854 -3.9178 0.289854 0.0015 0.289854 -0 0.289854 0.0001 0.289854 -0 0.289854 0.0008 0.289854 -0 0.289854 0.0005 0.289854 -0 0.289854 0 0.289854 -0 0.289854 0.0001 0.289854 -0 
0.370054 10.3964 0.370054 -4.1518 0.370054 0.0005 0.370054 -0.0001 0.370054 0.0001 0.370054 -0 0.370054 0.0002 0.370054 -0 0.370054 0.0001 0.370054 -0 0.370054 0 0.370054 -0.0001 0.370054 0.0001 0.370054 -0 
0.450154 12.9751 0.450154 -4.5078 0.450154 0.0002 0.450154 -0.0001 0.450154 0.0001 0.450154 -0 0.450154 0.0001 0.450154 -0 0.450154 0 0.450154 -0 0.450154 0 0.450154 -0.0001 0.450154 0 0.450154 -0 
0.530354 14.9919 0.530354 -5.233 0.530354 0.0001 0.530354 -0.0001 0.530354 0.0001 0.530354 -0 0.530354 0 0.530354 -0 0.530354 0 0.530354 -0 0.530354 0 0.530354 -0.0001 0.530354 0 0.530354 -0 
0.610454 16.4359 0.610454 -6.6566 0.610454 0 0.610454 -0 0.610454 0 0.610454 -0 0.610454 0 0.610454 -0 0.610454 0 0.610454 -0 0.610454 0 0.610454 -0 0.610454 0 0.610454 -0 
0.690654 17.41 0.690654 -8.98 0.690654 0 0.690654 -0 0.690654 0 0.690654 -0 0.690654 0 0.690654 -0 0.690654 0 0.690654 -0 0.690654 0 0.690654 -0 0.690654 0 0.690654 -0 
0.770854 17.6713 0.770854 -11.9923 0.770854 0 0.770854 -0 0.770854 0 0.770854 -0 0.770854 0 0.770854 -0 0.770854 0 0.770854 -0 0.770854 0 0.770854 -0 0.770854 0 0.770854 -0 
0.850954 16.6825 0.850954 -15.1836 0.850954 0 0.850954 -0 0.850954 0 0.850954 -0 0.850954 0 0.850954 -0 0.850954 0 0.850954 -0 0.850954 0 0.850954 -0 0.850954 0 0.850954 -0 
0.931154 14.3032 0.931154 -18.1614 0.931154 0 0.931154 -0.0002 0.931154 0 0.931154 -0.0001 0.931154 0 0.931154 -0 0.931154 0 0.931154 -0 0.931154 0 0.931154 -0.0001 0.931154 0 0.931154 -0 
1.01125 11.026 1.01125 -20.7955 1.01125 0 1.01125 -0.0003 1.01125 0 1.01125 -0.0001 1.01125 0 1.01125 -0 1.01125 0 1.01125 -0 1.01125 0 1.01125 -0.0001 1.01125 0 1.01125 -0.0001 
1.09145 7.5302 1.09145 -23.0573 1.09145 0 1.09145 -0.0005 1.09145 0 1.09145 -0.0002 1.09145 0 1.09145 -0 1.09145 0 1.09145 -0 1.09145 0 1.09145 -0.0002 1.09145 0 1.09145 -0.0001 
1.17165 4.4519 1.17165 -24.9787 1.17165 0 1.17165 -0.0006 1.17165 0 1.17165 -0.0002 1.17165 0 1.17165 -0 1.17165 0 1.17165 -0 1.17165 0 1.17165 -0.0003 1.17165 0 1.17165 -0.0001 
1.25175 2.4126 1.25175 -26.6687 1.25175 0 1.25175 -0.0007 1.25175 0 1.25175 -0.0002 1.25175 0 1.25175 -0 1.25175 0 1.25175 -0 1.25175 0 1.25175 -0.0003 1.25175 0 1.25175 -0.0002 
1.33195 1.8871 1.33195 -28.1036 1.33195 0 1.33195 -0.0008 1.33195 0 1.33195 -0.0003 1.33195 0 1.33195 -0 1.33195 0 1.33195 -0 1.33195 0 1.33195 -0.0003 1.33195 0 1.33195 -0.0002 
1.41205 3.1172 1.41205 -29.0016 1.41205 0 1.41205 -0.0012 1.41205 0 1.41205 -0.0004 1.41205 0 1.41205 -0.0001 1.41205 0 1.41205 -0.0001 1.41205 0 1.41205 -0.0003 1.41205 0 1.41205 -0.0003 
1.49225 6.0356 1.49225 -29.1657 1.49225 0 1.49225 -0.0016 1.49225 0 1.49225 -0.0006 1.49225 0 1.49225 -0.0001 1.49225 0 1.49225 -0.0001 1.49225 0 1.49225 -0.0004 1.49225 0 1.49225 -0.0004 
1.57245 9.8877 1.57245 -28.8784 1.57245 0.0001 1.57245 -0.0022 1.57245 0 1.57245 -0.0009 1.57245 0 1.57245 -0.0001 1.57245 0 1.57245 -0.0001 1.57245 0.0001 1.57245 -0.0005 1.57245 0 1.57245 -0.0006 
1.65255 13.1176 1.65255 -28.729 1.65255 0.0001 1.65255 -0.0027 1.65255 0 1.65255 -0.0011 1.65255 0 1.65255 -0.0001 1.65255 0 1.65255 -0.0001 1.65255 0.0001 1.65255 -0.0007 1.65255 0 1.65255 -0.0007 
1.73275 14.3086 1.73275 -29.0856 1.73275 0.0001 1.73275 -0.0033 1.73275 0 1.73275 -0.0012 1.73275 0 1.73275 -0.0002 1.73275 0 1.73275 -0.0001 1.73275 0.0001 1.73275 -0.001 1.73275 0 1.73275 -0.0008 
1.81285 13.3942 1.81285 -29.9078 1.81285 0.0001 1.81285 -0.0035 1.81285 0 1.81285 -0.0011 1.81285 0 1.81285 -0.0002 1.81285 0 1.81285 -0.0002 1.81285 0.0001 1.81285 -0.0011 1.81285 0 1.81285 -0.0009 
1.89305 11.6087 1.89305 -31.0522 1.89305 0.0002 1.89305 -0.0038 1.89305 0.0001 1.89305 -0.0011 1.89305 0 1.89305 -0.0003 1.89305 0 1.89305 -0.0003 1.89305 0.0001 1.89305 -0.0012 1.89305 0 1.89305 -0.0009 
1.97325 10.4047 1.97325 -32.5478 1.97325 0.0008 1.97325 -0.0043 1.97325 0.0002 1.97325 -0.0011 1.97325 0.0001 1.97325 -0.0004 1.97325 0.0001 1.97325 -0.0005 1.97325 0.0003 1.97325 -0.0013 1.97325 0.0001 1.97325 -0.001 
2.05335 10.6558 2.05335 -34.3045 2.05335 0.0015 2.05335 -0.0052 2.05335 0.0004 2.05335 -0.0013 2.05335 0.0001 2.05335 -0.0006 2.05335 0.0002 2.05335 -0.0008 2.05335 0.0006 2.05335 -0.0013 2.05335 0.0002 2.05335 -0.0012 
2.13355 12.3927 2.13355 -35.5817 2.13355 0.0027 2.13355 -0.0066 2.13355 0.0007 2.13355 -0.0016 2.13355 0.0002 2.13355 -0.0008 2.13355 0.0003 2.13355 -0.0011 2.13355 0.001 2.13355 -0.0015 2.13355 0.0005 2.13355 -0.0016 
2.21365 14.8833 2.21365 -35.2969 2.21365 0.0041 2.21365 -0.0084 2.21365 0.001 2.21365 -0.002 2.21365 0.0004 2.21365 -0.001 2.21365 0.0005 2.21365 -0.0015 2.21365 0.0014 2.21365 -0.0017 2.21365 0.0008 2.21365 -0.0022 
2.29385 17.106 2.29385 -33.1462 2.29385 0.0054 2.29385 -0.0101 2.29385 0.0013 2.29385 -0.0024 2.29385 0.0007 2.29385 -0.0013 2.29385 0.0006 2.29385 -0.0017 2.29385 0.0015 2.29385 -0.0018 2.29385 0.0013 2.29385 -0.0029 
2.37405 18.2199 2.37405 -29.9353 2.37405 0.0063 2.37405 -0.0119 2.37405 0.0015 2.37405 -0.0031 2.37405 0.0009 2.37405 -0.0015 2.37405 0.0007 2.37405 -0.0018 2.37405 0.0015 2.37405 -0.002 2.37405 0.0017 2.37405 -0.0035 
2.45415 17.8331 2.45415 -26.6713 2.45415 0.0062 2.45415 -0.0138 2.45415 0.0015 2.45415 -0.004 2.45415 0.001 2.45415 -0.0017 2.45415 0.0006 2.45415 -0.0019 2.45415 0.0012 2.45415 -0.0022 2.45415 0.0019 2.45415 -0.004 
2.53435 16.2903 2.53435 -23.9378 2.53435 0.0054 2.53435 -0.0161 2.53435 0.0013 2.53435 -0.0049 2.53435 0.0009 2.53435 -0.0019 2.53435 0.0005 2.53435 -0.0019 2.53435 0.0009 2.53435 -0.003 2.53435 0.0018 2.53435 -0.0044 
2.61445 14.5883 2.61445 -22.289 2.61445 0.0038 2.61445 -0.018 2.61445 0.0009 2.61445 -0.0053 2.61445 0.0007 2.61445 -0.002 2.61445 0.0004 2.61445 -0.0019 2.61445 0.0005 2.61445 -0.0043 2.61445 0.0013 2.61445 -0.0045 
2.69465 13.604 2.69465 -22.4975 2.69465 0.002 2.69465 -0.0192 2.69465 0.0005 2.69465 -0.0051 2.69465 0.0004 2.69465 -0.002 2.69465 0.0002 2.69465 -0.0019 2.69465 0.0002 2.69465 -0.0057 2.69465 0.0007 2.69465 -0.0045 
2.77485 13.3633 2.77485 -24.7619 2.77485 0.0009 2.77485 -0.0206 2.77485 0.0002 2.77485 -0.0048 2.77485 0.0002 2.77485 -0.0022 2.77485 0.0001 2.77485 -0.0022 2.77485 0.0001 2.77485 -0.0065 2.77485 0.0003 2.77485 -0.0049 
2.85495 13.2005 2.85495 -27.8954 2.85495 0.0004 2.85495 -0.0214 2.85495 0.0001 2.85495 -0.0048 2.85495 0.0001 2.85495 -0.0023 2.85495 0.0001 2.85495 -0.0025 2.85495 0 2.85495 -0.0062 2.85495 0.0001 2.85495 -0.0056 
2.93515 12.6629 2.93515 -29.9831 2.93515 0 2.93515 -0.0219 2.93515 0 2.93515 -0.0051 2.93515 0 2.93515 -0.0024 2.93515 0 2.93515 -0.0028 2.93515 0 2.93515 -0.0052 2.93515 0 2.93515 -0.0064 
3.01535 11.973 3.01535 -30.0855 3.01535 0 3.01535 -0.0216 3.01535 0 3.01535 -0.0054 3.01535 0 3.01535 -0.0024 3.01535 0 3.01535 -0.0031 3.01535 0 3.01535 -0.004 3.01535 0 3.01535 -0.0067 
3.09545 11.3727 3.09545 -28.9891 3.09545 0 3.09545 -0.0207 3.09545 0 3.09545 -0.0056 3.09545 0 3.09545 -0.0024 3.09545 0 3.09545 -0.0033 3.09545 0 3.09545 -0.0031 3.09545 0 3.09545 -0.0063 
3.17565 10.6001 3.17565 -27.9846 3.17565 0 3.17565 -0.0193 3.17565 0 3.17565 -0.0056 3.17565 0 3.17565 -0.0023 3.17565 0 3.17565 -0.0032 3.17565 0 3.17565 -0.0025 3.17565 0 3.17565 -0.0057 
3.25575 9.5134 3.25575 -27.1227 3.25575 0 3.25575 -0.0178 3.25575 0 3.25575 -0.0054 3.25575 0 3.25575 -0.0022 3.25575 0 3.25575 -0.0029 3.25575 0 3.25575 -0.0023 3.25575 0 3.25575 -0.005 
3.33595 8.6523 3.33595 -25.2594 3.33595 0 3.33595 -0.0159 3.33595 0 3.33595 -0.0049 3.33595 0 3.33595 -0.0019 3.33595 0 3.33595 -0.0025 3.33595 0 3.33595 -0.0023 3.33595 0 3.33595 -0.0043 
3.41615 8.6796 3.41615 -21.9052 3.41615 0 3.41615 -0.0137 3.41615 0 3.41615 -0.0039 3.41615 0 3.41615 -0.0017 3.41615 0 3.41615 -0.002 3.41615 0 3.41615 -0.0027 3.41615 0 3.41615 -0.0034 
3.49625 9.5567 3.49625 -18.2717 3.49625 0.0002 3.49625 -0.0122 3.49625 0 3.49625 -0.0026 3.49625 0 3.49625 -0.0017 3.49625 0.0001 3.49625 -0.002 3.49625 0.0001 3.49625 -0.0036 3.49625 0 3.49625 -0.0023 
3.57645 10.5382 3.57645 -15.9976 3.57645 0.0003 3.57645 -0.0123 3.57645 0 3.57645 -0.0015 3.57645 0.0001 3.57645 -0.002 3.57645 0.0001 3.57645 -0.0023 3.57645 0.0001 3.57645 -0.0051 3.57645 0 3.57645 -0.0014 
3.65655 10.8638 3.65655 -15.4356 3.65655 0.0004 3.65655 -0.0141 3.65655 0 3.65655 -0.0009 3.65655 0.0001 3.65655 -0.0027 3.65655 0.0001 3.65655 -0.003 3.65655 0.0002 3.65655 -0.0067 3.65655 0 3.65655 -0.0008 
3.73675 10.267 3.73675 -15.6012 3.73675 0.0005 3.73675 -0.0161 3.73675 0 3.73675 -0.0006 3.73675 0.0001 3.73675 -0.0037 3.73675 0.0001 3.73675 -0.0036 3.73675 0.0003 3.73675 -0.0076 3.73675 0 3.73675 -0.0006 
3.81695 8.9676 3.81695 -15.2346 3.81695 0.0004 3.81695 -0.017 3.81695 0 3.81695 -0.0005 3.81695 0 3.81695 -0.0047 3.81695 0.0001 3.81695 -0.0041 3.81695 0.0003 3.81695 -0.0071 3.81695 0 3.81695 -0.0006 
3.89705 7.5158 3.89705 -13.6758 3.89705 0.0005 3.89705 -0.0161 3.89705 0 3.89705 -0.0004 3.89705 0.0001 3.89705 -0.0054 3.89705 0.0001 3.89705 -0.0043 3.89705 0.0003 3.89705 -0.0055 3.89705 0 3.89705 -0.0005 
3.97725 6.5242 3.97725 -11.1551 3.97725 0.0004 3.97725 -0.0139 3.97725 0 3.97725 -0.0002 3.97725 0.0001 3.97725 -0.0057 3.97725 0.0001 3.97725 -0.0042 3.97725 0.0002 3.97725 -0.0034 3.97725 0 3.97725 -0.0004 
4.05735 6.2023 4.05735 -8.4464 4.05735 0.0003 4.05735 -0.011 4.05735 0 4.05735 -0.0002 4.05735 0.0001 4.05735 -0.0052 4.05735 0.0001 4.05735 -0.0035 4.05735 0.0001 4.05735 -0.0018 4.05735 0 4.05735 -0.0003 
4.13755 6.1925 4.13755 -6.2491 4.13755 0.0003 4.13755 -0.0076 4.13755 0 4.13755 -0.0001 4.13755 0.0001 4.13755 -0.004 4.13755 0.0001 4.13755 -0.0025 4.13755 0.0001 4.13755 -0.0008 4.13755 0 4.13755 -0.0002 
4.21775 5.9958 4.21775 -4.8786 4.21775 0.0002 4.21775 -0.0043 4.21775 0 4.21775 -0 4.21775 0.0001 4.21775 -0.0024 4.21775 0 4.21775 -0.0014 4.21775 0.0001 4.21775 -0.0004 4.21775 0 4.21775 -0.0001 
4.29785 5.4985 4.29785 -4.2823 4.29785 0.0001 4.29785 -0.0021 4.29785 0 4.29785 -0 4.29785 0 4.29785 -0.0012 4.29785 0 4.29785 -0.0007 4.29785 0.0001 4.29785 -0.0002 4.29785 0 4.29785 -0 
4.37805 5.0404 4.37805 -4.1915 4.37805 0.0001 4.37805 -0.0009 4.37805 0 4.37805 -0 4.37805 0 4.37805 -0.0005 4.37805 0 4.37805 -0.0003 4.37805 0.0001 4.37805 -0.0001 4.37805 0 4.37805 -0 
4.45815 5.0085 4.45815 -4.3685 4.45815 0.0001 4.45815 -0.0004 4.45815 0 4.45815 -0 4.45815 0 4.45815 -0.0002 4.45815 0 4.45815 -0.0001 4.45815 0.0001 4.45815 -0.0001 4.45815 0 4.45815 -0 
4.53835 5.4291 4.53835 -4.7276 4.53835 0.0001 4.53835 -0.0003 4.53835 0 4.53835 -0 4.53835 0 4.53835 -0.0001 4.53835 0 4.53835 -0.0001 4.53835 0.0001 4.53835 -0.0001 4.53835 0 4.53835 -0 
4.61855 5.9787 4.61855 -5.1973 4.61855 0.0002 4.61855 -0.0003 4.61855 0 4.61855 -0 4.61855 0 4.61855 -0.0001 4.61855 0 4.61855 -0.0001 4.61855 0.0002 4.61855 -0.0001 4.61855 0 4.61855 -0 
4.69865 6.2614 4.69865 -5.586 4.69865 0.0002 4.69865 -0.0003 4.69865 0 4.69865 -0 4.69865 0 4.69865 -0.0001 4.69865 0 4.69865 -0.0001 4.69865 0.0002 4.69865 -0.0001 4.69865 0 4.69865 -0 
4.77885 5.9789 4.77885 -5.6446 4.77885 0.0002 4.77885 -0.0003 4.77885 0 4.77885 -0 4.77885 0 4.77885 -0.0001 4.77885 0 4.77885 -0.0001 4.77885 0.0002 4.77885 -0.0001 4.77885 0 4.77885 -0 
4.85895 5.0373 4.85895 -5.2598 4.85895 0.0002 4.85895 -0.0001 4.85895 0 4.85895 -0 4.85895 0 4.85895 -0 4.85895 0 4.85895 -0 4.85895 0.0002 4.85895 -0.0001 4.85895 0 4.85895 -0 
4.93915 3.6851 4.93915 -4.5784 4.93915 0.0001 4.93915 -0.0001 4.93915 0 4.93915 -0 4.93915 0 4.93915 -0 4.93915 0 4.93915 -0 4.93915 0.0001 4.93915 -0.0001 4.93915 0 4.93915 -0 
5.01935 2.4508 5.01935 -3.8681 5.01935 0.0001 5.01935 -0.0001 5.01935 0 5.01935 -0 5.01935 0 5.01935 -0 5.01935 0 5.01935 -0 5.01935 0.0001 5.01935 -0.0001 5.01935 0 5.01935 -0 
5.09945 1.7887 5.09945 -3.2458 5.09945 0.0001 5.09945 -0.0001 5.09945 0 5.09945 -0 5.09945 0 5.09945 -0 5.09945 0 5.09945 -0 5.09945 0.0001 5.09945 -0.0001 5.09945 0 5.09945 -0 
5.17965 1.7554 5.17965 -2.6625 5.17965 0.0001 5.17965 -0.0001 5.17965 0 5.17965 -0 5.17965 0 5.17965 -0 5.17965 0 5.17965 -0 5.17965 0.0001 5.17965 -0.0001 5.17965 0 5.17965 -0 
5.25975 2.0389 5.25975 -2.1264 5.25975 0.0001 5.25975 -0.0001 5.25975 0 5.25975 -0 5.25975 0 5.25975 -0 5.25975 0 5.25975 -0 5.25975 0.0001 5.25975 -0.0001 5.25975 0 5.25975 -0 
5.33995 2.2582 5.33995 -1.7692 5.33995 0.0001 5.33995 -0.0001 5.33995 0 5.33995 -0 5.33995 0 5.33995 -0 5.33995 0 5.33995 -0 5.33995 0.0001 5.33995 -0.0001 5.33995 0 5.33995 -0 
5.42015 2.2272 5.42015 -1.6833 5.42015 0.0001 5.42015 -0.0001 5.42015 0 5.42015 -0 5.42015 0 5.42015 -0 5.42015 0 5.42015 -0 5.42015 0.0001 5.42015 -0.0001 5.42015 0 5.42015 -0 
5.50025 2.0133 5.50025 -1.8204 5.50025 0.0001 5.50025 -0.0001 5.50025 0 5.50025 -0 5.50025 0 5.50025 -0 5.50025 0 5.50025 -0 5.50025 0.0001 5.50025 -0.0001 5.50025 0 5.50025 -0 
5.58045 1.8179 5.58045 -2.0563 5.58045 0.0001 5.58045 -0.0001 5.58045 0 5.58045 -0 5.58045 0 5.58045 -0 5.58045 0 5.58045 -0 5.58045 0.0001 5.58045 -0.0001 5.58045 0 5.58045 -0 
5.66055 1.8112 5.66055 -2.2608 5.66055 0.0001 5.66055 -0.0001 5.66055 0 5.66055 -0 5.66055 0 5.66055 -0 5.66055 0 5.66055 -0 5.66055 0.0001 5.66055 -0.0001 5.66055 0 5.66055 -0 
5.74075 2.0396 5.74075 -2.3272 5.74075 0.0001 5.74075 -0.0001 5.74075 0 5.74075 -0 5.74075 0 5.74075 -0 5.74075 0 5.74075 -0 5.74075 0.0001 5.74075 -0.0001 5.74075 0 5.74075 -0 
5.82095 2.4115 5.82095 -2.2443 5.82095 0.0002 5.82095 -0.0002 5.82095 0 5.82095 -0 5.82095 0 5.82095 -0 5.82095 0 5.82095 -0 5.82095 0.0002 5.82095 -0.0002 5.82095 0 5.82095 -0 
5.90105 2.7687 5.90105 -2.1406 5.90105 0.0002 5.90105 -0.0002 5.90105 0 5.90105 -0 5.90105 0 5.90105 -0 5.90105 0 5.90105 -0 5.90105 0.0002 5.90105 -0.0002 5.90105 0 5.90105 -0 
5.98125 2.992 5.98125 -2.2114 5.98125 0.0003 5.98125 -0.0002 5.98125 0 5.98125 -0 5.98125 0 5.98125 -0 5.98125 0 5.98125 -0 5.98125 0.0003 5.98125 -0.0002 5.98125 0 5.98125 -0 
6.06135 3.0104 6.06135 -2.5714 6.06135 0.0003 6.06135 -0.0003 6.06135 0 6.06135 -0 6.06135 0 6.06135 -0 6.06135 0 6.06135 -0 6.06135 0.0003 6.06135 -0.0003 6.06135 0 6.06135 -0 
6.14155 2.8156 6.14155 -3.1293 6.14155 0.0003 6.14155 -0.0004 6.14155 0 6.14155 -0 6.14155 0 6.14155 -0 6.14155 0 6.14155 -0 6.14155 0.0003 6.14155 -0.0004 6.14155 0 6.14155 -0 
6.22175 2.5866 6.22175 -3.6105 6.22175 0.0004 6.22175 -0.0004 6.22175 0 6.22175 -0 6.22175 0 6.22175 -0 6.22175 0 6.22175 -0 6.22175 0.0004 6.22175 -0.0004 6.22175 0 6.22175 -0 
6.30185 2.6474 6.30185 -3.7879 6.30185 0.0005 6.30185 -0.0005 6.30185 0.0001 6.30185 -0 6.30185 0 6.30185 -0 6.30185 0 6.30185 -0 6.30185 0.0004 6.30185 -0.0005 6.30185 0 6.30185 -0 
6.38205 3.1416 6.38205 -3.7526 6.38205 0.0008 6.38205 -0.0005 6.38205 0.0001 6.38205 -0 6.38205 0 6.38205 -0 6.38205 0.0001 6.38205 -0 6.38205 0.0005 6.38205 -0.0005 6.38205 0.0001 6.38205 -0 
6.46215 3.8734 6.46215 -3.9028 6.46215 0.0015 6.46215 -0.0006 6.46215 0.0004 6.46215 -0 6.46215 0.0001 6.46215 -0 6.46215 0.0002 6.46215 -0 6.46215 0.0007 6.46215 -0.0006 6.46215 0.0001 6.46215 -0 
6.54235 4.5871 6.54235 -4.526 6.54235 0.0024 6.54235 -0.001 6.54235 0.0008 6.54235 -0.0001 6.54235 0.0001 6.54235 -0 6.54235 0.0004 6.54235 -0.0001 6.54235 0.0008 6.54235 -0.0008 6.54235 0.0003 6.54235 -0 
6.62255 5.2695 6.62255 -5.4102 6.62255 0.0038 6.62255 -0.0015 6.62255 0.0014 6.62255 -0.0002 6.62255 0.0003 6.62255 -0.0001 6.62255 0.0007 6.62255 -0.0001 6.62255 0.0008 6.62255 -0.001 6.62255 0.0006 6.62255 -0.0001 
6.70265 6.03 6.70265 -6.0667 6.70265 0.0052 6.70265 -0.0019 6.70265 0.0021 6.70265 -0.0004 6.70265 0.0004 6.70265 -0.0001 6.70265 0.001 6.70265 -0.0002 6.70265 0.0008 6.70265 -0.001 6.70265 0.0009 6.70265 -0.0002 
6.78285 6.7997 6.78285 -6.3077 6.78285 0.0065 6.78285 -0.0028 6.78285 0.0026 6.78285 -0.0008 6.78285 0.0006 6.78285 -0.0002 6.78285 0.0012 6.78285 -0.0004 6.78285 0.0008 6.78285 -0.001 6.78285 0.0013 6.78285 -0.0004 
6.86295 7.3342 6.86295 -6.3421 6.86295 0.0076 6.86295 -0.0041 6.86295 0.0029 6.86295 -0.0015 6.86295 0.0007 6.86295 -0.0003 6.86295 0.0013 6.86295 -0.0006 6.86295 0.001 6.86295 -0.001 6.86295 0.0017 6.86295 -0.0007 
6.94315 7.4724 6.94315 -6.3645 6.94315 0.0084 6.94315 -0.0057 6.94315 0.0031 6.94315 -0.0022 6.94315 0.0009 6.94315 -0.0004 6.94315 0.0013 6.94315 -0.0009 6.94315 0.0011 6.94315 -0.0011 6.94315 0.002 6.94315 -0.0011 
7.02335 7.2513 7.02335 -6.3882 7.02335 0.0086 7.02335 -0.0078 7.02335 0.003 7.02335 -0.003 7.02335 0.0009 7.02335 -0.0007 7.02335 0.0012 7.02335 -0.0011 7.02335 0.0013 7.02335 -0.0013 7.02335 0.0022 7.02335 -0.0017 
7.10345 6.7883 7.10345 -6.411 7.10345 0.0082 7.10345 -0.0097 7.10345 0.0028 7.10345 -0.0036 7.10345 0.0008 7.10345 -0.0009 7.10345 0.0011 7.10345 -0.0013 7.10345 0.0015 7.10345 -0.0016 7.10345 0.002 7.10345 -0.0023 
7.18365 6.1672 7.18365 -6.4259 7.18365 0.0074 7.18365 -0.0106 7.18365 0.0024 7.18365 -0.0038 7.18365 0.0007 7.18365 -0.001 7.18365 0.001 7.18365 -0.0014 7.18365 0.0017 7.18365 -0.0018 7.18365 0.0016 7.18365 -0.0026 
7.26375 5.4722 7.26375 -6.3274 7.26375 0.0063 7.26375 -0.0104 7.26375 0.002 7.26375 -0.0037 7.26375 0.0005 7.26375 -0.001 7.26375 0.0009 7.26375 -0.0014 7.26375 0.0017 7.26375 -0.0018 7.26375 0.0012 7.26375 -0.0025 
7.34395 4.8398 7.34395 -5.9968 7.34395 0.0056 7.34395 -0.0097 7.34395 0.0017 7.34395 -0.0034 7.34395 0.0004 7.34395 -0.001 7.34395 0.0008 7.34395 -0.0014 7.34395 0.0017 7.34395 -0.0016 7.34395 0.001 7.34395 -0.0023 
7.42415 4.3744 7.42415 -5.4242 7.42415 0.0053 7.42415 -0.0088 7.42415 0.0016 7.42415 -0.003 7.42415 0.0004 7.42415 -0.0009 7.42415 0.0007 7.42415 -0.0013 7.42415 0.0018 7.42415 -0.0016 7.42415 0.0008 7.42415 -0.002 
7.50425 4.0446 7.50425 -4.6905 7.50425 0.0054 7.50425 -0.0079 7.50425 0.0015 7.50425 -0.0027 7.50425 0.0004 7.50425 -0.0007 7.50425 0.0007 7.50425 -0.0012 7.50425 0.002 7.50425 -0.0017 7.50425 0.0008 7.50425 -0.0016 
7.58445 3.7211 7.58445 -3.8953 7.58445 0.0056 7.58445 -0.007 7.58445 0.0015 7.58445 -0.0022 7.58445 0.0004 7.58445 -0.0006 7.58445 0.0007 7.58445 -0.001 7.58445 0.0022 7.58445 -0.0019 7.58445 0.0008 7.58445 -0.0013 
7.66455 3.2856 7.66455 -3.1263 7.66455 0.0053 7.66455 -0.0059 7.66455 0.0013 7.66455 -0.0017 7.66455 0.0004 7.66455 -0.0004 7.66455 0.0007 7.66455 -0.0008 7.66455 0.0022 7.66455 -0.0021 7.66455 0.0007 7.66455 -0.0009 
7.74475 2.6962 7.74475 -2.468 7.74475 0.0049 7.74475 -0.0051 7.74475 0.0011 7.74475 -0.0014 7.74475 0.0004 7.74475 -0.0003 7.74475 0.0006 7.74475 -0.0007 7.74475 0.0021 7.74475 -0.0021 7.74475 0.0007 7.74475 -0.0006 
7.82495 1.9964 7.82495 -1.9835 7.82495 0.004 7.82495 -0.005 7.82495 0.0009 7.82495 -0.0014 7.82495 0.0003 7.82495 -0.0003 7.82495 0.0005 7.82495 -0.0008 7.82495 0.0017 7.82495 -0.002 7.82495 0.0006 7.82495 -0.0005 
7.90505 1.2908 7.90505 -1.6272 7.90505 0.0028 7.90505 -0.0047 7.90505 0.0006 7.90505 -0.0014 7.90505 0.0002 7.90505 -0.0003 7.90505 0.0004 7.90505 -0.0008 7.90505 0.0012 7.90505 -0.0017 7.90505 0.0004 7.90505 -0.0005 
7.98525 0.7019 7.98525 -1.2585 7.98525 0.0016 7.98525 -0.004 7.98525 0.0004 7.98525 -0.0013 7.98525 0.0001 7.98525 -0.0003 7.98525 0.0002 7.98525 -0.0008 7.98525 0.0007 7.98525 -0.0012 7.98525 0.0002 7.98525 -0.0004 
8.06545 0.3091 8.06545 -0.8229 8.06545 0.0008 8.06545 -0.0029 8.06545 0.0002 8.06545 -0.001 8.06545 0.0001 8.06545 -0.0002 8.06545 0.0001 8.06545 -0.0006 8.06545 0.0003 8.06545 -0.0008 8.06545 0.0001 8.06545 -0.0003 
8.14555 0.1069 8.14555 -0.4222 8.14555 0.0002 8.14555 -0.0014 8.14555 0.0001 8.14555 -0.0005 8.14555 0 8.14555 -0.0001 8.14555 0 8.14555 -0.0003 8.14555 0.0001 8.14555 -0.0004 8.14555 0 8.14555 -0.0001 
8.22575 0.0283 8.22575 -0.1638 8.22575 0 8.22575 -0.0005 8.22575 0 8.22575 -0.0002 8.22575 0 8.22575 -0 8.22575 0 8.22575 -0.0001 8.22575 0 8.22575 -0.0001 8.22575 0 8.22575 -0.0001 
8.30585 0.0057 8.30585 -0.0473 8.30585 0 8.30585 -0.0001 8.30585 0 8.30585 -0.0001 8.30585 0 8.30585 -0 8.30585 0 8.30585 -0 8.30585 0 8.30585 -0 8.30585 0 8.30585 -0 
8.38605 0.0008 8.38605 -0.0101 8.38605 0 8.38605 -0 8.38605 0 8.38605 -0 8.38605 0 8.38605 -0 8.38605 0 8.38605 -0 8.38605 0 8.38605 -0 8.38605 0 8.38605 -0 
8.46625 0.0001 8.46625 -0.0016 8.46625 0 8.46625 -0 8.46625 0 8.46625 -0 8.46625 0 8.46625 -0 8.46625 0 8.46625 -0 8.46625 0 8.46625 -0 8.46625 0 8.46625 -0 
8.54635 0.0 8.54635 -0.0002 8.54635 0 8.54635 -0 8.54635 0 8.54635 -0 8.54635 0 8.54635 -0 8.54635 0 8.54635 -0 8.54635 0 8.54635 -0 8.54635 0 8.54635 -0 
8.62655 0.0 8.62655 -0 8.62655 0 8.62655 -0 8.62655 0 8.62655 -0 8.62655 0 8.62655 -0 8.62655 0 8.62655 -0 8.62655 0 8.62655 -0 8.62655 0 8.62655 -0 
8.70665 0.0 8.70665 -0 8.70665 0 8.70665 -0 8.70665 0 8.70665 -0 8.70665 0 8.70665 -0 8.70665 0 8.70665 -0 8.70665 0 8.70665 -0 8.70665 0 8.70665 -0 
8.78685 0.0 8.78685 -0 8.78685 0 8.78685 -0 8.78685 0 8.78685 -0 8.78685 0 8.78685 -0 8.78685 0 8.78685 -0 8.78685 0 8.78685 -0 8.78685 0 8.78685 -0 
8.86705 0.0 8.86705 -0 8.86705 0 8.86705 -0 8.86705 0 8.86705 -0 8.86705 0 8.86705 -0 8.86705 0 8.86705 -0 8.86705 0 8.86705 -0 8.86705 0 8.86705 -0 
8.94715 0.0 8.94715 -0 8.94715 0 8.94715 -0 8.94715 0 8.94715 -0 8.94715 0 8.94715 -0 8.94715 0 8.94715 -0 8.94715 0 8.94715 -0 8.94715 0 8.94715 -0 
9.02735 0.0 9.02735 -0 9.02735 0 9.02735 -0 9.02735 0 9.02735 -0 9.02735 0 9.02735 -0 9.02735 0 9.02735 -0 9.02735 0 9.02735 -0 9.02735 0 9.02735 -0 
9.10745 0.0 9.10745 -0 9.10745 0 9.10745 -0 9.10745 0 9.10745 -0 9.10745 0 9.10745 -0 9.10745 0 9.10745 -0 9.10745 0 9.10745 -0 9.10745 0 9.10745 -0 
9.18765 0.0 9.18765 -0 9.18765 0 9.18765 -0 9.18765 0 9.18765 -0 9.18765 0 9.18765 -0 9.18765 0 9.18765 -0 9.18765 0 9.18765 -0 9.18765 0 9.18765 -0 
9.26785 0.0 9.26785 -0 9.26785 0 9.26785 -0 9.26785 0 9.26785 -0 9.26785 0 9.26785 -0 9.26785 0 9.26785 -0 9.26785 0 9.26785 -0 9.26785 0 9.26785 -0 
9.34795 0.0 9.34795 -0 9.34795 0 9.34795 -0 9.34795 0 9.34795 -0 9.34795 0 9.34795 -0 9.34795 0 9.34795 -0 9.34795 0 9.34795 -0 9.34795 0 9.34795 -0 
9.42815 0.0 9.42815 -0 9.42815 0 9.42815 -0 9.42815 0 9.42815 -0 9.42815 0 9.42815 -0 9.42815 0 9.42815 -0 9.42815 0 9.42815 -0 9.42815 0 9.42815 -0 
9.50825 0.0 9.50825 -0 9.50825 0 9.50825 -0 9.50825 0 9.50825 -0 9.50825 0 9.50825 -0 9.50825 0 9.50825 -0 9.50825 0 9.50825 -0 9.50825 0 9.50825 -0 
9.58845 0.0 9.58845 -0 9.58845 0 9.58845 -0 9.58845 0 9.58845 -0 9.58845 0 9.58845 -0 9.58845 0 9.58845 -0 9.58845 0 9.58845 -0 9.58845 0 9.58845 -0 
9.66865 0.0 9.66865 -0 9.66865 0 9.66865 -0 9.66865 0 9.66865 -0 9.66865 0 9.66865 -0 9.66865 0 9.66865 -0 9.66865 0 9.66865 -0 9.66865 0 9.66865 -0 
9.74875 0.0 9.74875 -0 9.74875 0 9.74875 -0 9.74875 0 9.74875 -0 9.74875 0 9.74875 -0 9.74875 0 9.74875 -0 9.74875 0 9.74875 -0 9.74875 0 9.74875 -0 
9.82895 0.0 9.82895 -0 9.82895 0 9.82895 -0 9.82895 0 9.82895 -0 9.82895 0 9.82895 -0 9.82895 0 9.82895 -0 9.82895 0 9.82895 -0 9.82895 0 9.82895 -0 
9.90905 0.0 9.90905 -0 9.90905 0 9.90905 -0 9.90905 0 9.90905 -0 9.90905 0 9.90905 -0 9.90905 0 9.90905 -0 9.90905 0 9.90905 -0 9.90905 0 9.90905 -0 
9.98925 0.0 9.98925 -0 9.98925 0 9.98925 -0 9.98925 0 9.98925 -0 9.98925 0 9.98925 -0 9.98925 0 9.98925 -0 9.98925 0 9.98925 -0 9.98925 0 9.98925 -0 
10.0695 0.0 10.0695 -0 10.0695 0 10.0695 -0 10.0695 0 10.0695 -0 10.0695 0 10.0695 -0 10.0695 0 10.0695 -0 10.0695 0 10.0695 -0 10.0695 0 10.0695 -0 
10.1496 0.0 10.1496 -0 10.1496 0 10.1496 -0 10.1496 0 10.1496 -0 10.1496 0 10.1496 -0 10.1496 0 10.1496 -0 10.1496 0 10.1496 -0 10.1496 0 10.1496 -0 
10.2298 0.0 10.2298 -0 10.2298 0 10.2298 -0 10.2298 0 10.2298 -0 10.2298 0 10.2298 -0 10.2298 0 10.2298 -0 10.2298 0 10.2298 -0 10.2298 0 10.2298 -0 
10.3099 0.0 10.3099 -0 10.3099 0 10.3099 -0 10.3099 0 10.3099 -0 10.3099 0 10.3099 -0 10.3099 0 10.3099 -0 10.3099 0 10.3099 -0 10.3099 0 10.3099 -0 
10.3901 0.0 10.3901 -0 10.3901 0 10.3901 -0 10.3901 0 10.3901 -0 10.3901 0 10.3901 -0 10.3901 0 10.3901 -0 10.3901 0 10.3901 -0 10.3901 0 10.3901 -0 
10.4703 0.0 10.4703 -0 10.4703 0 10.4703 -0 10.4703 0 10.4703 -0 10.4703 0 10.4703 -0 10.4703 0 10.4703 -0 10.4703 0 10.4703 -0 10.4703 0 10.4703 -0 
10.5504 0.0 10.5504 -0 10.5504 0 10.5504 -0 10.5504 0 10.5504 -0 10.5504 0 10.5504 -0 10.5504 0 10.5504 -0 10.5504 0 10.5504 -0 10.5504 0 10.5504 -0 
10.6306 0.0 10.6306 -0 10.6306 0 10.6306 -0 10.6306 0 10.6306 -0 10.6306 0 10.6306 -0 10.6306 0 10.6306 -0 10.6306 0 10.6306 -0 10.6306 0 10.6306 -0 
10.7107 0.0 10.7107 -0 10.7107 0 10.7107 -0 10.7107 0 10.7107 -0 10.7107 0 10.7107 -0 10.7107 0 10.7107 -0 10.7107 0 10.7107 -0 10.7107 0 10.7107 -0 
10.7909 0.0 10.7909 -0 10.7909 0 10.7909 -0 10.7909 0 10.7909 -0 10.7909 0 10.7909 -0 10.7909 0 10.7909 -0 10.7909 0 10.7909 -0 10.7909 0 10.7909 -0 
10.8711 0.0 10.8711 -0 10.8711 0 10.8711 -0 10.8711 0 10.8711 -0 10.8711 0 10.8711 -0 10.8711 0 10.8711 -0 10.8711 0 10.8711 -0 10.8711 0 10.8711 -0 
10.9512 0.0 10.9512 -0 10.9512 0 10.9512 -0 10.9512 0 10.9512 -0 10.9512 0 10.9512 -0 10.9512 0 10.9512 -0 10.9512 0 10.9512 -0 10.9512 0 10.9512 -0 
11.0314 0.0 11.0314 -0 11.0314 0 11.0314 -0 11.0314 0 11.0314 -0 11.0314 0 11.0314 -0 11.0314 0 11.0314 -0 11.0314 0 11.0314 -0 11.0314 0 11.0314 -0 
11.1115 0.0 11.1115 -0 11.1115 0 11.1115 -0 11.1115 0 11.1115 -0 11.1115 0 11.1115 -0 11.1115 0 11.1115 -0 11.1115 0 11.1115 -0 11.1115 0 11.1115 -0 
11.1917 0.0 11.1917 -0 11.1917 0 11.1917 -0 11.1917 0 11.1917 -0 11.1917 0 11.1917 -0 11.1917 0 11.1917 -0 11.1917 0 11.1917 -0 11.1917 0 11.1917 -0 
11.2719 0.0 11.2719 -0 11.2719 0 11.2719 -0 11.2719 0 11.2719 -0 11.2719 0 11.2719 -0 11.2719 0 11.2719 -0 11.2719 0 11.2719 -0 11.2719 0 11.2719 -0 
11.352 0.0 11.352 -0 11.352 0 11.352 -0 11.352 0 11.352 -0 11.352 0 11.352 -0 11.352 0 11.352 -0 11.352 0 11.352 -0 11.352 0 11.352 -0 
11.4322 0.0 11.4322 -0 11.4322 0 11.4322 -0 11.4322 0 11.4322 -0 11.4322 0 11.4322 -0 11.4322 0 11.4322 -0 11.4322 0 11.4322 -0 11.4322 0 11.4322 -0 
11.5123 0.0 11.5123 -0 11.5123 0 11.5123 -0 11.5123 0 11.5123 -0 11.5123 0 11.5123 -0 11.5123 0 11.5123 -0 11.5123 0 11.5123 -0 11.5123 0 11.5123 -0 
11.5925 0.0 11.5925 -0 11.5925 0 11.5925 -0 11.5925 0 11.5925 -0 11.5925 0 11.5925 -0 11.5925 0 11.5925 -0 11.5925 0 11.5925 -0 11.5925 0 11.5925 -0 
11.6727 0.0 11.6727 -0 11.6727 0 11.6727 -0 11.6727 0 11.6727 -0 11.6727 0 11.6727 -0 11.6727 0 11.6727 -0 11.6727 0 11.6727 -0 11.6727 0 11.6727 -0 
11.7528 0.0 11.7528 -0 11.7528 0 11.7528 -0 11.7528 0 11.7528 -0 11.7528 0 11.7528 -0 11.7528 0 11.7528 -0 11.7528 0 11.7528 -0 11.7528 0 11.7528 -0 
11.833 0.0 11.833 -0 11.833 0 11.833 -0 11.833 0 11.833 -0 11.833 0 11.833 -0 11.833 0 11.833 -0 11.833 0 11.833 -0 11.833 0 11.833 -0 
11.9131 0.0 11.9131 -0 11.9131 0 11.9131 -0 11.9131 0 11.9131 -0 11.9131 0 11.9131 -0 11.9131 0 11.9131 -0 11.9131 0 11.9131 -0 11.9131 0 11.9131 -0 
11.9933 0.0 11.9933 -0 11.9933 0 11.9933 -0 11.9933 0 11.9933 -0 11.9933 0 11.9933 -0 11.9933 0 11.9933 -0 11.9933 0 11.9933 -0 11.9933 0 11.9933 -0 
12.0735 0.0 12.0735 -0 12.0735 0 12.0735 -0 12.0735 0 12.0735 -0 12.0735 0 12.0735 -0 12.0735 0 12.0735 -0 12.0735 0 12.0735 -0 12.0735 0 12.0735 -0 
12.1536 0.0 12.1536 -0 12.1536 0 12.1536 -0 12.1536 0 12.1536 -0 12.1536 0 12.1536 -0 12.1536 0 12.1536 -0 12.1536 0 12.1536 -0 12.1536 0 12.1536 -0 
12.2338 0.0 12.2338 -0 12.2338 0 12.2338 -0 12.2338 0 12.2338 -0 12.2338 0 12.2338 -0 12.2338 0 12.2338 -0 12.2338 0 12.2338 -0 12.2338 0 12.2338 -0 
12.3139 0.0 12.3139 -0 12.3139 0 12.3139 -0 12.3139 0 12.3139 -0 12.3139 0 12.3139 -0 12.3139 0 12.3139 -0 12.3139 0 12.3139 -0 12.3139 0 12.3139 -0 
12.3941 0.0 12.3941 -0 12.3941 0 12.3941 -0 12.3941 0 12.3941 -0 12.3941 0 12.3941 -0 12.3941 0 12.3941 -0 12.3941 0 12.3941 -0 12.3941 0 12.3941 -0 
12.4743 0.0 12.4743 -0 12.4743 0 12.4743 -0 12.4743 0 12.4743 -0 12.4743 0 12.4743 -0 12.4743 0 12.4743 -0 12.4743 0 12.4743 -0 12.4743 0 12.4743 -0 
12.5544 0.0 12.5544 -0 12.5544 0 12.5544 -0 12.5544 0 12.5544 -0 12.5544 0 12.5544 -0 12.5544 0 12.5544 -0 12.5544 0 12.5544 -0 12.5544 0 12.5544 -0 
12.6346 0.0 12.6346 -0 12.6346 0 12.6346 -0 12.6346 0 12.6346 -0 12.6346 0 12.6346 -0 12.6346 0 12.6346 -0 12.6346 0 12.6346 -0 12.6346 0 12.6346 -0 
12.7147 0.0 12.7147 -0 12.7147 0 12.7147 -0 12.7147 0 12.7147 -0 12.7147 0 12.7147 -0 12.7147 0 12.7147 -0 12.7147 0 12.7147 -0 12.7147 0 12.7147 -0 
12.7949 0.0 12.7949 -0 12.7949 0 12.7949 -0 12.7949 0 12.7949 -0 12.7949 0 12.7949 -0 12.7949 0 12.7949 -0 12.7949 0 12.7949 -0 12.7949 0 12.7949 -0 
12.8751 0.0 12.8751 -0 12.8751 0 12.8751 -0 12.8751 0 12.8751 -0 12.8751 0 12.8751 -0 12.8751 0 12.8751 -0 12.8751 0 12.8751 -0 12.8751 0 12.8751 -0 
12.9552 0.0 12.9552 -0 12.9552 0 12.9552 -0 12.9552 0 12.9552 -0 12.9552 0 12.9552 -0 12.9552 0 12.9552 -0 12.9552 0 12.9552 -0 12.9552 0 12.9552 -0 
13.0354 0.0 13.0354 -0 13.0354 0 13.0354 -0 13.0354 0 13.0354 -0 13.0354 0 13.0354 -0 13.0354 0 13.0354 -0 13.0354 0 13.0354 -0 13.0354 0 13.0354 -0 
13.1156 0.0 13.1156 -0 13.1156 0 13.1156 -0 13.1156 0 13.1156 -0 13.1156 0 13.1156 -0 13.1156 0 13.1156 -0 13.1156 0 13.1156 -0 13.1156 0 13.1156 -0 
13.1957 0.0 13.1957 -0 13.1957 0 13.1957 -0 13.1957 0 13.1957 -0 13.1957 0 13.1957 -0 13.1957 0 13.1957 -0 13.1957 0 13.1957 -0 13.1957 0 13.1957 -0 
13.2759 0.0 13.2759 -0 13.2759 0 13.2759 -0 13.2759 0 13.2759 -0 13.2759 0 13.2759 -0 13.2759 0 13.2759 -0 13.2759 0 13.2759 -0 13.2759 0 13.2759 -0 
13.356 0.0 13.356 -0 13.356 0 13.356 -0 13.356 0 13.356 -0 13.356 0 13.356 -0 13.356 0 13.356 -0 13.356 0 13.356 -0 13.356 0 13.356 -0 
13.4362 0.0 13.4362 -0 13.4362 0 13.4362 -0 13.4362 0 13.4362 -0 13.4362 0 13.4362 -0 13.4362 0 13.4362 -0 13.4362 0 13.4362 -0 13.4362 0 13.4362 -0 
13.5164 0.0 13.5164 -0 13.5164 0 13.5164 -0 13.5164 0 13.5164 -0 13.5164 0 13.5164 -0 13.5164 0 13.5164 -0 13.5164 0 13.5164 -0 13.5164 0 13.5164 -0 
13.5965 0.0 13.5965 -0 13.5965 0 13.5965 -0 13.5965 0 13.5965 -0 13.5965 0 13.5965 -0 13.5965 0 13.5965 -0 13.5965 0 13.5965 -0 13.5965 0 13.5965 -0 
13.6767 0.0 13.6767 -0 13.6767 0 13.6767 -0 13.6767 0 13.6767 -0 13.6767 0 13.6767 -0 13.6767 0 13.6767 -0 13.6767 0 13.6767 -0 13.6767 0 13.6767 -0 
13.7568 0.0 13.7568 -0 13.7568 0 13.7568 -0 13.7568 0 13.7568 -0 13.7568 0 13.7568 -0 13.7568 0 13.7568 -0 13.7568 0 13.7568 -0 13.7568 0 13.7568 -0 
13.837 0.0 13.837 -0 13.837 0 13.837 -0 13.837 0 13.837 -0 13.837 0 13.837 -0 13.837 0 13.837 -0 13.837 0 13.837 -0 13.837 0 13.837 -0 
13.9172 0.0 13.9172 -0 13.9172 0 13.9172 -0 13.9172 0 13.9172 -0 13.9172 0 13.9172 -0 13.9172 0 13.9172 -0 13.9172 0 13.9172 -0 13.9172 0 13.9172 -0 
13.9973 0.0 13.9973 -0 13.9973 0 13.9973 -0 13.9973 0 13.9973 -0 13.9973 0 13.9973 -0 13.9973 0 13.9973 -0 13.9973 0 13.9973 -0 13.9973 0 13.9973 -0 
14.0775 0.0 14.0775 -0 14.0775 0 14.0775 -0 14.0775 0 14.0775 -0 14.0775 0 14.0775 -0 14.0775 0 14.0775 -0 14.0775 0 14.0775 -0 14.0775 0 14.0775 -0 
14.1576 0.0 14.1576 -0 14.1576 0 14.1576 -0 14.1576 0 14.1576 -0 14.1576 0 14.1576 -0 14.1576 0 14.1576 -0 14.1576 0 14.1576 -0 14.1576 0 14.1576 -0 
14.2378 0.0 14.2378 -0 14.2378 0 14.2378 -0 14.2378 0 14.2378 -0 14.2378 0 14.2378 -0 14.2378 0 14.2378 -0 14.2378 0 14.2378 -0 14.2378 0 14.2378 -0 
14.318 0.0 14.318 -0 14.318 0 14.318 -0 14.318 0 14.318 -0 14.318 0 14.318 -0 14.318 0 14.318 -0 14.318 0 14.318 -0 14.318 0 14.318 -0 
14.3981 0.0 14.3981 -0 14.3981 0 14.3981 -0 14.3981 0 14.3981 -0 14.3981 0 14.3981 -0 14.3981 0 14.3981 -0 14.3981 0 14.3981 -0 14.3981 0 14.3981 -0 
14.4783 0.0 14.4783 -0 14.4783 0 14.4783 -0 14.4783 0 14.4783 -0 14.4783 0 14.4783 -0 14.4783 0 14.4783 -0 14.4783 0 14.4783 -0 14.4783 0 14.4783 -0 
14.5584 0.0 14.5584 -0 14.5584 0 14.5584 -0 14.5584 0 14.5584 -0 14.5584 0 14.5584 -0 14.5584 0 14.5584 -0 14.5584 0 14.5584 -0 14.5584 0 14.5584 -0 
14.6386 0.0 14.6386 -0 14.6386 0 14.6386 -0 14.6386 0 14.6386 -0 14.6386 0 14.6386 -0 14.6386 0 14.6386 -0 14.6386 0 14.6386 -0 14.6386 0 14.6386 -0 
14.7188 0.0 14.7188 -0 14.7188 0 14.7188 -0 14.7188 0 14.7188 -0 14.7188 0 14.7188 -0 14.7188 0 14.7188 -0 14.7188 0 14.7188 -0 14.7188 0 14.7188 -0 
14.7989 0.0 14.7989 -0 14.7989 0 14.7989 -0 14.7989 0 14.7989 -0 14.7989 0 14.7989 -0 14.7989 0 14.7989 -0 14.7989 0 14.7989 -0 14.7989 0 14.7989 -0 
14.8791 0.0 14.8791 -0 14.8791 0 14.8791 -0 14.8791 0 14.8791 -0 14.8791 0 14.8791 -0 14.8791 0 14.8791 -0 14.8791 0 14.8791 -0 14.8791 0 14.8791 -0 
14.9592 0.0 14.9592 -0 14.9592 0 14.9592 -0 14.9592 0 14.9592 -0 14.9592 0 14.9592 -0 14.9592 0 14.9592 -0 14.9592 0 14.9592 -0 14.9592 0 14.9592 -0 
15.0394 0.0 15.0394 -0 15.0394 0 15.0394 -0 15.0394 0 15.0394 -0 15.0394 0 15.0394 -0 15.0394 0 15.0394 -0 15.0394 0 15.0394 -0 15.0394 0 15.0394 -0 
15.1196 0.0 15.1196 -0 15.1196 0 15.1196 -0 15.1196 0 15.1196 -0 15.1196 0 15.1196 -0 15.1196 0 15.1196 -0 15.1196 0 15.1196 -0 15.1196 0 15.1196 -0 
15.1997 0.0 15.1997 -0 15.1997 0 15.1997 -0 15.1997 0 15.1997 -0 15.1997 0 15.1997 -0 15.1997 0 15.1997 -0 15.1997 0 15.1997 -0 15.1997 0 15.1997 -0 
15.2799 0.0 15.2799 -0 15.2799 0 15.2799 -0 15.2799 0 15.2799 -0 15.2799 0 15.2799 -0 15.2799 0 15.2799 -0 15.2799 0 15.2799 -0 15.2799 0 15.2799 -0 
15.36 0.0 15.36 -0 15.36 0 15.36 -0 15.36 0 15.36 -0 15.36 0 15.36 -0 15.36 0 15.36 -0 15.36 0 15.36 -0 15.36 0 15.36 -0 
15.4402 0.0 15.4402 -0 15.4402 0 15.4402 -0 15.4402 0 15.4402 -0 15.4402 0 15.4402 -0 15.4402 0 15.4402 -0 15.4402 0 15.4402 -0 15.4402 0 15.4402 -0 
