-24.6152 24.95 -24.6152 -24.95 -24.6152 0 -24.6152 -0 -24.6152 0 -24.6152 -0 -24.6152 0 -24.6152 -0 -24.6152 0 -24.6152 -0 -24.6152 0 -24.6152 -0 -24.6152 0 -24.6152 -0 
-24.535 0.0 -24.535 -0 -24.535 0 -24.535 -0 -24.535 0 -24.535 -0 -24.535 0 -24.535 -0 -24.535 0 -24.535 -0 -24.535 0 -24.535 -0 -24.535 0 -24.535 -0 
-24.4549 0.0 -24.4549 -0 -24.4549 0 -24.4549 -0 -24.4549 0 -24.4549 -0 -24.4549 0 -24.4549 -0 -24.4549 0 -24.4549 -0 -24.4549 0 -24.4549 -0 -24.4549 0 -24.4549 -0 
-24.3747 0.0 -24.3747 -0 -24.3747 0 -24.3747 -0 -24.3747 0 -24.3747 -0 -24.3747 0 -24.3747 -0 -24.3747 0 -24.3747 -0 -24.3747 0 -24.3747 -0 -24.3747 0 -24.3747 -0 
-24.2946 0.0 -24.2946 -0 -24.2946 0 -24.2946 -0 -24.2946 0 -24.2946 -0 -24.2946 0 -24.2946 -0 -24.2946 0 -24.2946 -0 -24.2946 0 -24.2946 -0 -24.2946 0 -24.2946 -0 
-24.2144 0.0 -24.2144 -0 -24.2144 0 -24.2144 -0 -24.2144 0 -24.2144 -0 -24.2144 0 -24.2144 -0 -24.2144 0 -24.2144 -0 -24.2144 0 -24.2144 -0 -24.2144 0 -24.2144 -0 
-24.1342 0.0 -24.1342 -0 -24.1342 0 -24.1342 -0 -24.1342 0 -24.1342 -0 -24.1342 0 -24.1342 -0 -24.1342 0 -24.1342 -0 -24.1342 0 -24.1342 -0 -24.1342 0 -24.1342 -0 
-24.0541 0.0 -24.0541 -0 -24.0541 0 -24.0541 -0 -24.0541 0 -24.0541 -0 -24.0541 0 -24.0541 -0 -24.0541 0 -24.0541 -0 -24.0541 0 -24.0541 -0 -24.0541 0 -24.0541 -0 
-23.9739 0.0 -23.9739 -0 -23.9739 0 -23.9739 -0 -23.9739 0 -23.9739 -0 -23.9739 0 -23.9739 -0 -23.9739 0 -23.9739 -0 -23.9739 0 -23.9739 -0 -23.9739 0 -23.9739 -0 
-23.8938 0.0 -23.8938 -0 -23.8938 0 -23.8938 -0 -23.8938 0 -23.8938 -0 -23.8938 0 -23.8938 -0 -23.8938 0 -23.8938 -0 -23.8938 0 -23.8938 -0 -23.8938 0 -23.8938 -0 
-23.8136 0.0 -23.8136 -0 -23.8136 0 -23.8136 -0 -23.8136 0 -23.8136 -0 -23.8136 0 -23.8136 -0 -23.8136 0 -23.8136 -0 -23.8136 0 -23.8136 -0 -23.8136 0 -23.8136 -0 
-23.7334 0.0 -23.7334 -0 -23.7334 0 -23.7334 -0 -23.7334 0 -23.7334 -0 -23.7334 0 -23.7334 -0 -23.7334 0 -23.7334 -0 -23.7334 0 -23.7334 -0 -23.7334 0 -23.7334 -0 
-23.6533 0.0 -23.6533 -0 -23.6533 0 -23.6533 -0 -23.6533 0 -23.6533 -0 -23.6533 0 -23.6533 -0 -23.6533 0 -23.6533 -0 -23.6533 0 -23.6533 -0 -23.6533 0 -23.6533 -0 
-23.5731 0.0 -23.5731 -0 -23.5731 0 -23.5731 -0 -23.5731 0 -23.5731 -0 -23.5731 0 -23.5731 -0 -23.5731 0 -23.5731 -0 -23.5731 0 -23.5731 -0 -23.5731 0 -23.5731 -0 
-23.493 0.0 -23.493 -0 -23.493 0 -23.493 -0 -23.493 0 -23.493 -0 -23.493 0 -23.493 -0 -23.493 0 -23.493 -0 -23.493 0 -23.493 -0 -23.493 0 -23.493 -0 
-23.4128 0.0 -23.4128 -0 -23.4128 0 -23.4128 -0 -23.4128 0 -23.4128 -0 -23.4128 0 -23.4128 -0 -23.4128 0 -23.4128 -0 -23.4128 0 -23.4128 -0 -23.4128 0 -23.4128 -0 
-23.3326 0.0 -23.3326 -0 -23.3326 0 -23.3326 -0 -23.3326 0 -23.3326 -0 -23.3326 0 -23.3326 -0 -23.3326 0 -23.3326 -0 -23.3326 0 -23.3326 -0 -23.3326 0 -23.3326 -0 
-23.2525 0.0 -23.2525 -0 -23.2525 0 -23.2525 -0 -23.2525 0 -23.2525 -0 -23.2525 0 -23.2525 -0 -23.2525 0 -23.2525 -0 -23.2525 0 -23.2525 -0 -23.2525 0 -23.2525 -0 
-23.1723 0.0 -23.1723 -0 -23.1723 0 -23.1723 -0 -23.1723 0 -23.1723 -0 -23.1723 0 -23.1723 -0 -23.1723 0 -23.1723 -0 -23.1723 0 -23.1723 -0 -23.1723 0 -23.1723 -0 
-23.0922 0.0 -23.0922 -0 -23.0922 0 -23.0922 -0 -23.0922 0 -23.0922 -0 -23.0922 0 -23.0922 -0 -23.0922 0 -23.0922 -0 -23.0922 0 -23.0922 -0 -23.0922 0 -23.0922 -0 
-23.012 0.0 -23.012 -0 -23.012 0 -23.012 -0 -23.012 0 -23.012 -0 -23.012 0 -23.012 -0 -23.012 0 -23.012 -0 -23.012 0 -23.012 -0 -23.012 0 -23.012 -0 
-22.9318 0.0 -22.9318 -0 -22.9318 0 -22.9318 -0 -22.9318 0 -22.9318 -0 -22.9318 0 -22.9318 -0 -22.9318 0 -22.9318 -0 -22.9318 0 -22.9318 -0 -22.9318 0 -22.9318 -0 
-22.8517 0.0 -22.8517 -0 -22.8517 0 -22.8517 -0 -22.8517 0 -22.8517 -0 -22.8517 0 -22.8517 -0 -22.8517 0 -22.8517 -0 -22.8517 0 -22.8517 -0 -22.8517 0 -22.8517 -0 
-22.7715 0.0 -22.7715 -0 -22.7715 0 -22.7715 -0 -22.7715 0 -22.7715 -0 -22.7715 0 -22.7715 -0 -22.7715 0 -22.7715 -0 -22.7715 0 -22.7715 -0 -22.7715 0 -22.7715 -0 
-22.6914 0.0 -22.6914 -0 -22.6914 0 -22.6914 -0 -22.6914 0 -22.6914 -0 -22.6914 0 -22.6914 -0 -22.6914 0 -22.6914 -0 -22.6914 0 -22.6914 -0 -22.6914 0 -22.6914 -0 
-22.6112 0.0 -22.6112 -0 -22.6112 0 -22.6112 -0 -22.6112 0 -22.6112 -0 -22.6112 0 -22.6112 -0 -22.6112 0 -22.6112 -0 -22.6112 0 -22.6112 -0 -22.6112 0 -22.6112 -0 
-22.531 0.0 -22.531 -0 -22.531 0 -22.531 -0 -22.531 0 -22.531 -0 -22.531 0 -22.531 -0 -22.531 0 -22.531 -0 -22.531 0 -22.531 -0 -22.531 0 -22.531 -0 
-22.4509 0.0 -22.4509 -0 -22.4509 0 -22.4509 -0 -22.4509 0 -22.4509 -0 -22.4509 0 -22.4509 -0 -22.4509 0 -22.4509 -0 -22.4509 0 -22.4509 -0 -22.4509 0 -22.4509 -0 
-22.3707 0.0 -22.3707 -0 -22.3707 0 -22.3707 -0 -22.3707 0 -22.3707 -0 -22.3707 0 -22.3707 -0 -22.3707 0 -22.3707 -0 -22.3707 0 -22.3707 -0 -22.3707 0 -22.3707 -0 
-22.2906 0.0 -22.2906 -0 -22.2906 0 -22.2906 -0 -22.2906 0 -22.2906 -0 -22.2906 0 -22.2906 -0 -22.2906 0 -22.2906 -0 -22.2906 0 -22.2906 -0 -22.2906 0 -22.2906 -0 
-22.2104 0.0 -22.2104 -0 -22.2104 0 -22.2104 -0 -22.2104 0 -22.2104 -0 -22.2104 0 -22.2104 -0 -22.2104 0 -22.2104 -0 -22.2104 0 -22.2104 -0 -22.2104 0 -22.2104 -0 
-22.1302 0.0 -22.1302 -0 -22.1302 0 -22.1302 -0 -22.1302 0 -22.1302 -0 -22.1302 0 -22.1302 -0 -22.1302 0 -22.1302 -0 -22.1302 0 -22.1302 -0 -22.1302 0 -22.1302 -0 
-22.0501 0.0 -22.0501 -0 -22.0501 0 -22.0501 -0 -22.0501 0 -22.0501 -0 -22.0501 0 -22.0501 -0 -22.0501 0 -22.0501 -0 -22.0501 0 -22.0501 -0 -22.0501 0 -22.0501 -0 
-21.9699 0.0 -21.9699 -0 -21.9699 0 -21.9699 -0 -21.9699 0 -21.9699 -0 -21.9699 0 -21.9699 -0 -21.9699 0 -21.9699 -0 -21.9699 0 -21.9699 -0 -21.9699 0 -21.9699 -0 
-21.8897 0.0 -21.8897 -0 -21.8897 0 -21.8897 -0 -21.8897 0 -21.8897 -0 -21.8897 0 -21.8897 -0 -21.8897 0 -21.8897 -0 -21.8897 0 -21.8897 -0 -21.8897 0 -21.8897 -0 
-21.8096 0.0 -21.8096 -0 -21.8096 0 -21.8096 -0 -21.8096 0 -21.8096 -0 -21.8096 0 -21.8096 -0 -21.8096 0 -21.8096 -0 -21.8096 0 -21.8096 -0 -21.8096 0 -21.8096 -0 
-21.7294 0.0 -21.7294 -0 -21.7294 0 -21.7294 -0 -21.7294 0 -21.7294 -0 -21.7294 0 -21.7294 -0 -21.7294 0 -21.7294 -0 -21.7294 0 -21.7294 -0 -21.7294 0 -21.7294 -0 
-21.6493 0.0 -21.6493 -0 -21.6493 0 -21.6493 -0 -21.6493 0 -21.6493 -0 -21.6493 0 -21.6493 -0 -21.6493 0 -21.6493 -0 -21.6493 0 -21.6493 -0 -21.6493 0 -21.6493 -0 
-21.5691 0.0 -21.5691 -0 -21.5691 0 -21.5691 -0 -21.5691 0 -21.5691 -0 -21.5691 0 -21.5691 -0 -21.5691 0 -21.5691 -0 -21.5691 0 -21.5691 -0 -21.5691 0 -21.5691 -0 
-21.4889 0.0 -21.4889 -0 -21.4889 0 -21.4889 -0 -21.4889 0 -21.4889 -0 -21.4889 0 -21.4889 -0 -21.4889 0 -21.4889 -0 -21.4889 0 -21.4889 -0 -21.4889 0 -21.4889 -0 
-21.4088 0.0 -21.4088 -0 -21.4088 0 -21.4088 -0 -21.4088 0 -21.4088 -0 -21.4088 0 -21.4088 -0 -21.4088 0 -21.4088 -0 -21.4088 0 -21.4088 -0 -21.4088 0 -21.4088 -0 
-21.3286 0.0 -21.3286 -0 -21.3286 0 -21.3286 -0 -21.3286 0 -21.3286 -0 -21.3286 0 -21.3286 -0 -21.3286 0 -21.3286 -0 -21.3286 0 -21.3286 -0 -21.3286 0 -21.3286 -0 
-21.2485 0.0 -21.2485 -0 -21.2485 0 -21.2485 -0 -21.2485 0 -21.2485 -0 -21.2485 0 -21.2485 -0 -21.2485 0 -21.2485 -0 -21.2485 0 -21.2485 -0 -21.2485 0 -21.2485 -0 
-21.1683 0.0 -21.1683 -0 -21.1683 0 -21.1683 -0 -21.1683 0 -21.1683 -0 -21.1683 0 -21.1683 -0 -21.1683 0 -21.1683 -0 -21.1683 0 -21.1683 -0 -21.1683 0 -21.1683 -0 
-21.0881 0.0 -21.0881 -0 -21.0881 0 -21.0881 -0 -21.0881 0 -21.0881 -0 -21.0881 0 -21.0881 -0 -21.0881 0 -21.0881 -0 -21.0881 0 -21.0881 -0 -21.0881 0 -21.0881 -0 
-21.008 0.0 -21.008 -0 -21.008 0 -21.008 -0 -21.008 0 -21.008 -0 -21.008 0 -21.008 -0 -21.008 0 -21.008 -0 -21.008 0 -21.008 -0 -21.008 0 -21.008 -0 
-20.9278 0.0 -20.9278 -0 -20.9278 0 -20.9278 -0 -20.9278 0 -20.9278 -0 -20.9278 0 -20.9278 -0 -20.9278 0 -20.9278 -0 -20.9278 0 -20.9278 -0 -20.9278 0 -20.9278 -0 
-20.8477 0.0 -20.8477 -0 -20.8477 0 -20.8477 -0 -20.8477 0 -20.8477 -0 -20.8477 0 -20.8477 -0 -20.8477 0 -20.8477 -0 -20.8477 0 -20.8477 -0 -20.8477 0 -20.8477 -0 
-20.7675 0.0001 -20.7675 -0 -20.7675 0 -20.7675 -0 -20.7675 0 -20.7675 -0 -20.7675 0 -20.7675 -0 -20.7675 0 -20.7675 -0 -20.7675 0 -20.7675 -0 -20.7675 0 -20.7675 -0 
-20.6873 0.0005 -20.6873 -0 -20.6873 0 -20.6873 -0 -20.6873 0 -20.6873 -0 -20.6873 0 -20.6873 -0 -20.6873 0 -20.6873 -0 -20.6873 0 -20.6873 -0 -20.6873 0 -20.6873 -0 
-20.6072 0.0039 -20.6072 -0.0001 -20.6072 0 -20.6072 -0 -20.6072 0 -20.6072 -0 -20.6072 0 -20.6072 -0 -20.6072 0 -20.6072 -0 -20.6072 0 -20.6072 -0 -20.6072 0 -20.6072 -0 
-20.527 0.0213 -20.527 -0.0005 -20.527 0 -20.527 -0 -20.527 0 -20.527 -0 -20.527 0 -20.527 -0 -20.527 0 -20.527 -0 -20.527 0 -20.527 -0 -20.527 0 -20.527 -0 
-20.4469 0.0879 -20.4469 -0.0037 -20.4469 0 -20.4469 -0 -20.4469 0 -20.4469 -0 -20.4469 0 -20.4469 -0 -20.4469 0 -20.4469 -0 -20.4469 0 -20.4469 -0 -20.4469 0 -20.4469 -0 
-20.3667 0.2787 -20.3667 -0.0205 -20.3667 0 -20.3667 -0 -20.3667 0 -20.3667 -0 -20.3667 0 -20.3667 -0 -20.3667 0 -20.3667 -0 -20.3667 0 -20.3667 -0 -20.3667 0 -20.3667 -0 
-20.2865 0.6899 -20.2865 -0.087 -20.2865 0 -20.2865 -0 -20.2865 0 -20.2865 -0 -20.2865 0 -20.2865 -0 -20.2865 0 -20.2865 -0 -20.2865 0 -20.2865 -0 -20.2865 0 -20.2865 -0 
-20.2064 1.3652 -20.2064 -0.2834 -20.2064 0 -20.2064 -0 -20.2064 0 -20.2064 -0 -20.2064 0 -20.2064 -0 -20.2064 0 -20.2064 -0 -20.2064 0 -20.2064 -0 -20.2064 0 -20.2064 -0 
-20.1262 2.2291 -20.1262 -0.7228 -20.1262 0 -20.1262 -0 -20.1262 0 -20.1262 -0 -20.1262 0 -20.1262 -0 -20.1262 0 -20.1262 -0 -20.1262 0 -20.1262 -0 -20.1262 0 -20.1262 -0 
-20.0461 3.1298 -20.0461 -1.4748 -20.0461 0 -20.0461 -0 -20.0461 0 -20.0461 -0 -20.0461 0 -20.0461 -0 -20.0461 0 -20.0461 -0 -20.0461 0 -20.0461 -0 -20.0461 0 -20.0461 -0 
-19.9659 3.9456 -19.9659 -2.4779 -19.9659 0 -19.9659 -0 -19.9659 0 -19.9659 -0 -19.9659 0 -19.9659 -0 -19.9659 0 -19.9659 -0 -19.9659 0 -19.9659 -0 -19.9659 0 -19.9659 -0 
-19.8857 4.6246 -19.8857 -3.5421 -19.8857 0 -19.8857 -0 -19.8857 0 -19.8857 -0 -19.8857 0 -19.8857 -0 -19.8857 0 -19.8857 -0 -19.8857 0 -19.8857 -0 -19.8857 0 -19.8857 -0 
-19.8056 5.1855 -19.8056 -4.4444 -19.8056 0 -19.8056 -0 -19.8056 0 -19.8056 -0 -19.8056 0 -19.8056 -0 -19.8056 0 -19.8056 -0 -19.8056 0 -19.8056 -0 -19.8056 0 -19.8056 -0 
-19.7254 5.7778 -19.7254 -5.0486 -19.7254 0.0001 -19.7254 -0 -19.7254 0 -19.7254 -0 -19.7254 0 -19.7254 -0 -19.7254 0.0001 -19.7254 -0 -19.7254 0 -19.7254 -0 -19.7254 0 -19.7254 -0 
-19.6453 6.6895 -19.6453 -5.4346 -19.6453 0.0003 -19.6453 -0.0001 -19.6453 0.0001 -19.6453 -0 -19.6453 0.0001 -19.6453 -0 -19.6453 0.0001 -19.6453 -0.0001 -19.6453 0 -19.6453 -0 -19.6453 0 -19.6453 -0 
-19.5651 8.1913 -19.5651 -5.9395 -19.5651 0.0004 -19.5651 -0.0003 -19.5651 0.0001 -19.5651 -0.0001 -19.5651 0.0001 -19.5651 -0.0001 -19.5651 0.0001 -19.5651 -0.0001 -19.5651 0 -19.5651 -0 -19.5651 0.0001 -19.5651 -0 
-19.4849 10.4228 -19.4849 -6.9288 -19.4849 0.0005 -19.4849 -0.0004 -19.4849 0.0001 -19.4849 -0.0001 -19.4849 0.0001 -19.4849 -0.0001 -19.4849 0.0002 -19.4849 -0.0001 -19.4849 0 -19.4849 -0 -19.4849 0.0001 -19.4849 -0.0001 
-19.4048 13.4424 -19.4048 -8.4665 -19.4048 0.0006 -19.4048 -0.0005 -19.4048 0.0002 -19.4048 -0.0001 -19.4048 0.0001 -19.4048 -0.0001 -19.4048 0.0002 -19.4048 -0.0002 -19.4048 0 -19.4048 -0 -19.4048 0.0001 -19.4048 -0.0001 
-19.3246 17.1458 -19.3246 -10.3463 -19.3246 0.0006 -19.3246 -0.0006 -19.3246 0.0002 -19.3246 -0.0002 -19.3246 0.0001 -19.3246 -0.0001 -19.3246 0.0002 -19.3246 -0.0002 -19.3246 0 -19.3246 -0 -19.3246 0.0001 -19.3246 -0.0001 
-19.2445 20.9399 -19.2445 -12.5256 -19.2445 0.0008 -19.2445 -0.0008 -19.2445 0.0002 -19.2445 -0.0002 -19.2445 0.0002 -19.2445 -0.0002 -19.2445 0.0002 -19.2445 -0.0003 -19.2445 0 -19.2445 -0 -19.2445 0.0002 -19.2445 -0.0001 
-19.1643 23.671 -19.1643 -15.3438 -19.1643 0.0008 -19.1643 -0.001 -19.1643 0.0002 -19.1643 -0.0003 -19.1643 0.0002 -19.1643 -0.0002 -19.1643 0.0002 -19.1643 -0.0003 -19.1643 0 -19.1643 -0 -19.1643 0.0002 -19.1643 -0.0002 
-19.0841 24.2419 -19.0841 -18.9503 -19.0841 0.0008 -19.0841 -0.001 -19.0841 0.0002 -19.0841 -0.0003 -19.0841 0.0002 -19.0841 -0.0002 -19.0841 0.0002 -19.0841 -0.0003 -19.0841 0 -19.0841 -0 -19.0841 0.0002 -19.0841 -0.0002 
-19.004 22.5431 -19.004 -22.371 -19.004 0.0007 -19.004 -0.0009 -19.004 0.0002 -19.004 -0.0002 -19.004 0.0002 -19.004 -0.0002 -19.004 0.0002 -19.004 -0.0003 -19.004 0 -19.004 -0 -19.004 0.0001 -19.004 -0.0002 
-18.9238 19.7588 -18.9238 -23.6007 -18.9238 0.0004 -18.9238 -0.0008 -18.9238 0.0001 -18.9238 -0.0002 -18.9238 0.0001 -18.9238 -0.0002 -18.9238 0.0001 -18.9238 -0.0002 -18.9238 0 -18.9238 -0 -18.9238 0.0001 -18.9238 -0.0002 
-18.8437 17.5426 -18.8437 -21.2907 -18.8437 0.0005 -18.8437 -0.0008 -18.8437 0.0001 -18.8437 -0.0002 -18.8437 0.0001 -18.8437 -0.0002 -18.8437 0.0001 -18.8437 -0.0002 -18.8437 0.0001 -18.8437 -0 -18.8437 0.0001 -18.8437 -0.0002 
-18.7635 16.7918 -18.7635 -16.3408 -18.7635 0.0006 -18.7635 -0.0005 -18.7635 0.0001 -18.7635 -0.0001 -18.7635 0.0001 -18.7635 -0.0002 -18.7635 0.0001 -18.7635 -0.0001 -18.7635 0.0002 -18.7635 -0 -18.7635 0.0001 -18.7635 -0.0001 
-18.6833 17.3161 -18.6833 -11.3217 -18.6833 0.0013 -18.6833 -0.0004 -18.6833 0.0002 -18.6833 -0.0001 -18.6833 0.0002 -18.6833 -0.0001 -18.6833 0.0003 -18.6833 -0.0001 -18.6833 0.0004 -18.6833 -0 -18.6833 0.0002 -18.6833 -0.0001 
-18.6032 18.5632 -18.6032 -8.3086 -18.6032 0.0023 -18.6032 -0.0003 -18.6032 0.0005 -18.6032 -0.0001 -18.6032 0.0003 -18.6032 -0.0001 -18.6032 0.0005 -18.6032 -0.0001 -18.6032 0.0007 -18.6032 -0 -18.6032 0.0003 -18.6032 -0 
-18.523 20.227 -18.523 -7.5805 -18.523 0.0048 -18.523 -0.0005 -18.523 0.0012 -18.523 -0.0001 -18.523 0.0007 -18.523 -0.0001 -18.523 0.0011 -18.523 -0.0001 -18.523 0.001 -18.523 -0.0001 -18.523 0.0008 -18.523 -0.0001 
-18.4429 21.9582 -18.4429 -8.1911 -18.4429 0.009 -18.4429 -0.0012 -18.4429 0.0024 -18.4429 -0.0003 -18.4429 0.0016 -18.4429 -0.0002 -18.4429 0.0021 -18.4429 -0.0003 -18.4429 0.0012 -18.4429 -0.0002 -18.4429 0.0017 -18.4429 -0.0002 
-18.3627 22.833 -18.3627 -9.2585 -18.3627 0.0163 -18.3627 -0.0026 -18.3627 0.0044 -18.3627 -0.0007 -18.3627 0.0032 -18.3627 -0.0004 -18.3627 0.0039 -18.3627 -0.0007 -18.3627 0.0012 -18.3627 -0.0004 -18.3627 0.0036 -18.3627 -0.0004 
-18.2825 21.7051 -18.2825 -10.6242 -18.2825 0.0272 -18.2825 -0.0051 -18.2825 0.0073 -18.2825 -0.0014 -18.2825 0.0058 -18.2825 -0.0008 -18.2825 0.0064 -18.2825 -0.0013 -18.2825 0.0011 -18.2825 -0.0007 -18.2825 0.0066 -18.2825 -0.0009 
-18.2024 18.3093 -18.2024 -12.6257 -18.2024 0.0386 -18.2024 -0.0085 -18.2024 0.0101 -18.2024 -0.0025 -18.2024 0.0088 -18.2024 -0.0014 -18.2024 0.009 -18.2024 -0.0022 -18.2024 0.0008 -18.2024 -0.0008 -18.2024 0.0099 -18.2024 -0.0016 
-18.1222 13.6904 -18.1222 -15.4912 -18.1222 0.0447 -18.1222 -0.0137 -18.1222 0.0114 -18.1222 -0.0041 -18.1222 0.0107 -18.1222 -0.0024 -18.1222 0.0101 -18.1222 -0.0036 -18.1222 0.0005 -18.1222 -0.0009 -18.1222 0.012 -18.1222 -0.0027 
-18.0421 9.398 -18.0421 -18.8879 -18.0421 0.0409 -18.0421 -0.0213 -18.0421 0.0102 -18.0421 -0.0063 -18.0421 0.0101 -18.0421 -0.004 -18.0421 0.009 -18.0421 -0.0056 -18.0421 0.0003 -18.0421 -0.0009 -18.0421 0.0113 -18.0421 -0.0045 
-17.9619 6.4779 -17.9619 -21.8479 -17.9619 0.0289 -17.9619 -0.0326 -17.9619 0.007 -17.9619 -0.0093 -17.9619 0.0073 -17.9619 -0.0066 -17.9619 0.0063 -17.9619 -0.0083 -17.9619 0.0002 -17.9619 -0.0009 -17.9619 0.0081 -17.9619 -0.0075 
-17.8817 5.1123 -17.8817 -23.1473 -17.8817 0.016 -17.8817 -0.0465 -17.8817 0.0037 -17.8817 -0.0125 -17.8817 0.004 -17.8817 -0.0102 -17.8817 0.0034 -17.8817 -0.0114 -17.8817 0.0005 -17.8817 -0.0009 -17.8817 0.0044 -17.8817 -0.0115 
-17.8016 4.8834 -17.8016 -22.1059 -17.8016 0.0076 -17.8016 -0.0598 -17.8016 0.0015 -17.8016 -0.0151 -17.8016 0.0017 -17.8016 -0.0141 -17.8016 0.0015 -17.8016 -0.0139 -17.8016 0.0011 -17.8016 -0.0009 -17.8016 0.0018 -17.8016 -0.0158 
-17.7214 5.3119 -17.7214 -19.262 -17.7214 0.005 -17.7214 -0.0668 -17.7214 0.0006 -17.7214 -0.0161 -17.7214 0.0008 -17.7214 -0.0165 -17.7214 0.0009 -17.7214 -0.0151 -17.7214 0.0021 -17.7214 -0.0009 -17.7214 0.0006 -17.7214 -0.0182 
-17.6413 6.1058 -17.6413 -16.0873 -17.6413 0.0057 -17.6413 -0.0643 -17.6413 0.0005 -17.6413 -0.0151 -17.6413 0.0008 -17.6413 -0.016 -17.6413 0.0011 -17.6413 -0.0146 -17.6413 0.0029 -17.6413 -0.0012 -17.6413 0.0004 -17.6413 -0.0174 
-17.5611 7.0303 -17.5611 -13.8494 -17.5611 0.0084 -17.5611 -0.0543 -17.5611 0.0009 -17.5611 -0.0124 -17.5611 0.0016 -17.5611 -0.0133 -17.5611 0.0022 -17.5611 -0.0128 -17.5611 0.003 -17.5611 -0.002 -17.5611 0.0007 -17.5611 -0.0138 
-17.4809 7.8558 -17.4809 -12.8233 -17.4809 0.0131 -17.4809 -0.0439 -17.4809 0.0017 -17.4809 -0.0093 -17.4809 0.0034 -17.4809 -0.0107 -17.4809 0.0043 -17.4809 -0.0113 -17.4809 0.0023 -17.4809 -0.0031 -17.4809 0.0014 -17.4809 -0.0095 
-17.4008 8.3704 -17.4008 -12.4442 -17.4008 0.0207 -17.4008 -0.0399 -17.4008 0.0029 -17.4008 -0.0071 -17.4008 0.0065 -17.4008 -0.0107 -17.4008 0.0074 -17.4008 -0.0116 -17.4008 0.0014 -17.4008 -0.0038 -17.4008 0.0025 -17.4008 -0.0067 
-17.3206 8.3357 -17.3206 -11.9109 -17.3206 0.0303 -17.3206 -0.0463 -17.3206 0.0042 -17.3206 -0.0065 -17.3206 0.0104 -17.3206 -0.0147 -17.3206 0.011 -17.3206 -0.015 -17.3206 0.0007 -17.3206 -0.0037 -17.3206 0.004 -17.3206 -0.0064 
-17.2405 7.5814 -17.2405 -10.7182 -17.2405 0.0376 -17.2405 -0.06 -17.2405 0.0051 -17.2405 -0.0074 -17.2405 0.0136 -17.2405 -0.0214 -17.2405 0.0133 -17.2405 -0.0203 -17.2405 0.0003 -17.2405 -0.0029 -17.2405 0.0053 -17.2405 -0.008 
-17.1603 6.1287 -17.1603 -8.7997 -17.1603 0.038 -17.1603 -0.0692 -17.1603 0.005 -17.1603 -0.0082 -17.1603 0.0143 -17.1603 -0.0261 -17.1603 0.013 -17.1603 -0.0237 -17.1603 0.0002 -17.1603 -0.0018 -17.1603 0.0055 -17.1603 -0.0094 
-17.0801 4.2342 -17.0801 -6.3704 -17.0801 0.03 -17.0801 -0.0639 -17.0801 0.0038 -17.0801 -0.0075 -17.0801 0.0116 -17.0801 -0.0248 -17.0801 0.01 -17.0801 -0.0219 -17.0801 0.0001 -17.0801 -0.0009 -17.0801 0.0045 -17.0801 -0.0088 
-17 2.3861 -17 -3.8797 -17 0.0183 -17 -0.0452 -17 0.0023 -17 -0.0053 -17 0.0072 -17 -0.0178 -17 0.006 -17 -0.0154 -17 0 -17 -0.0004 -17 0.0028 -17 -0.0063 
-16.9198 1.0529 -16.9198 -1.8958 -16.9198 0.0083 -16.9198 -0.024 -16.9198 0.001 -16.9198 -0.0028 -16.9198 0.0033 -16.9198 -0.0095 -16.9198 0.0027 -16.9198 -0.0082 -16.9198 0 -16.9198 -0.0001 -16.9198 0.0013 -16.9198 -0.0034 
-16.8396 0.3537 -16.8396 -0.7172 -16.8396 0.0028 -16.8396 -0.0094 -16.8396 0.0004 -16.8396 -0.0011 -16.8396 0.0011 -16.8396 -0.0038 -16.8396 0.0009 -16.8396 -0.0032 -16.8396 0 -16.8396 -0 -16.8396 0.0004 -16.8396 -0.0013 
-16.7595 0.0889 -16.7595 -0.2054 -16.7595 0.0007 -16.7595 -0.0028 -16.7595 0.0001 -16.7595 -0.0003 -16.7595 0.0003 -16.7595 -0.0011 -16.7595 0.0002 -16.7595 -0.001 -16.7595 0 -16.7595 -0 -16.7595 0.0001 -16.7595 -0.0004 
-16.6793 0.0167 -16.6793 -0.044 -16.6793 0.0001 -16.6793 -0.0006 -16.6793 0 -16.6793 -0.0001 -16.6793 0.0001 -16.6793 -0.0002 -16.6793 0 -16.6793 -0.0002 -16.6793 0 -16.6793 -0 -16.6793 0 -16.6793 -0.0001 
-16.5992 0.0037 -16.5992 -0.0079 -16.5992 0 -16.5992 -0 -16.5992 0 -16.5992 -0 -16.5992 0 -16.5992 -0 -16.5992 0 -16.5992 -0 -16.5992 0 -16.5992 -0 -16.5992 0 -16.5992 -0 
-16.519 0.0111 -16.519 -0.0086 -16.519 0 -16.519 -0 -16.519 0 -16.519 -0 -16.519 0 -16.519 -0 -16.519 0 -16.519 -0 -16.519 0 -16.519 -0 -16.519 0 -16.519 -0 
-16.4388 0.0648 -16.4388 -0.0481 -16.4388 0 -16.4388 -0 -16.4388 0 -16.4388 -0 -16.4388 0 -16.4388 -0 -16.4388 0 -16.4388 -0 -16.4388 0 -16.4388 -0 -16.4388 0 -16.4388 -0 
-16.3587 0.2903 -16.3587 -0.2246 -16.3587 0 -16.3587 -0 -16.3587 0 -16.3587 -0 -16.3587 0 -16.3587 -0 -16.3587 0 -16.3587 -0 -16.3587 0 -16.3587 -0 -16.3587 0 -16.3587 -0 
-16.2785 0.9856 -16.2785 -0.7979 -16.2785 0 -16.2785 -0 -16.2785 0 -16.2785 -0 -16.2785 0 -16.2785 -0 -16.2785 0 -16.2785 -0 -16.2785 0 -16.2785 -0 -16.2785 0 -16.2785 -0 
-16.1984 2.5477 -16.1984 -2.1651 -16.1984 0 -16.1984 -0 -16.1984 0 -16.1984 -0 -16.1984 0 -16.1984 -0 -16.1984 0 -16.1984 -0 -16.1984 0 -16.1984 -0 -16.1984 0 -16.1984 -0 
-16.1182 5.0569 -16.1182 -4.5157 -16.1182 0 -16.1182 -0 -16.1182 0 -16.1182 -0 -16.1182 0 -16.1182 -0 -16.1182 0 -16.1182 -0 -16.1182 0 -16.1182 -0 -16.1182 0 -16.1182 -0 
-16.038 7.848 -16.038 -7.3408 -16.038 0 -16.038 -0.0002 -16.038 0 -16.038 -0 -16.038 0 -16.038 -0.0001 -16.038 0 -16.038 -0.0001 -16.038 0 -16.038 -0 -16.038 0 -16.038 -0 
-15.9579 9.8841 -15.9579 -9.5922 -15.9579 0.0002 -15.9579 -0.0006 -15.9579 0 -15.9579 -0.0001 -15.9579 0.0001 -15.9579 -0.0002 -15.9579 0.0001 -15.9579 -0.0002 -15.9579 0 -15.9579 -0 -15.9579 0 -15.9579 -0.0001 
-15.8777 10.747 -15.8777 -10.6601 -15.8777 0.0008 -15.8777 -0.0016 -15.8777 0.0001 -15.8777 -0.0002 -15.8777 0.0002 -15.8777 -0.0005 -15.8777 0.0003 -15.8777 -0.0006 -15.8777 0.0001 -15.8777 -0.0001 -15.8777 0.0001 -15.8777 -0.0002 
-15.7976 10.7218 -15.7976 -10.7659 -15.7976 0.0014 -15.7976 -0.0026 -15.7976 0.0002 -15.7976 -0.0004 -15.7976 0.0004 -15.7976 -0.0008 -15.7976 0.0005 -15.7976 -0.001 -15.7976 0.0001 -15.7976 -0.0001 -15.7976 0.0002 -15.7976 -0.0003 
-15.7174 9.8547 -15.7174 -10.0868 -15.7174 0.0017 -15.7174 -0.0035 -15.7174 0.0003 -15.7174 -0.0006 -15.7174 0.0005 -15.7174 -0.001 -15.7174 0.0006 -15.7174 -0.0014 -15.7174 0.0001 -15.7174 -0.0001 -15.7174 0.0002 -15.7174 -0.0004 
-15.6372 7.8649 -15.6372 -8.3378 -15.6372 0.0016 -15.6372 -0.0035 -15.6372 0.0003 -15.6372 -0.0006 -15.6372 0.0004 -15.6372 -0.001 -15.6372 0.0006 -15.6372 -0.0014 -15.6372 0.0001 -15.6372 -0.0001 -15.6372 0.0002 -15.6372 -0.0004 
-15.5571 5.0917 -15.5571 -5.6566 -15.5571 0.0012 -15.5571 -0.0027 -15.5571 0.0002 -15.5571 -0.0005 -15.5571 0.0003 -15.5571 -0.0007 -15.5571 0.0005 -15.5571 -0.0011 -15.5571 0.0001 -15.5571 -0.0001 -15.5571 0.0001 -15.5571 -0.0003 
-15.4769 2.5578 -15.4769 -2.9924 -15.4769 0.0006 -15.4769 -0.0016 -15.4769 0.0001 -15.4769 -0.0003 -15.4769 0.0002 -15.4769 -0.0004 -15.4769 0.0002 -15.4769 -0.0006 -15.4769 0 -15.4769 -0.0001 -15.4769 0.0001 -15.4769 -0.0002 
-15.3968 0.9744 -15.3968 -1.201 -15.3968 0.0002 -15.3968 -0.0007 -15.3968 0 -15.3968 -0.0001 -15.3968 0.0001 -15.3968 -0.0002 -15.3968 0.0001 -15.3968 -0.0003 -15.3968 0 -15.3968 -0 -15.3968 0 -15.3968 -0.0001 
-15.3166 0.2783 -15.3166 -0.3607 -15.3166 0 -15.3166 -0.0002 -15.3166 0 -15.3166 -0 -15.3166 0 -15.3166 -0.0001 -15.3166 0 -15.3166 -0.0001 -15.3166 0 -15.3166 -0 -15.3166 0 -15.3166 -0 
-15.2364 0.0592 -15.2364 -0.0805 -15.2364 0 -15.2364 -0 -15.2364 0 -15.2364 -0 -15.2364 0 -15.2364 -0 -15.2364 0 -15.2364 -0 -15.2364 0 -15.2364 -0 -15.2364 0 -15.2364 -0 
-15.1563 0.0094 -15.1563 -0.0133 -15.1563 0 -15.1563 -0 -15.1563 0 -15.1563 -0 -15.1563 0 -15.1563 -0 -15.1563 0 -15.1563 -0 -15.1563 0 -15.1563 -0 -15.1563 0 -15.1563 -0 
-15.0761 0.0011 -15.0761 -0.0016 -15.0761 0 -15.0761 -0 -15.0761 0 -15.0761 -0 -15.0761 0 -15.0761 -0 -15.0761 0 -15.0761 -0 -15.0761 0 -15.0761 -0 -15.0761 0 -15.0761 -0 
-14.996 0.0001 -14.996 -0.0001 -14.996 0 -14.996 -0 -14.996 0 -14.996 -0 -14.996 0 -14.996 -0 -14.996 0 -14.996 -0 -14.996 0 -14.996 -0 -14.996 0 -14.996 -0 
-14.9158 0.0 -14.9158 -0 -14.9158 0 -14.9158 -0 -14.9158 0 -14.9158 -0 -14.9158 0 -14.9158 -0 -14.9158 0 -14.9158 -0 -14.9158 0 -14.9158 -0 -14.9158 0 -14.9158 -0 
-14.8356 0.0 -14.8356 -0 -14.8356 0 -14.8356 -0 -14.8356 0 -14.8356 -0 -14.8356 0 -14.8356 -0 -14.8356 0 -14.8356 -0 -14.8356 0 -14.8356 -0 -14.8356 0 -14.8356 -0 
-14.7555 0.0 -14.7555 -0 -14.7555 0 -14.7555 -0 -14.7555 0 -14.7555 -0 -14.7555 0 -14.7555 -0 -14.7555 0 -14.7555 -0 -14.7555 0 -14.7555 -0 -14.7555 0 -14.7555 -0 
-14.6753 0.0 -14.6753 -0 -14.6753 0 -14.6753 -0 -14.6753 0 -14.6753 -0 -14.6753 0 -14.6753 -0 -14.6753 0 -14.6753 -0 -14.6753 0 -14.6753 -0 -14.6753 0 -14.6753 -0 
-14.5952 0.0 -14.5952 -0 -14.5952 0 -14.5952 -0 -14.5952 0 -14.5952 -0 -14.5952 0 -14.5952 -0 -14.5952 0 -14.5952 -0 -14.5952 0 -14.5952 -0 -14.5952 0 -14.5952 -0 
-14.515 0.0 -14.515 -0 -14.515 0 -14.515 -0 -14.515 0 -14.515 -0 -14.515 0 -14.515 -0 -14.515 0 -14.515 -0 -14.515 0 -14.515 -0 -14.515 0 -14.515 -0 
-14.4348 0.0 -14.4348 -0 -14.4348 0 -14.4348 -0 -14.4348 0 -14.4348 -0 -14.4348 0 -14.4348 -0 -14.4348 0 -14.4348 -0 -14.4348 0 -14.4348 -0 -14.4348 0 -14.4348 -0 
-14.3547 0.0 -14.3547 -0 -14.3547 0 -14.3547 -0 -14.3547 0 -14.3547 -0 -14.3547 0 -14.3547 -0 -14.3547 0 -14.3547 -0 -14.3547 0 -14.3547 -0 -14.3547 0 -14.3547 -0 
-14.2745 0.0 -14.2745 -0 -14.2745 0 -14.2745 -0 -14.2745 0 -14.2745 -0 -14.2745 0 -14.2745 -0 -14.2745 0 -14.2745 -0 -14.2745 0 -14.2745 -0 -14.2745 0 -14.2745 -0 
-14.1944 0.0 -14.1944 -0 -14.1944 0 -14.1944 -0 -14.1944 0 -14.1944 -0 -14.1944 0 -14.1944 -0 -14.1944 0 -14.1944 -0 -14.1944 0 -14.1944 -0 -14.1944 0 -14.1944 -0 
-14.1142 0.0 -14.1142 -0 -14.1142 0 -14.1142 -0 -14.1142 0 -14.1142 -0 -14.1142 0 -14.1142 -0 -14.1142 0 -14.1142 -0 -14.1142 0 -14.1142 -0 -14.1142 0 -14.1142 -0 
-14.034 0.0 -14.034 -0 -14.034 0 -14.034 -0 -14.034 0 -14.034 -0 -14.034 0 -14.034 -0 -14.034 0 -14.034 -0 -14.034 0 -14.034 -0 -14.034 0 -14.034 -0 
-13.9539 0.0 -13.9539 -0 -13.9539 0 -13.9539 -0 -13.9539 0 -13.9539 -0 -13.9539 0 -13.9539 -0 -13.9539 0 -13.9539 -0 -13.9539 0 -13.9539 -0 -13.9539 0 -13.9539 -0 
-13.8737 0.0 -13.8737 -0 -13.8737 0 -13.8737 -0 -13.8737 0 -13.8737 -0 -13.8737 0 -13.8737 -0 -13.8737 0 -13.8737 -0 -13.8737 0 -13.8737 -0 -13.8737 0 -13.8737 -0 
-13.7936 0.0 -13.7936 -0 -13.7936 0 -13.7936 -0 -13.7936 0 -13.7936 -0 -13.7936 0 -13.7936 -0 -13.7936 0 -13.7936 -0 -13.7936 0 -13.7936 -0 -13.7936 0 -13.7936 -0 
-13.7134 0.0 -13.7134 -0 -13.7134 0 -13.7134 -0 -13.7134 0 -13.7134 -0 -13.7134 0 -13.7134 -0 -13.7134 0 -13.7134 -0 -13.7134 0 -13.7134 -0 -13.7134 0 -13.7134 -0 
-13.6332 0.0 -13.6332 -0 -13.6332 0 -13.6332 -0 -13.6332 0 -13.6332 -0 -13.6332 0 -13.6332 -0 -13.6332 0 -13.6332 -0 -13.6332 0 -13.6332 -0 -13.6332 0 -13.6332 -0 
-13.5531 0.0 -13.5531 -0 -13.5531 0 -13.5531 -0 -13.5531 0 -13.5531 -0 -13.5531 0 -13.5531 -0 -13.5531 0 -13.5531 -0 -13.5531 0 -13.5531 -0 -13.5531 0 -13.5531 -0 
-13.4729 0.0 -13.4729 -0 -13.4729 0 -13.4729 -0 -13.4729 0 -13.4729 -0 -13.4729 0 -13.4729 -0 -13.4729 0 -13.4729 -0 -13.4729 0 -13.4729 -0 -13.4729 0 -13.4729 -0 
-13.3928 0.0 -13.3928 -0 -13.3928 0 -13.3928 -0 -13.3928 0 -13.3928 -0 -13.3928 0 -13.3928 -0 -13.3928 0 -13.3928 -0 -13.3928 0 -13.3928 -0 -13.3928 0 -13.3928 -0 
-13.3126 0.0 -13.3126 -0 -13.3126 0 -13.3126 -0 -13.3126 0 -13.3126 -0 -13.3126 0 -13.3126 -0 -13.3126 0 -13.3126 -0 -13.3126 0 -13.3126 -0 -13.3126 0 -13.3126 -0 
-13.2324 0.0 -13.2324 -0 -13.2324 0 -13.2324 -0 -13.2324 0 -13.2324 -0 -13.2324 0 -13.2324 -0 -13.2324 0 -13.2324 -0 -13.2324 0 -13.2324 -0 -13.2324 0 -13.2324 -0 
-13.1523 0.0 -13.1523 -0 -13.1523 0 -13.1523 -0 -13.1523 0 -13.1523 -0 -13.1523 0 -13.1523 -0 -13.1523 0 -13.1523 -0 -13.1523 0 -13.1523 -0 -13.1523 0 -13.1523 -0 
-13.0721 0.0 -13.0721 -0 -13.0721 0 -13.0721 -0 -13.0721 0 -13.0721 -0 -13.0721 0 -13.0721 -0 -13.0721 0 -13.0721 -0 -13.0721 0 -13.0721 -0 -13.0721 0 -13.0721 -0 
-12.992 0.0 -12.992 -0 -12.992 0 -12.992 -0 -12.992 0 -12.992 -0 -12.992 0 -12.992 -0 -12.992 0 -12.992 -0 -12.992 0 -12.992 -0 -12.992 0 -12.992 -0 
-12.9118 0.0 -12.9118 -0 -12.9118 0 -12.9118 -0 -12.9118 0 -12.9118 -0 -12.9118 0 -12.9118 -0 -12.9118 0 -12.9118 -0 -12.9118 0 -12.9118 -0 -12.9118 0 -12.9118 -0 
-12.8316 0.0 -12.8316 -0 -12.8316 0 -12.8316 -0 -12.8316 0 -12.8316 -0 -12.8316 0 -12.8316 -0 -12.8316 0 -12.8316 -0 -12.8316 0 -12.8316 -0 -12.8316 0 -12.8316 -0 
-12.7515 0.0 -12.7515 -0 -12.7515 0 -12.7515 -0 -12.7515 0 -12.7515 -0 -12.7515 0 -12.7515 -0 -12.7515 0 -12.7515 -0 -12.7515 0 -12.7515 -0 -12.7515 0 -12.7515 -0 
-12.6713 0.0 -12.6713 -0 -12.6713 0 -12.6713 -0 -12.6713 0 -12.6713 -0 -12.6713 0 -12.6713 -0 -12.6713 0 -12.6713 -0 -12.6713 0 -12.6713 -0 -12.6713 0 -12.6713 -0 
-12.5912 0.0 -12.5912 -0 -12.5912 0 -12.5912 -0 -12.5912 0 -12.5912 -0 -12.5912 0 -12.5912 -0 -12.5912 0 -12.5912 -0 -12.5912 0 -12.5912 -0 -12.5912 0 -12.5912 -0 
-12.511 0.0 -12.511 -0 -12.511 0 -12.511 -0 -12.511 0 -12.511 -0 -12.511 0 -12.511 -0 -12.511 0 -12.511 -0 -12.511 0 -12.511 -0 -12.511 0 -12.511 -0 
-12.4308 0.0 -12.4308 -0 -12.4308 0 -12.4308 -0 -12.4308 0 -12.4308 -0 -12.4308 0 -12.4308 -0 -12.4308 0 -12.4308 -0 -12.4308 0 -12.4308 -0 -12.4308 0 -12.4308 -0 
-12.3507 0.0 -12.3507 -0 -12.3507 0 -12.3507 -0 -12.3507 0 -12.3507 -0 -12.3507 0 -12.3507 -0 -12.3507 0 -12.3507 -0 -12.3507 0 -12.3507 -0 -12.3507 0 -12.3507 -0 
-12.2705 0.0 -12.2705 -0 -12.2705 0 -12.2705 -0 -12.2705 0 -12.2705 -0 -12.2705 0 -12.2705 -0 -12.2705 0 -12.2705 -0 -12.2705 0 -12.2705 -0 -12.2705 0 -12.2705 -0 
-12.1904 0.0 -12.1904 -0 -12.1904 0 -12.1904 -0 -12.1904 0 -12.1904 -0 -12.1904 0 -12.1904 -0 -12.1904 0 -12.1904 -0 -12.1904 0 -12.1904 -0 -12.1904 0 -12.1904 -0 
-12.1102 0.0 -12.1102 -0 -12.1102 0 -12.1102 -0 -12.1102 0 -12.1102 -0 -12.1102 0 -12.1102 -0 -12.1102 0 -12.1102 -0 -12.1102 0 -12.1102 -0 -12.1102 0 -12.1102 -0 
-12.03 0.0 -12.03 -0 -12.03 0 -12.03 -0 -12.03 0 -12.03 -0 -12.03 0 -12.03 -0 -12.03 0 -12.03 -0 -12.03 0 -12.03 -0 -12.03 0 -12.03 -0 
-11.9499 0.0 -11.9499 -0 -11.9499 0 -11.9499 -0 -11.9499 0 -11.9499 -0 -11.9499 0 -11.9499 -0 -11.9499 0 -11.9499 -0 -11.9499 0 -11.9499 -0 -11.9499 0 -11.9499 -0 
-11.8697 0.0 -11.8697 -0 -11.8697 0 -11.8697 -0 -11.8697 0 -11.8697 -0 -11.8697 0 -11.8697 -0 -11.8697 0 -11.8697 -0 -11.8697 0 -11.8697 -0 -11.8697 0 -11.8697 -0 
-11.7895 0.0 -11.7895 -0 -11.7895 0 -11.7895 -0 -11.7895 0 -11.7895 -0 -11.7895 0 -11.7895 -0 -11.7895 0 -11.7895 -0 -11.7895 0 -11.7895 -0 -11.7895 0 -11.7895 -0 
-11.7094 0.0 -11.7094 -0 -11.7094 0 -11.7094 -0 -11.7094 0 -11.7094 -0 -11.7094 0 -11.7094 -0 -11.7094 0 -11.7094 -0 -11.7094 0 -11.7094 -0 -11.7094 0 -11.7094 -0 
-11.6292 0.0 -11.6292 -0 -11.6292 0 -11.6292 -0 -11.6292 0 -11.6292 -0 -11.6292 0 -11.6292 -0 -11.6292 0 -11.6292 -0 -11.6292 0 -11.6292 -0 -11.6292 0 -11.6292 -0 
-11.5491 0.0 -11.5491 -0 -11.5491 0 -11.5491 -0 -11.5491 0 -11.5491 -0 -11.5491 0 -11.5491 -0 -11.5491 0 -11.5491 -0 -11.5491 0 -11.5491 -0 -11.5491 0 -11.5491 -0 
-11.4689 0.0 -11.4689 -0 -11.4689 0 -11.4689 -0 -11.4689 0 -11.4689 -0 -11.4689 0 -11.4689 -0 -11.4689 0 -11.4689 -0 -11.4689 0 -11.4689 -0 -11.4689 0 -11.4689 -0 
-11.3887 0.0 -11.3887 -0 -11.3887 0 -11.3887 -0 -11.3887 0 -11.3887 -0 -11.3887 0 -11.3887 -0 -11.3887 0 -11.3887 -0 -11.3887 0 -11.3887 -0 -11.3887 0 -11.3887 -0 
-11.3086 0.0 -11.3086 -0 -11.3086 0 -11.3086 -0 -11.3086 0 -11.3086 -0 -11.3086 0 -11.3086 -0 -11.3086 0 -11.3086 -0 -11.3086 0 -11.3086 -0 -11.3086 0 -11.3086 -0 
-11.2284 0.0 -11.2284 -0 -11.2284 0 -11.2284 -0 -11.2284 0 -11.2284 -0 -11.2284 0 -11.2284 -0 -11.2284 0 -11.2284 -0 -11.2284 0 -11.2284 -0 -11.2284 0 -11.2284 -0 
-11.1483 0.0 -11.1483 -0 -11.1483 0 -11.1483 -0 -11.1483 0 -11.1483 -0 -11.1483 0 -11.1483 -0 -11.1483 0 -11.1483 -0 -11.1483 0 -11.1483 -0 -11.1483 0 -11.1483 -0 
-11.0681 0.0 -11.0681 -0 -11.0681 0 -11.0681 -0 -11.0681 0 -11.0681 -0 -11.0681 0 -11.0681 -0 -11.0681 0 -11.0681 -0 -11.0681 0 -11.0681 -0 -11.0681 0 -11.0681 -0 
-10.9879 0.0 -10.9879 -0 -10.9879 0 -10.9879 -0 -10.9879 0 -10.9879 -0 -10.9879 0 -10.9879 -0 -10.9879 0 -10.9879 -0 -10.9879 0 -10.9879 -0 -10.9879 0 -10.9879 -0 
-10.9078 0.0 -10.9078 -0 -10.9078 0 -10.9078 -0 -10.9078 0 -10.9078 -0 -10.9078 0 -10.9078 -0 -10.9078 0 -10.9078 -0 -10.9078 0 -10.9078 -0 -10.9078 0 -10.9078 -0 
-10.8276 0.0 -10.8276 -0 -10.8276 0 -10.8276 -0 -10.8276 0 -10.8276 -0 -10.8276 0 -10.8276 -0 -10.8276 0 -10.8276 -0 -10.8276 0 -10.8276 -0 -10.8276 0 -10.8276 -0 
-10.7475 0.0 -10.7475 -0 -10.7475 0 -10.7475 -0 -10.7475 0 -10.7475 -0 -10.7475 0 -10.7475 -0 -10.7475 0 -10.7475 -0 -10.7475 0 -10.7475 -0 -10.7475 0 -10.7475 -0 
-10.6673 0.0 -10.6673 -0 -10.6673 0 -10.6673 -0 -10.6673 0 -10.6673 -0 -10.6673 0 -10.6673 -0 -10.6673 0 -10.6673 -0 -10.6673 0 -10.6673 -0 -10.6673 0 -10.6673 -0 
-10.5871 0.0 -10.5871 -0 -10.5871 0 -10.5871 -0 -10.5871 0 -10.5871 -0 -10.5871 0 -10.5871 -0 -10.5871 0 -10.5871 -0 -10.5871 0 -10.5871 -0 -10.5871 0 -10.5871 -0 
-10.507 0.0 -10.507 -0 -10.507 0 -10.507 -0 -10.507 0 -10.507 -0 -10.507 0 -10.507 -0 -10.507 0 -10.507 -0 -10.507 0 -10.507 -0 -10.507 0 -10.507 -0 
-10.4268 0.0001 -10.4268 -0 -10.4268 0 -10.4268 -0 -10.4268 0 -10.4268 -0 -10.4268 0 -10.4268 -0 -10.4268 0 -10.4268 -0 -10.4268 0 -10.4268 -0 -10.4268 0 -10.4268 -0 
-10.3467 0.0008 -10.3467 -0 -10.3467 0 -10.3467 -0 -10.3467 0 -10.3467 -0 -10.3467 0 -10.3467 -0 -10.3467 0 -10.3467 -0 -10.3467 0 -10.3467 -0 -10.3467 0 -10.3467 -0 
-10.2665 0.0055 -10.2665 -0 -10.2665 0 -10.2665 -0 -10.2665 0 -10.2665 -0 -10.2665 0 -10.2665 -0 -10.2665 0 -10.2665 -0 -10.2665 0 -10.2665 -0 -10.2665 0 -10.2665 -0 
-10.1863 0.0284 -10.1863 -0 -10.1863 0 -10.1863 -0 -10.1863 0 -10.1863 -0 -10.1863 0 -10.1863 -0 -10.1863 0 -10.1863 -0 -10.1863 0 -10.1863 -0 -10.1863 0 -10.1863 -0 
-10.1062 0.1142 -10.1062 -0 -10.1062 0 -10.1062 -0 -10.1062 0 -10.1062 -0 -10.1062 0 -10.1062 -0 -10.1062 0 -10.1062 -0 -10.1062 0 -10.1062 -0 -10.1062 0 -10.1062 -0 
-10.026 0.362 -10.026 -0.0004 -10.026 0 -10.026 -0 -10.026 0 -10.026 -0 -10.026 0 -10.026 -0 -10.026 0 -10.026 -0 -10.026 0 -10.026 -0 -10.026 0 -10.026 -0 
-9.94589 0.9318 -9.94589 -0.0036 -9.94589 0 -9.94589 -0 -9.94589 0 -9.94589 -0 -9.94589 0 -9.94589 -0 -9.94589 0 -9.94589 -0 -9.94589 0 -9.94589 -0 -9.94589 0 -9.94589 -0 
-9.86569 2.024 -9.86569 -0.023 -9.86569 0 -9.86569 -0 -9.86569 0 -9.86569 -0 -9.86569 0 -9.86569 -0 -9.86569 0 -9.86569 -0 -9.86569 0 -9.86569 -0 -9.86569 0 -9.86569 -0 
-9.78549 3.8641 -9.78549 -0.112 -9.78549 0 -9.78549 -0 -9.78549 0 -9.78549 -0 -9.78549 0 -9.78549 -0 -9.78549 0 -9.78549 -0 -9.78549 0 -9.78549 -0 -9.78549 0 -9.78549 -0 
-9.70539 6.678 -9.70539 -0.4199 -9.70539 0.0003 -9.70539 -0 -9.70539 0.0001 -9.70539 -0 -9.70539 0.0001 -9.70539 -0 -9.70539 0.0001 -9.70539 -0 -9.70539 0 -9.70539 -0 -9.70539 0 -9.70539 -0 
-9.62519 10.5219 -9.62519 -1.2341 -9.62519 0.0004 -9.62519 -0 -9.62519 0.0001 -9.62519 -0 -9.62519 0.0001 -9.62519 -0 -9.62519 0.0001 -9.62519 -0 -9.62519 0 -9.62519 -0 -9.62519 0.0001 -9.62519 -0 
-9.54509 14.9933 -9.54509 -2.9054 -9.54509 0.0006 -9.54509 -0.0001 -9.54509 0.0001 -9.54509 -0.0001 -9.54509 0.0001 -9.54509 -0 -9.54509 0.0002 -9.54509 -0 -9.54509 0.0001 -9.54509 -0 -9.54509 0.0001 -9.54509 -0 
-9.46489 19.2936 -9.46489 -5.6404 -9.46489 0.001 -9.46489 -0.0005 -9.46489 0.0002 -9.46489 -0.0001 -9.46489 0.0002 -9.46489 -0.0001 -9.46489 0.0002 -9.46489 -0.0001 -9.46489 0.0002 -9.46489 -0.0001 -9.46489 0.0002 -9.46489 -0.0001 
-9.38469 22.9325 -9.38469 -9.3621 -9.38469 0.0015 -9.38469 -0.0009 -9.38469 0.0003 -9.38469 -0.0003 -9.38469 0.0003 -9.38469 -0.0001 -9.38469 0.0003 -9.38469 -0.0002 -9.38469 0.0003 -9.38469 -0.0001 -9.38469 0.0003 -9.38469 -0.0002 
-9.30459 26.3033 -9.30459 -13.7877 -9.30459 0.0023 -9.30459 -0.0021 -9.30459 0.0005 -9.30459 -0.0007 -9.30459 0.0004 -9.30459 -0.0002 -9.30459 0.0005 -9.30459 -0.0004 -9.30459 0.0005 -9.30459 -0.0003 -9.30459 0.0004 -9.30459 -0.0005 
-9.22439 30.18 -9.22439 -18.4792 -9.22439 0.0036 -9.22439 -0.0035 -9.22439 0.0007 -9.22439 -0.0012 -9.22439 0.0006 -9.22439 -0.0004 -9.22439 0.0008 -9.22439 -0.0006 -9.22439 0.0009 -9.22439 -0.0005 -9.22439 0.0006 -9.22439 -0.0008 
-9.14429 34.6527 -9.14429 -22.6827 -9.14429 0.0059 -9.14429 -0.0053 -9.14429 0.0012 -9.14429 -0.0018 -9.14429 0.0009 -9.14429 -0.0006 -9.14429 0.0012 -9.14429 -0.001 -9.14429 0.0015 -9.14429 -0.0007 -9.14429 0.0011 -9.14429 -0.0012 
-9.06409 38.805 -9.06409 -25.4109 -9.06409 0.0082 -9.06409 -0.0066 -9.06409 0.0016 -9.06409 -0.0023 -9.06409 0.0013 -9.06409 -0.0008 -9.06409 0.0016 -9.06409 -0.0012 -9.06409 0.0022 -9.06409 -0.0007 -9.06409 0.0015 -9.06409 -0.0016 
-8.98389 41.4688 -8.98389 -26.0843 -8.98389 0.0101 -8.98389 -0.0068 -8.98389 0.0018 -8.98389 -0.0024 -8.98389 0.0018 -8.98389 -0.0008 -8.98389 0.0019 -8.98389 -0.0012 -8.98389 0.0027 -8.98389 -0.0006 -8.98389 0.0019 -8.98389 -0.0018 
-8.90379 42.275 -8.90379 -25.0163 -8.90379 0.0114 -8.90379 -0.0059 -8.90379 0.0019 -8.90379 -0.0022 -8.90379 0.0023 -8.90379 -0.0007 -8.90379 0.0022 -8.90379 -0.0009 -8.90379 0.0029 -8.90379 -0.0004 -8.90379 0.0021 -8.90379 -0.0017 
-8.82359 41.9656 -8.82359 -23.0648 -8.82359 0.013 -8.82359 -0.0046 -8.82359 0.0019 -8.82359 -0.0018 -8.82359 0.0031 -8.82359 -0.0004 -8.82359 0.0028 -8.82359 -0.0006 -8.82359 0.0029 -8.82359 -0.0002 -8.82359 0.0023 -8.82359 -0.0016 
-8.74349 41.6388 -8.74349 -20.8902 -8.74349 0.0159 -8.74349 -0.0038 -8.74349 0.0025 -8.74349 -0.0016 -8.74349 0.004 -8.74349 -0.0003 -8.74349 0.0035 -8.74349 -0.0003 -8.74349 0.0029 -8.74349 -0.0001 -8.74349 0.003 -8.74349 -0.0015 
-8.66329 41.7991 -8.66329 -18.5664 -8.66329 0.0211 -8.66329 -0.0033 -8.66329 0.0039 -8.66329 -0.0015 -8.66329 0.0051 -8.66329 -0.0002 -8.66329 0.0045 -8.66329 -0.0002 -8.66329 0.0029 -8.66329 -0 -8.66329 0.0047 -8.66329 -0.0014 
-8.58309 42.1592 -8.58309 -15.9113 -8.58309 0.0281 -8.58309 -0.0027 -8.58309 0.0061 -8.58309 -0.0013 -8.58309 0.0064 -8.58309 -0.0001 -8.58309 0.0057 -8.58309 -0.0001 -8.58309 0.0028 -8.58309 -0 -8.58309 0.0071 -8.58309 -0.0012 
-8.50299 42.0594 -8.50299 -13.3318 -8.50299 0.0335 -8.50299 -0.0025 -8.50299 0.0082 -8.50299 -0.0012 -8.50299 0.0072 -8.50299 -0.0001 -8.50299 0.0064 -8.50299 -0.0001 -8.50299 0.0025 -8.50299 -0.0001 -8.50299 0.0092 -8.50299 -0.001 
-8.42279 41.0217 -8.42279 -12.0064 -8.42279 0.0349 -8.42279 -0.0031 -8.42279 0.0096 -8.42279 -0.0016 -8.42279 0.0067 -8.42279 -0.0001 -8.42279 0.0063 -8.42279 -0.0001 -8.42279 0.0023 -8.42279 -0.0001 -8.42279 0.01 -8.42279 -0.0012 
-8.34269 39.2726 -8.34269 -12.6796 -8.34269 0.0333 -8.34269 -0.006 -8.34269 0.0104 -8.34269 -0.0031 -8.34269 0.0055 -8.34269 -0.0001 -8.34269 0.0054 -8.34269 -0.0002 -8.34269 0.0023 -8.34269 -0.0002 -8.34269 0.0097 -8.34269 -0.0024 
-8.26249 37.8364 -8.26249 -14.5198 -8.26249 0.0311 -8.26249 -0.0121 -8.26249 0.0107 -8.26249 -0.0061 -8.26249 0.0041 -8.26249 -0.0002 -8.26249 0.0045 -8.26249 -0.0003 -8.26249 0.0027 -8.26249 -0.0003 -8.26249 0.0091 -8.26249 -0.0052 
-8.18229 37.7542 -8.18229 -15.7176 -8.18229 0.0295 -8.18229 -0.0209 -8.18229 0.0104 -8.18229 -0.0101 -8.18229 0.0032 -8.18229 -0.0002 -8.18229 0.0038 -8.18229 -0.0003 -8.18229 0.0037 -8.18229 -0.0006 -8.18229 0.0084 -8.18229 -0.0097 
-8.10219 38.9732 -8.10219 -15.1766 -8.10219 0.0286 -8.10219 -0.0302 -8.10219 0.009 -8.10219 -0.0134 -8.10219 0.0027 -8.10219 -0.0003 -8.10219 0.0033 -8.10219 -0.0004 -8.10219 0.0062 -8.10219 -0.0016 -8.10219 0.0074 -8.10219 -0.0145 
-8.02199 40.2031 -8.02199 -13.4124 -8.02199 0.0296 -8.02199 -0.0376 -8.02199 0.0069 -8.02199 -0.0142 -8.02199 0.0024 -8.02199 -0.0005 -8.02199 0.003 -8.02199 -0.0007 -8.02199 0.0112 -8.02199 -0.0052 -8.02199 0.0061 -8.02199 -0.017 
-7.94189 39.9917 -7.94189 -11.8469 -7.94189 0.0329 -7.94189 -0.0449 -7.94189 0.005 -7.94189 -0.012 -7.94189 0.0023 -7.94189 -0.0017 -7.94189 0.0028 -7.94189 -0.0022 -7.94189 0.0179 -7.94189 -0.0136 -7.94189 0.0049 -7.94189 -0.0154 
-7.86169 37.6948 -7.86169 -11.3947 -7.86169 0.0361 -7.86169 -0.0605 -7.86169 0.0038 -7.86169 -0.0084 -7.86169 0.0025 -7.86169 -0.0059 -7.86169 0.0028 -7.86169 -0.0075 -7.86169 0.0228 -7.86169 -0.0277 -7.86169 0.0042 -7.86169 -0.011 
-7.78149 33.5704 -7.78149 -12.0092 -7.78149 0.0364 -7.78149 -0.0944 -7.78149 0.0032 -7.78149 -0.0064 -7.78149 0.0034 -7.78149 -0.0173 -7.78149 0.0034 -7.78149 -0.0209 -7.78149 0.0223 -7.78149 -0.0425 -7.78149 0.0041 -7.78149 -0.0073 
-7.70139 28.5301 -7.70139 -13.4308 -7.70139 0.0347 -7.70139 -0.1488 -7.70139 0.0032 -7.70139 -0.0094 -7.70139 0.0055 -7.70139 -0.0381 -7.70139 0.0051 -7.70139 -0.0446 -7.70139 0.0164 -7.70139 -0.0488 -7.70139 0.0045 -7.70139 -0.0079 
-7.62119 23.8189 -7.62119 -15.3496 -7.62119 0.0351 -7.62119 -0.2209 -7.62119 0.0035 -7.62119 -0.0252 -7.62119 0.009 -7.62119 -0.0634 -7.62119 0.0083 -7.62119 -0.0727 -7.62119 0.0092 -7.62119 -0.0418 -7.62119 0.0051 -7.62119 -0.0178 
-7.54109 20.3418 -7.54109 -16.6 -7.54109 0.0387 -7.54109 -0.326 -7.54109 0.0038 -7.54109 -0.0729 -7.54109 0.0132 -7.54109 -0.0824 -7.54109 0.0122 -7.54109 -0.0948 -7.54109 0.0041 -7.54109 -0.0271 -7.54109 0.0054 -7.54109 -0.0488 
-7.46089 17.8816 -7.46089 -15.6715 -7.46089 0.041 -7.46089 -0.5172 -7.46089 0.0039 -7.46089 -0.1817 -7.46089 0.0157 -7.46089 -0.0912 -7.46089 0.0145 -7.46089 -0.1103 -7.46089 0.0017 -7.46089 -0.0136 -7.46089 0.0052 -7.46089 -0.1204 
-7.38069 15.4182 -7.38069 -12.6142 -7.38069 0.0376 -7.38069 -0.8476 -7.38069 0.0037 -7.38069 -0.364 -7.38069 0.0148 -7.38069 -0.0983 -7.38069 0.0135 -7.38069 -0.1291 -7.38069 0.0009 -7.38069 -0.0061 -7.38069 0.0047 -7.38069 -0.2501 
-7.30059 12.5778 -7.30059 -9.2346 -7.30059 0.0292 -7.30059 -1.3054 -7.30059 0.0033 -7.30059 -0.5894 -7.30059 0.0111 -7.30059 -0.1127 -7.30059 0.01 -7.30059 -0.1535 -7.30059 0.0006 -7.30059 -0.0034 -7.30059 0.0042 -7.30059 -0.4464 
-7.22039 9.9178 -7.22039 -7.2128 -7.22039 0.0208 -7.22039 -1.8383 -7.22039 0.0031 -7.22039 -0.8118 -7.22039 0.0071 -7.22039 -0.1347 -7.22039 0.0061 -7.22039 -0.1718 -7.22039 0.0006 -7.22039 -0.0029 -7.22039 0.0039 -7.22039 -0.7171 
-7.14029 7.6494 -7.14029 -6.8881 -7.14029 0.0141 -7.14029 -2.3825 -7.14029 0.0027 -7.14029 -1.0046 -7.14029 0.0041 -7.14029 -0.1588 -7.14029 0.0034 -7.14029 -0.1759 -7.14029 0.0005 -7.14029 -0.0033 -7.14029 0.0034 -7.14029 -1.0399 
-7.06009 5.391 -7.06009 -7.5223 -7.06009 0.0092 -7.06009 -2.7495 -7.06009 0.0021 -7.06009 -1.1163 -7.06009 0.0023 -7.06009 -0.1738 -7.06009 0.0019 -7.06009 -0.1668 -7.06009 0.0004 -7.06009 -0.0047 -7.06009 0.0025 -7.06009 -1.2879 
-6.97989 3.1778 -6.97989 -8.1007 -6.97989 0.0052 -6.97989 -2.6589 -6.97989 0.0012 -6.97989 -1.0577 -6.97989 0.0012 -6.97989 -0.1664 -6.97989 0.001 -6.97989 -0.1469 -6.97989 0.0003 -6.97989 -0.0079 -6.97989 0.0015 -6.97989 -1.28 
-6.89979 1.5647 -6.89979 -8.2096 -6.89979 0.0024 -6.89979 -2.0991 -6.89979 0.0006 -6.89979 -0.8206 -6.89979 0.0005 -6.89979 -0.1434 -6.89979 0.0004 -6.89979 -0.1295 -6.89979 0.0003 -6.89979 -0.0143 -6.89979 0.0006 -6.89979 -0.9913 
-6.81959 0.8572 -6.81959 -8.3109 -6.81959 0.0012 -6.81959 -1.4854 -6.81959 0.0002 -6.81959 -0.5393 -6.81959 0.0002 -6.81959 -0.149 -6.81959 0.0002 -6.81959 -0.1564 -6.81959 0.0004 -6.81959 -0.0253 -6.81959 0.0002 -6.81959 -0.6154 
-6.73939 0.9084 -6.73939 -9.0775 -6.73939 0.001 -6.73939 -1.3137 -6.73939 0.0001 -6.73939 -0.3639 -6.73939 0.0001 -6.73939 -0.2543 -6.73939 0.0001 -6.73939 -0.2936 -6.73939 0.0006 -6.73939 -0.0409 -6.73939 0.0001 -6.73939 -0.361 
-6.65929 1.5004 -6.65929 -10.6582 -6.65929 0.0014 -6.65929 -1.7853 -6.65929 0.0001 -6.65929 -0.332 -6.65929 0.0001 -6.65929 -0.5226 -6.65929 0.0002 -6.65929 -0.589 -6.65929 0.0009 -6.65929 -0.0594 -6.65929 0.0001 -6.65929 -0.2823 
-6.57909 2.5937 -6.57909 -12.5083 -6.57909 0.0023 -6.57909 -2.6883 -6.57909 0.0003 -6.57909 -0.3749 -6.57909 0.0002 -6.57909 -0.935 -6.57909 0.0004 -6.57909 -0.9904 -6.57909 0.0012 -6.57909 -0.0793 -6.57909 0.0002 -6.57909 -0.3087 
-6.49899 4.2618 -6.49899 -13.7157 -6.49899 0.0039 -6.49899 -3.4645 -6.49899 0.0006 -6.49899 -0.3959 -6.49899 0.0005 -6.49899 -1.3189 -6.49899 0.0008 -6.49899 -1.3047 -6.49899 0.0016 -6.49899 -0.1035 -6.49899 0.0004 -6.49899 -0.3415 
-6.41879 6.5012 -6.41879 -13.7199 -6.41879 0.0062 -6.41879 -3.5571 -6.41879 0.0011 -6.41879 -0.3434 -6.41879 0.0009 -6.41879 -1.4301 -6.41879 0.0015 -6.41879 -1.3242 -6.41879 0.0019 -6.41879 -0.1419 -6.41879 0.0008 -6.41879 -0.3175 
-6.33859 9.114 -6.33859 -12.8743 -6.33859 0.0099 -6.33859 -2.8957 -6.33859 0.0021 -6.33859 -0.2378 -6.33859 0.0015 -6.33859 -1.1845 -6.33859 0.0023 -6.33859 -1.0336 -6.33859 0.0025 -6.33859 -0.2041 -6.33859 0.0015 -6.33859 -0.2357 
-6.25849 11.7281 -6.25849 -12.0595 -6.25849 0.0149 -6.25849 -1.935 -6.25849 0.0037 -6.25849 -0.1339 -6.25849 0.0021 -6.25849 -0.7524 -6.25849 0.0033 -6.25849 -0.6266 -6.25849 0.0033 -6.25849 -0.2823 -6.25849 0.0025 -6.25849 -0.1398 
-6.17829 13.899 -6.17829 -11.7605 -6.17829 0.0213 -6.17829 -1.1581 -6.17829 0.0057 -6.17829 -0.0659 -6.17829 0.0027 -6.17829 -0.374 -6.17829 0.0043 -6.17829 -0.3048 -6.17829 0.0047 -6.17829 -0.3439 -6.17829 0.0039 -6.17829 -0.0695 
-6.09819 15.3396 -6.09819 -11.8183 -6.09819 0.0299 -6.09819 -0.7056 -6.09819 0.0083 -6.09819 -0.0333 -6.09819 0.0033 -6.09819 -0.1553 -6.09819 0.0053 -6.09819 -0.1308 -6.09819 0.0071 -6.09819 -0.353 -6.09819 0.0059 -6.09819 -0.0332 
-6.01799 16.2822 -6.01799 -11.9368 -6.01799 0.0426 -6.01799 -0.4741 -6.01799 0.0116 -6.01799 -0.0214 -6.01799 0.0043 -6.01799 -0.0652 -6.01799 0.0066 -6.01799 -0.0623 -6.01799 0.0117 -6.01799 -0.3061 -6.01799 0.0084 -6.01799 -0.0191 
-5.93779 17.4364 -5.93779 -12.0232 -5.93779 0.0601 -5.93779 -0.352 -5.93779 0.0153 -5.93779 -0.0182 -5.93779 0.0055 -5.93779 -0.0389 -5.93779 0.0083 -5.93779 -0.0432 -5.93779 0.0195 -5.93779 -0.2367 -5.93779 0.0115 -5.93779 -0.015 
-5.85769 19.1486 -5.85769 -12.1076 -5.85769 0.079 -5.85769 -0.2946 -5.85769 0.0183 -5.85769 -0.0178 -5.85769 0.0068 -5.85769 -0.0359 -5.85769 0.0099 -5.85769 -0.043 -5.85769 0.0296 -5.85769 -0.1836 -5.85769 0.0144 -5.85769 -0.0143 
-5.77749 20.7485 -5.77749 -12.3186 -5.77749 0.0924 -5.77749 -0.2871 -5.77749 0.0193 -5.77749 -0.0176 -5.77749 0.0074 -5.77749 -0.0403 -5.77749 0.0104 -5.77749 -0.0502 -5.77749 0.0388 -5.77749 -0.1645 -5.77749 0.0165 -5.77749 -0.0145 
-5.69739 21.241 -5.69739 -12.9441 -5.69739 0.096 -5.69739 -0.3134 -5.69739 0.0182 -5.69739 -0.0172 -5.69739 0.0072 -5.69739 -0.0463 -5.69739 0.0096 -5.69739 -0.0591 -5.69739 0.0436 -5.69739 -0.1752 -5.69739 0.0174 -5.69739 -0.0156 
-5.61719 20.5162 -5.61719 -14.2021 -5.61719 0.0925 -5.61719 -0.3493 -5.61719 0.0167 -5.61719 -0.0176 -5.61719 0.0065 -5.61719 -0.05 -5.61719 0.0081 -5.61719 -0.0647 -5.61719 0.0436 -5.61719 -0.1984 -5.61719 0.0176 -5.61719 -0.0186 
-5.53699 19.4007 -5.53699 -15.9437 -5.53699 0.0894 -5.53699 -0.3708 -5.53699 0.0167 -5.53699 -0.02 -5.53699 0.0059 -5.53699 -0.0494 -5.53699 0.0069 -5.53699 -0.0641 -5.53699 0.0419 -5.53699 -0.2133 -5.53699 0.018 -5.53699 -0.024 
-5.45689 18.643 -5.45689 -17.8352 -5.45689 0.0939 -5.45689 -0.3685 -5.45689 0.0192 -5.45689 -0.0244 -5.45689 0.0057 -5.45689 -0.0455 -5.45689 0.0064 -5.45689 -0.0583 -5.45689 0.0431 -5.45689 -0.2094 -5.45689 0.0195 -5.45689 -0.0309 
-5.37669 18.2865 -5.37669 -19.722 -5.37669 0.1096 -5.37669 -0.3545 -5.37669 0.0241 -5.37669 -0.03 -5.37669 0.0062 -5.37669 -0.042 -5.37669 0.0072 -5.37669 -0.0518 -5.37669 0.0493 -5.37669 -0.1929 -5.37669 0.0228 -5.37669 -0.0378 
-5.29659 17.9981 -5.29659 -21.4704 -5.29659 0.1347 -5.29659 -0.3499 -5.29659 0.03 -5.29659 -0.0359 -5.29659 0.0074 -5.29659 -0.0425 -5.29659 0.0097 -5.29659 -0.0492 -5.29659 0.0603 -5.29659 -0.1786 -5.29659 0.0273 -5.29659 -0.0437 
-5.21639 17.585 -5.21639 -22.6359 -5.21639 0.1645 -5.21639 -0.3706 -5.21639 0.0349 -5.21639 -0.0409 -5.21639 0.0094 -5.21639 -0.049 -5.21639 0.014 -5.21639 -0.0528 -5.21639 0.0745 -5.21639 -0.18 -5.21639 0.0317 -5.21639 -0.0479 
-5.13619 17.0252 -5.13619 -22.7642 -5.13619 0.1907 -5.13619 -0.4208 -5.13619 0.0372 -5.13619 -0.0442 -5.13619 0.0121 -5.13619 -0.0606 -5.13619 0.0193 -5.13619 -0.0612 -5.13619 0.088 -5.13619 -0.2047 -5.13619 0.0341 -5.13619 -0.0501 
-5.05609 16.3445 -5.05609 -21.9218 -5.05609 0.2028 -5.05609 -0.4848 -5.05609 0.0359 -5.05609 -0.0454 -5.05609 0.0146 -5.05609 -0.073 -5.05609 0.0239 -5.05609 -0.0701 -5.05609 0.0949 -5.05609 -0.2463 -5.05609 0.0335 -5.05609 -0.05 
-4.97589 15.803 -4.97589 -20.6345 -4.97589 0.1974 -4.97589 -0.5264 -4.97589 0.0318 -4.97589 -0.0448 -4.97589 0.0161 -4.97589 -0.0793 -4.97589 0.0262 -4.97589 -0.0737 -4.97589 0.0929 -4.97589 -0.2815 -4.97589 0.0304 -4.97589 -0.0471 
-4.89579 16.0131 -4.89579 -19.5646 -4.89579 0.1852 -4.89579 -0.5171 -4.89579 0.0274 -4.89579 -0.0426 -4.89579 0.0172 -4.89579 -0.0744 -4.89579 0.0269 -4.89579 -0.0689 -4.89579 0.087 -4.89579 -0.2897 -4.89579 0.0267 -4.89579 -0.0415 
-4.81559 17.4329 -4.81559 -19.4168 -4.81559 0.1822 -4.81559 -0.4679 -4.81559 0.0253 -4.81559 -0.04 -4.81559 0.0192 -4.81559 -0.0606 -4.81559 0.0277 -4.81559 -0.0583 -4.81559 0.0856 -4.81559 -0.2734 -4.81559 0.0244 -4.81559 -0.0356 
-4.73539 19.6799 -4.73539 -20.6611 -4.73539 0.1968 -4.73539 -0.4146 -4.73539 0.0268 -4.73539 -0.0389 -4.73539 0.0232 -4.73539 -0.0449 -4.73539 0.03 -4.73539 -0.0473 -4.73539 0.0922 -4.73539 -0.2513 -4.73539 0.0246 -4.73539 -0.0322 
-4.65529 21.7182 -4.65529 -23.0347 -4.65529 0.2226 -4.65529 -0.384 -4.65529 0.0312 -4.65529 -0.0402 -4.65529 0.0285 -4.65529 -0.0336 -4.65529 0.0333 -4.65529 -0.0391 -4.65529 0.1024 -4.65529 -0.2387 -4.65529 0.0272 -4.65529 -0.0324 
-4.57509 22.8805 -4.57509 -25.6643 -4.57509 0.2492 -4.57509 -0.3859 -4.57509 0.0369 -4.57509 -0.0434 -4.57509 0.0339 -4.57509 -0.0277 -4.57509 0.0366 -4.57509 -0.0341 -4.57509 0.11 -4.57509 -0.2455 -4.57509 0.0318 -4.57509 -0.0352 
-4.49499 23.3452 -4.49499 -27.8674 -4.49499 0.2715 -4.49499 -0.4211 -4.49499 0.0428 -4.49499 -0.0482 -4.49499 0.0387 -4.49499 -0.0259 -4.49499 0.0393 -4.49499 -0.0316 -4.49499 0.113 -4.49499 -0.2761 -4.49499 0.0377 -4.49499 -0.0393 
-4.41479 23.5282 -4.41479 -29.566 -4.41479 0.2909 -4.41479 -0.4738 -4.41479 0.048 -4.41479 -0.0551 -4.41479 0.0426 -4.41479 -0.0261 -4.41479 0.0414 -4.41479 -0.0313 -4.41479 0.1152 -4.41479 -0.3165 -4.41479 0.0437 -4.41479 -0.0448 
-4.33459 23.5732 -4.33459 -30.8849 -4.33459 0.3118 -4.33459 -0.5113 -4.33459 0.0531 -4.33459 -0.0645 -4.33459 0.0449 -4.33459 -0.0268 -4.33459 0.0434 -4.33459 -0.0325 -4.33459 0.1221 -4.33459 -0.3356 -4.33459 0.0483 -4.33459 -0.0519 
-4.25449 23.5638 -4.25449 -31.6684 -4.25449 0.3393 -4.25449 -0.515 -4.25449 0.0595 -4.25449 -0.0753 -4.25449 0.046 -4.25449 -0.0276 -4.25449 0.0467 -4.25449 -0.0345 -4.25449 0.1357 -4.25449 -0.3175 -4.25449 0.0514 -4.25449 -0.0601 
-4.17429 23.6222 -4.17429 -31.5722 -4.17429 0.3747 -4.17429 -0.4971 -4.17429 0.0684 -4.17429 -0.0848 -4.17429 0.0471 -4.17429 -0.0285 -4.17429 0.0524 -4.17429 -0.0368 -4.17429 0.1519 -4.17429 -0.2788 -4.17429 0.0549 -4.17429 -0.0682 
-4.09419 23.6659 -4.09419 -30.5608 -4.09419 0.4112 -4.09419 -0.4777 -4.09419 0.0777 -4.09419 -0.0904 -4.09419 0.0496 -4.09419 -0.0289 -4.09419 0.0595 -4.09419 -0.0381 -4.09419 0.1639 -4.09419 -0.2457 -4.09419 0.0605 -4.09419 -0.0746 
-4.01399 23.5012 -4.01399 -29.1591 -4.01399 0.4375 -4.01399 -0.4601 -4.01399 0.0833 -4.01399 -0.0902 -4.01399 0.0529 -4.01399 -0.028 -4.01399 0.0647 -4.01399 -0.0371 -4.01399 0.1688 -4.01399 -0.2276 -4.01399 0.0678 -4.01399 -0.0772 
-3.93379 23.1476 -3.93379 -28.1545 -3.93379 0.4457 -3.93379 -0.4394 -3.93379 0.0822 -3.93379 -0.085 -3.93379 0.0559 -3.93379 -0.0255 -3.93379 0.0654 -3.93379 -0.0335 -3.93379 0.1673 -3.93379 -0.2197 -3.93379 0.0749 -3.93379 -0.0757 
-3.85369 22.8079 -3.85369 -28.0575 -3.85369 0.4379 -3.85369 -0.4168 -3.85369 0.0757 -3.85369 -0.0782 -3.85369 0.0585 -3.85369 -0.0226 -3.85369 0.0619 -3.85369 -0.0287 -3.85369 0.1615 -3.85369 -0.2149 -3.85369 0.0803 -3.85369 -0.0724 
-3.77349 22.6374 -3.77349 -28.7359 -3.77349 0.4257 -3.77349 -0.3989 -3.77349 0.0674 -3.77349 -0.0746 -3.77349 0.0619 -3.77349 -0.0207 -3.77349 0.0576 -3.77349 -0.0249 -3.77349 0.1568 -3.77349 -0.2074 -3.77349 0.082 -3.77349 -0.0713 
-3.69339 22.7208 -3.69339 -29.5601 -3.69339 0.4245 -3.69339 -0.3888 -3.69339 0.0601 -3.69339 -0.077 -3.69339 0.0676 -3.69339 -0.0208 -3.69339 0.0562 -3.69339 -0.0229 -3.69339 0.1618 -3.69339 -0.193 -3.69339 0.0788 -3.69339 -0.0751 
-3.61319 23.1501 -3.61319 -30.0332 -3.61319 0.4456 -3.61319 -0.3831 -3.61319 0.0557 -3.61319 -0.0831 -3.61319 0.0772 -3.61319 -0.023 -3.61319 0.06 -3.61319 -0.0226 -3.61319 0.1809 -3.61319 -0.1719 -3.61319 0.0718 -3.61319 -0.0825 
-3.53299 23.9903 -3.53299 -30.1962 -3.53299 0.4879 -3.53299 -0.3744 -3.53299 0.0558 -3.53299 -0.0874 -3.53299 0.0904 -3.53299 -0.026 -3.53299 0.0686 -3.53299 -0.0231 -3.53299 0.2066 -3.53299 -0.1488 -3.53299 0.0665 -3.53299 -0.0891 
-3.45289 25.1337 -3.45289 -30.3373 -3.45289 0.5398 -3.45289 -0.359 -3.45289 0.0617 -3.45289 -0.0862 -3.45289 0.1047 -3.45289 -0.0284 -3.45289 0.0795 -3.45289 -0.0239 -3.45289 0.2251 -3.45289 -0.1288 -3.45289 0.0688 -3.45289 -0.0917 
-3.37269 26.176 -3.37269 -30.5251 -3.37269 0.5851 -3.37269 -0.3376 -3.37269 0.0723 -3.37269 -0.0801 -3.37269 0.1164 -3.37269 -0.0294 -3.37269 0.0896 -3.37269 -0.0249 -3.37269 0.2267 -3.37269 -0.1132 -3.37269 0.0801 -3.37269 -0.09 
-3.29259 26.5889 -3.29259 -30.4863 -3.29259 0.6135 -3.29259 -0.3147 -3.29259 0.0841 -3.29259 -0.0723 -3.29259 0.1241 -3.29259 -0.0296 -3.29259 0.0971 -3.29259 -0.0262 -3.29259 0.2124 -3.29259 -0.101 -3.29259 0.0958 -3.29259 -0.0856 
-3.21239 26.1376 -3.21239 -29.679 -3.21239 0.6174 -3.21239 -0.2958 -3.21239 0.0914 -3.21239 -0.0652 -3.21239 0.1262 -3.21239 -0.03 -3.21239 0.1002 -3.21239 -0.028 -3.21239 0.1929 -3.21239 -0.0933 -3.21239 0.1067 -3.21239 -0.0793 
-3.13219 25.0452 -3.13219 -27.5892 -3.13219 0.5919 -3.13219 -0.2838 -3.13219 0.0895 -3.13219 -0.0589 -3.13219 0.1205 -3.13219 -0.0301 -3.13219 0.0979 -3.13219 -0.0299 -3.13219 0.1794 -3.13219 -0.0945 -3.13219 0.1046 -3.13219 -0.0704 
-3.05209 23.7829 -3.05209 -24.3937 -3.05209 0.5415 -3.05209 -0.2797 -3.05209 0.0784 -3.05209 -0.0524 -3.05209 0.1072 -3.05209 -0.0289 -3.05209 0.091 -3.05209 -0.0315 -3.05209 0.1756 -3.05209 -0.108 -3.05209 0.0893 -3.05209 -0.0589 
-2.97189 22.8473 -2.97189 -21.2155 -2.97189 0.4833 -2.97189 -0.2822 -2.97189 0.064 -2.97189 -0.0459 -2.97189 0.0911 -2.97189 -0.026 -2.97189 0.0819 -2.97189 -0.0325 -2.97189 0.177 -2.97189 -0.131 -2.97189 0.0693 -2.97189 -0.0468 
-2.89179 22.6411 -2.89179 -19.265 -2.89179 0.438 -2.89179 -0.2857 -2.89179 0.0538 -2.89179 -0.0405 -2.89179 0.0787 -2.89179 -0.0229 -2.89179 0.0739 -2.89179 -0.0327 -2.89179 0.1772 -2.89179 -0.1518 -2.89179 0.0544 -2.89179 -0.0378 
-2.81159 23.2835 -2.81159 -18.8245 -2.81159 0.4169 -2.81159 -0.282 -2.81159 0.0515 -2.81159 -0.037 -2.81159 0.073 -2.81159 -0.0213 -2.81159 0.0697 -2.81159 -0.0322 -2.81159 0.1734 -2.81159 -0.1572 -2.81159 0.0493 -2.81159 -0.0343 
-2.73139 24.3767 -2.73139 -19.3181 -2.73139 0.4135 -2.73139 -0.269 -2.73139 0.0546 -2.73139 -0.0355 -2.73139 0.0723 -2.73139 -0.0217 -2.73139 0.0695 -2.73139 -0.0318 -2.73139 0.1652 -2.73139 -0.1445 -2.73139 0.0519 -2.73139 -0.0355 
-2.65129 25.143 -2.65129 -20.038 -2.65129 0.4122 -2.65129 -0.2562 -2.65129 0.0584 -2.65129 -0.0358 -2.65129 0.072 -2.65129 -0.0242 -2.65129 0.071 -2.65129 -0.0329 -2.65129 0.1538 -2.65129 -0.1238 -2.65129 0.057 -2.65129 -0.0395 
-2.57109 25.0714 -2.57109 -20.5547 -2.57109 0.4057 -2.57109 -0.255 -2.57109 0.0604 -2.57109 -0.0376 -2.57109 0.0685 -2.57109 -0.0279 -2.57109 0.0711 -2.57109 -0.0358 -2.57109 0.144 -2.57109 -0.1094 -2.57109 0.0617 -2.57109 -0.0443 
-2.49099 24.3225 -2.49099 -20.7799 -2.49099 0.401 -2.49099 -0.2659 -2.49099 0.0621 -2.49099 -0.0393 -2.49099 0.0618 -2.49099 -0.0313 -2.49099 0.0677 -2.49099 -0.039 -2.49099 0.1423 -2.49099 -0.1096 -2.49099 0.0671 -2.49099 -0.0467 
-2.41079 23.3268 -2.41079 -20.9103 -2.41079 0.4029 -2.41079 -0.2779 -2.41079 0.0652 -2.41079 -0.038 -2.41079 0.0535 -2.41079 -0.0335 -2.41079 0.0601 -2.41079 -0.0406 -2.41079 0.1493 -2.41079 -0.1222 -2.41079 0.0748 -2.41079 -0.0436 
-2.33059 22.2618 -2.33059 -21.189 -2.33059 0.4004 -2.33059 -0.2766 -2.33059 0.0678 -2.33059 -0.0328 -2.33059 0.045 -2.33059 -0.0342 -2.33059 0.0491 -2.33059 -0.0404 -2.33059 0.1566 -2.33059 -0.1342 -2.33059 0.0819 -2.33059 -0.035 
-2.25049 21.1317 -2.25049 -21.6045 -2.25049 0.3764 -2.25049 -0.2597 -2.25049 0.0664 -2.25049 -0.0262 -2.25049 0.0367 -2.25049 -0.0349 -2.25049 0.0371 -2.25049 -0.0396 -2.25049 0.1531 -2.25049 -0.1339 -2.25049 0.0831 -2.25049 -0.0251 
-2.17029 20.1259 -2.17029 -21.8209 -2.17029 0.3278 -2.17029 -0.2408 -2.17029 0.0593 -2.17029 -0.0217 -2.17029 0.0295 -2.17029 -0.0368 -2.17029 0.027 -2.17029 -0.0403 -2.17029 0.1363 -2.17029 -0.1236 -2.17029 0.0757 -2.17029 -0.0184 
-2.09009 19.6645 -2.09009 -21.3887 -2.09009 0.2708 -2.09009 -0.2371 -2.09009 0.049 -2.09009 -0.0209 -2.09009 0.0238 -2.09009 -0.0396 -2.09009 0.0205 -2.09009 -0.044 -2.09009 0.1153 -2.09009 -0.1163 -2.09009 0.0622 -2.09009 -0.0163 
-2.00999 20.0619 -2.00999 -20.0044 -2.00999 0.2287 -2.00999 -0.2546 -2.00999 0.0397 -2.00999 -0.0227 -2.00999 0.0202 -2.00999 -0.0432 -2.00999 0.0187 -2.00999 -0.053 -2.00999 0.102 -2.00999 -0.1188 -2.00999 0.0481 -2.00999 -0.0169 
-1.92979 21.1962 -1.92979 -17.6869 -1.92979 0.2149 -1.92979 -0.2861 -1.92979 0.0354 -1.92979 -0.0253 -1.92979 0.0197 -1.92979 -0.0497 -1.92979 0.0224 -1.92979 -0.0702 -1.92979 0.099 -1.92979 -0.123 -1.92979 0.0384 -1.92979 -0.0179 
-1.84969 22.5863 -1.84969 -14.9211 -1.84969 0.2239 -1.84969 -0.3209 -1.84969 0.0366 -1.84969 -0.0277 -1.84969 0.0221 -1.84969 -0.0633 -1.84969 0.0307 -1.84969 -0.0957 -1.84969 0.0999 -1.84969 -0.1156 -1.84969 0.0346 -1.84969 -0.0186 
-1.76949 23.7402 -1.76949 -12.507 -1.76949 0.2394 -1.76949 -0.3459 -1.76949 0.04 -1.76949 -0.0292 -1.76949 0.0251 -1.76949 -0.0839 -1.76949 0.039 -1.76949 -0.121 -1.76949 0.1011 -1.76949 -0.0924 -1.76949 0.0342 -1.76949 -0.0194 
-1.68929 24.3453 -1.68929 -11.0084 -1.68929 0.251 -1.68929 -0.345 -1.68929 0.0412 -1.68929 -0.0283 -1.68929 0.0257 -1.68929 -0.1029 -1.68929 0.0413 -1.68929 -0.1323 -1.68929 0.109 -1.68929 -0.0616 -1.68929 0.0338 -1.68929 -0.0199 
-1.60919 24.3023 -1.60919 -10.4513 -1.60919 0.2668 -1.60919 -0.3122 -1.60919 0.038 -1.60919 -0.0247 -1.60919 0.0236 -1.60919 -0.1099 -1.60919 0.0366 -1.60919 -0.124 -1.60919 0.1366 -1.60919 -0.0346 -1.60919 0.032 -1.60919 -0.019 
-1.52899 23.6723 -1.52899 -10.5804 -1.52899 0.3085 -1.52899 -0.2648 -1.52899 0.0326 -1.52899 -0.0208 -1.52899 0.0221 -1.52899 -0.1041 -1.52899 0.0302 -1.52899 -0.1054 -1.52899 0.1935 -1.52899 -0.0167 -1.52899 0.0301 -1.52899 -0.0178 
-1.44889 22.4441 -1.44889 -11.0755 -1.44889 0.3807 -1.44889 -0.2359 -1.44889 0.0281 -1.44889 -0.0208 -1.44889 0.0243 -1.44889 -0.0968 -1.44889 0.0276 -1.44889 -0.0911 -1.44889 0.2708 -1.44889 -0.0072 -1.44889 0.0299 -1.44889 -0.02 
-1.36869 20.4455 -1.36869 -11.4864 -1.36869 0.4577 -1.36869 -0.2583 -1.36869 0.0256 -1.36869 -0.029 -1.36869 0.0294 -1.36869 -0.1038 -1.36869 0.0287 -1.36869 -0.0913 -1.36869 0.3436 -1.36869 -0.003 -1.36869 0.0304 -1.36869 -0.0312 
-1.28849 17.6692 -1.28849 -11.318 -1.28849 0.5157 -1.28849 -0.3516 -1.28849 0.0235 -1.28849 -0.0482 -1.28849 0.033 -1.28849 -0.1357 -1.28849 0.0294 -1.28849 -0.1112 -1.28849 0.4004 -1.28849 -0.0015 -1.28849 0.0294 -1.28849 -0.055 
-1.20839 14.5663 -1.20839 -10.384 -1.20839 0.5657 -1.20839 -0.5081 -1.20839 0.02 -1.20839 -0.0771 -1.20839 0.0317 -1.20839 -0.19 -1.20839 0.0265 -1.20839 -0.151 -1.20839 0.4624 -1.20839 -0.0012 -1.20839 0.0251 -1.20839 -0.0888 
-1.12819 11.7875 -1.12819 -8.9352 -1.12819 0.6297 -1.12819 -0.6699 -1.12819 0.0155 -1.12819 -0.1074 -1.12819 0.0271 -1.12819 -0.2437 -1.12819 0.0208 -1.12819 -0.1975 -1.12819 0.5475 -1.12819 -0.0013 -1.12819 0.0188 -1.12819 -0.12 
-1.04809 9.6434 -1.04809 -7.2691 -1.04809 0.6877 -1.04809 -0.7419 -1.04809 0.0115 -1.04809 -0.1236 -1.04809 0.0229 -1.04809 -0.2626 -1.04809 0.0155 -1.04809 -0.2226 -1.04809 0.625 -1.04809 -0.0013 -1.04809 0.0128 -1.04809 -0.1318 
-0.967886 7.9889 -0.967886 -5.4275 -0.967886 0.6907 -0.967886 -0.6604 -0.967886 0.0088 -0.967886 -0.1135 -0.967886 0.0214 -0.967886 -0.2276 -0.967886 0.0125 -0.967886 -0.2029 -0.967886 0.6391 -0.967886 -0.0011 -0.967886 0.0089 -0.967886 -0.1153 
-0.887686 6.5427 -0.887686 -3.4899 -0.887686 0.6138 -0.887686 -0.4602 -0.887686 0.0071 -0.887686 -0.0811 -0.887686 0.0218 -0.887686 -0.155 -0.887686 0.0115 -0.887686 -0.1444 -0.887686 0.5665 -0.887686 -0.0007 -0.887686 0.0069 -0.887686 -0.079 
-0.807586 5.1059 -0.807586 -1.817 -0.807586 0.4739 -0.807586 -0.2466 -0.807586 0.0056 -0.807586 -0.0443 -0.807586 0.0212 -0.807586 -0.0816 -0.807586 0.0107 -0.807586 -0.0786 -0.807586 0.4308 -0.807586 -0.0003 -0.807586 0.0056 -0.807586 -0.0418 
-0.727386 3.6217 -0.727386 -0.7352 -0.727386 0.3105 -0.727386 -0.1004 -0.727386 0.004 -0.727386 -0.0183 -0.727386 0.0177 -0.727386 -0.0328 -0.727386 0.0087 -0.727386 -0.0323 -0.727386 0.2758 -0.727386 -0.0001 -0.727386 0.0043 -0.727386 -0.0169 
-0.647286 2.2254 -0.647286 -0.2259 -0.647286 0.1671 -0.647286 -0.0307 -0.647286 0.0025 -0.647286 -0.0056 -0.647286 0.0121 -0.647286 -0.0099 -0.647286 0.0059 -0.647286 -0.01 -0.647286 0.1437 -0.647286 -0 -0.647286 0.0029 -0.647286 -0.0052 
-0.567086 1.1424 -0.567086 -0.0521 -0.567086 0.0716 -0.567086 -0.0071 -0.567086 0.0013 -0.567086 -0.0013 -0.567086 0.0066 -0.567086 -0.0023 -0.567086 0.0032 -0.567086 -0.0023 -0.567086 0.0589 -0.567086 -0 -0.567086 0.0016 -0.567086 -0.0012 
-0.486886 0.4785 -0.486886 -0.0089 -0.486886 0.0238 -0.486886 -0.0012 -0.486886 0.0005 -0.486886 -0.0002 -0.486886 0.0028 -0.486886 -0.0004 -0.486886 0.0013 -0.486886 -0.0004 -0.486886 0.0185 -0.486886 -0 -0.486886 0.0007 -0.486886 -0.0002 
-0.406786 0.1607 -0.406786 -0.0011 -0.406786 0.0064 -0.406786 -0 -0.406786 0.0002 -0.406786 -0 -0.406786 0.001 -0.406786 -0 -0.406786 0.0005 -0.406786 -0 -0.406786 0.0044 -0.406786 -0 -0.406786 0.0003 -0.406786 -0 
-0.326586 0.0425 -0.326586 -0.0001 -0.326586 0.0012 -0.326586 -0 -0.326586 0 -0.326586 -0 -0.326586 0.0002 -0.326586 -0 -0.326586 0.0001 -0.326586 -0 -0.326586 0.0008 -0.326586 -0 -0.326586 0.0001 -0.326586 -0 
-0.246486 0.0087 -0.246486 -0 -0.246486 0.0001 -0.246486 -0 -0.246486 0 -0.246486 -0 -0.246486 0 -0.246486 -0 -0.246486 0 -0.246486 -0 -0.246486 0.0001 -0.246486 -0 -0.246486 0 -0.246486 -0 
-0.166286 0.0014 -0.166286 -0 -0.166286 0 -0.166286 -0 -0.166286 0 -0.166286 -0 -0.166286 0 -0.166286 -0 -0.166286 0 -0.166286 -0 -0.166286 0 -0.166286 -0 -0.166286 0 -0.166286 -0 
-0.086086 0.0002 -0.086086 -0 -0.086086 0 -0.086086 -0 -0.086086 0 -0.086086 -0 -0.086086 0 -0.086086 -0 -0.086086 0 -0.086086 -0 -0.086086 0 -0.086086 -0 -0.086086 0 -0.086086 -0 
-0.00598603 0.0 -0.00598603 -0 -0.00598603 0 -0.00598603 -0 -0.00598603 0 -0.00598603 -0 -0.00598603 0 -0.00598603 -0 -0.00598603 0 -0.00598603 -0 -0.00598603 0 -0.00598603 -0 -0.00598603 0 -0.00598603 -0 
0.074214 0.0 0.074214 -0 0.074214 0 0.074214 -0 0.074214 0 0.074214 -0 0.074214 0 0.074214 -0 0.074214 0 0.074214 -0 0.074214 0 0.074214 -0 0.074214 0 0.074214 -0 
0.154314 0.0001 0.154314 -0.0001 0.154314 0 0.154314 -0 0.154314 0 0.154314 -0 0.154314 0 0.154314 -0 0.154314 0 0.154314 -0 0.154314 0 0.154314 -0 0.154314 0 0.154314 -0 
0.234514 0.0012 0.234514 -0.0007 0.234514 0.0005 0.234514 -0 0.234514 0.0003 0.234514 -0 0.234514 0 0.234514 -0 0.234514 0 0.234514 -0 0.234514 0 0.234514 -0 0.234514 0.0002 0.234514 -0 
0.314714 0.0099 0.314714 -0.0057 0.314714 0.0041 0.314714 -0 0.314714 0.0024 0.314714 -0 0.314714 0.0001 0.314714 -0 0.314714 0.0003 0.314714 -0 0.314714 0 0.314714 -0 0.314714 0.0013 0.314714 -0 
0.394814 0.0608 0.394814 -0.0364 0.394814 0.0242 0.394814 -0 0.394814 0.0139 0.394814 -0 0.394814 0.0009 0.394814 -0 0.394814 0.0015 0.394814 -0 0.394814 0 0.394814 -0 0.394814 0.0079 0.394814 -0 
0.475014 0.2812 0.475014 -0.1797 0.475014 0.1058 0.475014 -0 0.475014 0.0596 0.475014 -0 0.475014 0.0042 0.475014 -0 0.475014 0.0066 0.475014 -0 0.475014 0 0.475014 -0 0.475014 0.0354 0.475014 -0 
0.555114 0.9954 0.555114 -0.692 0.555114 0.3504 0.555114 -0 0.555114 0.1917 0.555114 -0 0.555114 0.0153 0.555114 -0 0.555114 0.0223 0.555114 -0 0.555114 0.0001 0.555114 -0 0.555114 0.121 0.555114 -0 
0.635314 2.7405 0.635314 -2.1044 0.635314 0.8916 0.635314 -0 0.635314 0.469 0.635314 -0 0.635314 0.0434 0.635314 -0 0.635314 0.0579 0.635314 -0 0.635314 0.0003 0.635314 -0 0.635314 0.321 0.635314 -0 
0.715514 6.0005 0.715514 -5.1112 0.715514 1.7722 0.715514 -0.0005 0.715514 0.8856 0.715514 -0.0001 0.715514 0.0977 0.715514 -0.0001 0.715514 0.1179 0.715514 -0.0001 0.715514 0.0005 0.715514 -0.0001 0.715514 0.6705 0.715514 -0.0001 
0.795614 10.7564 0.795614 -10.0425 0.795614 2.7905 0.795614 -0.0011 0.795614 1.3106 0.795614 -0.0003 0.795614 0.1753 0.795614 -0.0002 0.795614 0.1905 0.795614 -0.0002 0.795614 0.0008 0.795614 -0.0002 0.795614 1.1133 0.795614 -0.0002 
0.875814 16.3943 0.875814 -16.223 0.875814 3.5092 0.875814 -0.0019 0.875814 1.5399 0.875814 -0.0005 0.875814 0.25 0.875814 -0.0004 0.875814 0.2465 0.875814 -0.0004 0.875814 0.001 0.875814 -0.0003 0.875814 1.4718 0.875814 -0.0003 
0.955914 22.2345 0.955914 -22.0993 0.955914 3.5301 0.955914 -0.003 0.955914 1.4468 0.955914 -0.0008 0.955914 0.2829 0.955914 -0.0006 0.955914 0.2577 0.955914 -0.0006 0.955914 0.0011 0.955914 -0.0005 0.955914 1.5416 0.955914 -0.0005 
1.03611 27.9561 1.03611 -26.4563 1.03611 2.842 1.03611 -0.0045 1.03611 1.0902 1.03611 -0.0013 1.03611 0.2563 1.03611 -0.0008 1.03611 0.2224 1.03611 -0.0009 1.03611 0.0014 1.03611 -0.0007 1.03611 1.2717 1.03611 -0.0008 
1.11631 33.0492 1.11631 -29.4913 1.11631 1.8544 1.11631 -0.0068 1.11631 0.6643 1.11631 -0.0023 1.11631 0.1927 1.11631 -0.001 1.11631 0.1679 1.11631 -0.0013 1.11631 0.0018 1.11631 -0.0008 1.11631 0.8277 1.11631 -0.0014 
1.19641 35.9738 1.19641 -32.3574 1.19641 1.029 1.19641 -0.0103 1.19641 0.3384 1.19641 -0.0038 1.19641 0.1301 1.19641 -0.0014 1.19641 0.1228 1.19641 -0.0019 1.19641 0.0024 1.19641 -0.0009 1.19641 0.4353 1.19641 -0.0023 
1.27661 34.8097 1.27661 -35.8062 1.27661 0.5387 1.27661 -0.0144 1.27661 0.1567 1.27661 -0.0053 1.27661 0.0873 1.27661 -0.002 1.27661 0.0939 1.27661 -0.0028 1.27661 0.0027 1.27661 -0.0009 1.27661 0.1981 1.27661 -0.0034 
1.35671 29.2963 1.35671 -39.6335 1.35671 0.2958 1.35671 -0.0177 1.35671 0.0741 1.35671 -0.0062 1.35671 0.0598 1.35671 -0.0026 1.35671 0.0714 1.35671 -0.0036 1.35671 0.0025 1.35671 -0.001 1.35671 0.088 1.35671 -0.0043 
1.43691 21.5884 1.43691 -43.1569 1.43691 0.1686 1.43691 -0.0187 1.43691 0.037 1.43691 -0.006 1.43691 0.0392 1.43691 -0.003 1.43691 0.0491 1.43691 -0.004 1.43691 0.0019 1.43691 -0.0012 1.43691 0.0414 1.43691 -0.0045 
1.51711 14.4058 1.51711 -45.752 1.51711 0.0983 1.51711 -0.0181 1.51711 0.0182 1.51711 -0.0051 1.51711 0.0251 1.51711 -0.0033 1.51711 0.0339 1.51711 -0.004 1.51711 0.0012 1.51711 -0.0016 1.51711 0.0199 1.51711 -0.0041 
1.59721 9.0183 1.59721 -47.2117 1.59721 0.0928 1.59721 -0.0173 1.59721 0.0097 1.59721 -0.0041 1.59721 0.0269 1.59721 -0.0035 1.59721 0.0459 1.59721 -0.0039 1.59721 0.0006 1.59721 -0.0022 1.59721 0.0097 1.59721 -0.0036 
1.67741 5.4059 1.67741 -48.0179 1.67741 0.2069 1.67741 -0.0179 1.67741 0.0104 1.67741 -0.0036 1.67741 0.0657 1.67741 -0.0039 1.67741 0.123 1.67741 -0.0041 1.67741 0.0002 1.67741 -0.003 1.67741 0.0076 1.67741 -0.0033 
1.75751 3.4198 1.75751 -48.8257 1.75751 0.5222 1.75751 -0.0193 1.75751 0.0218 1.75751 -0.0033 1.75751 0.1753 1.75751 -0.0046 1.75751 0.3114 1.75751 -0.0046 1.75751 0.0001 1.75751 -0.0037 1.75751 0.0136 1.75751 -0.0031 
1.83771 3.0319 1.83771 -49.393 1.83771 1.0707 1.83771 -0.0209 1.83771 0.0441 1.83771 -0.0033 1.83771 0.3809 1.83771 -0.0054 1.83771 0.6165 1.83771 -0.0053 1.83771 0.0001 1.83771 -0.0039 1.83771 0.0291 1.83771 -0.003 
1.91791 3.9472 1.91791 -48.8768 1.91791 1.7468 1.91791 -0.0229 1.91791 0.073 1.91791 -0.0033 1.91791 0.6661 1.91791 -0.0063 1.91791 0.9527 1.91791 -0.0063 1.91791 0.0002 1.91791 -0.0039 1.91791 0.0548 1.91791 -0.0031 
1.99801 5.5796 1.99801 -47.3885 1.99801 2.3404 1.99801 -0.0266 1.99801 0.0998 1.99801 -0.0038 1.99801 0.9678 1.99801 -0.0075 1.99801 1.1854 1.99801 -0.0077 1.99801 0.0002 1.99801 -0.004 1.99801 0.0872 1.99801 -0.0036 
2.07821 7.3601 2.07821 -46.0271 2.07821 2.6581 2.07821 -0.0324 2.07821 0.1149 2.07821 -0.0048 2.07821 1.1948 2.07821 -0.0088 2.07821 1.2311 2.07821 -0.0097 2.07821 0.0002 2.07821 -0.0045 2.07821 0.1171 2.07821 -0.0046 
2.15831 8.9638 2.15831 -45.1778 2.15831 2.5704 2.15831 -0.039 2.15831 0.111 2.15831 -0.0064 2.15831 1.2427 2.15831 -0.0098 2.15831 1.087 2.15831 -0.0115 2.15831 0.0003 2.15831 -0.0052 2.15831 0.1294 2.15831 -0.0061 
2.23851 10.4479 2.23851 -44.0347 2.23851 2.0606 2.23851 -0.0441 2.23851 0.0876 2.23851 -0.0083 2.23851 1.0531 2.23851 -0.01 2.23851 0.8054 2.23851 -0.0121 2.23851 0.0008 2.23851 -0.0057 2.23851 0.1137 2.23851 -0.008 
2.31871 12.1997 2.31871 -41.9437 2.31871 1.3226 2.31871 -0.0483 2.31871 0.0548 2.31871 -0.0105 2.31871 0.7024 2.31871 -0.0096 2.31871 0.4861 2.31871 -0.0116 2.31871 0.002 2.31871 -0.006 2.31871 0.0773 2.31871 -0.0106 
2.39881 14.4646 2.39881 -39.0622 2.39881 0.6757 2.39881 -0.0544 2.39881 0.0273 2.39881 -0.0129 2.39881 0.3655 2.39881 -0.0096 2.39881 0.2382 2.39881 -0.0111 2.39881 0.0042 2.39881 -0.0065 2.39881 0.0405 2.39881 -0.0143 
2.47901 16.8556 2.47901 -35.5586 2.47901 0.3092 2.47901 -0.0621 2.47901 0.0122 2.47901 -0.0151 2.47901 0.163 2.47901 -0.0102 2.47901 0.1095 2.47901 -0.0115 2.47901 0.0067 2.47901 -0.0072 2.47901 0.0178 2.47901 -0.0181 
2.55911 18.4478 2.55911 -31.2492 2.55911 0.1923 2.55911 -0.0678 2.55911 0.0075 2.55911 -0.016 2.55911 0.0935 2.55911 -0.0113 2.55911 0.0737 2.55911 -0.0126 2.55911 0.0081 2.55911 -0.0075 2.55911 0.0095 2.55911 -0.0204 
2.63931 18.4867 2.63931 -26.288 2.63931 0.1952 2.63931 -0.0685 2.63931 0.0075 2.63931 -0.0151 2.63931 0.0934 2.63931 -0.0128 2.63931 0.0783 2.63931 -0.0138 2.63931 0.0074 2.63931 -0.0071 2.63931 0.0086 2.63931 -0.0197 
2.71951 17.0942 2.71951 -21.3898 2.71951 0.2118 2.71951 -0.0638 2.71951 0.0083 2.71951 -0.0126 2.71951 0.1053 2.71951 -0.0147 2.71951 0.0836 2.71951 -0.0143 2.71951 0.0051 2.71951 -0.0057 2.71951 0.0095 2.71951 -0.0165 
2.79961 15.1506 2.79961 -17.1324 2.79961 0.1941 2.79961 -0.0555 2.79961 0.0085 2.79961 -0.0092 2.79961 0.0999 2.79961 -0.0165 2.79961 0.0736 2.79961 -0.0137 2.79961 0.0027 2.79961 -0.0039 2.79961 0.0094 2.79961 -0.0122 
2.87981 13.4544 2.87981 -13.5225 2.87981 0.1425 2.87981 -0.0451 2.87981 0.0076 2.87981 -0.006 2.87981 0.0745 2.87981 -0.0168 2.87981 0.0512 2.87981 -0.0117 2.87981 0.0011 2.87981 -0.0025 2.87981 0.0081 2.87981 -0.0081 
2.96001 12.1513 2.96001 -10.3185 2.96001 0.0841 2.96001 -0.0332 2.96001 0.0063 2.96001 -0.0035 2.96001 0.043 2.96001 -0.0146 2.96001 0.0279 2.96001 -0.0086 2.96001 0.0004 2.96001 -0.0016 2.96001 0.0065 2.96001 -0.0049 
3.04011 10.8605 3.04011 -7.4708 3.04011 0.0424 3.04011 -0.0215 3.04011 0.0052 3.04011 -0.0019 3.04011 0.0195 3.04011 -0.0103 3.04011 0.0121 3.04011 -0.0055 3.04011 0.0001 3.04011 -0.0011 3.04011 0.0055 3.04011 -0.0027 
3.12031 9.1349 3.12031 -5.2043 3.12031 0.0216 3.12031 -0.0125 3.12031 0.0044 3.12031 -0.0011 3.12031 0.0075 3.12031 -0.006 3.12031 0.0045 3.12031 -0.0031 3.12031 0.0001 3.12031 -0.0009 3.12031 0.0051 3.12031 -0.0014 
3.20041 6.8755 3.20041 -3.787 3.20041 0.0132 3.20041 -0.0078 3.20041 0.0036 3.20041 -0.0009 3.20041 0.0031 3.20041 -0.0031 3.20041 0.0018 3.20041 -0.002 3.20041 0 3.20041 -0.0009 3.20041 0.0047 3.20041 -0.0009 
3.28061 4.469 3.28061 -3.1765 3.28061 0.0088 3.28061 -0.0064 3.28061 0.0026 3.28061 -0.001 3.28061 0.0016 3.28061 -0.0018 3.28061 0.0009 3.28061 -0.0019 3.28061 0 3.28061 -0.0009 3.28061 0.0037 3.28061 -0.0008 
3.36081 2.5122 3.36081 -2.9049 3.36081 0.0052 3.36081 -0.006 3.36081 0.0015 3.36081 -0.001 3.36081 0.0009 3.36081 -0.0014 3.36081 0.0005 3.36081 -0.002 3.36081 0 3.36081 -0.0008 3.36081 0.0023 3.36081 -0.0008 
3.44091 1.3355 3.44091 -2.4691 3.44091 0.0025 3.44091 -0.0052 3.44091 0.0007 3.44091 -0.0009 3.44091 0.0004 3.44091 -0.0012 3.44091 0.0003 3.44091 -0.0018 3.44091 0 3.44091 -0.0006 3.44091 0.0011 3.44091 -0.0007 
3.52111 0.82 3.52111 -1.8041 3.52111 0.0011 3.52111 -0.0036 3.52111 0.0003 3.52111 -0.0006 3.52111 0.0002 3.52111 -0.0008 3.52111 0.0002 3.52111 -0.0013 3.52111 0 3.52111 -0.0004 3.52111 0.0004 3.52111 -0.0005 
3.60121 0.6428 3.60121 -1.2045 3.60121 0.0006 3.60121 -0.0018 3.60121 0.0002 3.60121 -0.0003 3.60121 0.0001 3.60121 -0.0004 3.60121 0.0002 3.60121 -0.0007 3.60121 0 3.60121 -0.0002 3.60121 0.0001 3.60121 -0.0002 
3.68141 0.5679 3.68141 -0.871 3.68141 0.0006 3.68141 -0.0008 3.68141 0.0002 3.68141 -0.0001 3.68141 0.0001 3.68141 -0.0002 3.68141 0.0002 3.68141 -0.0003 3.68141 0 3.68141 -0.0001 3.68141 0.0001 3.68141 -0.0001 
3.76161 0.5183 3.76161 -0.7289 3.76161 0.0006 3.76161 -0.0002 3.76161 0.0002 3.76161 -0 3.76161 0.0001 3.76161 -0.0001 3.76161 0.0002 3.76161 -0.0001 3.76161 0 3.76161 -0 3.76161 0.0001 3.76161 -0 
3.84171 0.515 3.84171 -0.6223 3.84171 0.0006 3.84171 -0 3.84171 0.0002 3.84171 -0 3.84171 0.0001 3.84171 -0 3.84171 0.0002 3.84171 -0 3.84171 0 3.84171 -0 3.84171 0.0001 3.84171 -0 
3.92191 0.5945 3.92191 -0.512 3.92191 0.0005 3.92191 -0 3.92191 0.0001 3.92191 -0 3.92191 0.0001 3.92191 -0 3.92191 0.0002 3.92191 -0 3.92191 0 3.92191 -0 3.92191 0.0001 3.92191 -0 
4.00201 0.7473 4.00201 -0.4731 4.00201 0.0007 4.00201 -0 4.00201 0.0001 4.00201 -0 4.00201 0.0002 4.00201 -0 4.00201 0.0002 4.00201 -0 4.00201 0 4.00201 -0 4.00201 0.0002 4.00201 -0 
4.08221 0.9089 4.08221 -0.5702 4.08221 0.0008 4.08221 -0 4.08221 0.0002 4.08221 -0 4.08221 0.0002 4.08221 -0 4.08221 0.0002 4.08221 -0 4.08221 0 4.08221 -0 4.08221 0.0002 4.08221 -0 
4.16241 0.993 4.16241 -0.7699 4.16241 0.0011 4.16241 -0 4.16241 0.0002 4.16241 -0 4.16241 0.0003 4.16241 -0 4.16241 0.0003 4.16241 -0 4.16241 0 4.16241 -0 4.16241 0.0003 4.16241 -0 
4.24251 0.9431 4.24251 -0.9632 4.24251 0.0012 4.24251 -0 4.24251 0.0003 4.24251 -0 4.24251 0.0003 4.24251 -0 4.24251 0.0003 4.24251 -0 4.24251 0 4.24251 -0 4.24251 0.0003 4.24251 -0 
4.32271 0.7745 4.32271 -1.0438 4.32271 0.001 4.32271 -0 4.32271 0.0003 4.32271 -0 4.32271 0.0002 4.32271 -0 4.32271 0.0003 4.32271 -0 4.32271 0 4.32271 -0 4.32271 0.0002 4.32271 -0 
4.40281 0.5752 4.40281 -0.9637 4.40281 0.0006 4.40281 -0 4.40281 0.0002 4.40281 -0 4.40281 0.0001 4.40281 -0 4.40281 0.0002 4.40281 -0 4.40281 0 4.40281 -0 4.40281 0.0001 4.40281 -0 
4.48301 0.4741 4.48301 -0.7551 4.48301 0.0006 4.48301 -0 4.48301 0.0002 4.48301 -0 4.48301 0.0001 4.48301 -0 4.48301 0.0002 4.48301 -0 4.48301 0 4.48301 -0 4.48301 0.0001 4.48301 -0 
4.56321 0.5871 4.56321 -0.5286 4.56321 0.0005 4.56321 -0 4.56321 0.0001 4.56321 -0 4.56321 0.0001 4.56321 -0 4.56321 0.0002 4.56321 -0 4.56321 0 4.56321 -0 4.56321 0.0001 4.56321 -0 
4.64331 0.9331 4.64331 -0.4356 4.64331 0.0006 4.64331 -0 4.64331 0.0002 4.64331 -0 4.64331 0.0001 4.64331 -0 4.64331 0.0002 4.64331 -0 4.64331 0 4.64331 -0 4.64331 0.0001 4.64331 -0 
4.72351 1.3722 4.72351 -0.5891 4.72351 0.0012 4.72351 -0 4.72351 0.0003 4.72351 -0 4.72351 0.0002 4.72351 -0 4.72351 0.0004 4.72351 -0 4.72351 0.0001 4.72351 -0 4.72351 0.0002 4.72351 -0 
4.80361 1.6773 4.80361 -0.9682 4.80361 0.0013 4.80361 -0 4.80361 0.0003 4.80361 -0 4.80361 0.0003 4.80361 -0 4.80361 0.0004 4.80361 -0 4.80361 0.0001 4.80361 -0 4.80361 0.0002 4.80361 -0 
4.88381 1.7183 4.88381 -1.3871 4.88381 0.0014 4.88381 -0.0002 4.88381 0.0004 4.88381 -0.0001 4.88381 0.0003 4.88381 -0 4.88381 0.0004 4.88381 -0.0001 4.88381 0.0001 4.88381 -0 4.88381 0.0002 4.88381 -0 
4.96401 1.5588 4.96401 -1.6259 4.96401 0.0012 4.96401 -0.0003 4.96401 0.0003 4.96401 -0.0001 4.96401 0.0002 4.96401 -0 4.96401 0.0004 4.96401 -0.0001 4.96401 0.0001 4.96401 -0 4.96401 0.0002 4.96401 -0.0001 
5.04411 1.353 5.04411 -1.6236 5.04411 0.0011 5.04411 -0.0004 5.04411 0.0003 5.04411 -0.0001 5.04411 0.0002 5.04411 -0 5.04411 0.0003 5.04411 -0.0001 5.04411 0.0001 5.04411 -0.0001 5.04411 0.0002 5.04411 -0.0001 
5.12431 1.1996 5.12431 -1.4821 5.12431 0.0008 5.12431 -0.0003 5.12431 0.0002 5.12431 -0.0001 5.12431 0.0001 5.12431 -0 5.12431 0.0003 5.12431 -0.0001 5.12431 0.0001 5.12431 -0.0001 5.12431 0.0001 5.12431 -0 
5.20441 1.1335 5.20441 -1.2999 5.20441 0.0008 5.20441 -0.0002 5.20441 0.0002 5.20441 -0.0001 5.20441 0.0001 5.20441 -0 5.20441 0.0003 5.20441 -0 5.20441 0.0001 5.20441 -0.0001 5.20441 0.0001 5.20441 -0 
5.28461 1.1972 5.28461 -1.1328 5.28461 0.0009 5.28461 -0.0002 5.28461 0.0002 5.28461 -0.0001 5.28461 0.0001 5.28461 -0 5.28461 0.0004 5.28461 -0 5.28461 0.0001 5.28461 -0.0001 5.28461 0.0001 5.28461 -0 
5.36481 1.4528 5.36481 -1.1005 5.36481 0.0011 5.36481 -0.0002 5.36481 0.0002 5.36481 -0.0001 5.36481 0.0002 5.36481 -0 5.36481 0.0004 5.36481 -0 5.36481 0.0002 5.36481 -0.0001 5.36481 0.0001 5.36481 -0 
5.44491 1.9053 5.44491 -1.3391 5.44491 0.0015 5.44491 -0.0002 5.44491 0.0002 5.44491 -0.0001 5.44491 0.0003 5.44491 -0 5.44491 0.0006 5.44491 -0 5.44491 0.0002 5.44491 -0.0001 5.44491 0.0002 5.44491 -0 
5.52511 2.4317 5.52511 -1.7829 5.52511 0.0019 5.52511 -0.0004 5.52511 0.0003 5.52511 -0.0001 5.52511 0.0004 5.52511 -0 5.52511 0.0007 5.52511 -0.0001 5.52511 0.0002 5.52511 -0.0001 5.52511 0.0003 5.52511 -0.0001 
5.60521 2.8452 5.60521 -2.1519 5.60521 0.0021 5.60521 -0.0004 5.60521 0.0003 5.60521 -0.0001 5.60521 0.0005 5.60521 -0 5.60521 0.0008 5.60521 -0.0001 5.60521 0.0002 5.60521 -0.0001 5.60521 0.0003 5.60521 -0.0001 
5.68541 3.0688 5.68541 -2.2593 5.68541 0.0025 5.68541 -0.0005 5.68541 0.0004 5.68541 -0.0001 5.68541 0.0006 5.68541 -0.0001 5.68541 0.0009 5.68541 -0.0001 5.68541 0.0003 5.68541 -0.0001 5.68541 0.0003 5.68541 -0.0001 
5.76561 3.1742 5.76561 -2.2162 5.76561 0.0027 5.76561 -0.0005 5.76561 0.0004 5.76561 -0.0001 5.76561 0.0007 5.76561 -0.0001 5.76561 0.0011 5.76561 -0.0001 5.76561 0.0003 5.76561 -0.0001 5.76561 0.0002 5.76561 -0.0001 
5.84571 3.25 5.84571 -2.2564 5.84571 0.0031 5.84571 -0.0006 5.84571 0.0004 5.84571 -0.0001 5.84571 0.0009 5.84571 -0.0001 5.84571 0.0014 5.84571 -0.0002 5.84571 0.0002 5.84571 -0.0001 5.84571 0.0002 5.84571 -0.0001 
5.92591 3.3594 5.92591 -2.514 5.92591 0.0038 5.92591 -0.0007 5.92591 0.0003 5.92591 -0.0001 5.92591 0.0012 5.92591 -0.0001 5.92591 0.0019 5.92591 -0.0002 5.92591 0.0002 5.92591 -0.0002 5.92591 0.0002 5.92591 -0.0001 
6.00601 3.5891 6.00601 -3.0141 6.00601 0.0048 6.00601 -0.0009 6.00601 0.0004 6.00601 -0.0001 6.00601 0.0016 6.00601 -0.0002 6.00601 0.0024 6.00601 -0.0003 6.00601 0.0002 6.00601 -0.0002 6.00601 0.0002 6.00601 -0.0001 
6.08621 3.9775 6.08621 -3.6856 6.08621 0.006 6.08621 -0.0012 6.08621 0.0004 6.08621 -0.0001 6.08621 0.0023 6.08621 -0.0003 6.08621 0.0028 6.08621 -0.0004 6.08621 0.0003 6.08621 -0.0003 6.08621 0.0002 6.08621 -0.0001 
6.16641 4.4313 6.16641 -4.3499 6.16641 0.0069 6.16641 -0.0016 6.16641 0.0004 6.16641 -0.0001 6.16641 0.0029 6.16641 -0.0004 6.16641 0.0031 6.16641 -0.0006 6.16641 0.0003 6.16641 -0.0004 6.16641 0.0002 6.16641 -0.0001 
6.24651 4.827 6.24651 -4.8536 6.24651 0.008 6.24651 -0.0019 6.24651 0.0005 6.24651 -0.0001 6.24651 0.0034 6.24651 -0.0005 6.24651 0.0034 6.24651 -0.0008 6.24651 0.0004 6.24651 -0.0004 6.24651 0.0003 6.24651 -0.0001 
6.32671 5.1283 6.32671 -5.202 6.32671 0.0086 6.32671 -0.0026 6.32671 0.0005 6.32671 -0.0002 6.32671 0.0036 6.32671 -0.0007 6.32671 0.0036 6.32671 -0.0011 6.32671 0.0005 6.32671 -0.0005 6.32671 0.0004 6.32671 -0.0001 
6.40681 5.341 6.40681 -5.4792 6.40681 0.0087 6.40681 -0.0032 6.40681 0.0006 6.40681 -0.0002 6.40681 0.0034 6.40681 -0.0009 6.40681 0.0036 6.40681 -0.0015 6.40681 0.0006 6.40681 -0.0005 6.40681 0.0005 6.40681 -0.0001 
6.48701 5.4339 6.48701 -5.7187 6.48701 0.0081 6.48701 -0.0036 6.48701 0.0006 6.48701 -0.0002 6.48701 0.0029 6.48701 -0.001 6.48701 0.0034 6.48701 -0.0018 6.48701 0.0007 6.48701 -0.0005 6.48701 0.0005 6.48701 -0.0001 
6.56721 5.341 6.56721 -5.8907 6.56721 0.007 6.56721 -0.0039 6.56721 0.0006 6.56721 -0.0002 6.56721 0.0022 6.56721 -0.0011 6.56721 0.003 6.56721 -0.0018 6.56721 0.0007 6.56721 -0.0006 6.56721 0.0005 6.56721 -0.0002 
6.64731 4.9871 6.64731 -5.8998 6.64731 0.0057 6.64731 -0.0037 6.64731 0.0005 6.64731 -0.0002 6.64731 0.0017 6.64731 -0.0011 6.64731 0.0022 6.64731 -0.0015 6.64731 0.0008 6.64731 -0.0007 6.64731 0.0005 6.64731 -0.0002 
6.72751 4.3235 6.72751 -5.5781 6.72751 0.0044 6.72751 -0.0032 6.72751 0.0005 6.72751 -0.0002 6.72751 0.0012 6.72751 -0.0009 6.72751 0.0015 6.72751 -0.0011 6.72751 0.0007 6.72751 -0.0008 6.72751 0.0005 6.72751 -0.0002 
6.80761 3.3994 6.80761 -4.8118 6.80761 0.003 6.80761 -0.0025 6.80761 0.0004 6.80761 -0.0002 6.80761 0.0007 6.80761 -0.0006 6.80761 0.0009 6.80761 -0.0007 6.80761 0.0006 6.80761 -0.0008 6.80761 0.0004 6.80761 -0.0002 
6.88781 2.378 6.88781 -3.7097 6.88781 0.0019 6.88781 -0.002 6.88781 0.0003 6.88781 -0.0002 6.88781 0.0004 6.88781 -0.0004 6.88781 0.0005 6.88781 -0.0004 6.88781 0.0004 6.88781 -0.0008 6.88781 0.0003 6.88781 -0.0002 
6.96801 1.4503 6.96801 -2.5626 6.96801 0.0012 6.96801 -0.0013 6.96801 0.0002 6.96801 -0.0002 6.96801 0.0002 6.96801 -0.0002 6.96801 0.0003 6.96801 -0.0002 6.96801 0.0003 6.96801 -0.0006 6.96801 0.0002 6.96801 -0.0001 
7.04811 0.7494 7.04811 -1.6217 7.04811 0.0006 7.04811 -0.0008 7.04811 0.0001 7.04811 -0.0001 7.04811 0.0001 7.04811 -0.0001 7.04811 0.0002 7.04811 -0.0001 7.04811 0.0001 7.04811 -0.0004 7.04811 0.0001 7.04811 -0.0001 
7.12831 0.3165 7.12831 -0.9596 7.12831 0.0002 7.12831 -0.0005 7.12831 0 7.12831 -0.0001 7.12831 0 7.12831 -0 7.12831 0.0001 7.12831 -0.0001 7.12831 0.0001 7.12831 -0.0003 7.12831 0 7.12831 -0 
7.20841 0.1056 7.20841 -0.5235 7.20841 0 7.20841 -0.0002 7.20841 0 7.20841 -0 7.20841 0 7.20841 -0 7.20841 0 7.20841 -0.0001 7.20841 0 7.20841 -0.0001 7.20841 0 7.20841 -0 
7.28861 0.0271 7.28861 -0.2495 7.28861 0 7.28861 -0.0001 7.28861 0 7.28861 -0 7.28861 0 7.28861 -0 7.28861 0 7.28861 -0 7.28861 0 7.28861 -0.0001 7.28861 0 7.28861 -0 
7.36881 0.0053 7.36881 -0.0975 7.36881 0 7.36881 -0 7.36881 0 7.36881 -0 7.36881 0 7.36881 -0 7.36881 0 7.36881 -0 7.36881 0 7.36881 -0 7.36881 0 7.36881 -0 
7.44891 0.0008 7.44891 -0.0298 7.44891 0 7.44891 -0 7.44891 0 7.44891 -0 7.44891 0 7.44891 -0 7.44891 0 7.44891 -0 7.44891 0 7.44891 -0 7.44891 0 7.44891 -0 
7.52911 0.0001 7.52911 -0.0069 7.52911 0 7.52911 -0 7.52911 0 7.52911 -0 7.52911 0 7.52911 -0 7.52911 0 7.52911 -0 7.52911 0 7.52911 -0 7.52911 0 7.52911 -0 
7.60921 0.0 7.60921 -0.0012 7.60921 0 7.60921 -0 7.60921 0 7.60921 -0 7.60921 0 7.60921 -0 7.60921 0 7.60921 -0 7.60921 0 7.60921 -0 7.60921 0 7.60921 -0 
7.68941 0.0 7.68941 -0.0002 7.68941 0 7.68941 -0 7.68941 0 7.68941 -0 7.68941 0 7.68941 -0 7.68941 0 7.68941 -0 7.68941 0 7.68941 -0 7.68941 0 7.68941 -0 
7.76961 0.0 7.76961 -0 7.76961 0 7.76961 -0 7.76961 0 7.76961 -0 7.76961 0 7.76961 -0 7.76961 0 7.76961 -0 7.76961 0 7.76961 -0 7.76961 0 7.76961 -0 
7.84971 0.0 7.84971 -0 7.84971 0 7.84971 -0 7.84971 0 7.84971 -0 7.84971 0 7.84971 -0 7.84971 0 7.84971 -0 7.84971 0 7.84971 -0 7.84971 0 7.84971 -0 
7.92991 0.0 7.92991 -0 7.92991 0 7.92991 -0 7.92991 0 7.92991 -0 7.92991 0 7.92991 -0 7.92991 0 7.92991 -0 7.92991 0 7.92991 -0 7.92991 0 7.92991 -0 
8.01011 0.0 8.01011 -0 8.01011 0 8.01011 -0 8.01011 0 8.01011 -0 8.01011 0 8.01011 -0 8.01011 0 8.01011 -0 8.01011 0 8.01011 -0 8.01011 0 8.01011 -0 
8.09021 0.0 8.09021 -0 8.09021 0 8.09021 -0 8.09021 0 8.09021 -0 8.09021 0 8.09021 -0 8.09021 0 8.09021 -0 8.09021 0 8.09021 -0 8.09021 0 8.09021 -0 
8.17041 0.0 8.17041 -0 8.17041 0 8.17041 -0 8.17041 0 8.17041 -0 8.17041 0 8.17041 -0 8.17041 0 8.17041 -0 8.17041 0 8.17041 -0 8.17041 0 8.17041 -0 
8.25051 0.0 8.25051 -0 8.25051 0 8.25051 -0 8.25051 0 8.25051 -0 8.25051 0 8.25051 -0 8.25051 0 8.25051 -0 8.25051 0 8.25051 -0 8.25051 0 8.25051 -0 
8.33071 0.0 8.33071 -0 8.33071 0 8.33071 -0 8.33071 0 8.33071 -0 8.33071 0 8.33071 -0 8.33071 0 8.33071 -0 8.33071 0 8.33071 -0 8.33071 0 8.33071 -0 
8.41091 0.0 8.41091 -0 8.41091 0 8.41091 -0 8.41091 0 8.41091 -0 8.41091 0 8.41091 -0 8.41091 0 8.41091 -0 8.41091 0 8.41091 -0 8.41091 0 8.41091 -0 
8.49101 0.0 8.49101 -0 8.49101 0 8.49101 -0 8.49101 0 8.49101 -0 8.49101 0 8.49101 -0 8.49101 0 8.49101 -0 8.49101 0 8.49101 -0 8.49101 0 8.49101 -0 
8.57121 0.0 8.57121 -0 8.57121 0 8.57121 -0 8.57121 0 8.57121 -0 8.57121 0 8.57121 -0 8.57121 0 8.57121 -0 8.57121 0 8.57121 -0 8.57121 0 8.57121 -0 
8.65131 0.0 8.65131 -0 8.65131 0 8.65131 -0 8.65131 0 8.65131 -0 8.65131 0 8.65131 -0 8.65131 0 8.65131 -0 8.65131 0 8.65131 -0 8.65131 0 8.65131 -0 
8.73151 0.0 8.73151 -0 8.73151 0 8.73151 -0 8.73151 0 8.73151 -0 8.73151 0 8.73151 -0 8.73151 0 8.73151 -0 8.73151 0 8.73151 -0 8.73151 0 8.73151 -0 
8.81171 0.0 8.81171 -0 8.81171 0 8.81171 -0 8.81171 0 8.81171 -0 8.81171 0 8.81171 -0 8.81171 0 8.81171 -0 8.81171 0 8.81171 -0 8.81171 0 8.81171 -0 
8.89181 0.0 8.89181 -0 8.89181 0 8.89181 -0 8.89181 0 8.89181 -0 8.89181 0 8.89181 -0 8.89181 0 8.89181 -0 8.89181 0 8.89181 -0 8.89181 0 8.89181 -0 
8.97201 0.0 8.97201 -0 8.97201 0 8.97201 -0 8.97201 0 8.97201 -0 8.97201 0 8.97201 -0 8.97201 0 8.97201 -0 8.97201 0 8.97201 -0 8.97201 0 8.97201 -0 
9.05211 0.0 9.05211 -0 9.05211 0 9.05211 -0 9.05211 0 9.05211 -0 9.05211 0 9.05211 -0 9.05211 0 9.05211 -0 9.05211 0 9.05211 -0 9.05211 0 9.05211 -0 
9.13231 0.0 9.13231 -0 9.13231 0 9.13231 -0 9.13231 0 9.13231 -0 9.13231 0 9.13231 -0 9.13231 0 9.13231 -0 9.13231 0 9.13231 -0 9.13231 0 9.13231 -0 
9.21251 0.0 9.21251 -0 9.21251 0 9.21251 -0 9.21251 0 9.21251 -0 9.21251 0 9.21251 -0 9.21251 0 9.21251 -0 9.21251 0 9.21251 -0 9.21251 0 9.21251 -0 
9.29261 0.0 9.29261 -0 9.29261 0 9.29261 -0 9.29261 0 9.29261 -0 9.29261 0 9.29261 -0 9.29261 0 9.29261 -0 9.29261 0 9.29261 -0 9.29261 0 9.29261 -0 
9.37281 0.0 9.37281 -0 9.37281 0 9.37281 -0 9.37281 0 9.37281 -0 9.37281 0 9.37281 -0 9.37281 0 9.37281 -0 9.37281 0 9.37281 -0 9.37281 0 9.37281 -0 
9.45291 0.0 9.45291 -0 9.45291 0 9.45291 -0 9.45291 0 9.45291 -0 9.45291 0 9.45291 -0 9.45291 0 9.45291 -0 9.45291 0 9.45291 -0 9.45291 0 9.45291 -0 
9.53311 0.0 9.53311 -0 9.53311 0 9.53311 -0 9.53311 0 9.53311 -0 9.53311 0 9.53311 -0 9.53311 0 9.53311 -0 9.53311 0 9.53311 -0 9.53311 0 9.53311 -0 
9.61331 0.0 9.61331 -0 9.61331 0 9.61331 -0 9.61331 0 9.61331 -0 9.61331 0 9.61331 -0 9.61331 0 9.61331 -0 9.61331 0 9.61331 -0 9.61331 0 9.61331 -0 
9.69341 0.0 9.69341 -0 9.69341 0 9.69341 -0 9.69341 0 9.69341 -0 9.69341 0 9.69341 -0 9.69341 0 9.69341 -0 9.69341 0 9.69341 -0 9.69341 0 9.69341 -0 
9.77361 0.0 9.77361 -0 9.77361 0 9.77361 -0 9.77361 0 9.77361 -0 9.77361 0 9.77361 -0 9.77361 0 9.77361 -0 9.77361 0 9.77361 -0 9.77361 0 9.77361 -0 
9.85371 0.0 9.85371 -0 9.85371 0 9.85371 -0 9.85371 0 9.85371 -0 9.85371 0 9.85371 -0 9.85371 0 9.85371 -0 9.85371 0 9.85371 -0 9.85371 0 9.85371 -0 
9.93391 0.0 9.93391 -0 9.93391 0 9.93391 -0 9.93391 0 9.93391 -0 9.93391 0 9.93391 -0 9.93391 0 9.93391 -0 9.93391 0 9.93391 -0 9.93391 0 9.93391 -0 
10.0141 0.0 10.0141 -0 10.0141 0 10.0141 -0 10.0141 0 10.0141 -0 10.0141 0 10.0141 -0 10.0141 0 10.0141 -0 10.0141 0 10.0141 -0 10.0141 0 10.0141 -0 
10.0942 0.0 10.0942 -0 10.0942 0 10.0942 -0 10.0942 0 10.0942 -0 10.0942 0 10.0942 -0 10.0942 0 10.0942 -0 10.0942 0 10.0942 -0 10.0942 0 10.0942 -0 
10.1744 0.0 10.1744 -0 10.1744 0 10.1744 -0 10.1744 0 10.1744 -0 10.1744 0 10.1744 -0 10.1744 0 10.1744 -0 10.1744 0 10.1744 -0 10.1744 0 10.1744 -0 
10.2545 0.0 10.2545 -0 10.2545 0 10.2545 -0 10.2545 0 10.2545 -0 10.2545 0 10.2545 -0 10.2545 0 10.2545 -0 10.2545 0 10.2545 -0 10.2545 0 10.2545 -0 
10.3347 0.0 10.3347 -0 10.3347 0 10.3347 -0 10.3347 0 10.3347 -0 10.3347 0 10.3347 -0 10.3347 0 10.3347 -0 10.3347 0 10.3347 -0 10.3347 0 10.3347 -0 
10.4149 0.0 10.4149 -0 10.4149 0 10.4149 -0 10.4149 0 10.4149 -0 10.4149 0 10.4149 -0 10.4149 0 10.4149 -0 10.4149 0 10.4149 -0 10.4149 0 10.4149 -0 
10.495 0.0 10.495 -0 10.495 0 10.495 -0 10.495 0 10.495 -0 10.495 0 10.495 -0 10.495 0 10.495 -0 10.495 0 10.495 -0 10.495 0 10.495 -0 
10.5752 0.0 10.5752 -0 10.5752 0 10.5752 -0 10.5752 0 10.5752 -0 10.5752 0 10.5752 -0 10.5752 0 10.5752 -0 10.5752 0 10.5752 -0 10.5752 0 10.5752 -0 
10.6553 0.0 10.6553 -0 10.6553 0 10.6553 -0 10.6553 0 10.6553 -0 10.6553 0 10.6553 -0 10.6553 0 10.6553 -0 10.6553 0 10.6553 -0 10.6553 0 10.6553 -0 
10.7355 0.0 10.7355 -0 10.7355 0 10.7355 -0 10.7355 0 10.7355 -0 10.7355 0 10.7355 -0 10.7355 0 10.7355 -0 10.7355 0 10.7355 -0 10.7355 0 10.7355 -0 
10.8157 0.0 10.8157 -0 10.8157 0 10.8157 -0 10.8157 0 10.8157 -0 10.8157 0 10.8157 -0 10.8157 0 10.8157 -0 10.8157 0 10.8157 -0 10.8157 0 10.8157 -0 
10.8958 0.0 10.8958 -0 10.8958 0 10.8958 -0 10.8958 0 10.8958 -0 10.8958 0 10.8958 -0 10.8958 0 10.8958 -0 10.8958 0 10.8958 -0 10.8958 0 10.8958 -0 
10.976 0.0 10.976 -0 10.976 0 10.976 -0 10.976 0 10.976 -0 10.976 0 10.976 -0 10.976 0 10.976 -0 10.976 0 10.976 -0 10.976 0 10.976 -0 
11.0561 0.0 11.0561 -0 11.0561 0 11.0561 -0 11.0561 0 11.0561 -0 11.0561 0 11.0561 -0 11.0561 0 11.0561 -0 11.0561 0 11.0561 -0 11.0561 0 11.0561 -0 
11.1363 0.0 11.1363 -0 11.1363 0 11.1363 -0 11.1363 0 11.1363 -0 11.1363 0 11.1363 -0 11.1363 0 11.1363 -0 11.1363 0 11.1363 -0 11.1363 0 11.1363 -0 
11.2165 0.0 11.2165 -0 11.2165 0 11.2165 -0 11.2165 0 11.2165 -0 11.2165 0 11.2165 -0 11.2165 0 11.2165 -0 11.2165 0 11.2165 -0 11.2165 0 11.2165 -0 
11.2966 0.0 11.2966 -0 11.2966 0 11.2966 -0 11.2966 0 11.2966 -0 11.2966 0 11.2966 -0 11.2966 0 11.2966 -0 11.2966 0 11.2966 -0 11.2966 0 11.2966 -0 
11.3768 0.0 11.3768 -0 11.3768 0 11.3768 -0 11.3768 0 11.3768 -0 11.3768 0 11.3768 -0 11.3768 0 11.3768 -0 11.3768 0 11.3768 -0 11.3768 0 11.3768 -0 
11.4569 0.0 11.4569 -0 11.4569 0 11.4569 -0 11.4569 0 11.4569 -0 11.4569 0 11.4569 -0 11.4569 0 11.4569 -0 11.4569 0 11.4569 -0 11.4569 0 11.4569 -0 
11.5371 0.0 11.5371 -0 11.5371 0 11.5371 -0 11.5371 0 11.5371 -0 11.5371 0 11.5371 -0 11.5371 0 11.5371 -0 11.5371 0 11.5371 -0 11.5371 0 11.5371 -0 
11.6173 0.0 11.6173 -0 11.6173 0 11.6173 -0 11.6173 0 11.6173 -0 11.6173 0 11.6173 -0 11.6173 0 11.6173 -0 11.6173 0 11.6173 -0 11.6173 0 11.6173 -0 
11.6974 0.0 11.6974 -0 11.6974 0 11.6974 -0 11.6974 0 11.6974 -0 11.6974 0 11.6974 -0 11.6974 0 11.6974 -0 11.6974 0 11.6974 -0 11.6974 0 11.6974 -0 
11.7776 0.0 11.7776 -0 11.7776 0 11.7776 -0 11.7776 0 11.7776 -0 11.7776 0 11.7776 -0 11.7776 0 11.7776 -0 11.7776 0 11.7776 -0 11.7776 0 11.7776 -0 
11.8577 0.0 11.8577 -0 11.8577 0 11.8577 -0 11.8577 0 11.8577 -0 11.8577 0 11.8577 -0 11.8577 0 11.8577 -0 11.8577 0 11.8577 -0 11.8577 0 11.8577 -0 
11.9379 0.0 11.9379 -0 11.9379 0 11.9379 -0 11.9379 0 11.9379 -0 11.9379 0 11.9379 -0 11.9379 0 11.9379 -0 11.9379 0 11.9379 -0 11.9379 0 11.9379 -0 
12.0181 0.0 12.0181 -0 12.0181 0 12.0181 -0 12.0181 0 12.0181 -0 12.0181 0 12.0181 -0 12.0181 0 12.0181 -0 12.0181 0 12.0181 -0 12.0181 0 12.0181 -0 
12.0982 0.0 12.0982 -0 12.0982 0 12.0982 -0 12.0982 0 12.0982 -0 12.0982 0 12.0982 -0 12.0982 0 12.0982 -0 12.0982 0 12.0982 -0 12.0982 0 12.0982 -0 
12.1784 0.0 12.1784 -0 12.1784 0 12.1784 -0 12.1784 0 12.1784 -0 12.1784 0 12.1784 -0 12.1784 0 12.1784 -0 12.1784 0 12.1784 -0 12.1784 0 12.1784 -0 
12.2585 0.0 12.2585 -0 12.2585 0 12.2585 -0 12.2585 0 12.2585 -0 12.2585 0 12.2585 -0 12.2585 0 12.2585 -0 12.2585 0 12.2585 -0 12.2585 0 12.2585 -0 
12.3387 0.0 12.3387 -0 12.3387 0 12.3387 -0 12.3387 0 12.3387 -0 12.3387 0 12.3387 -0 12.3387 0 12.3387 -0 12.3387 0 12.3387 -0 12.3387 0 12.3387 -0 
12.4189 0.0 12.4189 -0 12.4189 0 12.4189 -0 12.4189 0 12.4189 -0 12.4189 0 12.4189 -0 12.4189 0 12.4189 -0 12.4189 0 12.4189 -0 12.4189 0 12.4189 -0 
12.499 0.0 12.499 -0 12.499 0 12.499 -0 12.499 0 12.499 -0 12.499 0 12.499 -0 12.499 0 12.499 -0 12.499 0 12.499 -0 12.499 0 12.499 -0 
12.5792 0.0 12.5792 -0 12.5792 0 12.5792 -0 12.5792 0 12.5792 -0 12.5792 0 12.5792 -0 12.5792 0 12.5792 -0 12.5792 0 12.5792 -0 12.5792 0 12.5792 -0 
12.6593 0.0 12.6593 -0 12.6593 0 12.6593 -0 12.6593 0 12.6593 -0 12.6593 0 12.6593 -0 12.6593 0 12.6593 -0 12.6593 0 12.6593 -0 12.6593 0 12.6593 -0 
12.7395 0.0 12.7395 -0 12.7395 0 12.7395 -0 12.7395 0 12.7395 -0 12.7395 0 12.7395 -0 12.7395 0 12.7395 -0 12.7395 0 12.7395 -0 12.7395 0 12.7395 -0 
12.8197 0.0 12.8197 -0 12.8197 0 12.8197 -0 12.8197 0 12.8197 -0 12.8197 0 12.8197 -0 12.8197 0 12.8197 -0 12.8197 0 12.8197 -0 12.8197 0 12.8197 -0 
12.8998 0.0 12.8998 -0 12.8998 0 12.8998 -0 12.8998 0 12.8998 -0 12.8998 0 12.8998 -0 12.8998 0 12.8998 -0 12.8998 0 12.8998 -0 12.8998 0 12.8998 -0 
12.98 0.0 12.98 -0 12.98 0 12.98 -0 12.98 0 12.98 -0 12.98 0 12.98 -0 12.98 0 12.98 -0 12.98 0 12.98 -0 12.98 0 12.98 -0 
13.0602 0.0 13.0602 -0 13.0602 0 13.0602 -0 13.0602 0 13.0602 -0 13.0602 0 13.0602 -0 13.0602 0 13.0602 -0 13.0602 0 13.0602 -0 13.0602 0 13.0602 -0 
13.1403 0.0 13.1403 -0 13.1403 0 13.1403 -0 13.1403 0 13.1403 -0 13.1403 0 13.1403 -0 13.1403 0 13.1403 -0 13.1403 0 13.1403 -0 13.1403 0 13.1403 -0 
13.2205 0.0 13.2205 -0 13.2205 0 13.2205 -0 13.2205 0 13.2205 -0 13.2205 0 13.2205 -0 13.2205 0 13.2205 -0 13.2205 0 13.2205 -0 13.2205 0 13.2205 -0 
13.3006 0.0 13.3006 -0 13.3006 0 13.3006 -0 13.3006 0 13.3006 -0 13.3006 0 13.3006 -0 13.3006 0 13.3006 -0 13.3006 0 13.3006 -0 13.3006 0 13.3006 -0 
13.3808 0.0 13.3808 -0 13.3808 0 13.3808 -0 13.3808 0 13.3808 -0 13.3808 0 13.3808 -0 13.3808 0 13.3808 -0 13.3808 0 13.3808 -0 13.3808 0 13.3808 -0 
13.461 0.0 13.461 -0 13.461 0 13.461 -0 13.461 0 13.461 -0 13.461 0 13.461 -0 13.461 0 13.461 -0 13.461 0 13.461 -0 13.461 0 13.461 -0 
13.5411 0.0 13.5411 -0 13.5411 0 13.5411 -0 13.5411 0 13.5411 -0 13.5411 0 13.5411 -0 13.5411 0 13.5411 -0 13.5411 0 13.5411 -0 13.5411 0 13.5411 -0 
13.6213 0.0 13.6213 -0 13.6213 0 13.6213 -0 13.6213 0 13.6213 -0 13.6213 0 13.6213 -0 13.6213 0 13.6213 -0 13.6213 0 13.6213 -0 13.6213 0 13.6213 -0 
13.7014 0.0 13.7014 -0 13.7014 0 13.7014 -0 13.7014 0 13.7014 -0 13.7014 0 13.7014 -0 13.7014 0 13.7014 -0 13.7014 0 13.7014 -0 13.7014 0 13.7014 -0 
13.7816 0.0 13.7816 -0 13.7816 0 13.7816 -0 13.7816 0 13.7816 -0 13.7816 0 13.7816 -0 13.7816 0 13.7816 -0 13.7816 0 13.7816 -0 13.7816 0 13.7816 -0 
13.8618 0.0 13.8618 -0 13.8618 0 13.8618 -0 13.8618 0 13.8618 -0 13.8618 0 13.8618 -0 13.8618 0 13.8618 -0 13.8618 0 13.8618 -0 13.8618 0 13.8618 -0 
13.9419 0.0 13.9419 -0 13.9419 0 13.9419 -0 13.9419 0 13.9419 -0 13.9419 0 13.9419 -0 13.9419 0 13.9419 -0 13.9419 0 13.9419 -0 13.9419 0 13.9419 -0 
14.0221 0.0 14.0221 -0 14.0221 0 14.0221 -0 14.0221 0 14.0221 -0 14.0221 0 14.0221 -0 14.0221 0 14.0221 -0 14.0221 0 14.0221 -0 14.0221 0 14.0221 -0 
14.1022 0.0 14.1022 -0 14.1022 0 14.1022 -0 14.1022 0 14.1022 -0 14.1022 0 14.1022 -0 14.1022 0 14.1022 -0 14.1022 0 14.1022 -0 14.1022 0 14.1022 -0 
14.1824 0.0 14.1824 -0 14.1824 0 14.1824 -0 14.1824 0 14.1824 -0 14.1824 0 14.1824 -0 14.1824 0 14.1824 -0 14.1824 0 14.1824 -0 14.1824 0 14.1824 -0 
14.2626 0.0 14.2626 -0 14.2626 0 14.2626 -0 14.2626 0 14.2626 -0 14.2626 0 14.2626 -0 14.2626 0 14.2626 -0 14.2626 0 14.2626 -0 14.2626 0 14.2626 -0 
14.3427 0.0 14.3427 -0 14.3427 0 14.3427 -0 14.3427 0 14.3427 -0 14.3427 0 14.3427 -0 14.3427 0 14.3427 -0 14.3427 0 14.3427 -0 14.3427 0 14.3427 -0 
14.4229 0.0 14.4229 -0 14.4229 0 14.4229 -0 14.4229 0 14.4229 -0 14.4229 0 14.4229 -0 14.4229 0 14.4229 -0 14.4229 0 14.4229 -0 14.4229 0 14.4229 -0 
14.503 0.0 14.503 -0 14.503 0 14.503 -0 14.503 0 14.503 -0 14.503 0 14.503 -0 14.503 0 14.503 -0 14.503 0 14.503 -0 14.503 0 14.503 -0 
14.5832 0.0 14.5832 -0 14.5832 0 14.5832 -0 14.5832 0 14.5832 -0 14.5832 0 14.5832 -0 14.5832 0 14.5832 -0 14.5832 0 14.5832 -0 14.5832 0 14.5832 -0 
14.6634 0.0 14.6634 -0 14.6634 0 14.6634 -0 14.6634 0 14.6634 -0 14.6634 0 14.6634 -0 14.6634 0 14.6634 -0 14.6634 0 14.6634 -0 14.6634 0 14.6634 -0 
14.7435 0.0 14.7435 -0 14.7435 0 14.7435 -0 14.7435 0 14.7435 -0 14.7435 0 14.7435 -0 14.7435 0 14.7435 -0 14.7435 0 14.7435 -0 14.7435 0 14.7435 -0 
14.8237 0.0 14.8237 -0 14.8237 0 14.8237 -0 14.8237 0 14.8237 -0 14.8237 0 14.8237 -0 14.8237 0 14.8237 -0 14.8237 0 14.8237 -0 14.8237 0 14.8237 -0 
14.9038 0.0 14.9038 -0 14.9038 0 14.9038 -0 14.9038 0 14.9038 -0 14.9038 0 14.9038 -0 14.9038 0 14.9038 -0 14.9038 0 14.9038 -0 14.9038 0 14.9038 -0 
14.984 0.0 14.984 -0 14.984 0 14.984 -0 14.984 0 14.984 -0 14.984 0 14.984 -0 14.984 0 14.984 -0 14.984 0 14.984 -0 14.984 0 14.984 -0 
15.0642 0.0 15.0642 -0 15.0642 0 15.0642 -0 15.0642 0 15.0642 -0 15.0642 0 15.0642 -0 15.0642 0 15.0642 -0 15.0642 0 15.0642 -0 15.0642 0 15.0642 -0 
15.1443 0.0 15.1443 -0 15.1443 0 15.1443 -0 15.1443 0 15.1443 -0 15.1443 0 15.1443 -0 15.1443 0 15.1443 -0 15.1443 0 15.1443 -0 15.1443 0 15.1443 -0 
15.2245 0.0 15.2245 -0 15.2245 0 15.2245 -0 15.2245 0 15.2245 -0 15.2245 0 15.2245 -0 15.2245 0 15.2245 -0 15.2245 0 15.2245 -0 15.2245 0 15.2245 -0 
15.3046 0.0 15.3046 -0 15.3046 0 15.3046 -0 15.3046 0 15.3046 -0 15.3046 0 15.3046 -0 15.3046 0 15.3046 -0 15.3046 0 15.3046 -0 15.3046 0 15.3046 -0 
15.3848 0.0 15.3848 -0 15.3848 0 15.3848 -0 15.3848 0 15.3848 -0 15.3848 0 15.3848 -0 15.3848 0 15.3848 -0 15.3848 0 15.3848 -0 15.3848 0 15.3848 -0 
