-23.6538 24.95 -23.6538 -24.95 -23.6538 0 -23.6538 -0 -23.6538 0 -23.6538 -0 -23.6538 0 -23.6538 -0 -23.6538 0 -23.6538 -0 -23.6538 0 -23.6538 -0 -23.6538 0 -23.6538 -0 
-23.5736 0.0 -23.5736 -0 -23.5736 0 -23.5736 -0 -23.5736 0 -23.5736 -0 -23.5736 0 -23.5736 -0 -23.5736 0 -23.5736 -0 -23.5736 0 -23.5736 -0 -23.5736 0 -23.5736 -0 
-23.4935 0.0 -23.4935 -0 -23.4935 0 -23.4935 -0 -23.4935 0 -23.4935 -0 -23.4935 0 -23.4935 -0 -23.4935 0 -23.4935 -0 -23.4935 0 -23.4935 -0 -23.4935 0 -23.4935 -0 
-23.4133 0.0 -23.4133 -0 -23.4133 0 -23.4133 -0 -23.4133 0 -23.4133 -0 -23.4133 0 -23.4133 -0 -23.4133 0 -23.4133 -0 -23.4133 0 -23.4133 -0 -23.4133 0 -23.4133 -0 
-23.3332 0.0 -23.3332 -0 -23.3332 0 -23.3332 -0 -23.3332 0 -23.3332 -0 -23.3332 0 -23.3332 -0 -23.3332 0 -23.3332 -0 -23.3332 0 -23.3332 -0 -23.3332 0 -23.3332 -0 
-23.253 0.0 -23.253 -0 -23.253 0 -23.253 -0 -23.253 0 -23.253 -0 -23.253 0 -23.253 -0 -23.253 0 -23.253 -0 -23.253 0 -23.253 -0 -23.253 0 -23.253 -0 
-23.1728 0.0 -23.1728 -0 -23.1728 0 -23.1728 -0 -23.1728 0 -23.1728 -0 -23.1728 0 -23.1728 -0 -23.1728 0 -23.1728 -0 -23.1728 0 -23.1728 -0 -23.1728 0 -23.1728 -0 
-23.0927 0.0 -23.0927 -0 -23.0927 0 -23.0927 -0 -23.0927 0 -23.0927 -0 -23.0927 0 -23.0927 -0 -23.0927 0 -23.0927 -0 -23.0927 0 -23.0927 -0 -23.0927 0 -23.0927 -0 
-23.0125 0.0 -23.0125 -0 -23.0125 0 -23.0125 -0 -23.0125 0 -23.0125 -0 -23.0125 0 -23.0125 -0 -23.0125 0 -23.0125 -0 -23.0125 0 -23.0125 -0 -23.0125 0 -23.0125 -0 
-22.9324 0.0 -22.9324 -0 -22.9324 0 -22.9324 -0 -22.9324 0 -22.9324 -0 -22.9324 0 -22.9324 -0 -22.9324 0 -22.9324 -0 -22.9324 0 -22.9324 -0 -22.9324 0 -22.9324 -0 
-22.8522 0.0 -22.8522 -0 -22.8522 0 -22.8522 -0 -22.8522 0 -22.8522 -0 -22.8522 0 -22.8522 -0 -22.8522 0 -22.8522 -0 -22.8522 0 -22.8522 -0 -22.8522 0 -22.8522 -0 
-22.772 0.0 -22.772 -0 -22.772 0 -22.772 -0 -22.772 0 -22.772 -0 -22.772 0 -22.772 -0 -22.772 0 -22.772 -0 -22.772 0 -22.772 -0 -22.772 0 -22.772 -0 
-22.6919 0.0 -22.6919 -0 -22.6919 0 -22.6919 -0 -22.6919 0 -22.6919 -0 -22.6919 0 -22.6919 -0 -22.6919 0 -22.6919 -0 -22.6919 0 -22.6919 -0 -22.6919 0 -22.6919 -0 
-22.6117 0.0 -22.6117 -0 -22.6117 0 -22.6117 -0 -22.6117 0 -22.6117 -0 -22.6117 0 -22.6117 -0 -22.6117 0 -22.6117 -0 -22.6117 0 -22.6117 -0 -22.6117 0 -22.6117 -0 
-22.5316 0.0 -22.5316 -0 -22.5316 0 -22.5316 -0 -22.5316 0 -22.5316 -0 -22.5316 0 -22.5316 -0 -22.5316 0 -22.5316 -0 -22.5316 0 -22.5316 -0 -22.5316 0 -22.5316 -0 
-22.4514 0.0 -22.4514 -0 -22.4514 0 -22.4514 -0 -22.4514 0 -22.4514 -0 -22.4514 0 -22.4514 -0 -22.4514 0 -22.4514 -0 -22.4514 0 -22.4514 -0 -22.4514 0 -22.4514 -0 
-22.3712 0.0 -22.3712 -0 -22.3712 0 -22.3712 -0 -22.3712 0 -22.3712 -0 -22.3712 0 -22.3712 -0 -22.3712 0 -22.3712 -0 -22.3712 0 -22.3712 -0 -22.3712 0 -22.3712 -0 
-22.2911 0.0 -22.2911 -0 -22.2911 0 -22.2911 -0 -22.2911 0 -22.2911 -0 -22.2911 0 -22.2911 -0 -22.2911 0 -22.2911 -0 -22.2911 0 -22.2911 -0 -22.2911 0 -22.2911 -0 
-22.2109 0.0 -22.2109 -0 -22.2109 0 -22.2109 -0 -22.2109 0 -22.2109 -0 -22.2109 0 -22.2109 -0 -22.2109 0 -22.2109 -0 -22.2109 0 -22.2109 -0 -22.2109 0 -22.2109 -0 
-22.1308 0.0 -22.1308 -0 -22.1308 0 -22.1308 -0 -22.1308 0 -22.1308 -0 -22.1308 0 -22.1308 -0 -22.1308 0 -22.1308 -0 -22.1308 0 -22.1308 -0 -22.1308 0 -22.1308 -0 
-22.0506 0.0 -22.0506 -0 -22.0506 0 -22.0506 -0 -22.0506 0 -22.0506 -0 -22.0506 0 -22.0506 -0 -22.0506 0 -22.0506 -0 -22.0506 0 -22.0506 -0 -22.0506 0 -22.0506 -0 
-21.9704 0.0 -21.9704 -0 -21.9704 0 -21.9704 -0 -21.9704 0 -21.9704 -0 -21.9704 0 -21.9704 -0 -21.9704 0 -21.9704 -0 -21.9704 0 -21.9704 -0 -21.9704 0 -21.9704 -0 
-21.8903 0.0 -21.8903 -0 -21.8903 0 -21.8903 -0 -21.8903 0 -21.8903 -0 -21.8903 0 -21.8903 -0 -21.8903 0 -21.8903 -0 -21.8903 0 -21.8903 -0 -21.8903 0 -21.8903 -0 
-21.8101 0.0 -21.8101 -0 -21.8101 0 -21.8101 -0 -21.8101 0 -21.8101 -0 -21.8101 0 -21.8101 -0 -21.8101 0 -21.8101 -0 -21.8101 0 -21.8101 -0 -21.8101 0 -21.8101 -0 
-21.73 0.0 -21.73 -0 -21.73 0 -21.73 -0 -21.73 0 -21.73 -0 -21.73 0 -21.73 -0 -21.73 0 -21.73 -0 -21.73 0 -21.73 -0 -21.73 0 -21.73 -0 
-21.6498 0.0 -21.6498 -0 -21.6498 0 -21.6498 -0 -21.6498 0 -21.6498 -0 -21.6498 0 -21.6498 -0 -21.6498 0 -21.6498 -0 -21.6498 0 -21.6498 -0 -21.6498 0 -21.6498 -0 
-21.5696 0.0 -21.5696 -0 -21.5696 0 -21.5696 -0 -21.5696 0 -21.5696 -0 -21.5696 0 -21.5696 -0 -21.5696 0 -21.5696 -0 -21.5696 0 -21.5696 -0 -21.5696 0 -21.5696 -0 
-21.4895 0.0 -21.4895 -0 -21.4895 0 -21.4895 -0 -21.4895 0 -21.4895 -0 -21.4895 0 -21.4895 -0 -21.4895 0 -21.4895 -0 -21.4895 0 -21.4895 -0 -21.4895 0 -21.4895 -0 
-21.4093 0.0 -21.4093 -0 -21.4093 0 -21.4093 -0 -21.4093 0 -21.4093 -0 -21.4093 0 -21.4093 -0 -21.4093 0 -21.4093 -0 -21.4093 0 -21.4093 -0 -21.4093 0 -21.4093 -0 
-21.3292 0.0 -21.3292 -0 -21.3292 0 -21.3292 -0 -21.3292 0 -21.3292 -0 -21.3292 0 -21.3292 -0 -21.3292 0 -21.3292 -0 -21.3292 0 -21.3292 -0 -21.3292 0 -21.3292 -0 
-21.249 0.0 -21.249 -0 -21.249 0 -21.249 -0 -21.249 0 -21.249 -0 -21.249 0 -21.249 -0 -21.249 0 -21.249 -0 -21.249 0 -21.249 -0 -21.249 0 -21.249 -0 
-21.1688 0.0 -21.1688 -0 -21.1688 0 -21.1688 -0 -21.1688 0 -21.1688 -0 -21.1688 0 -21.1688 -0 -21.1688 0 -21.1688 -0 -21.1688 0 -21.1688 -0 -21.1688 0 -21.1688 -0 
-21.0887 0.0 -21.0887 -0 -21.0887 0 -21.0887 -0 -21.0887 0 -21.0887 -0 -21.0887 0 -21.0887 -0 -21.0887 0 -21.0887 -0 -21.0887 0 -21.0887 -0 -21.0887 0 -21.0887 -0 
-21.0085 0.0 -21.0085 -0 -21.0085 0 -21.0085 -0 -21.0085 0 -21.0085 -0 -21.0085 0 -21.0085 -0 -21.0085 0 -21.0085 -0 -21.0085 0 -21.0085 -0 -21.0085 0 -21.0085 -0 
-20.9283 0.0 -20.9283 -0 -20.9283 0 -20.9283 -0 -20.9283 0 -20.9283 -0 -20.9283 0 -20.9283 -0 -20.9283 0 -20.9283 -0 -20.9283 0 -20.9283 -0 -20.9283 0 -20.9283 -0 
-20.8482 0.0 -20.8482 -0 -20.8482 0 -20.8482 -0 -20.8482 0 -20.8482 -0 -20.8482 0 -20.8482 -0 -20.8482 0 -20.8482 -0 -20.8482 0 -20.8482 -0 -20.8482 0 -20.8482 -0 
-20.768 0.0 -20.768 -0 -20.768 0 -20.768 -0 -20.768 0 -20.768 -0 -20.768 0 -20.768 -0 -20.768 0 -20.768 -0 -20.768 0 -20.768 -0 -20.768 0 -20.768 -0 
-20.6879 0.0 -20.6879 -0 -20.6879 0 -20.6879 -0 -20.6879 0 -20.6879 -0 -20.6879 0 -20.6879 -0 -20.6879 0 -20.6879 -0 -20.6879 0 -20.6879 -0 -20.6879 0 -20.6879 -0 
-20.6077 0.0 -20.6077 -0 -20.6077 0 -20.6077 -0 -20.6077 0 -20.6077 -0 -20.6077 0 -20.6077 -0 -20.6077 0 -20.6077 -0 -20.6077 0 -20.6077 -0 -20.6077 0 -20.6077 -0 
-20.5275 0.0 -20.5275 -0 -20.5275 0 -20.5275 -0 -20.5275 0 -20.5275 -0 -20.5275 0 -20.5275 -0 -20.5275 0 -20.5275 -0 -20.5275 0 -20.5275 -0 -20.5275 0 -20.5275 -0 
-20.4474 0.0 -20.4474 -0 -20.4474 0 -20.4474 -0 -20.4474 0 -20.4474 -0 -20.4474 0 -20.4474 -0 -20.4474 0 -20.4474 -0 -20.4474 0 -20.4474 -0 -20.4474 0 -20.4474 -0 
-20.3672 0.0 -20.3672 -0 -20.3672 0 -20.3672 -0 -20.3672 0 -20.3672 -0 -20.3672 0 -20.3672 -0 -20.3672 0 -20.3672 -0 -20.3672 0 -20.3672 -0 -20.3672 0 -20.3672 -0 
-20.2871 0.0 -20.2871 -0 -20.2871 0 -20.2871 -0 -20.2871 0 -20.2871 -0 -20.2871 0 -20.2871 -0 -20.2871 0 -20.2871 -0 -20.2871 0 -20.2871 -0 -20.2871 0 -20.2871 -0 
-20.2069 0.0003 -20.2069 -0 -20.2069 0 -20.2069 -0 -20.2069 0 -20.2069 -0 -20.2069 0 -20.2069 -0 -20.2069 0 -20.2069 -0 -20.2069 0 -20.2069 -0 -20.2069 0 -20.2069 -0 
-20.1267 0.0024 -20.1267 -0 -20.1267 0 -20.1267 -0 -20.1267 0 -20.1267 -0 -20.1267 0 -20.1267 -0 -20.1267 0 -20.1267 -0 -20.1267 0 -20.1267 -0 -20.1267 0 -20.1267 -0 
-20.0466 0.0129 -20.0466 -0.0001 -20.0466 0 -20.0466 -0 -20.0466 0 -20.0466 -0 -20.0466 0 -20.0466 -0 -20.0466 0 -20.0466 -0 -20.0466 0 -20.0466 -0 -20.0466 0 -20.0466 -0 
-19.9664 0.0524 -19.9664 -0.0012 -19.9664 0 -19.9664 -0 -19.9664 0 -19.9664 -0 -19.9664 0 -19.9664 -0 -19.9664 0 -19.9664 -0 -19.9664 0 -19.9664 -0 -19.9664 0 -19.9664 -0 
-19.8863 0.1622 -19.8863 -0.0071 -19.8863 0 -19.8863 -0 -19.8863 0 -19.8863 -0 -19.8863 0 -19.8863 -0 -19.8863 0 -19.8863 -0 -19.8863 0 -19.8863 -0 -19.8863 0 -19.8863 -0 
-19.8061 0.39 -19.8061 -0.0327 -19.8061 0 -19.8061 -0 -19.8061 0 -19.8061 -0 -19.8061 0 -19.8061 -0 -19.8061 0 -19.8061 -0 -19.8061 0 -19.8061 -0 -19.8061 0 -19.8061 -0 
-19.7259 0.7472 -19.7259 -0.1142 -19.7259 0 -19.7259 -0 -19.7259 0 -19.7259 -0 -19.7259 0 -19.7259 -0 -19.7259 0 -19.7259 -0 -19.7259 0 -19.7259 -0 -19.7259 0 -19.7259 -0 
-19.6458 1.1849 -19.6458 -0.3076 -19.6458 0 -19.6458 -0 -19.6458 0 -19.6458 -0 -19.6458 0 -19.6458 -0 -19.6458 0 -19.6458 -0 -19.6458 0 -19.6458 -0 -19.6458 0 -19.6458 -0 
-19.5656 1.6321 -19.5656 -0.6546 -19.5656 0 -19.5656 -0 -19.5656 0 -19.5656 -0 -19.5656 0 -19.5656 -0 -19.5656 0 -19.5656 -0 -19.5656 0 -19.5656 -0 -19.5656 0 -19.5656 -0 
-19.4855 2.0466 -19.4855 -1.1364 -19.4855 0 -19.4855 -0 -19.4855 0 -19.4855 -0 -19.4855 0 -19.4855 -0 -19.4855 0 -19.4855 -0 -19.4855 0 -19.4855 -0 -19.4855 0 -19.4855 -0 
-19.4053 2.4043 -19.4053 -1.6721 -19.4053 0 -19.4053 -0 -19.4053 0 -19.4053 -0 -19.4053 0 -19.4053 -0 -19.4053 0 -19.4053 -0 -19.4053 0 -19.4053 -0 -19.4053 0 -19.4053 -0 
-19.3251 2.6832 -19.3251 -2.1624 -19.3251 0 -19.3251 -0 -19.3251 0 -19.3251 -0 -19.3251 0 -19.3251 -0 -19.3251 0 -19.3251 -0 -19.3251 0 -19.3251 -0 -19.3251 0 -19.3251 -0 
-19.245 2.916 -19.245 -2.5223 -19.245 0 -19.245 -0 -19.245 0 -19.245 -0 -19.245 0 -19.245 -0 -19.245 0 -19.245 -0 -19.245 0 -19.245 -0 -19.245 0 -19.245 -0 
-19.1648 3.2193 -19.1648 -2.7197 -19.1648 0 -19.1648 -0 -19.1648 0 -19.1648 -0 -19.1648 0 -19.1648 -0 -19.1648 0 -19.1648 -0 -19.1648 0 -19.1648 -0 -19.1648 0 -19.1648 -0 
-19.0847 3.719 -19.0847 -2.8358 -19.0847 0 -19.0847 -0 -19.0847 0 -19.0847 -0 -19.0847 0 -19.0847 -0 -19.0847 0 -19.0847 -0 -19.0847 0 -19.0847 -0 -19.0847 0 -19.0847 -0 
-19.0045 4.4944 -19.0045 -3.0391 -19.0045 0 -19.0045 -0 -19.0045 0 -19.0045 -0 -19.0045 0 -19.0045 -0 -19.0045 0 -19.0045 -0 -19.0045 0 -19.0045 -0 -19.0045 0 -19.0045 -0 
-18.9243 5.6256 -18.9243 -3.447 -18.9243 0.0002 -18.9243 -0 -18.9243 0.0001 -18.9243 -0 -18.9243 0 -18.9243 -0 -18.9243 0 -18.9243 -0 -18.9243 0 -18.9243 -0 -18.9243 0.0001 -18.9243 -0 
-18.8442 7.2056 -18.8442 -4.0627 -18.8442 0.0006 -18.8442 -0 -18.8442 0.0002 -18.8442 -0 -18.8442 0.0001 -18.8442 -0 -18.8442 0.0001 -18.8442 -0 -18.8442 0.0001 -18.8442 -0 -18.8442 0.0001 -18.8442 -0 
-18.764 9.2418 -18.764 -4.8896 -18.764 0.0012 -18.764 -0 -18.764 0.0004 -18.764 -0 -18.764 0.0001 -18.764 -0 -18.764 0.0002 -18.764 -0 -18.764 0.0002 -18.764 -0 -18.764 0.0003 -18.764 -0 
-18.6839 11.5268 -18.6839 -6.0281 -18.6839 0.002 -18.6839 -0 -18.6839 0.0007 -18.6839 -0 -18.6839 0.0002 -18.6839 -0 -18.6839 0.0003 -18.6839 -0 -18.6839 0.0004 -18.6839 -0 -18.6839 0.0004 -18.6839 -0 
-18.6037 13.6079 -18.6037 -7.5787 -18.6037 0.0031 -18.6037 -0.0002 -18.6037 0.001 -18.6037 -0.0001 -18.6037 0.0002 -18.6037 -0 -18.6037 0.0004 -18.6037 -0 -18.6037 0.0009 -18.6037 -0 -18.6037 0.0006 -18.6037 -0.0001 
-18.5235 14.9711 -18.5235 -9.4874 -18.5235 0.004 -18.5235 -0.0006 -18.5235 0.0011 -18.5235 -0.0002 -18.5235 0.0003 -18.5235 -0.0001 -18.5235 0.0004 -18.5235 -0.0001 -18.5235 0.0015 -18.5235 -0.0001 -18.5235 0.0007 -18.5235 -0.0001 
-18.4434 15.3129 -18.4434 -11.5366 -18.4434 0.0046 -18.4434 -0.001 -18.4434 0.0011 -18.4434 -0.0003 -18.4434 0.0003 -18.4434 -0.0001 -18.4434 0.0004 -18.4434 -0.0002 -18.4434 0.0021 -18.4434 -0.0002 -18.4434 0.0007 -18.4434 -0.0002 
-18.3632 14.7049 -18.3632 -13.3384 -18.3632 0.0052 -18.3632 -0.0015 -18.3632 0.001 -18.3632 -0.0005 -18.3632 0.0003 -18.3632 -0.0001 -18.3632 0.0004 -18.3632 -0.0002 -18.3632 0.0028 -18.3632 -0.0004 -18.3632 0.0007 -18.3632 -0.0003 
-18.2831 13.6733 -18.2831 -14.1846 -18.2831 0.006 -18.2831 -0.002 -18.2831 0.001 -18.2831 -0.0006 -18.2831 0.0003 -18.2831 -0.0001 -18.2831 0.0004 -18.2831 -0.0002 -18.2831 0.0036 -18.2831 -0.0007 -18.2831 0.0007 -18.2831 -0.0004 
-18.2029 13.0679 -18.2029 -13.3265 -18.2029 0.0078 -18.2029 -0.0021 -18.2029 0.0012 -18.2029 -0.0006 -18.2029 0.0003 -18.2029 -0.0001 -18.2029 0.0005 -18.2029 -0.0002 -18.2029 0.005 -18.2029 -0.0008 -18.2029 0.0008 -18.2029 -0.0004 
-18.1227 13.506 -18.1227 -10.9584 -18.1227 0.0101 -18.1227 -0.0021 -18.1227 0.0015 -18.1227 -0.0005 -18.1227 0.0004 -18.1227 -0.0001 -18.1227 0.0006 -18.1227 -0.0002 -18.1227 0.0066 -18.1227 -0.0009 -18.1227 0.001 -18.1227 -0.0004 
-18.0426 14.863 -18.0426 -8.5682 -18.0426 0.0114 -18.0426 -0.0018 -18.0426 0.0017 -18.0426 -0.0004 -18.0426 0.0004 -18.0426 -0.0001 -18.0426 0.0007 -18.0426 -0.0001 -18.0426 0.0075 -18.0426 -0.0009 -18.0426 0.0011 -18.0426 -0.0003 
-17.9624 16.6335 -17.9624 -7.6936 -17.9624 0.0114 -17.9624 -0.0022 -17.9624 0.0017 -17.9624 -0.0004 -17.9624 0.0005 -17.9624 -0.0001 -17.9624 0.0008 -17.9624 -0.0001 -17.9624 0.0073 -17.9624 -0.0013 -17.9624 0.0011 -17.9624 -0.0003 
-17.8823 18.7945 -17.8823 -8.5889 -17.8823 0.0109 -17.8823 -0.0036 -17.8823 0.0019 -17.8823 -0.0006 -17.8823 0.0007 -17.8823 -0.0001 -17.8823 0.0009 -17.8823 -0.0002 -17.8823 0.006 -17.8823 -0.0023 -17.8823 0.0014 -17.8823 -0.0004 
-17.8021 21.6409 -17.8021 -10.4663 -17.8021 0.0116 -17.8021 -0.006 -17.8021 0.0026 -17.8021 -0.001 -17.8021 0.001 -17.8021 -0.0003 -17.8021 0.0013 -17.8021 -0.0004 -17.8021 0.0046 -17.8021 -0.0037 -17.8021 0.0021 -17.8021 -0.0006 
-17.7219 24.5921 -17.7219 -12.6058 -17.7219 0.0148 -17.7219 -0.0081 -17.7219 0.0037 -17.7219 -0.0014 -17.7219 0.0017 -17.7219 -0.0004 -17.7219 0.0018 -17.7219 -0.0006 -17.7219 0.0041 -17.7219 -0.0047 -17.7219 0.0035 -17.7219 -0.001 
-17.6418 26.0966 -17.6418 -14.8158 -17.6418 0.0209 -17.6418 -0.0095 -17.6418 0.0052 -17.6418 -0.0019 -17.6418 0.0026 -17.6418 -0.0006 -17.6418 0.0025 -17.6418 -0.0009 -17.6418 0.005 -17.6418 -0.0049 -17.6418 0.0056 -17.6418 -0.0012 
-17.5616 25.1888 -17.5616 -17.132 -17.5616 0.0276 -17.5616 -0.0098 -17.5616 0.0067 -17.5616 -0.0021 -17.5616 0.0035 -17.5616 -0.0006 -17.5616 0.0031 -17.5616 -0.001 -17.5616 0.0066 -17.5616 -0.0047 -17.5616 0.0077 -17.5616 -0.0014 
-17.4815 22.5112 -17.4815 -19.4744 -17.4815 0.0329 -17.4815 -0.0099 -17.4815 0.0079 -17.4815 -0.0021 -17.4815 0.0041 -17.4815 -0.0007 -17.4815 0.0035 -17.4815 -0.001 -17.4815 0.008 -17.4815 -0.0047 -17.4815 0.0094 -17.4815 -0.0014 
-17.4013 19.5559 -17.4013 -21.5321 -17.4013 0.0341 -17.4013 -0.0103 -17.4013 0.0083 -17.4013 -0.0021 -17.4013 0.0042 -17.4013 -0.0007 -17.4013 0.0036 -17.4013 -0.001 -17.4013 0.0081 -17.4013 -0.0051 -17.4013 0.0099 -17.4013 -0.0014 
-17.3211 17.3592 -17.3211 -22.8185 -17.3211 0.0306 -17.3211 -0.0107 -17.3211 0.0077 -17.3211 -0.002 -17.3211 0.0038 -17.3211 -0.0007 -17.3211 0.0033 -17.3211 -0.0009 -17.3211 0.0069 -17.3211 -0.0057 -17.3211 0.0089 -17.3211 -0.0014 
-17.241 16.051 -17.241 -22.9608 -17.241 0.0231 -17.241 -0.011 -17.241 0.006 -17.241 -0.0019 -17.241 0.0029 -17.241 -0.0007 -17.241 0.0025 -17.241 -0.0009 -17.241 0.0049 -17.241 -0.006 -17.241 0.0068 -17.241 -0.0015 
-17.1608 15.1903 -17.1608 -22.2114 -17.1608 0.0144 -17.1608 -0.0118 -17.1608 0.0038 -17.1608 -0.002 -17.1608 0.0018 -17.1608 -0.0008 -17.1608 0.0016 -17.1608 -0.0009 -17.1608 0.0029 -17.1608 -0.0064 -17.1608 0.0043 -17.1608 -0.0017 
-17.0807 14.2363 -17.0807 -21.6286 -17.0807 0.0072 -17.0807 -0.0146 -17.0807 0.0019 -17.0807 -0.0026 -17.0807 0.0009 -17.0807 -0.0011 -17.0807 0.0008 -17.0807 -0.0012 -17.0807 0.0015 -17.0807 -0.0073 -17.0807 0.0021 -17.0807 -0.0024 
-17.0005 13.0067 -17.0005 -22.2703 -17.0005 0.0029 -17.0005 -0.0211 -17.0005 0.0008 -17.0005 -0.0042 -17.0005 0.0004 -17.0005 -0.0019 -17.0005 0.0003 -17.0005 -0.0019 -17.0005 0.0006 -17.0005 -0.0089 -17.0005 0.0008 -17.0005 -0.0042 
-16.9203 11.7812 -16.9203 -23.9627 -16.9203 0.001 -16.9203 -0.0311 -16.9203 0.0003 -16.9203 -0.007 -16.9203 0.0001 -16.9203 -0.0033 -16.9203 0.0001 -16.9203 -0.0031 -16.9203 0.0002 -16.9203 -0.0102 -16.9203 0.0003 -16.9203 -0.0075 
-16.8402 10.7191 -16.8402 -25.1407 -16.8402 0.0003 -16.8402 -0.0409 -16.8402 0.0001 -16.8402 -0.01 -16.8402 0 -16.8402 -0.005 -16.8402 0 -16.8402 -0.0044 -16.8402 0.0001 -16.8402 -0.0101 -16.8402 0.0001 -16.8402 -0.0114 
-16.76 9.4757 -16.76 -24.1292 -16.76 0 -16.76 -0.0444 -16.76 0 -16.76 -0.0115 -16.76 0 -16.76 -0.0059 -16.76 0 -16.76 -0.005 -16.76 0 -16.76 -0.0084 -16.76 0 -16.76 -0.0136 
-16.6799 7.6601 -16.6799 -20.4664 -16.6799 0 -16.6799 -0.0375 -16.6799 0 -16.6799 -0.01 -16.6799 0 -16.6799 -0.0053 -16.6799 0 -16.6799 -0.0044 -16.6799 0 -16.6799 -0.0056 -16.6799 0 -16.6799 -0.0122 
-16.5997 5.3606 -16.5997 -15.0164 -16.5997 0 -16.5997 -0.0243 -16.5997 0 -16.5997 -0.0066 -16.5997 0 -16.5997 -0.0036 -16.5997 0 -16.5997 -0.0029 -16.5997 0 -16.5997 -0.003 -16.5997 0 -16.5997 -0.0082 
-16.5195 3.1054 -16.5195 -9.2822 -16.5195 0 -16.5195 -0.0119 -16.5195 0 -16.5195 -0.0033 -16.5195 0 -16.5195 -0.0018 -16.5195 0 -16.5195 -0.0014 -16.5195 0 -16.5195 -0.0013 -16.5195 0 -16.5195 -0.0041 
-16.4394 1.4337 -16.4394 -4.6725 -16.4394 0 -16.4394 -0.0043 -16.4394 0 -16.4394 -0.0012 -16.4394 0 -16.4394 -0.0007 -16.4394 0 -16.4394 -0.0005 -16.4394 0 -16.4394 -0.0004 -16.4394 0 -16.4394 -0.0015 
-16.3592 0.512 -16.3592 -1.8524 -16.3592 0 -16.3592 -0.0012 -16.3592 0 -16.3592 -0.0003 -16.3592 0 -16.3592 -0.0002 -16.3592 0 -16.3592 -0.0002 -16.3592 0 -16.3592 -0.0001 -16.3592 0 -16.3592 -0.0004 
-16.2791 0.1384 -16.2791 -0.5633 -16.2791 0 -16.2791 -0.0002 -16.2791 0 -16.2791 -0.0001 -16.2791 0 -16.2791 -0 -16.2791 0 -16.2791 -0 -16.2791 0 -16.2791 -0 -16.2791 0 -16.2791 -0.0001 
-16.1989 0.028 -16.1989 -0.129 -16.1989 0 -16.1989 -0 -16.1989 0 -16.1989 -0 -16.1989 0 -16.1989 -0 -16.1989 0 -16.1989 -0 -16.1989 0 -16.1989 -0 -16.1989 0 -16.1989 -0 
-16.1187 0.0042 -16.1187 -0.022 -16.1187 0 -16.1187 -0 -16.1187 0 -16.1187 -0 -16.1187 0 -16.1187 -0 -16.1187 0 -16.1187 -0 -16.1187 0 -16.1187 -0 -16.1187 0 -16.1187 -0 
-16.0386 0.0005 -16.0386 -0.0028 -16.0386 0 -16.0386 -0 -16.0386 0 -16.0386 -0 -16.0386 0 -16.0386 -0 -16.0386 0 -16.0386 -0 -16.0386 0 -16.0386 -0 -16.0386 0 -16.0386 -0 
-15.9584 0.0002 -15.9584 -0.0004 -15.9584 0 -15.9584 -0 -15.9584 0 -15.9584 -0 -15.9584 0 -15.9584 -0 -15.9584 0 -15.9584 -0 -15.9584 0 -15.9584 -0 -15.9584 0 -15.9584 -0 
-15.8782 0.0017 -15.8782 -0.0012 -15.8782 0 -15.8782 -0 -15.8782 0 -15.8782 -0 -15.8782 0 -15.8782 -0 -15.8782 0 -15.8782 -0 -15.8782 0 -15.8782 -0 -15.8782 0 -15.8782 -0 
-15.7981 0.0131 -15.7981 -0.0095 -15.7981 0 -15.7981 -0 -15.7981 0 -15.7981 -0 -15.7981 0 -15.7981 -0 -15.7981 0 -15.7981 -0 -15.7981 0 -15.7981 -0 -15.7981 0 -15.7981 -0 
-15.7179 0.0782 -15.7179 -0.0587 -15.7179 0 -15.7179 -0 -15.7179 0 -15.7179 -0 -15.7179 0 -15.7179 -0 -15.7179 0 -15.7179 -0 -15.7179 0 -15.7179 -0 -15.7179 0 -15.7179 -0 
-15.6378 0.3558 -15.6378 -0.2779 -15.6378 0 -15.6378 -0 -15.6378 0 -15.6378 -0 -15.6378 0 -15.6378 -0 -15.6378 0 -15.6378 -0 -15.6378 0 -15.6378 -0 -15.6378 0 -15.6378 -0 
-15.5576 1.2395 -15.5576 -1.01 -15.5576 0 -15.5576 -0 -15.5576 0 -15.5576 -0 -15.5576 0 -15.5576 -0 -15.5576 0 -15.5576 -0 -15.5576 0 -15.5576 -0 -15.5576 0 -15.5576 -0 
-15.4774 3.3247 -15.4774 -2.8339 -15.4774 0 -15.4774 -0 -15.4774 0 -15.4774 -0 -15.4774 0 -15.4774 -0 -15.4774 0 -15.4774 -0 -15.4774 0 -15.4774 -0 -15.4774 0 -15.4774 -0 
-15.3973 6.9026 -15.3973 -6.1615 -15.3973 0 -15.3973 -0 -15.3973 0 -15.3973 -0 -15.3973 0 -15.3973 -0 -15.3973 0 -15.3973 -0 -15.3973 0 -15.3973 -0 -15.3973 0 -15.3973 -0 
-15.3171 11.1594 -15.3171 -10.4266 -15.3171 0 -15.3171 -0 -15.3171 0 -15.3171 -0 -15.3171 0 -15.3171 -0 -15.3171 0 -15.3171 -0 -15.3171 0 -15.3171 -0 -15.3171 0 -15.3171 -0 
-15.237 14.1447 -15.237 -13.8085 -15.237 0 -15.237 -0 -15.237 0 -15.237 -0 -15.237 0 -15.237 -0 -15.237 0 -15.237 -0 -15.237 0 -15.237 -0 -15.237 0 -15.237 -0 
-15.1568 14.1472 -15.1568 -14.3997 -15.1568 0 -15.1568 -0 -15.1568 0 -15.1568 -0 -15.1568 0 -15.1568 -0 -15.1568 0 -15.1568 -0 -15.1568 0 -15.1568 -0 -15.1568 0 -15.1568 -0 
-15.0766 11.2073 -15.0766 -11.8806 -15.0766 0 -15.0766 -0 -15.0766 0 -15.0766 -0 -15.0766 0 -15.0766 -0 -15.0766 0 -15.0766 -0 -15.0766 0 -15.0766 -0 -15.0766 0 -15.0766 -0 
-14.9965 7.0214 -14.9965 -7.7599 -14.9965 0 -14.9965 -0 -14.9965 0 -14.9965 -0 -14.9965 0 -14.9965 -0 -14.9965 0 -14.9965 -0 -14.9965 0 -14.9965 -0 -14.9965 0 -14.9965 -0 
-14.9163 3.4526 -14.9163 -3.9911 -14.9163 0 -14.9163 -0 -14.9163 0 -14.9163 -0 -14.9163 0 -14.9163 -0 -14.9163 0 -14.9163 -0 -14.9163 0 -14.9163 -0 -14.9163 0 -14.9163 -0 
-14.8362 1.3167 -14.8362 -1.5994 -14.8362 0 -14.8362 -0 -14.8362 0 -14.8362 -0 -14.8362 0 -14.8362 -0 -14.8362 0 -14.8362 -0 -14.8362 0 -14.8362 -0 -14.8362 0 -14.8362 -0 
-14.756 0.3842 -14.756 -0.4929 -14.756 0 -14.756 -0 -14.756 0 -14.756 -0 -14.756 0 -14.756 -0 -14.756 0 -14.756 -0 -14.756 0 -14.756 -0 -14.756 0 -14.756 -0 
-14.6758 0.0848 -14.6758 -0.1153 -14.6758 0 -14.6758 -0 -14.6758 0 -14.6758 -0 -14.6758 0 -14.6758 -0 -14.6758 0 -14.6758 -0 -14.6758 0 -14.6758 -0 -14.6758 0 -14.6758 -0 
-14.5957 0.014 -14.5957 -0.0203 -14.5957 0 -14.5957 -0 -14.5957 0 -14.5957 -0 -14.5957 0 -14.5957 -0 -14.5957 0 -14.5957 -0 -14.5957 0 -14.5957 -0 -14.5957 0 -14.5957 -0 
-14.5155 0.0017 -14.5155 -0.0027 -14.5155 0 -14.5155 -0 -14.5155 0 -14.5155 -0 -14.5155 0 -14.5155 -0 -14.5155 0 -14.5155 -0 -14.5155 0 -14.5155 -0 -14.5155 0 -14.5155 -0 
-14.4354 0.0002 -14.4354 -0.0003 -14.4354 0 -14.4354 -0 -14.4354 0 -14.4354 -0 -14.4354 0 -14.4354 -0 -14.4354 0 -14.4354 -0 -14.4354 0 -14.4354 -0 -14.4354 0 -14.4354 -0 
-14.3552 0.0 -14.3552 -0 -14.3552 0 -14.3552 -0 -14.3552 0 -14.3552 -0 -14.3552 0 -14.3552 -0 -14.3552 0 -14.3552 -0 -14.3552 0 -14.3552 -0 -14.3552 0 -14.3552 -0 
-14.275 0.0 -14.275 -0 -14.275 0 -14.275 -0 -14.275 0 -14.275 -0 -14.275 0 -14.275 -0 -14.275 0 -14.275 -0 -14.275 0 -14.275 -0 -14.275 0 -14.275 -0 
-14.1949 0.0 -14.1949 -0 -14.1949 0 -14.1949 -0 -14.1949 0 -14.1949 -0 -14.1949 0 -14.1949 -0 -14.1949 0 -14.1949 -0 -14.1949 0 -14.1949 -0 -14.1949 0 -14.1949 -0 
-14.1147 0.0 -14.1147 -0 -14.1147 0 -14.1147 -0 -14.1147 0 -14.1147 -0 -14.1147 0 -14.1147 -0 -14.1147 0 -14.1147 -0 -14.1147 0 -14.1147 -0 -14.1147 0 -14.1147 -0 
-14.0346 0.0 -14.0346 -0 -14.0346 0 -14.0346 -0 -14.0346 0 -14.0346 -0 -14.0346 0 -14.0346 -0 -14.0346 0 -14.0346 -0 -14.0346 0 -14.0346 -0 -14.0346 0 -14.0346 -0 
-13.9544 0.0 -13.9544 -0 -13.9544 0 -13.9544 -0 -13.9544 0 -13.9544 -0 -13.9544 0 -13.9544 -0 -13.9544 0 -13.9544 -0 -13.9544 0 -13.9544 -0 -13.9544 0 -13.9544 -0 
-13.8742 0.0 -13.8742 -0 -13.8742 0 -13.8742 -0 -13.8742 0 -13.8742 -0 -13.8742 0 -13.8742 -0 -13.8742 0 -13.8742 -0 -13.8742 0 -13.8742 -0 -13.8742 0 -13.8742 -0 
-13.7941 0.0 -13.7941 -0 -13.7941 0 -13.7941 -0 -13.7941 0 -13.7941 -0 -13.7941 0 -13.7941 -0 -13.7941 0 -13.7941 -0 -13.7941 0 -13.7941 -0 -13.7941 0 -13.7941 -0 
-13.7139 0.0 -13.7139 -0 -13.7139 0 -13.7139 -0 -13.7139 0 -13.7139 -0 -13.7139 0 -13.7139 -0 -13.7139 0 -13.7139 -0 -13.7139 0 -13.7139 -0 -13.7139 0 -13.7139 -0 
-13.6338 0.0 -13.6338 -0 -13.6338 0 -13.6338 -0 -13.6338 0 -13.6338 -0 -13.6338 0 -13.6338 -0 -13.6338 0 -13.6338 -0 -13.6338 0 -13.6338 -0 -13.6338 0 -13.6338 -0 
-13.5536 0.0 -13.5536 -0 -13.5536 0 -13.5536 -0 -13.5536 0 -13.5536 -0 -13.5536 0 -13.5536 -0 -13.5536 0 -13.5536 -0 -13.5536 0 -13.5536 -0 -13.5536 0 -13.5536 -0 
-13.4734 0.0 -13.4734 -0 -13.4734 0 -13.4734 -0 -13.4734 0 -13.4734 -0 -13.4734 0 -13.4734 -0 -13.4734 0 -13.4734 -0 -13.4734 0 -13.4734 -0 -13.4734 0 -13.4734 -0 
-13.3933 0.0 -13.3933 -0 -13.3933 0 -13.3933 -0 -13.3933 0 -13.3933 -0 -13.3933 0 -13.3933 -0 -13.3933 0 -13.3933 -0 -13.3933 0 -13.3933 -0 -13.3933 0 -13.3933 -0 
-13.3131 0.0 -13.3131 -0 -13.3131 0 -13.3131 -0 -13.3131 0 -13.3131 -0 -13.3131 0 -13.3131 -0 -13.3131 0 -13.3131 -0 -13.3131 0 -13.3131 -0 -13.3131 0 -13.3131 -0 
-13.233 0.0 -13.233 -0 -13.233 0 -13.233 -0 -13.233 0 -13.233 -0 -13.233 0 -13.233 -0 -13.233 0 -13.233 -0 -13.233 0 -13.233 -0 -13.233 0 -13.233 -0 
-13.1528 0.0 -13.1528 -0 -13.1528 0 -13.1528 -0 -13.1528 0 -13.1528 -0 -13.1528 0 -13.1528 -0 -13.1528 0 -13.1528 -0 -13.1528 0 -13.1528 -0 -13.1528 0 -13.1528 -0 
-13.0726 0.0 -13.0726 -0 -13.0726 0 -13.0726 -0 -13.0726 0 -13.0726 -0 -13.0726 0 -13.0726 -0 -13.0726 0 -13.0726 -0 -13.0726 0 -13.0726 -0 -13.0726 0 -13.0726 -0 
-12.9925 0.0 -12.9925 -0 -12.9925 0 -12.9925 -0 -12.9925 0 -12.9925 -0 -12.9925 0 -12.9925 -0 -12.9925 0 -12.9925 -0 -12.9925 0 -12.9925 -0 -12.9925 0 -12.9925 -0 
-12.9123 0.0 -12.9123 -0 -12.9123 0 -12.9123 -0 -12.9123 0 -12.9123 -0 -12.9123 0 -12.9123 -0 -12.9123 0 -12.9123 -0 -12.9123 0 -12.9123 -0 -12.9123 0 -12.9123 -0 
-12.8322 0.0 -12.8322 -0 -12.8322 0 -12.8322 -0 -12.8322 0 -12.8322 -0 -12.8322 0 -12.8322 -0 -12.8322 0 -12.8322 -0 -12.8322 0 -12.8322 -0 -12.8322 0 -12.8322 -0 
-12.752 0.0 -12.752 -0 -12.752 0 -12.752 -0 -12.752 0 -12.752 -0 -12.752 0 -12.752 -0 -12.752 0 -12.752 -0 -12.752 0 -12.752 -0 -12.752 0 -12.752 -0 
-12.6718 0.0 -12.6718 -0 -12.6718 0 -12.6718 -0 -12.6718 0 -12.6718 -0 -12.6718 0 -12.6718 -0 -12.6718 0 -12.6718 -0 -12.6718 0 -12.6718 -0 -12.6718 0 -12.6718 -0 
-12.5917 0.0 -12.5917 -0 -12.5917 0 -12.5917 -0 -12.5917 0 -12.5917 -0 -12.5917 0 -12.5917 -0 -12.5917 0 -12.5917 -0 -12.5917 0 -12.5917 -0 -12.5917 0 -12.5917 -0 
-12.5115 0.0 -12.5115 -0 -12.5115 0 -12.5115 -0 -12.5115 0 -12.5115 -0 -12.5115 0 -12.5115 -0 -12.5115 0 -12.5115 -0 -12.5115 0 -12.5115 -0 -12.5115 0 -12.5115 -0 
-12.4314 0.0 -12.4314 -0 -12.4314 0 -12.4314 -0 -12.4314 0 -12.4314 -0 -12.4314 0 -12.4314 -0 -12.4314 0 -12.4314 -0 -12.4314 0 -12.4314 -0 -12.4314 0 -12.4314 -0 
-12.3512 0.0 -12.3512 -0 -12.3512 0 -12.3512 -0 -12.3512 0 -12.3512 -0 -12.3512 0 -12.3512 -0 -12.3512 0 -12.3512 -0 -12.3512 0 -12.3512 -0 -12.3512 0 -12.3512 -0 
-12.271 0.0 -12.271 -0 -12.271 0 -12.271 -0 -12.271 0 -12.271 -0 -12.271 0 -12.271 -0 -12.271 0 -12.271 -0 -12.271 0 -12.271 -0 -12.271 0 -12.271 -0 
-12.1909 0.0 -12.1909 -0 -12.1909 0 -12.1909 -0 -12.1909 0 -12.1909 -0 -12.1909 0 -12.1909 -0 -12.1909 0 -12.1909 -0 -12.1909 0 -12.1909 -0 -12.1909 0 -12.1909 -0 
-12.1107 0.0 -12.1107 -0 -12.1107 0 -12.1107 -0 -12.1107 0 -12.1107 -0 -12.1107 0 -12.1107 -0 -12.1107 0 -12.1107 -0 -12.1107 0 -12.1107 -0 -12.1107 0 -12.1107 -0 
-12.0306 0.0 -12.0306 -0 -12.0306 0 -12.0306 -0 -12.0306 0 -12.0306 -0 -12.0306 0 -12.0306 -0 -12.0306 0 -12.0306 -0 -12.0306 0 -12.0306 -0 -12.0306 0 -12.0306 -0 
-11.9504 0.0 -11.9504 -0 -11.9504 0 -11.9504 -0 -11.9504 0 -11.9504 -0 -11.9504 0 -11.9504 -0 -11.9504 0 -11.9504 -0 -11.9504 0 -11.9504 -0 -11.9504 0 -11.9504 -0 
-11.8702 0.0 -11.8702 -0 -11.8702 0 -11.8702 -0 -11.8702 0 -11.8702 -0 -11.8702 0 -11.8702 -0 -11.8702 0 -11.8702 -0 -11.8702 0 -11.8702 -0 -11.8702 0 -11.8702 -0 
-11.7901 0.0 -11.7901 -0 -11.7901 0 -11.7901 -0 -11.7901 0 -11.7901 -0 -11.7901 0 -11.7901 -0 -11.7901 0 -11.7901 -0 -11.7901 0 -11.7901 -0 -11.7901 0 -11.7901 -0 
-11.7099 0.0 -11.7099 -0 -11.7099 0 -11.7099 -0 -11.7099 0 -11.7099 -0 -11.7099 0 -11.7099 -0 -11.7099 0 -11.7099 -0 -11.7099 0 -11.7099 -0 -11.7099 0 -11.7099 -0 
-11.6298 0.0 -11.6298 -0 -11.6298 0 -11.6298 -0 -11.6298 0 -11.6298 -0 -11.6298 0 -11.6298 -0 -11.6298 0 -11.6298 -0 -11.6298 0 -11.6298 -0 -11.6298 0 -11.6298 -0 
-11.5496 0.0 -11.5496 -0 -11.5496 0 -11.5496 -0 -11.5496 0 -11.5496 -0 -11.5496 0 -11.5496 -0 -11.5496 0 -11.5496 -0 -11.5496 0 -11.5496 -0 -11.5496 0 -11.5496 -0 
-11.4694 0.0 -11.4694 -0 -11.4694 0 -11.4694 -0 -11.4694 0 -11.4694 -0 -11.4694 0 -11.4694 -0 -11.4694 0 -11.4694 -0 -11.4694 0 -11.4694 -0 -11.4694 0 -11.4694 -0 
-11.3893 0.0 -11.3893 -0 -11.3893 0 -11.3893 -0 -11.3893 0 -11.3893 -0 -11.3893 0 -11.3893 -0 -11.3893 0 -11.3893 -0 -11.3893 0 -11.3893 -0 -11.3893 0 -11.3893 -0 
-11.3091 0.0 -11.3091 -0 -11.3091 0 -11.3091 -0 -11.3091 0 -11.3091 -0 -11.3091 0 -11.3091 -0 -11.3091 0 -11.3091 -0 -11.3091 0 -11.3091 -0 -11.3091 0 -11.3091 -0 
-11.229 0.0 -11.229 -0 -11.229 0 -11.229 -0 -11.229 0 -11.229 -0 -11.229 0 -11.229 -0 -11.229 0 -11.229 -0 -11.229 0 -11.229 -0 -11.229 0 -11.229 -0 
-11.1488 0.0 -11.1488 -0 -11.1488 0 -11.1488 -0 -11.1488 0 -11.1488 -0 -11.1488 0 -11.1488 -0 -11.1488 0 -11.1488 -0 -11.1488 0 -11.1488 -0 -11.1488 0 -11.1488 -0 
-11.0686 0.0 -11.0686 -0 -11.0686 0 -11.0686 -0 -11.0686 0 -11.0686 -0 -11.0686 0 -11.0686 -0 -11.0686 0 -11.0686 -0 -11.0686 0 -11.0686 -0 -11.0686 0 -11.0686 -0 
-10.9885 0.0 -10.9885 -0 -10.9885 0 -10.9885 -0 -10.9885 0 -10.9885 -0 -10.9885 0 -10.9885 -0 -10.9885 0 -10.9885 -0 -10.9885 0 -10.9885 -0 -10.9885 0 -10.9885 -0 
-10.9083 0.0 -10.9083 -0 -10.9083 0 -10.9083 -0 -10.9083 0 -10.9083 -0 -10.9083 0 -10.9083 -0 -10.9083 0 -10.9083 -0 -10.9083 0 -10.9083 -0 -10.9083 0 -10.9083 -0 
-10.8281 0.0 -10.8281 -0 -10.8281 0 -10.8281 -0 -10.8281 0 -10.8281 -0 -10.8281 0 -10.8281 -0 -10.8281 0 -10.8281 -0 -10.8281 0 -10.8281 -0 -10.8281 0 -10.8281 -0 
-10.748 0.0 -10.748 -0 -10.748 0 -10.748 -0 -10.748 0 -10.748 -0 -10.748 0 -10.748 -0 -10.748 0 -10.748 -0 -10.748 0 -10.748 -0 -10.748 0 -10.748 -0 
-10.6678 0.0 -10.6678 -0 -10.6678 0 -10.6678 -0 -10.6678 0 -10.6678 -0 -10.6678 0 -10.6678 -0 -10.6678 0 -10.6678 -0 -10.6678 0 -10.6678 -0 -10.6678 0 -10.6678 -0 
-10.5877 0.0 -10.5877 -0 -10.5877 0 -10.5877 -0 -10.5877 0 -10.5877 -0 -10.5877 0 -10.5877 -0 -10.5877 0 -10.5877 -0 -10.5877 0 -10.5877 -0 -10.5877 0 -10.5877 -0 
-10.5075 0.0 -10.5075 -0 -10.5075 0 -10.5075 -0 -10.5075 0 -10.5075 -0 -10.5075 0 -10.5075 -0 -10.5075 0 -10.5075 -0 -10.5075 0 -10.5075 -0 -10.5075 0 -10.5075 -0 
-10.4273 0.0 -10.4273 -0 -10.4273 0 -10.4273 -0 -10.4273 0 -10.4273 -0 -10.4273 0 -10.4273 -0 -10.4273 0 -10.4273 -0 -10.4273 0 -10.4273 -0 -10.4273 0 -10.4273 -0 
-10.3472 0.0 -10.3472 -0 -10.3472 0 -10.3472 -0 -10.3472 0 -10.3472 -0 -10.3472 0 -10.3472 -0 -10.3472 0 -10.3472 -0 -10.3472 0 -10.3472 -0 -10.3472 0 -10.3472 -0 
-10.267 0.0 -10.267 -0 -10.267 0 -10.267 -0 -10.267 0 -10.267 -0 -10.267 0 -10.267 -0 -10.267 0 -10.267 -0 -10.267 0 -10.267 -0 -10.267 0 -10.267 -0 
-10.1869 0.0 -10.1869 -0 -10.1869 0 -10.1869 -0 -10.1869 0 -10.1869 -0 -10.1869 0 -10.1869 -0 -10.1869 0 -10.1869 -0 -10.1869 0 -10.1869 -0 -10.1869 0 -10.1869 -0 
-10.1067 0.0 -10.1067 -0 -10.1067 0 -10.1067 -0 -10.1067 0 -10.1067 -0 -10.1067 0 -10.1067 -0 -10.1067 0 -10.1067 -0 -10.1067 0 -10.1067 -0 -10.1067 0 -10.1067 -0 
-10.0265 0.0 -10.0265 -0 -10.0265 0 -10.0265 -0 -10.0265 0 -10.0265 -0 -10.0265 0 -10.0265 -0 -10.0265 0 -10.0265 -0 -10.0265 0 -10.0265 -0 -10.0265 0 -10.0265 -0 
-9.94637 0.0 -9.94637 -0 -9.94637 0 -9.94637 -0 -9.94637 0 -9.94637 -0 -9.94637 0 -9.94637 -0 -9.94637 0 -9.94637 -0 -9.94637 0 -9.94637 -0 -9.94637 0 -9.94637 -0 
-9.86617 0.0 -9.86617 -0 -9.86617 0 -9.86617 -0 -9.86617 0 -9.86617 -0 -9.86617 0 -9.86617 -0 -9.86617 0 -9.86617 -0 -9.86617 0 -9.86617 -0 -9.86617 0 -9.86617 -0 
-9.78607 0.0001 -9.78607 -0 -9.78607 0 -9.78607 -0 -9.78607 0 -9.78607 -0 -9.78607 0 -9.78607 -0 -9.78607 0 -9.78607 -0 -9.78607 0 -9.78607 -0 -9.78607 0 -9.78607 -0 
-9.70587 0.0008 -9.70587 -0 -9.70587 0 -9.70587 -0 -9.70587 0 -9.70587 -0 -9.70587 0 -9.70587 -0 -9.70587 0 -9.70587 -0 -9.70587 0 -9.70587 -0 -9.70587 0 -9.70587 -0 
-9.62567 0.0052 -9.62567 -0 -9.62567 0 -9.62567 -0 -9.62567 0 -9.62567 -0 -9.62567 0 -9.62567 -0 -9.62567 0 -9.62567 -0 -9.62567 0 -9.62567 -0 -9.62567 0 -9.62567 -0 
-9.54557 0.024 -9.54557 -0 -9.54557 0 -9.54557 -0 -9.54557 0 -9.54557 -0 -9.54557 0 -9.54557 -0 -9.54557 0 -9.54557 -0 -9.54557 0 -9.54557 -0 -9.54557 0 -9.54557 -0 
-9.46537 0.0853 -9.46537 -0 -9.46537 0 -9.46537 -0 -9.46537 0 -9.46537 -0 -9.46537 0 -9.46537 -0 -9.46537 0 -9.46537 -0 -9.46537 0 -9.46537 -0 -9.46537 0 -9.46537 -0 
-9.38527 0.2357 -9.38527 -0 -9.38527 0 -9.38527 -0 -9.38527 0 -9.38527 -0 -9.38527 0 -9.38527 -0 -9.38527 0 -9.38527 -0 -9.38527 0 -9.38527 -0 -9.38527 0 -9.38527 -0 
-9.30507 0.522 -9.30507 -0.0002 -9.30507 0 -9.30507 -0 -9.30507 0 -9.30507 -0 -9.30507 0 -9.30507 -0 -9.30507 0 -9.30507 -0 -9.30507 0 -9.30507 -0 -9.30507 0 -9.30507 -0 
-9.22487 0.9705 -9.22487 -0.0016 -9.22487 0 -9.22487 -0 -9.22487 0 -9.22487 -0 -9.22487 0 -9.22487 -0 -9.22487 0 -9.22487 -0 -9.22487 0 -9.22487 -0 -9.22487 0 -9.22487 -0 
-9.14477 1.6153 -9.14477 -0.0109 -9.14477 0 -9.14477 -0 -9.14477 0 -9.14477 -0 -9.14477 0 -9.14477 -0 -9.14477 0 -9.14477 -0 -9.14477 0 -9.14477 -0 -9.14477 0 -9.14477 -0 
-9.06457 2.5795 -9.06457 -0.0555 -9.06457 0 -9.06457 -0 -9.06457 0 -9.06457 -0 -9.06457 0 -9.06457 -0 -9.06457 0 -9.06457 -0 -9.06457 0 -9.06457 -0 -9.06457 0 -9.06457 -0 
-8.98447 4.107 -8.98447 -0.2088 -8.98447 0 -8.98447 -0 -8.98447 0 -8.98447 -0 -8.98447 0 -8.98447 -0 -8.98447 0 -8.98447 -0 -8.98447 0 -8.98447 -0 -8.98447 0 -8.98447 -0 
-8.90427 6.4037 -8.90427 -0.5877 -8.90427 0.0001 -8.90427 -0 -8.90427 0 -8.90427 -0 -8.90427 0 -8.90427 -0 -8.90427 0 -8.90427 -0 -8.90427 0.0001 -8.90427 -0 -8.90427 0 -8.90427 -0 
-8.82407 9.3321 -8.82407 -1.2533 -8.82407 0.0003 -8.82407 -0 -8.82407 0.0001 -8.82407 -0 -8.82407 0 -8.82407 -0 -8.82407 0 -8.82407 -0 -8.82407 0.0001 -8.82407 -0 -8.82407 0.0001 -8.82407 -0 
-8.74397 12.3591 -8.74397 -2.0852 -8.74397 0.001 -8.74397 -0 -8.74397 0.0003 -8.74397 -0 -8.74397 0.0001 -8.74397 -0 -8.74397 0.0001 -8.74397 -0 -8.74397 0.0003 -8.74397 -0 -8.74397 0.0002 -8.74397 -0 
-8.66377 15.0328 -8.66377 -2.8883 -8.66377 0.0018 -8.66377 -0 -8.66377 0.0006 -8.66377 -0 -8.66377 0.0001 -8.66377 -0 -8.66377 0.0002 -8.66377 -0 -8.66377 0.0005 -8.66377 -0 -8.66377 0.0004 -8.66377 -0 
-8.58367 17.4153 -8.58367 -3.7363 -8.58367 0.0035 -8.58367 -0 -8.58367 0.0011 -8.58367 -0 -8.58367 0.0003 -8.58367 -0 -8.58367 0.0004 -8.58367 -0 -8.58367 0.0008 -8.58367 -0 -8.58367 0.0009 -8.58367 -0 
-8.50347 19.7945 -8.50347 -5.0226 -8.50347 0.0058 -8.50347 -0 -8.50347 0.0019 -8.50347 -0 -8.50347 0.0005 -8.50347 -0 -8.50347 0.0007 -8.50347 -0 -8.50347 0.0013 -8.50347 -0 -8.50347 0.0014 -8.50347 -0 
-8.42327 22.1904 -8.42327 -6.9523 -8.42327 0.0098 -8.42327 -0 -8.42327 0.003 -8.42327 -0 -8.42327 0.0009 -8.42327 -0 -8.42327 0.0012 -8.42327 -0 -8.42327 0.0026 -8.42327 -0 -8.42327 0.0021 -8.42327 -0 
-8.34317 24.5141 -8.34317 -9.1437 -8.34317 0.0166 -8.34317 -0 -8.34317 0.0046 -8.34317 -0 -8.34317 0.0017 -8.34317 -0 -8.34317 0.0021 -8.34317 -0 -8.34317 0.0051 -8.34317 -0 -8.34317 0.0031 -8.34317 -0 
-8.26297 26.9679 -8.26297 -11.0096 -8.26297 0.0264 -8.26297 -0 -8.26297 0.0067 -8.26297 -0 -8.26297 0.0032 -8.26297 -0 -8.26297 0.0035 -8.26297 -0 -8.26297 0.0085 -8.26297 -0 -8.26297 0.0045 -8.26297 -0 
-8.18287 29.8047 -8.18287 -12.4397 -8.18287 0.0375 -8.18287 -0.0002 -8.18287 0.0089 -8.18287 -0.0001 -8.18287 0.0052 -8.18287 -0 -8.18287 0.0052 -8.18287 -0 -8.18287 0.0121 -8.18287 -0 -8.18287 0.0061 -8.18287 -0.0001 
-8.10267 32.8404 -8.10267 -13.7022 -8.10267 0.0474 -8.10267 -0.0006 -8.10267 0.0108 -8.10267 -0.0002 -8.10267 0.0071 -8.10267 -0 -8.10267 0.0066 -8.10267 -0.0001 -8.10267 0.0152 -8.10267 -0.0001 -8.10267 0.0077 -8.10267 -0.0002 
-8.02247 35.5941 -8.02247 -14.6576 -8.02247 0.0555 -8.02247 -0.0011 -8.02247 0.0124 -8.02247 -0.0005 -8.02247 0.0083 -8.02247 -0.0001 -8.02247 0.0074 -8.02247 -0.0001 -8.02247 0.0183 -8.02247 -0.0001 -8.02247 0.0091 -8.02247 -0.0003 
-7.94237 37.7216 -7.94237 -14.7985 -7.94237 0.0645 -7.94237 -0.0018 -7.94237 0.0143 -7.94237 -0.0007 -7.94237 0.0089 -7.94237 -0.0002 -7.94237 0.0079 -7.94237 -0.0002 -7.94237 0.0226 -7.94237 -0.0002 -7.94237 0.0108 -7.94237 -0.0005 
-7.86217 39.0686 -7.86217 -14.4259 -7.86217 0.077 -7.86217 -0.0025 -7.86217 0.0174 -7.86217 -0.0009 -7.86217 0.0092 -7.86217 -0.0003 -7.86217 0.0087 -7.86217 -0.0003 -7.86217 0.0281 -7.86217 -0.0004 -7.86217 0.0136 -7.86217 -0.0006 
-7.78207 39.5414 -7.78207 -14.9116 -7.78207 0.0924 -7.78207 -0.0031 -7.78207 0.0217 -7.78207 -0.001 -7.78207 0.0099 -7.78207 -0.0003 -7.78207 0.0102 -7.78207 -0.0004 -7.78207 0.0329 -7.78207 -0.0006 -7.78207 0.0177 -7.78207 -0.0008 
-7.70187 39.1995 -7.70187 -17.2081 -7.70187 0.1066 -7.70187 -0.0042 -7.70187 0.0255 -7.70187 -0.001 -7.70187 0.0113 -7.70187 -0.0005 -7.70187 0.0123 -7.70187 -0.0005 -7.70187 0.035 -7.70187 -0.0011 -7.70187 0.0225 -7.70187 -0.0011 
-7.62167 38.505 -7.62167 -20.8775 -7.62167 0.1187 -7.62167 -0.0061 -7.62167 0.0274 -7.62167 -0.0011 -7.62167 0.0142 -7.62167 -0.0008 -7.62167 0.0155 -7.62167 -0.0007 -7.62167 0.035 -7.62167 -0.0021 -7.62167 0.0266 -7.62167 -0.0014 
-7.54157 38.3066 -7.54157 -24.8758 -7.54157 0.1315 -7.54157 -0.0086 -7.54157 0.0273 -7.54157 -0.0012 -7.54157 0.0188 -7.54157 -0.0013 -7.54157 0.02 -7.54157 -0.0011 -7.54157 0.0358 -7.54157 -0.0034 -7.54157 0.0296 -7.54157 -0.0016 
-7.46137 39.2534 -7.46137 -28.1961 -7.46137 0.1455 -7.46137 -0.011 -7.46137 0.0268 -7.46137 -0.0013 -7.46137 0.0241 -7.46137 -0.0019 -7.46137 0.025 -7.46137 -0.0017 -7.46137 0.0382 -7.46137 -0.0044 -7.46137 0.0314 -7.46137 -0.0017 
-7.38127 41.0608 -7.38127 -29.4951 -7.38127 0.1551 -7.38127 -0.012 -7.38127 0.0269 -7.38127 -0.0013 -7.38127 0.0279 -7.38127 -0.0024 -7.38127 0.0284 -7.38127 -0.0022 -7.38127 0.0398 -7.38127 -0.0046 -7.38127 0.0321 -7.38127 -0.0015 
-7.30107 42.5478 -7.30107 -27.5691 -7.30107 0.1524 -7.30107 -0.0107 -7.30107 0.0267 -7.30107 -0.0011 -7.30107 0.0285 -7.30107 -0.0024 -7.30107 0.0285 -7.30107 -0.0022 -7.30107 0.0375 -7.30107 -0.0037 -7.30107 0.0312 -7.30107 -0.0013 
-7.22087 42.5917 -7.22087 -22.9603 -7.22087 0.1366 -7.22087 -0.0078 -7.22087 0.0251 -7.22087 -0.0008 -7.22087 0.0255 -7.22087 -0.0018 -7.22087 0.0253 -7.22087 -0.0018 -7.22087 0.0323 -7.22087 -0.0025 -7.22087 0.0284 -7.22087 -0.0009 
-7.14077 41.004 -7.14077 -18.0142 -7.14077 0.1138 -7.14077 -0.005 -7.14077 0.022 -7.14077 -0.0005 -7.14077 0.0205 -7.14077 -0.0011 -7.14077 0.0204 -7.14077 -0.0011 -7.14077 0.0267 -7.14077 -0.0017 -7.14077 0.0242 -7.14077 -0.0006 
-7.06057 38.5596 -7.06057 -14.7603 -7.06057 0.0935 -7.06057 -0.0036 -7.06057 0.0185 -7.06057 -0.0003 -7.06057 0.0163 -7.06057 -0.0006 -7.06057 0.0161 -7.06057 -0.0006 -7.06057 0.0222 -7.06057 -0.0017 -7.06057 0.0204 -7.06057 -0.0004 
-6.98047 36.3881 -6.98047 -13.5727 -6.98047 0.0827 -6.98047 -0.0035 -6.98047 0.0163 -6.98047 -0.0002 -6.98047 0.0148 -6.98047 -0.0004 -6.98047 0.014 -6.98047 -0.0004 -6.98047 0.019 -6.98047 -0.0022 -6.98047 0.0186 -6.98047 -0.0003 
-6.90027 35.2387 -6.90027 -13.9214 -6.90027 0.0828 -6.90027 -0.0041 -6.90027 0.0164 -6.90027 -0.0003 -6.90027 0.0154 -6.90027 -0.0003 -6.90027 0.0135 -6.90027 -0.0003 -6.90027 0.0183 -6.90027 -0.0029 -6.90027 0.0192 -6.90027 -0.0003 
-6.82007 35.0674 -6.82007 -15.2288 -6.82007 0.0896 -6.82007 -0.0052 -6.82007 0.0185 -6.82007 -0.0003 -6.82007 0.0156 -6.82007 -0.0004 -6.82007 0.013 -6.82007 -0.0005 -6.82007 0.0214 -6.82007 -0.0037 -6.82007 0.0211 -6.82007 -0.0003 
-6.73997 35.0371 -6.73997 -16.6323 -6.73997 0.0972 -6.73997 -0.0059 -6.73997 0.021 -6.73997 -0.0004 -6.73997 0.0142 -6.73997 -0.0005 -6.73997 0.0115 -6.73997 -0.0006 -6.73997 0.0279 -6.73997 -0.0041 -6.73997 0.0226 -6.73997 -0.0003 
-6.65977 33.6754 -6.65977 -16.8061 -6.65977 0.0999 -6.65977 -0.0058 -6.65977 0.0221 -6.65977 -0.0003 -6.65977 0.0115 -6.65977 -0.0005 -6.65977 0.0093 -6.65977 -0.0006 -6.65977 0.0344 -6.65977 -0.0041 -6.65977 0.0226 -6.65977 -0.0003 
-6.57967 29.5838 -6.57967 -14.8347 -6.57967 0.0921 -6.57967 -0.005 -6.57967 0.0205 -6.57967 -0.0003 -6.57967 0.0084 -6.57967 -0.0004 -6.57967 0.0068 -6.57967 -0.0005 -6.57967 0.036 -6.57967 -0.0035 -6.57967 0.0204 -6.57967 -0.0003 
-6.49947 22.7862 -6.49947 -11.2128 -6.49947 0.0732 -6.49947 -0.0046 -6.49947 0.016 -6.49947 -0.0005 -6.49947 0.0055 -6.49947 -0.0003 -6.49947 0.0046 -6.49947 -0.0005 -6.49947 0.031 -6.49947 -0.003 -6.49947 0.0161 -6.49947 -0.0003 
-6.41927 15.0791 -6.41927 -7.5369 -6.41927 0.0486 -6.41927 -0.006 -6.41927 0.0102 -6.41927 -0.0012 -6.41927 0.0032 -6.41927 -0.0004 -6.41927 0.0027 -6.41927 -0.0006 -6.41927 0.0217 -6.41927 -0.0031 -6.41927 0.0108 -6.41927 -0.0007 
-6.33917 8.5773 -6.33917 -5.1339 -6.33917 0.0264 -6.33917 -0.0121 -6.33917 0.0052 -6.33917 -0.0032 -6.33917 0.0016 -6.33917 -0.0009 -6.33917 0.0013 -6.33917 -0.0014 -6.33917 0.0123 -6.33917 -0.0046 -6.33917 0.006 -6.33917 -0.002 
-6.25897 4.261 -6.25897 -4.2455 -6.25897 0.012 -6.25897 -0.0278 -6.25897 0.0022 -6.25897 -0.0082 -6.25897 0.0008 -6.25897 -0.0026 -6.25897 0.0006 -6.25897 -0.0036 -6.25897 0.0057 -6.25897 -0.0075 -6.25897 0.0027 -6.25897 -0.0059 
-6.17887 1.9444 -6.17887 -4.4141 -6.17887 0.0045 -6.17887 -0.0663 -6.17887 0.0008 -6.17887 -0.0218 -6.17887 0.0003 -6.17887 -0.0068 -6.17887 0.0002 -6.17887 -0.0095 -6.17887 0.0022 -6.17887 -0.0124 -6.17887 0.001 -6.17887 -0.0158 
-6.09867 0.9906 -6.09867 -5.1434 -6.09867 0.0016 -6.09867 -0.1547 -6.09867 0.0003 -6.09867 -0.0554 -6.09867 0.0001 -6.09867 -0.0162 -6.09867 0.0001 -6.09867 -0.024 -6.09867 0.0008 -6.09867 -0.0213 -6.09867 0.0003 -6.09867 -0.0378 
-6.01847 0.8242 -6.01847 -6.0661 -6.01847 0.0011 -6.01847 -0.3248 -6.01847 0.0002 -6.01847 -0.1213 -6.01847 0.0001 -6.01847 -0.0337 -6.01847 0.0001 -6.01847 -0.0525 -6.01847 0.0005 -6.01847 -0.0389 -6.01847 0.0002 -6.01847 -0.0784 
-5.93837 1.1004 -5.93837 -6.8722 -5.93837 0.002 -5.93837 -0.5781 -5.93837 0.0005 -5.93837 -0.2153 -5.93837 0.0001 -5.93837 -0.0584 -5.93837 0.0002 -5.93837 -0.0929 -5.93837 0.0009 -5.93837 -0.0749 -5.93837 0.0003 -5.93837 -0.1366 
-5.85817 1.6838 -5.85817 -7.4299 -5.85817 0.0079 -5.85817 -0.8536 -5.85817 0.0022 -5.85817 -0.3024 -5.85817 0.0007 -5.85817 -0.0821 -5.85817 0.0011 -5.85817 -0.1295 -5.85817 0.0026 -5.85817 -0.1458 -5.85817 0.0013 -5.85817 -0.1938 
-5.77797 2.5426 -5.77797 -7.92 -5.77797 0.0324 -5.77797 -1.0779 -5.77797 0.0095 -5.77797 -0.3397 -5.77797 0.0035 -5.77797 -0.0929 -5.77797 0.0052 -5.77797 -0.1425 -5.77797 0.0083 -5.77797 -0.2776 -5.77797 0.0059 -5.77797 -0.2252 
-5.69787 3.6932 -5.69787 -8.66 -5.69787 0.1156 -5.69787 -1.275 -5.69787 0.0349 -5.69787 -0.3258 -5.69787 0.0136 -5.69787 -0.0899 -5.69787 0.0198 -5.69787 -0.1302 -5.69787 0.0247 -5.69787 -0.4982 -5.69787 0.0226 -5.69787 -0.2309 
-5.61767 5.2319 -5.61767 -9.8151 -5.61767 0.3344 -5.61767 -1.5636 -5.61767 0.1008 -5.61767 -0.3085 -5.61767 0.0406 -5.61767 -0.091 -5.61767 0.0587 -5.61767 -0.1162 -5.61767 0.0676 -5.61767 -0.7984 -5.61767 0.0667 -5.61767 -0.2495 
-5.53757 7.2382 -5.53757 -11.3067 -5.53757 0.7702 -5.53757 -2.0118 -5.53757 0.2243 -5.53757 -0.3372 -5.53757 0.0931 -5.53757 -0.1311 -5.53757 0.1335 -5.53757 -0.1382 -5.53757 0.167 -5.53757 -1.0739 -5.53757 0.1523 -5.53757 -0.3314 
-5.45737 9.5692 -5.45737 -12.9701 -5.45737 1.448 -5.45737 -2.5889 -5.45737 0.3916 -5.45737 -0.4252 -5.45737 0.1703 -5.45737 -0.2593 -5.45737 0.2384 -5.45737 -0.2441 -5.45737 0.368 -5.45737 -1.1609 -5.45737 0.2797 -5.45737 -0.4994 
-5.37717 12.04 -5.37717 -14.797 -5.37717 2.3363 -5.37717 -3.2805 -5.37717 0.5652 -5.37717 -0.5556 -5.37717 0.2697 -5.37717 -0.5237 -5.37717 0.3571 -5.37717 -0.4834 -5.37717 0.6981 -5.37717 -0.9971 -5.37717 0.4462 -5.37717 -0.7207 
-5.29707 14.8141 -5.29707 -16.8362 -5.29707 3.4116 -5.29707 -4.0727 -5.29707 0.7359 -5.29707 -0.6959 -5.29707 0.4124 -5.29707 -0.911 -5.29707 0.5013 -5.29707 -0.8492 -5.29707 1.0925 -5.29707 -0.7052 -5.29707 0.6695 -5.29707 -0.9114 
-5.21687 18.0263 -5.21687 -18.7367 -5.21687 4.5815 -5.21687 -4.744 -5.21687 0.9203 -5.21687 -0.8048 -5.21687 0.6384 -5.21687 -1.281 -5.21687 0.7113 -5.21687 -1.2066 -5.21687 1.3614 -5.21687 -0.4607 -5.21687 0.9501 -5.21687 -0.9909 
-5.13677 20.977 -5.13677 -19.7586 -5.13677 5.5155 -5.13677 -4.8779 -5.13677 1.0756 -5.13677 -0.839 -5.13677 0.9449 -5.13677 -1.421 -5.13677 0.9764 -5.13677 -1.3472 -5.13677 1.3237 -5.13677 -0.3316 -5.13677 1.1949 -5.13677 -0.9391 
-5.05657 22.4486 -5.05657 -19.5642 -5.05657 5.7645 -5.05657 -4.2624 -5.05657 1.0943 -5.05657 -0.7762 -5.05657 1.2312 -5.05657 -1.2365 -5.05657 1.1808 -5.05657 -1.1793 -5.05657 1.0004 -5.05657 -0.2765 -5.05657 1.2578 -5.05657 -0.7939 
-4.97637 21.9749 -4.97637 -18.7341 -4.97637 5.1497 -4.97637 -3.1644 -4.97637 0.9336 -4.97637 -0.6379 -4.97637 1.3394 -4.97637 -0.8545 -4.97637 1.1874 -4.97637 -0.8239 -4.97637 0.5975 -4.97637 -0.2353 -4.97637 1.0918 -4.97637 -0.6128 
-4.89627 20.2744 -4.89627 -18.1578 -4.89627 3.9349 -4.89627 -2.081 -4.89627 0.6811 -4.89627 -0.4758 -4.89627 1.1841 -4.89627 -0.4909 -4.89627 0.9764 -4.89627 -0.4826 -4.89627 0.2967 -4.89627 -0.1861 -4.89627 0.7966 -4.89627 -0.4456 
-4.81607 18.4287 -4.81607 -18.1314 -4.81607 2.6229 -4.81607 -1.3178 -4.81607 0.4591 -4.81607 -0.3344 -4.81607 0.8464 -4.81607 -0.2619 -4.81607 0.6686 -4.81607 -0.2635 -4.81607 0.139 -4.81607 -0.1393 -4.81607 0.5098 -4.81607 -0.3187 
-4.73597 17.1062 -4.73597 -18.3542 -4.73597 1.6268 -4.73597 -0.891 -4.73597 0.3198 -4.73597 -0.2326 -4.73597 0.5073 -4.73597 -0.1562 -4.73597 0.4139 -4.73597 -0.1595 -4.73597 0.0781 -4.73597 -0.1097 -4.73597 0.3077 -4.73597 -0.233 
-4.65577 16.517 -4.65577 -18.4997 -4.65577 1.082 -4.65577 -0.6932 -4.65577 0.2474 -4.65577 -0.1711 -4.65577 0.2923 -4.65577 -0.1199 -4.65577 0.2809 -4.65577 -0.1234 -4.65577 0.0629 -4.65577 -0.0985 -4.65577 0.1985 -4.65577 -0.1803 
-4.57557 16.5989 -4.57557 -18.4276 -4.57557 0.8816 -4.57557 -0.6225 -4.57557 0.2102 -4.57557 -0.1405 -4.57557 0.2056 -4.57557 -0.1136 -4.57557 0.2452 -4.57557 -0.1183 -4.57557 0.0651 -4.57557 -0.0971 -4.57557 0.1555 -4.57557 -0.153 
-4.49547 17.149 -4.49547 -18.1339 -4.49547 0.8478 -4.49547 -0.6059 -4.49547 0.1895 -4.49547 -0.1274 -4.49547 0.1878 -4.49547 -0.1162 -4.49547 0.2478 -4.49547 -0.1234 -4.49547 0.0754 -4.49547 -0.0974 -4.49547 0.1473 -4.49547 -0.1415 
-4.41527 17.9905 -4.41527 -17.8317 -4.41527 0.8674 -4.41527 -0.597 -4.41527 0.1813 -4.41527 -0.1217 -4.41527 0.1881 -4.41527 -0.1161 -4.41527 0.2486 -4.41527 -0.1263 -4.41527 0.0945 -4.41527 -0.0984 -4.41527 0.1549 -4.41527 -0.1345 
-4.33517 18.9827 -4.33517 -17.9703 -4.33517 0.9114 -4.33517 -0.5847 -4.33517 0.1861 -4.33517 -0.1207 -4.33517 0.1887 -4.33517 -0.112 -4.33517 0.2389 -4.33517 -0.1221 -4.33517 0.1249 -4.33517 -0.1028 -4.33517 0.1728 -4.33517 -0.1271 
-4.25497 19.8937 -4.25497 -18.9862 -4.25497 0.9752 -4.25497 -0.5849 -4.25497 0.198 -4.25497 -0.1245 -4.25497 0.1925 -4.25497 -0.1103 -4.25497 0.2259 -4.25497 -0.1152 -4.25497 0.1608 -4.25497 -0.1124 -4.25497 0.198 -4.25497 -0.1225 
-4.17477 20.52 -4.17477 -20.9021 -4.17477 1.0312 -4.17477 -0.61 -4.17477 0.2034 -4.17477 -0.1308 -4.17477 0.205 -4.17477 -0.1171 -4.17477 0.218 -4.17477 -0.1129 -4.17477 0.1852 -4.17477 -0.1254 -4.17477 0.2196 -4.17477 -0.1238 
-4.09467 20.8888 -4.09467 -23.1382 -4.09467 1.0369 -4.09467 -0.6502 -4.09467 0.1912 -4.09467 -0.1356 -4.09467 0.2225 -4.09467 -0.1302 -4.09467 0.2184 -4.09467 -0.1182 -4.09467 0.1834 -4.09467 -0.1366 -4.09467 0.2214 -4.09467 -0.1296 
-4.01447 21.0856 -4.01447 -24.9054 -4.01447 0.9714 -4.01447 -0.6908 -4.01447 0.1607 -4.01447 -0.1383 -4.01447 0.232 -4.01447 -0.1459 -4.01447 0.2219 -4.01447 -0.1309 -4.01447 0.1609 -4.01447 -0.1384 -4.01447 0.1959 -4.01447 -0.1373 
-3.93437 21.0245 -3.93437 -25.8561 -3.93437 0.8493 -3.93437 -0.7394 -3.93437 0.1212 -3.93437 -0.144 -3.93437 0.2215 -3.93437 -0.1666 -3.93437 0.2173 -3.93437 -0.1541 -3.93437 0.1382 -3.93437 -0.1272 -3.93437 0.1511 -3.93437 -0.1475 
-3.85417 20.6698 -3.85417 -26.1739 -3.85417 0.707 -3.85417 -0.8114 -3.85417 0.0842 -3.85417 -0.1573 -3.85417 0.1915 -3.85417 -0.195 -3.85417 0.1963 -3.85417 -0.1905 -3.85417 0.1311 -3.85417 -0.1086 -3.85417 0.1039 -3.85417 -0.16 
-3.77397 20.2762 -3.77397 -26.0879 -3.77397 0.5776 -3.77397 -0.8843 -3.77397 0.0567 -3.77397 -0.1728 -3.77397 0.1536 -3.77397 -0.2206 -3.77397 0.1605 -3.77397 -0.2305 -3.77397 0.1396 -3.77397 -0.0928 -3.77397 0.0672 -3.77397 -0.1676 
-3.69387 20.1063 -3.69387 -25.6591 -3.69387 0.4742 -3.69387 -0.8934 -3.69387 0.0397 -3.69387 -0.1756 -3.69387 0.1189 -3.69387 -0.2225 -3.69387 0.1202 -3.69387 -0.2499 -3.69387 0.151 -3.69387 -0.0863 -3.69387 0.0444 -3.69387 -0.1591 
-3.61367 20.1212 -3.61367 -25.0607 -3.61367 0.3905 -3.61367 -0.8001 -3.61367 0.0305 -3.61367 -0.1563 -3.61367 0.0919 -3.61367 -0.1926 -3.61367 0.0858 -3.61367 -0.2319 -3.61367 0.1502 -3.61367 -0.0869 -3.61367 0.0321 -3.61367 -0.1324 
-3.53357 20.2075 -3.53357 -24.6369 -3.53357 0.318 -3.53357 -0.6436 -3.53357 0.0265 -3.53357 -0.1223 -3.53357 0.0727 -3.53357 -0.1475 -3.53357 0.0627 -3.53357 -0.1872 -3.53357 0.1306 -3.53357 -0.088 -3.53357 0.0255 -3.53357 -0.0986 
-3.45337 20.5173 -3.45337 -24.6222 -3.45337 0.2591 -3.45337 -0.5027 -3.45337 0.026 -3.45337 -0.0899 -3.45337 0.0598 -3.45337 -0.1131 -3.45337 0.051 -3.45337 -0.1432 -3.45337 0.1003 -3.45337 -0.0858 -3.45337 0.022 -3.45337 -0.0707 
-3.37317 21.3285 -3.37317 -25.1441 -3.37317 0.2252 -3.37317 -0.4242 -3.37317 0.0288 -3.37317 -0.0687 -3.37317 0.0535 -3.37317 -0.1018 -3.37317 0.0479 -3.37317 -0.1184 -3.37317 0.0737 -3.37317 -0.0817 -3.37317 0.0213 -3.37317 -0.0536 
-3.29307 22.6471 -3.29307 -26.3287 -3.29307 0.2228 -3.29307 -0.4049 -3.29307 0.035 -3.29307 -0.0589 -3.29307 0.0544 -3.29307 -0.109 -3.29307 0.0506 -3.29307 -0.1123 -3.29307 0.0589 -3.29307 -0.0785 -3.29307 0.0239 -3.29307 -0.0462 
-3.21287 24.0911 -3.21287 -28.0216 -3.21287 0.2437 -3.21287 -0.4139 -3.21287 0.0441 -3.21287 -0.0563 -3.21287 0.0601 -3.21287 -0.1224 -3.21287 0.0562 -3.21287 -0.1139 -3.21287 0.0534 -3.21287 -0.0756 -3.21287 0.0299 -3.21287 -0.0457 
-3.13277 25.1058 -3.13277 -29.6471 -3.13277 0.2724 -3.13277 -0.4195 -3.13277 0.0556 -3.13277 -0.0566 -3.13277 0.0653 -3.13277 -0.1305 -3.13277 0.0613 -3.13277 -0.1132 -3.13277 0.0508 -3.13277 -0.0704 -3.13277 0.0394 -3.13277 -0.0488 
-3.05257 25.3194 -3.05257 -30.6469 -3.05257 0.2973 -3.05257 -0.407 -3.05257 0.0691 -3.05257 -0.0572 -3.05257 0.0651 -3.05257 -0.1283 -3.05257 0.0635 -3.05257 -0.1078 -3.05257 0.0475 -3.05257 -0.0623 -3.05257 0.0521 -3.05257 -0.0514 
-2.97237 24.8678 -2.97237 -30.9082 -2.97237 0.3162 -2.97237 -0.3819 -2.97237 0.0844 -2.97237 -0.0577 -2.97237 0.0596 -2.97237 -0.1176 -2.97237 0.0616 -2.97237 -0.1007 -2.97237 0.0434 -2.97237 -0.0545 -2.97237 0.0672 -2.97237 -0.0514 
-2.89227 24.333 -2.89227 -30.6822 -2.89227 0.3299 -2.89227 -0.3551 -2.89227 0.0989 -2.89227 -0.0587 -2.89227 0.0529 -2.89227 -0.1026 -2.89227 0.0573 -2.89227 -0.094 -2.89227 0.0395 -2.89227 -0.0503 -2.89227 0.0813 -2.89227 -0.0495 
-2.81207 24.1973 -2.81207 -30.2228 -2.81207 0.3369 -2.81207 -0.3307 -2.81207 0.1077 -2.81207 -0.0599 -2.81207 0.0488 -2.81207 -0.0863 -2.81207 0.0537 -2.81207 -0.0859 -2.81207 0.0371 -2.81207 -0.051 -2.81207 0.0896 -2.81207 -0.0476 
-2.73197 24.4141 -2.73197 -29.5664 -2.73197 0.3337 -2.73197 -0.3111 -2.73197 0.1075 -2.73197 -0.0609 -2.73197 0.0477 -2.73197 -0.0713 -2.73197 0.0524 -2.73197 -0.0751 -2.73197 0.0374 -2.73197 -0.0571 -2.73197 0.0887 -2.73197 -0.0467 
-2.65177 24.5767 -2.65177 -28.6419 -2.65177 0.3247 -2.65177 -0.3076 -2.65177 0.1004 -2.65177 -0.0633 -2.65177 0.0478 -2.65177 -0.0601 -2.65177 0.0535 -2.65177 -0.0642 -2.65177 0.0421 -2.65177 -0.0718 -2.65177 0.0809 -2.65177 -0.0482 
-2.57157 24.4351 -2.57157 -27.5132 -2.57157 0.3189 -2.57157 -0.3359 -2.57157 0.0927 -2.57157 -0.0698 -2.57157 0.0468 -2.57157 -0.0536 -2.57157 0.0553 -2.57157 -0.0574 -2.57157 0.0526 -2.57157 -0.1016 -2.57157 0.0715 -2.57157 -0.0535 
-2.49147 24.1438 -2.49147 -26.3977 -2.49147 0.3198 -2.49147 -0.3999 -2.49147 0.0878 -2.49147 -0.0813 -2.49147 0.0439 -2.49147 -0.0506 -2.49147 0.0555 -2.49147 -0.0557 -2.49147 0.0682 -2.49147 -0.15 -2.49147 0.0644 -2.49147 -0.0623 
-2.41127 23.9589 -2.41127 -25.4634 -2.41127 0.3184 -2.41127 -0.4823 -2.41127 0.0828 -2.41127 -0.0952 -2.41127 0.0392 -2.41127 -0.0492 -2.41127 0.0524 -2.41127 -0.0567 -2.41127 0.0844 -2.41127 -0.2084 -2.41127 0.0596 -2.41127 -0.0728 
-2.33117 23.8583 -2.33117 -24.7204 -2.33117 0.3057 -2.33117 -0.5521 -2.33117 0.0737 -2.33117 -0.1081 -2.33117 0.0339 -2.33117 -0.0485 -2.33117 0.0467 -2.33117 -0.0579 -2.33117 0.0962 -2.33117 -0.2554 -2.33117 0.0552 -2.33117 -0.0822 
-2.25097 23.6104 -2.25097 -24.1516 -2.25097 0.2825 -2.25097 -0.5808 -2.25097 0.0608 -2.25097 -0.1165 -2.25097 0.0294 -2.25097 -0.0484 -2.25097 0.0409 -2.25097 -0.0589 -2.25097 0.101 -2.25097 -0.269 -2.25097 0.0504 -2.25097 -0.088 
-2.17077 23.1291 -2.17077 -23.9048 -2.17077 0.2579 -2.17077 -0.5602 -2.17077 0.0484 -2.17077 -0.1178 -2.17077 0.0266 -2.17077 -0.0489 -2.17077 0.0373 -2.17077 -0.0602 -2.17077 0.1 -2.17077 -0.2449 -2.17077 0.0456 -2.17077 -0.0884 
-2.09067 22.693 -2.09067 -24.2165 -2.09067 0.2405 -2.09067 -0.5039 -2.09067 0.0398 -2.09067 -0.1112 -2.09067 0.0257 -2.09067 -0.049 -2.09067 0.0364 -2.09067 -0.0612 -2.09067 0.097 -2.09067 -0.1987 -2.09067 0.0416 -2.09067 -0.0838 
-2.01047 22.7056 -2.01047 -25.0084 -2.01047 0.2329 -2.01047 -0.4328 -2.01047 0.0353 -2.01047 -0.0983 -2.01047 0.0262 -2.01047 -0.0472 -2.01047 0.0365 -2.01047 -0.0589 -2.01047 0.0956 -2.01047 -0.1511 -2.01047 0.0393 -2.01047 -0.0773 
-1.93037 23.0775 -1.93037 -25.6803 -1.93037 0.2297 -1.93037 -0.3607 -1.93037 0.0332 -1.93037 -0.0829 -1.93037 0.0271 -1.93037 -0.0423 -1.93037 0.0355 -1.93037 -0.0517 -1.93037 0.0953 -1.93037 -0.1124 -1.93037 0.0386 -1.93037 -0.0714 
-1.85017 23.118 -1.85017 -25.5955 -1.85017 0.2202 -1.85017 -0.2962 -1.85017 0.0313 -1.85017 -0.0693 -1.85017 0.0269 -1.85017 -0.0352 -1.85017 0.0325 -1.85017 -0.0411 -1.85017 0.0917 -1.85017 -0.0827 -1.85017 0.0378 -1.85017 -0.0679 
-1.76997 22.39 -1.76997 -24.8183 -1.76997 0.199 -1.76997 -0.2471 -1.76997 0.0284 -1.76997 -0.0603 -1.76997 0.0254 -1.76997 -0.0285 -1.76997 0.0283 -1.76997 -0.031 -1.76997 0.0821 -1.76997 -0.0595 -1.76997 0.0348 -1.76997 -0.0678 
-1.68987 21.3607 -1.68987 -24.0572 -1.68987 0.1725 -1.68987 -0.2183 -1.68987 0.0246 -1.68987 -0.0559 -1.68987 0.0238 -1.68987 -0.0242 -1.68987 0.0252 -1.68987 -0.0243 -1.68987 0.0695 -1.68987 -0.0425 -1.68987 0.0294 -1.68987 -0.0714 
-1.60967 20.865 -1.60967 -23.7555 -1.60967 0.1527 -1.60967 -0.2048 -1.60967 0.0215 -1.60967 -0.0535 -1.60967 0.0238 -1.60967 -0.0223 -1.60967 0.0244 -1.60967 -0.0211 -1.60967 0.0589 -1.60967 -0.0323 -1.60967 0.0241 -1.60967 -0.0756 
-1.52957 21.236 -1.52957 -23.651 -1.52957 0.1454 -1.52957 -0.1954 -1.52957 0.0214 -1.52957 -0.0502 -1.52957 0.0249 -1.52957 -0.0216 -1.52957 0.0253 -1.52957 -0.0201 -1.52957 0.0521 -1.52957 -0.0282 -1.52957 0.0217 -1.52957 -0.0753 
-1.44937 22.238 -1.44937 -23.3513 -1.44937 0.1473 -1.44937 -0.1833 -1.44937 0.0248 -1.44937 -0.0452 -1.44937 0.0256 -1.44937 -0.021 -1.44937 0.0262 -1.44937 -0.0198 -1.44937 0.0475 -1.44937 -0.0285 -1.44937 0.0232 -1.44937 -0.0688 
-1.36917 23.5297 -1.36917 -22.7666 -1.36917 0.1522 -1.36917 -0.1715 -1.36917 0.0308 -1.36917 -0.0404 -1.36917 0.0249 -1.36917 -0.0206 -1.36917 0.0256 -1.36917 -0.0195 -1.36917 0.0429 -1.36917 -0.0317 -1.36917 0.028 -1.36917 -0.0593 
-1.28907 24.8392 -1.28907 -21.8136 -1.28907 0.1568 -1.28907 -0.166 -1.28907 0.0374 -1.28907 -0.0373 -1.28907 0.0236 -1.28907 -0.0213 -1.28907 0.0238 -1.28907 -0.0194 -1.28907 0.0375 -1.28907 -0.0364 -1.28907 0.0345 -1.28907 -0.0516 
-1.20887 25.8274 -1.20887 -20.2643 -1.20887 0.1606 -1.20887 -0.1671 -1.20887 0.0432 -1.20887 -0.0359 -1.20887 0.0225 -1.20887 -0.0238 -1.20887 0.0216 -1.20887 -0.02 -1.20887 0.0322 -1.20887 -0.04 -1.20887 0.0411 -1.20887 -0.0474 
-1.12867 26.1572 -1.12867 -18.1102 -1.12867 0.1633 -1.12867 -0.169 -1.12867 0.0473 -1.12867 -0.0347 -1.12867 0.0211 -1.12867 -0.0278 -1.12867 0.0195 -1.12867 -0.0212 -1.12867 0.0297 -1.12867 -0.0393 -1.12867 0.0457 -1.12867 -0.046 
-1.04857 25.8508 -1.04857 -15.812 -1.04857 0.1659 -1.04857 -0.1653 -1.04857 0.0499 -1.04857 -0.033 -1.04857 0.0189 -1.04857 -0.0312 -1.04857 0.0175 -1.04857 -0.0221 -1.04857 0.0323 -1.04857 -0.034 -1.04857 0.0473 -1.04857 -0.045 
-0.968371 25.3655 -0.968371 -14.0604 -0.968371 0.172 -0.968371 -0.1529 -0.968371 0.0517 -0.968371 -0.0307 -0.968371 0.0163 -0.968371 -0.0314 -0.968371 0.0159 -0.968371 -0.0213 -0.968371 0.0413 -0.968371 -0.0272 -0.968371 0.0468 -0.968371 -0.0423 
-0.888271 25.097 -0.888271 -13.2734 -0.888271 0.1842 -0.888271 -0.1341 -0.888271 0.0527 -0.888271 -0.0286 -0.888271 0.0149 -0.888271 -0.0276 -0.888271 0.0155 -0.888271 -0.0189 -0.888271 0.0549 -0.888271 -0.022 -0.888271 0.0462 -0.888271 -0.037 
-0.808071 24.94 -0.808071 -13.2838 -0.808071 0.1985 -0.808071 -0.1137 -0.808071 0.052 -0.808071 -0.0264 -0.808071 0.0156 -0.808071 -0.0216 -0.808071 0.0164 -0.808071 -0.0158 -0.808071 0.0678 -0.808071 -0.0194 -0.808071 0.0467 -0.808071 -0.0305 
-0.727871 24.4389 -0.727871 -13.5035 -0.727871 0.2053 -0.727871 -0.0957 -0.727871 0.0493 -0.727871 -0.0236 -0.727871 0.0178 -0.727871 -0.0158 -0.727871 0.018 -0.727871 -0.0129 -0.727871 0.0722 -0.727871 -0.0189 -0.727871 0.048 -0.727871 -0.0245 
-0.647771 23.2502 -0.647771 -13.3419 -0.647771 0.1976 -0.647771 -0.0812 -0.647771 0.0455 -0.647771 -0.02 -0.647771 0.0198 -0.647771 -0.0115 -0.647771 0.0186 -0.647771 -0.0101 -0.647771 0.0642 -0.647771 -0.0194 -0.647771 0.0495 -0.647771 -0.0202 
-0.567571 21.4488 -0.567571 -12.4439 -0.567571 0.1779 -0.567571 -0.0704 -0.567571 0.0422 -0.567571 -0.0167 -0.567571 0.0199 -0.567571 -0.0086 -0.567571 0.0172 -0.567571 -0.0077 -0.567571 0.0476 -0.567571 -0.0195 -0.567571 0.051 -0.567571 -0.0179 
-0.487471 19.4373 -0.487471 -10.6855 -0.487471 0.1544 -0.487471 -0.0619 -0.487471 0.0397 -0.487471 -0.0145 -0.487471 0.0179 -0.487471 -0.0067 -0.487471 0.0143 -0.487471 -0.0056 -0.487471 0.0307 -0.487471 -0.018 -0.487471 0.0518 -0.487471 -0.0171 
-0.407271 17.6298 -0.407271 -8.1783 -0.407271 0.1333 -0.407271 -0.0521 -0.407271 0.0366 -0.407271 -0.0126 -0.407271 0.0149 -0.407271 -0.0051 -0.407271 0.0118 -0.407271 -0.0039 -0.407271 0.0201 -0.407271 -0.0145 -0.407271 0.0499 -0.407271 -0.016 
-0.327071 16.2673 -0.327071 -5.3556 -0.327071 0.1189 -0.327071 -0.0386 -0.327071 0.0316 -0.327071 -0.0098 -0.327071 0.0133 -0.327071 -0.0036 -0.327071 0.0116 -0.327071 -0.0025 -0.327071 0.0179 -0.327071 -0.0098 -0.327071 0.0445 -0.327071 -0.0129 
-0.246971 15.3236 -0.246971 -2.8779 -0.246971 0.1146 -0.246971 -0.0234 -0.246971 0.0254 -0.246971 -0.0062 -0.246971 0.0155 -0.246971 -0.0021 -0.246971 0.0147 -0.246971 -0.0014 -0.246971 0.0222 -0.246971 -0.0053 -0.246971 0.0368 -0.246971 -0.0084 
-0.166771 14.3898 -0.166771 -1.2254 -0.166771 0.1178 -0.166771 -0.0111 -0.166771 0.0195 -0.166771 -0.003 -0.166771 0.0219 -0.166771 -0.001 -0.166771 0.0203 -0.166771 -0.0006 -0.166771 0.0272 -0.166771 -0.0023 -0.166771 0.0289 -0.166771 -0.0042 
-0.0866706 12.8042 -0.0866706 -0.4032 -0.0866706 0.1192 -0.0866706 -0.004 -0.0866706 0.0148 -0.0866706 -0.0011 -0.0866706 0.0299 -0.0866706 -0.0004 -0.0866706 0.0253 -0.0866706 -0.0002 -0.0866706 0.0271 -0.0866706 -0.0007 -0.0866706 0.0221 -0.0866706 -0.0016 
-0.00647058 10.1835 -0.00647058 -0.1008 -0.00647058 0.1081 -0.00647058 -0.0012 -0.00647058 0.0109 -0.00647058 -0.0003 -0.00647058 0.034 -0.00647058 -0.0001 -0.00647058 0.0261 -0.00647058 -0.0001 -0.00647058 0.0207 -0.00647058 -0.0002 -0.00647058 0.0164 -0.00647058 -0.0005 
0.0737294 6.8864 0.0737294 -0.019 0.0737294 0.082 0.0737294 -0.0002 0.0737294 0.0073 0.0737294 -0.0001 0.0737294 0.0303 0.0737294 -0 0.0737294 0.0213 0.0737294 -0 0.0737294 0.012 0.0737294 -0 0.0737294 0.0111 0.0737294 -0.0001 
0.153829 3.8116 0.153829 -0.0027 0.153829 0.05 0.153829 -0 0.153829 0.0042 0.153829 -0 0.153829 0.0206 0.153829 -0 0.153829 0.0134 0.153829 -0 0.153829 0.0053 0.153829 -0 0.153829 0.0065 0.153829 -0 
0.234029 1.6783 0.234029 -0.0003 0.234029 0.0237 0.234029 -0 0.234029 0.0019 0.234029 -0 0.234029 0.0105 0.234029 -0 0.234029 0.0065 0.234029 -0 0.234029 0.0018 0.234029 -0 0.234029 0.003 0.234029 -0 
0.314129 0.5755 0.314129 -0 0.314129 0.0086 0.314129 -0 0.314129 0.0007 0.314129 -0 0.314129 0.004 0.314129 -0 0.314129 0.0024 0.314129 -0 0.314129 0.0004 0.314129 -0 0.314129 0.0011 0.314129 -0 
0.394329 0.1513 0.394329 -0 0.394329 0.0023 0.394329 -0 0.394329 0.0002 0.394329 -0 0.394329 0.0011 0.394329 -0 0.394329 0.0006 0.394329 -0 0.394329 0.0001 0.394329 -0 0.394329 0.0003 0.394329 -0 
0.474529 0.0301 0.474529 -0 0.474529 0.0004 0.474529 -0 0.474529 0 0.474529 -0 0.474529 0.0002 0.474529 -0 0.474529 0.0001 0.474529 -0 0.474529 0 0.474529 -0 0.474529 0.0001 0.474529 -0 
0.554629 0.0045 0.554629 -0 0.554629 0 0.554629 -0 0.554629 0 0.554629 -0 0.554629 0 0.554629 -0 0.554629 0 0.554629 -0 0.554629 0 0.554629 -0 0.554629 0 0.554629 -0 
0.634829 0.0005 0.634829 -0 0.634829 0 0.634829 -0 0.634829 0 0.634829 -0 0.634829 0 0.634829 -0 0.634829 0 0.634829 -0 0.634829 0 0.634829 -0 0.634829 0 0.634829 -0 
0.714929 0.0 0.714929 -0 0.714929 0 0.714929 -0 0.714929 0 0.714929 -0 0.714929 0 0.714929 -0 0.714929 0 0.714929 -0 0.714929 0 0.714929 -0 0.714929 0 0.714929 -0 
0.795129 0.0 0.795129 -0 0.795129 0 0.795129 -0 0.795129 0 0.795129 -0 0.795129 0 0.795129 -0 0.795129 0 0.795129 -0 0.795129 0 0.795129 -0 0.795129 0 0.795129 -0 
0.875329 0.0 0.875329 -0.0001 0.875329 0 0.875329 -0 0.875329 0 0.875329 -0 0.875329 0 0.875329 -0 0.875329 0 0.875329 -0 0.875329 0 0.875329 -0 0.875329 0 0.875329 -0 
0.955429 0.0002 0.955429 -0.0008 0.955429 0 0.955429 -0 0.955429 0 0.955429 -0 0.955429 0 0.955429 -0 0.955429 0 0.955429 -0 0.955429 0 0.955429 -0 0.955429 0 0.955429 -0 
1.03563 0.0015 1.03563 -0.0064 1.03563 0 1.03563 -0 1.03563 0 1.03563 -0 1.03563 0 1.03563 -0 1.03563 0 1.03563 -0 1.03563 0 1.03563 -0 1.03563 0 1.03563 -0 
1.11573 0.011 1.11573 -0.0384 1.11573 0 1.11573 -0 1.11573 0 1.11573 -0 1.11573 0 1.11573 -0 1.11573 0 1.11573 -0 1.11573 0 1.11573 -0 1.11573 0 1.11573 -0 
1.19593 0.0592 1.19593 -0.1751 1.19593 0 1.19593 -0 1.19593 0 1.19593 -0 1.19593 0 1.19593 -0 1.19593 0 1.19593 -0 1.19593 0 1.19593 -0 1.19593 0 1.19593 -0 
1.27613 0.2429 1.27613 -0.6149 1.27613 0 1.27613 -0 1.27613 0 1.27613 -0 1.27613 0 1.27613 -0 1.27613 0 1.27613 -0 1.27613 0 1.27613 -0 1.27613 0 1.27613 -0 
1.35623 0.7695 1.35623 -1.6837 1.35623 0 1.35623 -0 1.35623 0 1.35623 -0 1.35623 0 1.35623 -0 1.35623 0 1.35623 -0 1.35623 0 1.35623 -0 1.35623 0 1.35623 -0 
1.43643 1.9251 1.43643 -3.6445 1.43643 0 1.43643 -0 1.43643 0 1.43643 -0 1.43643 0 1.43643 -0 1.43643 0 1.43643 -0 1.43643 0 1.43643 -0 1.43643 0 1.43643 -0 
1.51653 3.9195 1.51653 -6.3373 1.51653 0 1.51653 -0 1.51653 0 1.51653 -0 1.51653 0 1.51653 -0 1.51653 0 1.51653 -0 1.51653 0 1.51653 -0 1.51653 0 1.51653 -0 
1.59673 6.7159 1.59673 -9.0362 1.59673 0 1.59673 -0 1.59673 0 1.59673 -0 1.59673 0 1.59673 -0 1.59673 0 1.59673 -0 1.59673 0 1.59673 -0 1.59673 0 1.59673 -0 
1.67693 9.9879 1.67693 -10.9166 1.67693 0 1.67693 -0 1.67693 0 1.67693 -0 1.67693 0 1.67693 -0 1.67693 0 1.67693 -0 1.67693 0 1.67693 -0 1.67693 0 1.67693 -0 
1.75703 13.1787 1.75703 -11.8679 1.75703 0 1.75703 -0.0001 1.75703 0 1.75703 -0.0001 1.75703 0 1.75703 -0 1.75703 0 1.75703 -0 1.75703 0 1.75703 -0 1.75703 0 1.75703 -0 
1.83723 15.5807 1.83723 -12.7839 1.83723 0 1.83723 -0.0003 1.83723 0 1.83723 -0.0001 1.83723 0 1.83723 -0 1.83723 0 1.83723 -0 1.83723 0 1.83723 -0.0001 1.83723 0 1.83723 -0.0001 
1.91733 16.4765 1.91733 -14.8416 1.91733 0 1.91733 -0.0007 1.91733 0 1.91733 -0.0003 1.91733 0 1.91733 -0 1.91733 0 1.91733 -0 1.91733 0 1.91733 -0.0002 1.91733 0 1.91733 -0.0002 
1.99753 15.5035 1.99753 -18.4069 1.99753 0 1.99753 -0.0016 1.99753 0 1.99753 -0.0006 1.99753 0 1.99753 -0.0001 1.99753 0 1.99753 -0.0001 1.99753 0 1.99753 -0.0004 1.99753 0 1.99753 -0.0004 
2.07773 13.1372 2.07773 -22.7306 2.07773 0.0001 2.07773 -0.0023 2.07773 0.0001 2.07773 -0.0009 2.07773 0 2.07773 -0.0001 2.07773 0 2.07773 -0.0001 2.07773 0 2.07773 -0.0006 2.07773 0 2.07773 -0.0006 
2.15783 10.6623 2.15783 -26.709 2.15783 0.0006 2.15783 -0.003 2.15783 0.0002 2.15783 -0.0011 2.15783 0.0001 2.15783 -0.0002 2.15783 0.0001 2.15783 -0.0003 2.15783 0.0001 2.15783 -0.0007 2.15783 0.0001 2.15783 -0.0007 
2.23803 9.3366 2.23803 -29.7772 2.23803 0.0013 2.23803 -0.0036 2.23803 0.0004 2.23803 -0.0012 2.23803 0.0002 2.23803 -0.0004 2.23803 0.0002 2.23803 -0.0004 2.23803 0.0002 2.23803 -0.0008 2.23803 0.0003 2.23803 -0.0008 
2.31813 9.5599 2.31813 -32.0975 2.31813 0.0025 2.31813 -0.0041 2.31813 0.0008 2.31813 -0.0012 2.31813 0.0003 2.31813 -0.0006 2.31813 0.0004 2.31813 -0.0006 2.31813 0.0004 2.31813 -0.0009 2.31813 0.0006 2.31813 -0.0008 
2.39833 10.8911 2.39833 -34.1691 2.39833 0.0039 2.39833 -0.0049 2.39833 0.0012 2.39833 -0.0013 2.39833 0.0006 2.39833 -0.0008 2.39833 0.0006 2.39833 -0.0008 2.39833 0.0005 2.39833 -0.0011 2.39833 0.001 2.39833 -0.0009 
2.47853 12.5194 2.47853 -36.4495 2.47853 0.005 2.47853 -0.0065 2.47853 0.0015 2.47853 -0.0015 2.47853 0.0008 2.47853 -0.0011 2.47853 0.0007 2.47853 -0.0011 2.47853 0.0006 2.47853 -0.0015 2.47853 0.0014 2.47853 -0.0013 
2.55863 13.5076 2.55863 -39.3095 2.55863 0.0058 2.55863 -0.0089 2.55863 0.0016 2.55863 -0.0019 2.55863 0.0011 2.55863 -0.0015 2.55863 0.0008 2.55863 -0.0015 2.55863 0.0005 2.55863 -0.0022 2.55863 0.0018 2.55863 -0.0018 
2.63883 13.1638 2.63883 -43.0256 2.63883 0.0057 2.63883 -0.0121 2.63883 0.0015 2.63883 -0.0023 2.63883 0.0011 2.63883 -0.002 2.63883 0.0007 2.63883 -0.002 2.63883 0.0004 2.63883 -0.0033 2.63883 0.002 2.63883 -0.0025 
2.71893 11.7711 2.71893 -47.3346 2.71893 0.0046 2.71893 -0.0158 2.71893 0.0012 2.71893 -0.0028 2.71893 0.0009 2.71893 -0.0025 2.71893 0.0005 2.71893 -0.0025 2.71893 0.0003 2.71893 -0.0047 2.71893 0.0017 2.71893 -0.0033 
2.79913 10.6468 2.79913 -51.0412 2.79913 0.0029 2.79913 -0.0189 2.79913 0.0007 2.79913 -0.0034 2.79913 0.0006 2.79913 -0.0028 2.79913 0.0003 2.79913 -0.003 2.79913 0.0002 2.79913 -0.0058 2.79913 0.0011 2.79913 -0.0039 
2.87933 10.9854 2.87933 -52.5783 2.87933 0.0016 2.87933 -0.0202 2.87933 0.0003 2.87933 -0.0038 2.87933 0.0003 2.87933 -0.0029 2.87933 0.0002 2.87933 -0.0032 2.87933 0.0002 2.87933 -0.0061 2.87933 0.0006 2.87933 -0.0042 
2.95943 12.7557 2.95943 -51.1257 2.95943 0.0007 2.95943 -0.0195 2.95943 0.0001 2.95943 -0.004 2.95943 0.0001 2.95943 -0.0027 2.95943 0.0001 2.95943 -0.0032 2.95943 0.0002 2.95943 -0.0055 2.95943 0.0002 2.95943 -0.0041 
3.03963 15.0422 3.03963 -47.2181 3.03963 0.0003 3.03963 -0.0173 3.03963 0 3.03963 -0.004 3.03963 0.0001 3.03963 -0.0023 3.03963 0 3.03963 -0.0029 3.03963 0.0001 3.03963 -0.0043 3.03963 0.0001 3.03963 -0.0038 
3.11973 17.2709 3.11973 -42.4403 3.11973 0.0003 3.11973 -0.0155 3.11973 0 3.11973 -0.0039 3.11973 0 3.11973 -0.002 3.11973 0.0001 3.11973 -0.0026 3.11973 0.0002 3.11973 -0.0033 3.11973 0 3.11973 -0.0037 
3.19993 19.4773 3.19993 -38.4494 3.19993 0.0004 3.19993 -0.0147 3.19993 0 3.19993 -0.0039 3.19993 0.0001 3.19993 -0.0018 3.19993 0.0001 3.19993 -0.0025 3.19993 0.0002 3.19993 -0.0026 3.19993 0 3.19993 -0.0039 
3.28013 21.3474 3.28013 -36.0677 3.28013 0.0006 3.28013 -0.015 3.28013 0 3.28013 -0.0043 3.28013 0.0001 3.28013 -0.0018 3.28013 0.0001 3.28013 -0.0024 3.28013 0.0004 3.28013 -0.0021 3.28013 0 3.28013 -0.0044 
3.36023 21.9146 3.36023 -35.1373 3.36023 0.0008 3.36023 -0.0164 3.36023 0 3.36023 -0.0052 3.36023 0.0001 3.36023 -0.0017 3.36023 0.0001 3.36023 -0.0023 3.36023 0.0006 3.36023 -0.0019 3.36023 0 3.36023 -0.0053 
3.44043 20.7032 3.44043 -34.9359 3.44043 0.0009 3.44043 -0.0179 3.44043 0 3.44043 -0.0063 3.44043 0.0001 3.44043 -0.0015 3.44043 0.0001 3.44043 -0.002 3.44043 0.0007 3.44043 -0.0019 3.44043 0 3.44043 -0.0062 
3.52053 18.5715 3.52053 -34.5075 3.52053 0.0008 3.52053 -0.0189 3.52053 0 3.52053 -0.007 3.52053 0.0001 3.52053 -0.0014 3.52053 0.0001 3.52053 -0.0018 3.52053 0.0006 3.52053 -0.002 3.52053 0 3.52053 -0.0067 
3.60073 16.8779 3.60073 -32.9155 3.60073 0.0007 3.60073 -0.0187 3.60073 0 3.60073 -0.0069 3.60073 0.0001 3.60073 -0.0014 3.60073 0.0001 3.60073 -0.0017 3.60073 0.0005 3.60073 -0.0022 3.60073 0 3.60073 -0.0065 
3.68093 15.9839 3.68093 -29.8114 3.68093 0.0005 3.68093 -0.0173 3.68093 0 3.68093 -0.0057 3.68093 0.0001 3.68093 -0.0017 3.68093 0.0001 3.68093 -0.0019 3.68093 0.0003 3.68093 -0.0025 3.68093 0 3.68093 -0.0055 
3.76103 14.9271 3.76103 -25.7715 3.76103 0.0003 3.76103 -0.0159 3.76103 0 3.76103 -0.0041 3.76103 0.0001 3.76103 -0.0022 3.76103 0.0001 3.76103 -0.0023 3.76103 0.0001 3.76103 -0.0033 3.76103 0 3.76103 -0.004 
3.84123 12.6287 3.84123 -21.6364 3.84123 0.0002 3.84123 -0.0155 3.84123 0 3.84123 -0.0026 3.84123 0.0001 3.84123 -0.0029 3.84123 0 3.84123 -0.0027 3.84123 0.0001 3.84123 -0.0046 3.84123 0 3.84123 -0.0027 
3.92143 9.138 3.92143 -17.6512 3.92143 0 3.92143 -0.0158 3.92143 0 3.92143 -0.0015 3.92143 0 3.92143 -0.0034 3.92143 0 3.92143 -0.0031 3.92143 0 3.92143 -0.0061 3.92143 0 3.92143 -0.0017 
4.00153 5.5117 4.00153 -13.6579 4.00153 0 4.00153 -0.0157 4.00153 0 4.00153 -0.0009 4.00153 0 4.00153 -0.0036 4.00153 0 4.00153 -0.0033 4.00153 0 4.00153 -0.0069 4.00153 0 4.00153 -0.001 
4.08173 2.7774 4.08173 -9.8864 4.08173 0 4.08173 -0.0146 4.08173 0 4.08173 -0.0005 4.08173 0 4.08173 -0.0037 4.08173 0 4.08173 -0.0033 4.08173 0 4.08173 -0.0065 4.08173 0 4.08173 -0.0006 
4.16183 1.2591 4.16183 -6.9808 4.16183 0 4.16183 -0.0132 4.16183 0 4.16183 -0.0003 4.16183 0 4.16183 -0.0041 4.16183 0 4.16183 -0.0034 4.16183 0 4.16183 -0.005 4.16183 0 4.16183 -0.0004 
4.24203 0.6651 4.24203 -5.2111 4.24203 0 4.24203 -0.0117 4.24203 0 4.24203 -0.0002 4.24203 0 4.24203 -0.0047 4.24203 0 4.24203 -0.0034 4.24203 0 4.24203 -0.0032 4.24203 0 4.24203 -0.0002 
4.32223 0.5162 4.32223 -4.1132 4.32223 0 4.32223 -0.01 4.32223 0 4.32223 -0.0001 4.32223 0 4.32223 -0.0048 4.32223 0 4.32223 -0.0031 4.32223 0 4.32223 -0.0018 4.32223 0 4.32223 -0.0002 
4.40233 0.4868 4.40233 -3.0785 4.40233 0 4.40233 -0.0073 4.40233 0 4.40233 -0.0001 4.40233 0 4.40233 -0.0039 4.40233 0 4.40233 -0.0024 4.40233 0 4.40233 -0.0008 4.40233 0 4.40233 -0.0001 
4.48253 0.4853 4.48253 -1.9834 4.48253 0 4.48253 -0.0044 4.48253 0 4.48253 -0 4.48253 0 4.48253 -0.0025 4.48253 0 4.48253 -0.0014 4.48253 0 4.48253 -0.0004 4.48253 0 4.48253 -0.0001 
4.56263 0.5272 4.56263 -1.0798 4.56263 0.0001 4.56263 -0.0019 4.56263 0 4.56263 -0 4.56263 0 4.56263 -0.0012 4.56263 0 4.56263 -0.0006 4.56263 0.0001 4.56263 -0.0001 4.56263 0 4.56263 -0 
4.64283 0.6023 4.64283 -0.5614 4.64283 0.0001 4.64283 -0.0006 4.64283 0 4.64283 -0 4.64283 0 4.64283 -0.0004 4.64283 0 4.64283 -0.0002 4.64283 0.0001 4.64283 -0 4.64283 0 4.64283 -0 
4.72303 0.6736 4.72303 -0.4191 4.72303 0 4.72303 -0.0002 4.72303 0 4.72303 -0 4.72303 0 4.72303 -0.0001 4.72303 0 4.72303 -0.0001 4.72303 0 4.72303 -0 4.72303 0 4.72303 -0 
4.80313 0.7352 4.80313 -0.5355 4.80313 0 4.80313 -0 4.80313 0 4.80313 -0 4.80313 0 4.80313 -0 4.80313 0 4.80313 -0 4.80313 0 4.80313 -0 4.80313 0 4.80313 -0 
4.88333 0.8072 4.88333 -0.748 4.88333 0 4.88333 -0 4.88333 0 4.88333 -0 4.88333 0 4.88333 -0 4.88333 0 4.88333 -0 4.88333 0 4.88333 -0 4.88333 0 4.88333 -0 
4.96343 0.8776 4.96343 -0.8868 4.96343 0 4.96343 -0 4.96343 0 4.96343 -0 4.96343 0 4.96343 -0 4.96343 0 4.96343 -0 4.96343 0 4.96343 -0 4.96343 0 4.96343 -0 
5.04363 0.8931 5.04363 -0.8616 5.04363 0 5.04363 -0 5.04363 0 5.04363 -0 5.04363 0 5.04363 -0 5.04363 0 5.04363 -0 5.04363 0 5.04363 -0 5.04363 0 5.04363 -0 
5.12383 0.8269 5.12383 -0.7155 5.12383 0 5.12383 -0 5.12383 0 5.12383 -0 5.12383 0 5.12383 -0 5.12383 0 5.12383 -0 5.12383 0 5.12383 -0 5.12383 0 5.12383 -0 
5.20393 0.7241 5.20393 -0.5738 5.20393 0 5.20393 -0 5.20393 0 5.20393 -0 5.20393 0 5.20393 -0 5.20393 0 5.20393 -0 5.20393 0 5.20393 -0 5.20393 0 5.20393 -0 
5.28413 0.6793 5.28413 -0.5498 5.28413 0 5.28413 -0 5.28413 0 5.28413 -0 5.28413 0 5.28413 -0 5.28413 0 5.28413 -0 5.28413 0 5.28413 -0 5.28413 0 5.28413 -0 
5.36423 0.7891 5.36423 -0.6834 5.36423 0 5.36423 -0 5.36423 0 5.36423 -0 5.36423 0 5.36423 -0 5.36423 0 5.36423 -0 5.36423 0 5.36423 -0 5.36423 0 5.36423 -0 
5.44443 1.079 5.44443 -0.9327 5.44443 0 5.44443 -0 5.44443 0 5.44443 -0 5.44443 0 5.44443 -0 5.44443 0 5.44443 -0 5.44443 0 5.44443 -0 5.44443 0 5.44443 -0 
5.52463 1.4516 5.52463 -1.1882 5.52463 0 5.52463 -0 5.52463 0 5.52463 -0 5.52463 0 5.52463 -0 5.52463 0 5.52463 -0 5.52463 0 5.52463 -0 5.52463 0 5.52463 -0 
5.60473 1.7453 5.60473 -1.3184 5.60473 0 5.60473 -0 5.60473 0 5.60473 -0 5.60473 0 5.60473 -0 5.60473 0 5.60473 -0 5.60473 0 5.60473 -0 5.60473 0 5.60473 -0 
5.68493 1.854 5.68493 -1.2893 5.68493 0 5.68493 -0 5.68493 0 5.68493 -0 5.68493 0 5.68493 -0 5.68493 0 5.68493 -0 5.68493 0 5.68493 -0 5.68493 0 5.68493 -0 
5.76503 1.7907 5.76503 -1.2195 5.76503 0.0001 5.76503 -0 5.76503 0 5.76503 -0 5.76503 0 5.76503 -0 5.76503 0.0001 5.76503 -0 5.76503 0 5.76503 -0 5.76503 0 5.76503 -0 
5.84523 1.6726 5.84523 -1.2486 5.84523 0 5.84523 -0 5.84523 0 5.84523 -0 5.84523 0 5.84523 -0 5.84523 0 5.84523 -0 5.84523 0 5.84523 -0 5.84523 0 5.84523 -0 
5.92543 1.6461 5.92543 -1.4048 5.92543 0 5.92543 -0 5.92543 0 5.92543 -0 5.92543 0 5.92543 -0 5.92543 0 5.92543 -0 5.92543 0 5.92543 -0 5.92543 0 5.92543 -0 
6.00553 1.7861 6.00553 -1.6393 6.00553 0 6.00553 -0 6.00553 0 6.00553 -0 6.00553 0 6.00553 -0 6.00553 0 6.00553 -0 6.00553 0 6.00553 -0 6.00553 0 6.00553 -0 
6.08573 2.0364 6.08573 -1.8958 6.08573 0 6.08573 -0.0001 6.08573 0 6.08573 -0 6.08573 0 6.08573 -0 6.08573 0 6.08573 -0 6.08573 0 6.08573 -0.0001 6.08573 0 6.08573 -0 
6.16583 2.2639 6.16583 -2.1092 6.16583 0 6.16583 -0.0001 6.16583 0 6.16583 -0 6.16583 0 6.16583 -0 6.16583 0 6.16583 -0 6.16583 0 6.16583 -0.0001 6.16583 0 6.16583 -0 
6.24603 2.3877 6.24603 -2.2307 6.24603 0 6.24603 -0 6.24603 0 6.24603 -0 6.24603 0 6.24603 -0 6.24603 0 6.24603 -0 6.24603 0 6.24603 -0 6.24603 0 6.24603 -0 
6.32623 2.4672 6.32623 -2.316 6.32623 0.0001 6.32623 -0 6.32623 0 6.32623 -0 6.32623 0 6.32623 -0 6.32623 0 6.32623 -0 6.32623 0.0001 6.32623 -0 6.32623 0 6.32623 -0 
6.40633 2.6857 6.40633 -2.5007 6.40633 0.0001 6.40633 -0 6.40633 0 6.40633 -0 6.40633 0 6.40633 -0 6.40633 0 6.40633 -0 6.40633 0.0001 6.40633 -0 6.40633 0 6.40633 -0 
6.48653 3.2293 6.48653 -2.8323 6.48653 0.0002 6.48653 -0.0001 6.48653 0 6.48653 -0 6.48653 0 6.48653 -0 6.48653 0 6.48653 -0 6.48653 0.0002 6.48653 -0.0001 6.48653 0 6.48653 -0 
6.56663 4.1205 6.56663 -3.2552 6.56663 0.0005 6.56663 -0.0001 6.56663 0.0001 6.56663 -0 6.56663 0 6.56663 -0 6.56663 0.0001 6.56663 -0 6.56663 0.0003 6.56663 -0.0001 6.56663 0 6.56663 -0 
6.64683 5.1656 6.64683 -3.7758 6.64683 0.0009 6.64683 -0.0002 6.64683 0.0002 6.64683 -0 6.64683 0.0001 6.64683 -0 6.64683 0.0001 6.64683 -0 6.64683 0.0004 6.64683 -0.0002 6.64683 0.0001 6.64683 -0 
6.72703 6.1183 6.72703 -4.4605 6.72703 0.0017 6.72703 -0.0005 6.72703 0.0005 6.72703 -0.0001 6.72703 0.0001 6.72703 -0 6.72703 0.0003 6.72703 -0.0001 6.72703 0.0006 6.72703 -0.0003 6.72703 0.0002 6.72703 -0 
6.80713 6.8999 6.80713 -5.2766 6.80713 0.0031 6.80713 -0.0009 6.80713 0.0011 6.80713 -0.0002 6.80713 0.0002 6.80713 -0.0001 6.80713 0.0005 6.80713 -0.0001 6.80713 0.0008 6.80713 -0.0004 6.80713 0.0005 6.80713 -0.0001 
6.88733 7.6375 6.88733 -6.1267 6.88733 0.0051 6.88733 -0.0016 6.88733 0.0019 6.88733 -0.0005 6.88733 0.0004 6.88733 -0.0001 6.88733 0.0009 6.88733 -0.0002 6.88733 0.001 6.88733 -0.0006 6.88733 0.0009 6.88733 -0.0002 
6.96743 8.5232 6.96743 -7.0343 6.96743 0.0072 6.96743 -0.0028 6.96743 0.0028 6.96743 -0.001 6.96743 0.0006 6.96743 -0.0002 6.96743 0.0012 6.96743 -0.0004 6.96743 0.0012 6.96743 -0.0007 6.96743 0.0014 6.96743 -0.0005 
7.04763 9.6668 7.04763 -8.1456 7.04763 0.0086 7.04763 -0.0049 7.04763 0.0033 7.04763 -0.0019 7.04763 0.0008 7.04763 -0.0004 7.04763 0.0014 7.04763 -0.0008 7.04763 0.0013 7.04763 -0.0009 7.04763 0.0018 7.04763 -0.0009 
7.12783 11.0027 7.12783 -9.5274 7.12783 0.0091 7.12783 -0.0072 7.12783 0.0032 7.12783 -0.0028 7.12783 0.0009 7.12783 -0.0006 7.12783 0.0014 7.12783 -0.0011 7.12783 0.0015 7.12783 -0.0012 7.12783 0.0021 7.12783 -0.0015 
7.20793 12.2352 7.20793 -11.0518 7.20793 0.0089 7.20793 -0.0089 7.20793 0.0029 7.20793 -0.0034 7.20793 0.0009 7.20793 -0.0007 7.20793 0.0013 7.20793 -0.0013 7.20793 0.0017 7.20793 -0.0015 7.20793 0.0021 7.20793 -0.002 
7.28813 12.9364 7.28813 -12.4747 7.28813 0.0086 7.28813 -0.0094 7.28813 0.0026 7.28813 -0.0034 7.28813 0.0009 7.28813 -0.0008 7.28813 0.0012 7.28813 -0.0013 7.28813 0.0019 7.28813 -0.0018 7.28813 0.002 7.28813 -0.0021 
7.36823 12.8246 7.36823 -13.5141 7.36823 0.0091 7.36823 -0.0092 7.36823 0.0027 7.36823 -0.0031 7.36823 0.001 7.36823 -0.0008 7.36823 0.0013 7.36823 -0.0012 7.36823 0.002 7.36823 -0.002 7.36823 0.0021 7.36823 -0.0021 
7.44843 11.9662 7.44843 -13.8953 7.44843 0.0095 7.44843 -0.0093 7.44843 0.003 7.44843 -0.003 7.44843 0.0011 7.44843 -0.0009 7.44843 0.0014 7.44843 -0.0012 7.44843 0.0018 7.44843 -0.0021 7.44843 0.0022 7.44843 -0.0021 
7.52863 10.7038 7.52863 -13.5091 7.52863 0.0097 7.52863 -0.0102 7.52863 0.0032 7.52863 -0.0034 7.52863 0.0011 7.52863 -0.001 7.52863 0.0015 7.52863 -0.0015 7.52863 0.0016 7.52863 -0.002 7.52863 0.0023 7.52863 -0.0023 
7.60873 9.3966 7.60873 -12.572 7.60873 0.0094 7.60873 -0.012 7.60873 0.0031 7.60873 -0.0041 7.60873 0.0011 7.60873 -0.0013 7.60873 0.0015 7.60873 -0.0019 7.60873 0.0014 7.60873 -0.0019 7.60873 0.0023 7.60873 -0.0028 
7.68893 8.2324 7.68893 -11.5039 7.68893 0.009 7.68893 -0.0137 7.68893 0.0029 7.68893 -0.0048 7.68893 0.0011 7.68893 -0.0016 7.68893 0.0015 7.68893 -0.0023 7.68893 0.0014 7.68893 -0.0017 7.68893 0.0021 7.68893 -0.0033 
7.76903 7.3131 7.76903 -10.5519 7.76903 0.0086 7.76903 -0.0138 7.76903 0.0028 7.76903 -0.0048 7.76903 0.001 7.76903 -0.0016 7.76903 0.0015 7.76903 -0.0023 7.76903 0.0015 7.76903 -0.0017 7.76903 0.0018 7.76903 -0.0034 
7.84923 6.7919 7.84923 -9.5932 7.84923 0.0091 7.84923 -0.0126 7.84923 0.0029 7.84923 -0.0043 7.84923 0.001 7.84923 -0.0014 7.84923 0.0017 7.84923 -0.0021 7.84923 0.0017 7.84923 -0.0017 7.84923 0.0018 7.84923 -0.0031 
7.92943 6.6823 7.92943 -8.3939 7.92943 0.0103 7.92943 -0.0109 7.92943 0.0033 7.92943 -0.0037 7.92943 0.0011 7.92943 -0.0012 7.92943 0.002 7.92943 -0.0018 7.92943 0.0019 7.92943 -0.0017 7.92943 0.002 7.92943 -0.0025 
8.00953 6.6411 8.00953 -6.9901 8.00953 0.0117 8.00953 -0.0101 8.00953 0.0038 8.00953 -0.0035 8.00953 0.0012 8.00953 -0.001 8.00953 0.0023 8.00953 -0.0017 8.00953 0.0022 8.00953 -0.0018 8.00953 0.0022 8.00953 -0.0021 
8.08973 6.2832 8.08973 -5.7016 8.08973 0.0126 8.08973 -0.0109 8.08973 0.0041 8.08973 -0.0039 8.08973 0.0013 8.08973 -0.001 8.08973 0.0023 8.08973 -0.0019 8.08973 0.0024 8.08973 -0.002 8.08973 0.0025 8.08973 -0.0021 
8.16983 5.63 8.16983 -4.8103 8.16983 0.0134 8.16983 -0.0132 8.16983 0.0042 8.16983 -0.0046 8.16983 0.0015 8.16983 -0.0014 8.16983 0.0021 8.16983 -0.0023 8.16983 0.0027 8.16983 -0.0022 8.16983 0.0029 8.16983 -0.0027 
8.25003 5.008 8.25003 -4.3423 8.25003 0.0151 8.25003 -0.0172 8.25003 0.0045 8.25003 -0.0057 8.25003 0.0019 8.25003 -0.0021 8.25003 0.002 8.25003 -0.0029 8.25003 0.003 8.25003 -0.0024 8.25003 0.0037 8.25003 -0.0041 
8.33023 4.6915 8.33023 -4.1772 8.33023 0.0184 8.33023 -0.0234 8.33023 0.005 8.33023 -0.007 8.33023 0.0027 8.33023 -0.0034 8.33023 0.0022 8.33023 -0.0036 8.33023 0.0034 8.33023 -0.0027 8.33023 0.0051 8.33023 -0.0067 
8.41033 4.7865 8.41033 -4.236 8.41033 0.0235 8.41033 -0.0321 8.41033 0.0058 8.41033 -0.0087 8.41033 0.0037 8.41033 -0.0053 8.41033 0.0026 8.41033 -0.0045 8.41033 0.0042 8.41033 -0.003 8.41033 0.0072 8.41033 -0.0106 
8.49053 5.1947 8.49053 -4.4668 8.49053 0.0296 8.49053 -0.0421 8.49053 0.0068 8.49053 -0.0107 8.49053 0.0048 8.49053 -0.0075 8.49053 0.0032 8.49053 -0.0055 8.49053 0.0052 8.49053 -0.0035 8.49053 0.0096 8.49053 -0.0149 
8.57063 5.5968 8.57063 -4.7506 8.57063 0.0343 8.57063 -0.0498 8.57063 0.0074 8.57063 -0.0122 8.57063 0.0057 8.57063 -0.0092 8.57063 0.0036 8.57063 -0.0063 8.57063 0.0063 8.57063 -0.0042 8.57063 0.0113 8.57063 -0.0179 
8.65083 5.6779 8.65083 -4.9589 8.65083 0.0361 8.65083 -0.0517 8.65083 0.0074 8.65083 -0.0123 8.65083 0.006 8.65083 -0.0095 8.65083 0.0037 8.65083 -0.0064 8.65083 0.0072 8.65083 -0.005 8.65083 0.0118 8.65083 -0.0185 
8.73103 5.4103 8.73103 -5.0531 8.73103 0.0354 8.73103 -0.0479 8.73103 0.007 8.73103 -0.0106 8.73103 0.0057 8.73103 -0.0088 8.73103 0.0036 8.73103 -0.0056 8.73103 0.008 8.73103 -0.0058 8.73103 0.0111 8.73103 -0.0171 
8.81113 5.0197 8.81113 -5.0481 8.81113 0.0336 8.81113 -0.0415 8.81113 0.0064 8.81113 -0.0083 8.81113 0.0053 8.81113 -0.0075 8.81113 0.0034 8.81113 -0.0045 8.81113 0.0086 8.81113 -0.0066 8.81113 0.0099 8.81113 -0.0146 
8.89133 4.7228 8.89133 -4.9421 8.89133 0.0316 8.89133 -0.0352 8.89133 0.0058 8.89133 -0.0064 8.89133 0.0048 8.89133 -0.0061 8.89133 0.0031 8.89133 -0.0035 8.89133 0.0093 8.89133 -0.0075 8.89133 0.0086 8.89133 -0.0117 
8.97153 4.5648 8.97153 -4.7079 8.97153 0.0291 8.97153 -0.0297 8.97153 0.005 8.97153 -0.0051 8.97153 0.0042 8.97153 -0.0045 8.97153 0.0027 8.97153 -0.0028 8.97153 0.0098 8.97153 -0.0087 8.97153 0.0074 8.97153 -0.0086 
9.05163 4.4399 9.05163 -4.3278 9.05163 0.0265 9.05163 -0.0248 9.05163 0.0044 9.05163 -0.0041 9.05163 0.0037 9.05163 -0.003 9.05163 0.0022 9.05163 -0.0021 9.05163 0.0098 9.05163 -0.0099 9.05163 0.0064 9.05163 -0.0057 
9.13183 4.2033 9.13183 -3.8816 9.13183 0.0233 9.13183 -0.0207 9.13183 0.0037 9.13183 -0.0033 9.13183 0.0032 9.13183 -0.0018 9.13183 0.0018 9.13183 -0.0016 9.13183 0.0092 9.13183 -0.0106 9.13183 0.0054 9.13183 -0.0034 
9.21193 3.8112 9.21193 -3.5452 9.21193 0.0196 9.21193 -0.0177 9.21193 0.003 9.21193 -0.0027 9.21193 0.0026 9.21193 -0.0011 9.21193 0.0014 9.21193 -0.0012 9.21193 0.0082 9.21193 -0.0106 9.21193 0.0044 9.21193 -0.0021 
9.29213 3.3851 9.29213 -3.3818 9.29213 0.0158 9.29213 -0.0156 9.29213 0.0024 9.29213 -0.0023 9.29213 0.002 9.29213 -0.0009 9.29213 0.0011 9.29213 -0.001 9.29213 0.0071 9.29213 -0.0097 9.29213 0.0032 9.29213 -0.0017 
9.37233 3.089 9.37233 -3.2315 9.37233 0.0126 9.37233 -0.0135 9.37233 0.002 9.37233 -0.002 9.37233 0.0014 9.37233 -0.0008 9.37233 0.0009 9.37233 -0.0008 9.37233 0.0061 9.37233 -0.0083 9.37233 0.0022 9.37233 -0.0016 
9.45243 2.9364 9.45243 -2.9135 9.45243 0.0108 9.45243 -0.0113 9.45243 0.0018 9.45243 -0.0017 9.45243 0.0011 9.45243 -0.0008 9.45243 0.0009 9.45243 -0.0007 9.45243 0.0053 9.45243 -0.0065 9.45243 0.0017 9.45243 -0.0016 
9.53263 2.788 9.53263 -2.4594 9.53263 0.0096 9.53263 -0.0089 9.53263 0.0017 9.53263 -0.0013 9.53263 0.001 9.53263 -0.0007 9.53263 0.0008 9.53263 -0.0006 9.53263 0.0046 9.53263 -0.005 9.53263 0.0015 9.53263 -0.0013 
9.61273 2.5176 9.61273 -2.0886 9.61273 0.0089 9.61273 -0.0072 9.61273 0.0016 9.61273 -0.001 9.61273 0.001 9.61273 -0.0005 9.61273 0.0008 9.61273 -0.0005 9.61273 0.004 9.61273 -0.0041 9.61273 0.0015 9.61273 -0.0011 
9.69293 2.1049 9.69293 -1.9562 9.69293 0.0081 9.69293 -0.0066 9.69293 0.0014 9.69293 -0.0009 9.69293 0.001 9.69293 -0.0004 9.69293 0.0008 9.69293 -0.0004 9.69293 0.0034 9.69293 -0.004 9.69293 0.0015 9.69293 -0.0009 
9.77313 1.6124 9.77313 -1.9622 9.77313 0.0069 9.77313 -0.0066 9.77313 0.0013 9.77313 -0.0009 9.77313 0.0008 9.77313 -0.0004 9.77313 0.0008 9.77313 -0.0004 9.77313 0.0028 9.77313 -0.0041 9.77313 0.0012 9.77313 -0.0008 
9.85323 1.1307 9.85323 -1.8743 9.85323 0.005 9.85323 -0.0063 9.85323 0.0011 9.85323 -0.0009 9.85323 0.0005 9.85323 -0.0003 9.85323 0.0007 9.85323 -0.0004 9.85323 0.0019 9.85323 -0.004 9.85323 0.0008 9.85323 -0.0007 
9.93343 0.7237 9.93343 -1.6156 9.93343 0.0033 9.93343 -0.0055 9.93343 0.0009 9.93343 -0.0009 9.93343 0.0003 9.93343 -0.0002 9.93343 0.0006 9.93343 -0.0004 9.93343 0.0011 9.93343 -0.0035 9.93343 0.0004 9.93343 -0.0005 
10.0135 0.4118 10.0135 -1.3313 10.0135 0.0019 10.0135 -0.005 10.0135 0.0006 10.0135 -0.001 10.0135 0.0001 10.0135 -0.0002 10.0135 0.0004 10.0135 -0.0005 10.0135 0.0006 10.0135 -0.0028 10.0135 0.0002 10.0135 -0.0005 
10.0937 0.1979 10.0937 -1.1608 10.0937 0.0009 10.0937 -0.0045 10.0937 0.0004 10.0937 -0.0011 10.0937 0 10.0937 -0.0002 10.0937 0.0002 10.0937 -0.0005 10.0937 0.0002 10.0937 -0.0022 10.0937 0.0001 10.0937 -0.0005 
10.1739 0.0761 10.1739 -1.0518 10.1739 0.0003 10.1739 -0.0044 10.1739 0.0001 10.1739 -0.0013 10.1739 0 10.1739 -0.0003 10.1739 0.0001 10.1739 -0.0005 10.1739 0.0001 10.1739 -0.0017 10.1739 0 10.1739 -0.0006 
10.254 0.0225 10.254 -0.8627 10.254 0 10.254 -0.0037 10.254 0 10.254 -0.0012 10.254 0 10.254 -0.0003 10.254 0 10.254 -0.0004 10.254 0 10.254 -0.0013 10.254 0 10.254 -0.0005 
10.3342 0.005 10.3342 -0.5721 10.3342 0 10.3342 -0.0026 10.3342 0 10.3342 -0.0009 10.3342 0 10.3342 -0.0002 10.3342 0 10.3342 -0.0003 10.3342 0 10.3342 -0.0008 10.3342 0 10.3342 -0.0004 
10.4143 0.0008 10.4143 -0.2908 10.4143 0 10.4143 -0.0013 10.4143 0 10.4143 -0.0005 10.4143 0 10.4143 -0.0001 10.4143 0 10.4143 -0.0001 10.4143 0 10.4143 -0.0004 10.4143 0 10.4143 -0.0002 
10.4945 0.0001 10.4945 -0.1109 10.4945 0 10.4945 -0.0005 10.4945 0 10.4945 -0.0002 10.4945 0 10.4945 -0 10.4945 0 10.4945 -0.0001 10.4945 0 10.4945 -0.0001 10.4945 0 10.4945 -0.0001 
10.5747 0.0 10.5747 -0.0314 10.5747 0 10.5747 -0.0001 10.5747 0 10.5747 -0.0001 10.5747 0 10.5747 -0 10.5747 0 10.5747 -0 10.5747 0 10.5747 -0 10.5747 0 10.5747 -0 
10.6548 0.0 10.6548 -0.0066 10.6548 0 10.6548 -0 10.6548 0 10.6548 -0 10.6548 0 10.6548 -0 10.6548 0 10.6548 -0 10.6548 0 10.6548 -0 10.6548 0 10.6548 -0 
10.735 0.0 10.735 -0.001 10.735 0 10.735 -0 10.735 0 10.735 -0 10.735 0 10.735 -0 10.735 0 10.735 -0 10.735 0 10.735 -0 10.735 0 10.735 -0 
10.8151 0.0 10.8151 -0.0001 10.8151 0 10.8151 -0 10.8151 0 10.8151 -0 10.8151 0 10.8151 -0 10.8151 0 10.8151 -0 10.8151 0 10.8151 -0 10.8151 0 10.8151 -0 
10.8953 0.0 10.8953 -0 10.8953 0 10.8953 -0 10.8953 0 10.8953 -0 10.8953 0 10.8953 -0 10.8953 0 10.8953 -0 10.8953 0 10.8953 -0 10.8953 0 10.8953 -0 
10.9755 0.0 10.9755 -0 10.9755 0 10.9755 -0 10.9755 0 10.9755 -0 10.9755 0 10.9755 -0 10.9755 0 10.9755 -0 10.9755 0 10.9755 -0 10.9755 0 10.9755 -0 
11.0556 0.0 11.0556 -0 11.0556 0 11.0556 -0 11.0556 0 11.0556 -0 11.0556 0 11.0556 -0 11.0556 0 11.0556 -0 11.0556 0 11.0556 -0 11.0556 0 11.0556 -0 
11.1358 0.0 11.1358 -0 11.1358 0 11.1358 -0 11.1358 0 11.1358 -0 11.1358 0 11.1358 -0 11.1358 0 11.1358 -0 11.1358 0 11.1358 -0 11.1358 0 11.1358 -0 
11.2159 0.0 11.2159 -0 11.2159 0 11.2159 -0 11.2159 0 11.2159 -0 11.2159 0 11.2159 -0 11.2159 0 11.2159 -0 11.2159 0 11.2159 -0 11.2159 0 11.2159 -0 
11.2961 0.0 11.2961 -0 11.2961 0 11.2961 -0 11.2961 0 11.2961 -0 11.2961 0 11.2961 -0 11.2961 0 11.2961 -0 11.2961 0 11.2961 -0 11.2961 0 11.2961 -0 
11.3763 0.0 11.3763 -0 11.3763 0 11.3763 -0 11.3763 0 11.3763 -0 11.3763 0 11.3763 -0 11.3763 0 11.3763 -0 11.3763 0 11.3763 -0 11.3763 0 11.3763 -0 
11.4564 0.0 11.4564 -0 11.4564 0 11.4564 -0 11.4564 0 11.4564 -0 11.4564 0 11.4564 -0 11.4564 0 11.4564 -0 11.4564 0 11.4564 -0 11.4564 0 11.4564 -0 
11.5366 0.0 11.5366 -0 11.5366 0 11.5366 -0 11.5366 0 11.5366 -0 11.5366 0 11.5366 -0 11.5366 0 11.5366 -0 11.5366 0 11.5366 -0 11.5366 0 11.5366 -0 
11.6167 0.0 11.6167 -0 11.6167 0 11.6167 -0 11.6167 0 11.6167 -0 11.6167 0 11.6167 -0 11.6167 0 11.6167 -0 11.6167 0 11.6167 -0 11.6167 0 11.6167 -0 
11.6969 0.0 11.6969 -0 11.6969 0 11.6969 -0 11.6969 0 11.6969 -0 11.6969 0 11.6969 -0 11.6969 0 11.6969 -0 11.6969 0 11.6969 -0 11.6969 0 11.6969 -0 
11.7771 0.0 11.7771 -0 11.7771 0 11.7771 -0 11.7771 0 11.7771 -0 11.7771 0 11.7771 -0 11.7771 0 11.7771 -0 11.7771 0 11.7771 -0 11.7771 0 11.7771 -0 
11.8572 0.0 11.8572 -0 11.8572 0 11.8572 -0 11.8572 0 11.8572 -0 11.8572 0 11.8572 -0 11.8572 0 11.8572 -0 11.8572 0 11.8572 -0 11.8572 0 11.8572 -0 
11.9374 0.0 11.9374 -0 11.9374 0 11.9374 -0 11.9374 0 11.9374 -0 11.9374 0 11.9374 -0 11.9374 0 11.9374 -0 11.9374 0 11.9374 -0 11.9374 0 11.9374 -0 
12.0175 0.0 12.0175 -0 12.0175 0 12.0175 -0 12.0175 0 12.0175 -0 12.0175 0 12.0175 -0 12.0175 0 12.0175 -0 12.0175 0 12.0175 -0 12.0175 0 12.0175 -0 
12.0977 0.0 12.0977 -0 12.0977 0 12.0977 -0 12.0977 0 12.0977 -0 12.0977 0 12.0977 -0 12.0977 0 12.0977 -0 12.0977 0 12.0977 -0 12.0977 0 12.0977 -0 
12.1779 0.0 12.1779 -0 12.1779 0 12.1779 -0 12.1779 0 12.1779 -0 12.1779 0 12.1779 -0 12.1779 0 12.1779 -0 12.1779 0 12.1779 -0 12.1779 0 12.1779 -0 
12.258 0.0 12.258 -0 12.258 0 12.258 -0 12.258 0 12.258 -0 12.258 0 12.258 -0 12.258 0 12.258 -0 12.258 0 12.258 -0 12.258 0 12.258 -0 
12.3382 0.0 12.3382 -0 12.3382 0 12.3382 -0 12.3382 0 12.3382 -0 12.3382 0 12.3382 -0 12.3382 0 12.3382 -0 12.3382 0 12.3382 -0 12.3382 0 12.3382 -0 
12.4183 0.0 12.4183 -0 12.4183 0 12.4183 -0 12.4183 0 12.4183 -0 12.4183 0 12.4183 -0 12.4183 0 12.4183 -0 12.4183 0 12.4183 -0 12.4183 0 12.4183 -0 
12.4985 0.0 12.4985 -0 12.4985 0 12.4985 -0 12.4985 0 12.4985 -0 12.4985 0 12.4985 -0 12.4985 0 12.4985 -0 12.4985 0 12.4985 -0 12.4985 0 12.4985 -0 
12.5787 0.0 12.5787 -0 12.5787 0 12.5787 -0 12.5787 0 12.5787 -0 12.5787 0 12.5787 -0 12.5787 0 12.5787 -0 12.5787 0 12.5787 -0 12.5787 0 12.5787 -0 
12.6588 0.0 12.6588 -0 12.6588 0 12.6588 -0 12.6588 0 12.6588 -0 12.6588 0 12.6588 -0 12.6588 0 12.6588 -0 12.6588 0 12.6588 -0 12.6588 0 12.6588 -0 
12.739 0.0 12.739 -0 12.739 0 12.739 -0 12.739 0 12.739 -0 12.739 0 12.739 -0 12.739 0 12.739 -0 12.739 0 12.739 -0 12.739 0 12.739 -0 
12.8191 0.0 12.8191 -0 12.8191 0 12.8191 -0 12.8191 0 12.8191 -0 12.8191 0 12.8191 -0 12.8191 0 12.8191 -0 12.8191 0 12.8191 -0 12.8191 0 12.8191 -0 
12.8993 0.0 12.8993 -0 12.8993 0 12.8993 -0 12.8993 0 12.8993 -0 12.8993 0 12.8993 -0 12.8993 0 12.8993 -0 12.8993 0 12.8993 -0 12.8993 0 12.8993 -0 
12.9795 0.0 12.9795 -0 12.9795 0 12.9795 -0 12.9795 0 12.9795 -0 12.9795 0 12.9795 -0 12.9795 0 12.9795 -0 12.9795 0 12.9795 -0 12.9795 0 12.9795 -0 
13.0596 0.0 13.0596 -0 13.0596 0 13.0596 -0 13.0596 0 13.0596 -0 13.0596 0 13.0596 -0 13.0596 0 13.0596 -0 13.0596 0 13.0596 -0 13.0596 0 13.0596 -0 
13.1398 0.0 13.1398 -0 13.1398 0 13.1398 -0 13.1398 0 13.1398 -0 13.1398 0 13.1398 -0 13.1398 0 13.1398 -0 13.1398 0 13.1398 -0 13.1398 0 13.1398 -0 
13.2199 0.0 13.2199 -0 13.2199 0 13.2199 -0 13.2199 0 13.2199 -0 13.2199 0 13.2199 -0 13.2199 0 13.2199 -0 13.2199 0 13.2199 -0 13.2199 0 13.2199 -0 
13.3001 0.0 13.3001 -0 13.3001 0 13.3001 -0 13.3001 0 13.3001 -0 13.3001 0 13.3001 -0 13.3001 0 13.3001 -0 13.3001 0 13.3001 -0 13.3001 0 13.3001 -0 
13.3803 0.0 13.3803 -0 13.3803 0 13.3803 -0 13.3803 0 13.3803 -0 13.3803 0 13.3803 -0 13.3803 0 13.3803 -0 13.3803 0 13.3803 -0 13.3803 0 13.3803 -0 
13.4604 0.0 13.4604 -0 13.4604 0 13.4604 -0 13.4604 0 13.4604 -0 13.4604 0 13.4604 -0 13.4604 0 13.4604 -0 13.4604 0 13.4604 -0 13.4604 0 13.4604 -0 
13.5406 0.0 13.5406 -0 13.5406 0 13.5406 -0 13.5406 0 13.5406 -0 13.5406 0 13.5406 -0 13.5406 0 13.5406 -0 13.5406 0 13.5406 -0 13.5406 0 13.5406 -0 
13.6207 0.0 13.6207 -0 13.6207 0 13.6207 -0 13.6207 0 13.6207 -0 13.6207 0 13.6207 -0 13.6207 0 13.6207 -0 13.6207 0 13.6207 -0 13.6207 0 13.6207 -0 
13.7009 0.0 13.7009 -0 13.7009 0 13.7009 -0 13.7009 0 13.7009 -0 13.7009 0 13.7009 -0 13.7009 0 13.7009 -0 13.7009 0 13.7009 -0 13.7009 0 13.7009 -0 
13.7811 0.0 13.7811 -0 13.7811 0 13.7811 -0 13.7811 0 13.7811 -0 13.7811 0 13.7811 -0 13.7811 0 13.7811 -0 13.7811 0 13.7811 -0 13.7811 0 13.7811 -0 
13.8612 0.0 13.8612 -0 13.8612 0 13.8612 -0 13.8612 0 13.8612 -0 13.8612 0 13.8612 -0 13.8612 0 13.8612 -0 13.8612 0 13.8612 -0 13.8612 0 13.8612 -0 
13.9414 0.0 13.9414 -0 13.9414 0 13.9414 -0 13.9414 0 13.9414 -0 13.9414 0 13.9414 -0 13.9414 0 13.9414 -0 13.9414 0 13.9414 -0 13.9414 0 13.9414 -0 
14.0216 0.0 14.0216 -0 14.0216 0 14.0216 -0 14.0216 0 14.0216 -0 14.0216 0 14.0216 -0 14.0216 0 14.0216 -0 14.0216 0 14.0216 -0 14.0216 0 14.0216 -0 
14.1017 0.0 14.1017 -0 14.1017 0 14.1017 -0 14.1017 0 14.1017 -0 14.1017 0 14.1017 -0 14.1017 0 14.1017 -0 14.1017 0 14.1017 -0 14.1017 0 14.1017 -0 
14.1819 0.0 14.1819 -0 14.1819 0 14.1819 -0 14.1819 0 14.1819 -0 14.1819 0 14.1819 -0 14.1819 0 14.1819 -0 14.1819 0 14.1819 -0 14.1819 0 14.1819 -0 
14.262 0.0 14.262 -0 14.262 0 14.262 -0 14.262 0 14.262 -0 14.262 0 14.262 -0 14.262 0 14.262 -0 14.262 0 14.262 -0 14.262 0 14.262 -0 
14.3422 0.0 14.3422 -0 14.3422 0 14.3422 -0 14.3422 0 14.3422 -0 14.3422 0 14.3422 -0 14.3422 0 14.3422 -0 14.3422 0 14.3422 -0 14.3422 0 14.3422 -0 
14.4224 0.0 14.4224 -0 14.4224 0 14.4224 -0 14.4224 0 14.4224 -0 14.4224 0 14.4224 -0 14.4224 0 14.4224 -0 14.4224 0 14.4224 -0 14.4224 0 14.4224 -0 
14.5025 0.0 14.5025 -0 14.5025 0 14.5025 -0 14.5025 0 14.5025 -0 14.5025 0 14.5025 -0 14.5025 0 14.5025 -0 14.5025 0 14.5025 -0 14.5025 0 14.5025 -0 
14.5827 0.0 14.5827 -0 14.5827 0 14.5827 -0 14.5827 0 14.5827 -0 14.5827 0 14.5827 -0 14.5827 0 14.5827 -0 14.5827 0 14.5827 -0 14.5827 0 14.5827 -0 
14.6628 0.0 14.6628 -0 14.6628 0 14.6628 -0 14.6628 0 14.6628 -0 14.6628 0 14.6628 -0 14.6628 0 14.6628 -0 14.6628 0 14.6628 -0 14.6628 0 14.6628 -0 
14.743 0.0 14.743 -0 14.743 0 14.743 -0 14.743 0 14.743 -0 14.743 0 14.743 -0 14.743 0 14.743 -0 14.743 0 14.743 -0 14.743 0 14.743 -0 
14.8232 0.0 14.8232 -0 14.8232 0 14.8232 -0 14.8232 0 14.8232 -0 14.8232 0 14.8232 -0 14.8232 0 14.8232 -0 14.8232 0 14.8232 -0 14.8232 0 14.8232 -0 
14.9033 0.0 14.9033 -0 14.9033 0 14.9033 -0 14.9033 0 14.9033 -0 14.9033 0 14.9033 -0 14.9033 0 14.9033 -0 14.9033 0 14.9033 -0 14.9033 0 14.9033 -0 
14.9835 0.0 14.9835 -0 14.9835 0 14.9835 -0 14.9835 0 14.9835 -0 14.9835 0 14.9835 -0 14.9835 0 14.9835 -0 14.9835 0 14.9835 -0 14.9835 0 14.9835 -0 
15.0636 0.0 15.0636 -0 15.0636 0 15.0636 -0 15.0636 0 15.0636 -0 15.0636 0 15.0636 -0 15.0636 0 15.0636 -0 15.0636 0 15.0636 -0 15.0636 0 15.0636 -0 
15.1438 0.0 15.1438 -0 15.1438 0 15.1438 -0 15.1438 0 15.1438 -0 15.1438 0 15.1438 -0 15.1438 0 15.1438 -0 15.1438 0 15.1438 -0 15.1438 0 15.1438 -0 
15.224 0.0 15.224 -0 15.224 0 15.224 -0 15.224 0 15.224 -0 15.224 0 15.224 -0 15.224 0 15.224 -0 15.224 0 15.224 -0 15.224 0 15.224 -0 
15.3041 0.0 15.3041 -0 15.3041 0 15.3041 -0 15.3041 0 15.3041 -0 15.3041 0 15.3041 -0 15.3041 0 15.3041 -0 15.3041 0 15.3041 -0 15.3041 0 15.3041 -0 
15.3843 0.0 15.3843 -0 15.3843 0 15.3843 -0 15.3843 0 15.3843 -0 15.3843 0 15.3843 -0 15.3843 0 15.3843 -0 15.3843 0 15.3843 -0 15.3843 0 15.3843 -0 
15.4644 0.0 15.4644 -0 15.4644 0 15.4644 -0 15.4644 0 15.4644 -0 15.4644 0 15.4644 -0 15.4644 0 15.4644 -0 15.4644 0 15.4644 -0 15.4644 0 15.4644 -0 
15.5446 0.0 15.5446 -0 15.5446 0 15.5446 -0 15.5446 0 15.5446 -0 15.5446 0 15.5446 -0 15.5446 0 15.5446 -0 15.5446 0 15.5446 -0 15.5446 0 15.5446 -0 
15.6248 0.0 15.6248 -0 15.6248 0 15.6248 -0 15.6248 0 15.6248 -0 15.6248 0 15.6248 -0 15.6248 0 15.6248 -0 15.6248 0 15.6248 -0 15.6248 0 15.6248 -0 
15.7049 0.0 15.7049 -0 15.7049 0 15.7049 -0 15.7049 0 15.7049 -0 15.7049 0 15.7049 -0 15.7049 0 15.7049 -0 15.7049 0 15.7049 -0 15.7049 0 15.7049 -0 
15.7851 0.0 15.7851 -0 15.7851 0 15.7851 -0 15.7851 0 15.7851 -0 15.7851 0 15.7851 -0 15.7851 0 15.7851 -0 15.7851 0 15.7851 -0 15.7851 0 15.7851 -0 
15.8652 0.0 15.8652 -0 15.8652 0 15.8652 -0 15.8652 0 15.8652 -0 15.8652 0 15.8652 -0 15.8652 0 15.8652 -0 15.8652 0 15.8652 -0 15.8652 0 15.8652 -0 
15.9454 0.0 15.9454 -0 15.9454 0 15.9454 -0 15.9454 0 15.9454 -0 15.9454 0 15.9454 -0 15.9454 0 15.9454 -0 15.9454 0 15.9454 -0 15.9454 0 15.9454 -0 
16.0256 0.0 16.0256 -0 16.0256 0 16.0256 -0 16.0256 0 16.0256 -0 16.0256 0 16.0256 -0 16.0256 0 16.0256 -0 16.0256 0 16.0256 -0 16.0256 0 16.0256 -0 
16.1057 0.0 16.1057 -0 16.1057 0 16.1057 -0 16.1057 0 16.1057 -0 16.1057 0 16.1057 -0 16.1057 0 16.1057 -0 16.1057 0 16.1057 -0 16.1057 0 16.1057 -0 
16.1859 0.0 16.1859 -0 16.1859 0 16.1859 -0 16.1859 0 16.1859 -0 16.1859 0 16.1859 -0 16.1859 0 16.1859 -0 16.1859 0 16.1859 -0 16.1859 0 16.1859 -0 
16.266 0.0 16.266 -0 16.266 0 16.266 -0 16.266 0 16.266 -0 16.266 0 16.266 -0 16.266 0 16.266 -0 16.266 0 16.266 -0 16.266 0 16.266 -0 
16.3462 0.0 16.3462 -0 16.3462 0 16.3462 -0 16.3462 0 16.3462 -0 16.3462 0 16.3462 -0 16.3462 0 16.3462 -0 16.3462 0 16.3462 -0 16.3462 0 16.3462 -0 
